0      100
1      0
2      81
3      60
4      78
5      0
6      0
7      63
8      0
9      81
10      0
11      76
12      59
13      66
14      0
15      0
16      64
17      86
18      57
19      100
20      80
21      44
22      0
23      100
24      88
25      80
26      94
27      0
28      0
29      91
30      0
31      0
32      0
33      100
34      79
35      100
36      0
37      93
38      86
39      0
40      0
41      83
42      0
43      100
44      0
45      0
46      0
47      0
48      0
49      73
50      94
51      100
52      0
53      0
54      0
55      84
56      92
57      54
58      88
59      100
60      47
61      76
62      96
63      100
64      0
65      100
66      100
67      77
68      87
69      0
70      0
71      100
72      0
73      78
74      66
75      86
76      0
77      100
78      83
79      0
80      0
81      86
82      54
83      94
84      100
85      100
86      0
87      73
88      0
89      100
90      37
91      80
92      0
93      0
94      96
95      0
96      0
97      67
98      0
99      99
100      100
101      75
102      0
103      57
104      100
105      0
106      0
107      51
108      0
109      65
110      60
111      85
112      0
113      53
114      100
115      0
116      100
117      0
118      100
119      71
120      0
121      100
122      69
123      0
124      100
125      0
126      100
127      0
128      0
129      58
130      0
131      0
132      54
133      0
134      87
135      69
136      0
137      0
138      71
139      0
140      95
141      93
142      0
143      100
144      43
145      74
146      100
147      0
148      41
149      0
150      100
151      66
152      0
153      0
154      0
155      78
156      54
157      0
158      81
159      100
160      0
161      58
162      88
163      88
164      82
165      100
166      93
167      100
168      0
169      57
170      82
171      0
172      0
173      96
174      0
175      0
176      0
177      0
178      0
179      45
180      86
181      51
182      0
183      0
184      63
185      100
186      80
187      100
188      93
189      100
190      0
191      100
192      100
193      60
194      95
195      76
196      0
197      94
198      84
199      96
200      96
201      87
202      0
203      76
204      100
205      0
206      0
207      52
208      54
209      92
210      100
211      0
212      60
213      0
214      0
215      77
216      68
217      50
218      0
219      43
220      100
221      100
222      100
223      50
224      100
225      0
226      79
227      0
228      80
229      87
230      0
231      0
232      94
233      0
234      69
235      0
236      58
237      0
238      0
239      0
240      0
241      88
242      0
243      0
244      100
245      0
246      100
247      69
248      0
249      0
250      0
251      75
252      0
253      66
254      100
255      0
256      0
257      64
258      92
259      0
260      0
261      80
262      0
263      0
264      0
265      0
266      0
267      53
268      0
269      100
270      57
271      0
272      0
273      100
274      100
275      0
276      0
277      0
278      0
279      0
280      74
281      63
282      84
283      89
284      72
285      60
286      87
287      100
288      0
289      100
290      0
291      0
292      0
293      100
294      0
295      34
296      100
297      100
298      100
299      87
300      66
301      96
302      62
303      58
304      0
305      0
306      88
307      0
308      0
309      77
310      71
311      100
312      0
313      0
314      49
315      0
316      42
317      0
318      100
319      63
320      99
321      78
322      0
323      0
324      0
325      0
326      0
327      0
328      100
329      100
330      0
331      0
332      42
333      55
334      72
335      50
336      0
337      97
338      49
339      0
340      60
341      100
342      0
343      100
344      0
345      100
346      0
347      0
348      0
349      94
350      55
351      0
352      83
353      69
354      0
355      87
356      99
357      53
358      0
359      0
360      77
361      100
362      0
363      68
364      0
365      76
366      73
367      92
368      73
369      0
370      75
371      0
372      100
373      94
374      0
375      76
376      0
377      0
378      50
379      0
380      0
381      0
382      70
383      59
384      65
385      48
386      84
387      0
388      96
389      58
390      76
391      100
392      0
393      53
394      100
395      45
396      0
397      0
398      0
399      81
400      0
401      100
402      65
403      66
404      0
405      0
406      74
407      0
408      0
409      54
410      100
411      0
412      91
413      79
414      86
415      0
416      0
417      0
418      64
419      63
420      77
421      0
422      59
423      0
424      0
425      0
426      94
427      61
428      0
429      0
430      0
431      74
432      96
433      100
434      0
435      77
436      0
437      66
438      0
439      100
440      100
441      47
442      100
443      0
444      0
445      0
446      0
447      67
448      59
449      52
450      85
451      0
452      89
453      94
454      77
455      0
456      99
457      76
458      100
459      0
460      0
461      82
462      0
463      79
464      69
465      0
466      0
467      100
468      100
469      83
470      100
471      0
472      34
473      0
474      0
475      92
476      0
477      100
478      0
479      0
480      58
481      100
482      0
483      100
484      48
485      0
486      0
487      0
488      0
489      92
490      86
491      0
492      0
493      0
494      0
495      66
496      0
497      0
498      94
499      100
500      92
501      0
502      92
503      69
504      0
505      0
506      0
507      100
508      0
509      0
510      61
511      0
512      100
513      59
514      100
515      84
516      68
517      0
518      0
519      79
520      0
521      69
522      100
523      81
524      61
525      0
526      0
527      100
528      100
529      100
530      86
531      0
532      46
533      86
534      100
535      41
536      0
537      96
538      100
539      46
540      100
541      72
542      100
543      0
544      0
545      93
546      75
547      58
548      78
549      97
550      57
551      0
552      57
553      94
554      93
555      68
556      100
557      100
558      0
559      82
560      100
561      33
562      76
563      100
564      92
565      0
566      100
567      82
568      84
569      0
570      100
571      0
572      94
573      46
574      96
575      0
576      100
577      91
578      87
579      0
580      91
581      100
582      66
583      0
584      0
585      75
586      72
587      64
588      68
589      0
590      0
591      57
592      0
593      0
594      0
595      0
596      0
597      92
598      0
599      72
600      0
601      0
602      100
603      0
604      85
605      0
606      0
607      58
608      47
609      0
610      63
611      61
612      100
613      0
614      54
615      0
616      0
617      59
618      0
619      67
620      76
621      0
622      0
623      0
624      0
625      77
626      80
627      50
628      100
629      0
630      0
631      100
632      88
633      0
634      72
635      100
636      100
637      66
638      0
639      54
640      92
641      84
642      0
643      0
644      64
645      93
646      0
647      100
648      37
649      87
650      92
651      100
652      83
653      0
654      0
655      0
656      0
657      0
658      83
659      0
660      82
661      0
662      93
663      92
664      0
665      0
666      0
667      0
668      0
669      64
670      77
671      69
672      69
673      63
674      86
675      43
676      52
677      83
678      55
679      92
680      57
681      100
682      0
683      0
684      72
685      100
686      0
687      0
688      0
689      100
690      0
691      73
692      80
693      0
694      100
695      90
696      88
697      75
698      85
699      0
700      0
701      79
702      83
703      80
704      100
705      0
706      0
707      37
708      85
709      100
710      0
711      0
712      100
713      96
714      71
715      100
716      100
717      69
718      0
719      0
720      34
721      75
722      0
723      100
724      0
725      100
726      0
727      88
728      100
729      77
730      0
731      0
732      0
733      0
734      0
735      0
736      100
737      0
738      81
739      57
740      76
741      0
742      0
743      0
744      0
745      66
746      0
747      88
748      0
749      92
750      74
751      0
752      100
753      45
754      0
755      0
756      100
757      85
758      0
759      0
760      46
761      0
762      55
763      72
764      0
765      0
766      0
767      99
768      0
769      0
770      100
771      63
772      0
773      0
774      77
775      0
776      0
777      45
778      52
779      100
780      68
781      71
782      0
783      0
784      0
785      57
786      0
787      83
788      0
789      0
790      0
791      0
792      69
793      0
794      48
795      0
796      74
797      91
798      0
799      100
800      69
801      100
802      80
803      94
804      0
805      76
806      87
807      100
808      0
809      68
810      69
811      90
812      0
813      92
814      0
815      0
816      0
817      55
818      99
819      82
820      100
821      0
822      0
823      51
824      69
825      91
826      100
827      100
828      79
829      0
830      71
831      77
832      79
833      81
834      83
835      0
836      0
837      51
838      34
839      45
840      60
841      47
842      73
843      87
844      89
845      94
846      0
847      0
848      0
849      100
850      83
851      68
852      75
853      0
854      0
855      0
856      100
857      0
858      69
859      0
860      96
861      67
862      100
863      0
864      100
865      100
866      0
867      96
868      0
869      0
870      0
871      55
872      0
873      0
874      0
875      67
876      100
877      77
878      0
879      0
880      0
881      83
882      0
883      96
884      69
885      0
886      0
887      81
888      93
889      100
890      0
891      76
892      88
893      0
894      79
895      0
896      100
897      80
898      84
899      84
900      92
901      100
902      0
903      0
904      54
905      0
906      100
907      70
908      0
909      0
910      80
911      72
912      97
913      0
914      49
915      69
916      65
917      96
918      0
919      92
920      0
921      0
922      100
923      0
924      0
925      78
926      50
927      86
928      94
929      68
930      0
931      0
932      69
933      75
934      43
935      45
936      49
937      100
938      92
939      0
940      100
941      91
942      52
943      100
944      0
945      0
946      0
947      100
948      96
949      100
950      100
951      76
952      0
953      49
954      50
955      0
956      81
957      0
958      100
959      92
960      0
961      0
962      0
963      83
964      41
965      69
966      84
967      0
968      57
969      0
970      0
971      0
972      0
973      85
974      0
975      0
976      0
977      0
978      100
979      100
980      79
981      0
982      91
983      93
984      52
985      0
986      62
987      0
988      96
989      51
990      58
991      65
992      42
993      85
994      92
995      0
996      94
997      0
998      55
999      0
       32995
