0      82
1      100
2      0
3      56
4      85
5      88
6      100
7      0
8      0
9      50
10      0
11      0
12      100
13      88
14      0
15      0
16      94
17      88
18      100
19      100
20      79
21      100
22      100
23      0
24      100
25      100
26      0
27      83
28      0
29      92
30      0
31      69
32      0
33      40
34      0
35      0
36      56
37      65
38      69
39      0
40      100
41      0
42      0
43      90
44      0
45      0
46      0
47      100
48      100
49      69
       1450.37
