0      0
1      84
2      0
3      49
4      0
5      97
6      56
7      0
8      0
9      100
10      0
11      96
12      0
13      72
14      0
15      0
16      75
17      49
18      0
19      0
20      70
21      0
22      0
23      0
24      0
25      0
26      0
27      0
28      0
29      93
30      87
31      71
32      99
33      45
34      0
35      0
36      0
37      96
38      0
39      0
40      94
41      74
42      0
43      76
44      51
45      0
46      0
47      0
48      74
49      98
50      0
51      97
52      0
53      0
54      99
55      95
56      54
57      0
58      88
59      0
60      95
61      0
62      93
63      0
64      0
65      69
66      63
67      90
68      0
69      0
70      0
71      78
72      66
73      72
74      94
75      0
76      44
77      0
78      67
79      91
80      0
81      0
82      78
83      0
84      46
85      0
86      53
87      90
88      87
89      0
90      51
91      0
92      0
93      0
94      45
95      72
96      81
97      47
98      100
99      64
100      0
101      0
102      0
103      0
104      94
105      73
106      50
107      64
108      94
109      70
110      96
111      0
112      0
113      0
114      0
115      0
116      46
117      99
118      97
119      0
120      77
121      100
122      0
123      0
124      48
125      82
126      0
127      0
128      64
129      0
130      61
131      87
132      0
133      98
134      90
135      0
136      0
137      50
138      87
139      0
140      0
141      57
142      61
143      0
144      94
145      0
146      0
147      96
148      76
149      0
150      82
151      0
152      40
153      94
154      71
155      78
156      0
157      0
158      86
159      78
160      43
161      69
162      97
163      0
164      0
165      76
166      46
167      0
168      0
169      96
170      100
171      75
172      91
173      67
174      94
175      0
176      68
177      0
178      0
179      0
180      78
181      72
182      87
183      0
184      99
185      61
186      0
187      0
188      0
189      80
190      0
191      55
192      0
193      90
194      0
195      88
196      75
197      94
198      82
199      0
200      0
201      0
202      0
203      0
204      0
205      69
206      79
207      63
208      0
209      86
210      0
211      0
212      54
213      98
214      98
215      69
216      100
217      0
218      48
219      0
220      95
221      42
222      64
223      0
224      93
225      82
226      0
227      66
228      0
229      61
230      51
231      0
232      0
233      76
234      0
235      0
236      0
237      88
238      0
239      93
240      95
241      78
242      99
243      0
244      0
245      47
246      0
247      89
248      87
249      0
250      99
251      0
252      91
253      0
254      0
255      0
256      78
257      97
258      99
259      82
260      0
261      0
262      97
263      97
264      0
265      81
266      98
267      86
268      88
269      85
270      0
271      100
272      89
273      0
274      0
275      73
276      0
277      99
278      95
279      84
280      0
281      95
282      0
283      0
284      83
285      0
286      0
287      99
288      0
289      0
290      0
291      47
292      86
293      0
294      88
295      99
296      51
297      51
298      0
299      100
300      48
301      70
302      41
303      0
304      0
305      0
306      0
307      76
308      69
309      79
310      74
311      0
312      89
313      0
314      0
315      46
316      0
317      0
318      0
319      0
320      0
321      90
322      100
323      56
324      65
325      82
326      99
327      0
328      0
329      99
330      95
331      0
332      0
333      0
334      0
335      67
336      60
337      0
338      96
339      0
340      100
341      54
342      72
343      82
344      87
345      76
346      73
347      98
348      92
349      0
350      93
351      48
352      89
353      70
354      87
355      95
356      57
357      0
358      87
359      82
360      81
361      79
362      79
363      0
364      0
365      97
366      92
367      60
368      91
369      45
370      95
371      83
372      88
373      0
374      0
375      95
376      0
377      0
378      83
379      99
380      100
381      51
382      99
383      99
384      98
385      63
386      87
387      0
388      83
389      50
390      65
391      0
392      98
393      0
394      0
395      94
396      0
397      83
398      89
399      48
400      38
401      82
402      0
403      0
404      39
405      0
406      72
407      95
408      83
409      67
410      0
411      0
412      0
413      85
414      87
415      84
416      78
417      0
418      99
419      46
420      99
421      0
422      0
423      0
424      81
425      0
426      43
427      83
428      100
429      64
430      0
431      0
432      92
433      61
434      99
435      0
436      0
437      95
438      96
439      90
440      54
441      86
442      0
443      96
444      42
445      82
446      39
447      95
448      75
449      87
450      0
451      93
452      0
453      0
454      0
455      0
456      0
457      55
458      0
459      0
460      70
461      60
462      97
463      81
464      79
465      0
466      0
467      0
468      0
469      99
470      55
471      0
472      65
473      0
474      97
475      0
476      100
477      94
478      50
479      93
480      0
481      100
482      0
483      61
484      0
485      0
486      0
487      0
488      0
489      91
490      82
491      0
492      93
493      0
494      56
495      75
496      0
497      89
498      0
499      0
500      0
501      0
502      56
503      86
504      76
505      0
506      68
507      49
508      0
509      95
510      41
511      75
512      41
513      0
514      81
515      0
516      93
517      0
518      0
519      81
520      53
521      100
522      68
523      99
524      77
525      99
526      0
527      0
528      0
529      85
530      86
531      99
532      0
533      62
534      0
535      0
536      47
537      47
538      0
539      56
540      0
541      100
542      91
543      0
544      64
545      93
546      62
547      0
548      0
549      0
550      0
551      0
552      91
553      0
554      60
555      0
556      69
557      99
558      0
559      86
560      0
561      94
562      0
563      55
564      83
565      0
566      0
567      70
568      0
569      55
570      0
571      94
572      0
573      43
574      84
575      97
576      87
577      66
578      0
579      84
580      53
581      0
582      98
583      0
584      97
585      0
586      0
587      80
588      92
589      96
590      97
591      56
592      93
593      98
594      0
595      0
596      97
597      80
598      0
599      75
600      0
601      0
602      0
603      0
604      78
605      0
606      100
607      0
608      0
609      93
610      88
611      64
612      0
613      34
614      69
615      0
616      55
617      97
618      82
619      89
620      90
621      93
622      56
623      76
624      46
625      51
626      94
627      100
628      0
629      89
630      98
631      100
632      53
633      0
634      91
635      64
636      0
637      73
638      48
639      48
640      0
641      0
642      90
643      63
644      54
645      91
646      95
647      66
648      0
649      38
650      86
651      51
652      66
653      0
654      42
655      100
656      0
657      0
658      90
659      87
660      85
661      84
662      69
663      69
664      55
665      0
666      97
667      70
668      0
669      0
670      100
671      0
672      80
673      99
674      76
675      82
676      0
677      64
678      0
679      0
680      73
681      97
682      0
683      0
684      67
685      82
686      79
687      0
688      61
689      76
690      98
691      97
692      0
693      0
694      53
695      98
696      43
697      0
698      0
699      61
700      76
701      59
702      60
703      0
704      0
705      0
706      0
707      0
708      90
709      0
710      0
711      91
712      0
713      62
714      68
715      0
716      82
717      96
718      63
719      75
720      80
721      50
722      61
723      0
724      0
725      97
726      0
727      41
728      79
729      82
730      78
731      73
732      58
733      0
734      60
735      94
736      0
737      88
738      58
739      49
740      89
741      0
742      100
743      83
744      54
745      47
746      0
747      82
748      0
749      0
750      78
751      0
752      82
753      0
754      0
755      58
756      0
757      0
758      0
759      0
760      58
761      0
762      0
763      72
764      0
765      99
766      98
767      95
768      0
769      0
770      64
771      72
772      100
773      99
774      0
775      70
776      57
777      83
778      86
779      78
780      63
781      79
782      100
783      61
784      0
785      95
786      99
787      62
788      98
789      51
790      0
791      46
792      0
793      43
794      0
795      79
796      100
797      0
798      84
799      59
800      99
801      94
802      94
803      0
804      66
805      0
806      0
807      0
808      99
809      66
810      0
811      95
812      83
813      0
814      94
815      74
816      56
817      71
818      38
819      99
820      99
821      98
822      86
823      65
824      97
825      93
826      0
827      65
828      0
829      0
830      92
831      69
832      0
833      63
834      93
835      99
836      0
837      76
838      0
839      0
840      83
841      0
842      0
843      71
844      0
845      0
846      96
847      0
848      0
849      93
850      97
851      0
852      90
853      64
854      47
855      50
856      39
857      58
858      0
859      52
860      0
861      0
862      0
863      73
864      0
865      96
866      99
867      0
868      78
869      0
870      64
871      72
872      0
873      0
874      81
875      95
876      0
877      0
878      60
879      89
880      100
881      66
882      0
883      96
884      0
885      87
886      61
887      0
888      55
889      0
890      0
891      93
892      0
893      69
894      98
895      89
896      0
897      0
898      0
899      0
900      95
901      0
902      83
903      0
904      76
905      0
906      74
907      88
908      91
909      0
910      95
911      89
912      41
913      0
914      0
915      0
916      58
917      100
918      81
919      0
920      67
921      83
922      0
923      0
924      0
925      0
926      94
927      100
928      72
929      0
930      0
931      98
932      88
933      0
934      95
935      70
936      84
937      98
938      0
939      56
940      98
941      88
942      70
943      89
944      0
945      92
946      46
947      96
948      83
949      96
950      0
951      63
952      0
953      0
954      63
955      41
956      65
957      57
958      94
959      0
960      90
961      81
962      0
963      0
964      85
965      47
966      0
967      0
968      0
969      50
970      0
971      76
972      0
973      56
974      0
975      0
976      0
977      0
978      0
979      87
980      83
981      48
982      80
983      100
984      0
985      0
986      45
987      0
988      91
989      93
990      76
991      0
992      0
993      68
994      99
995      53
996      86
997      0
998      0
999      81
1000      0
1001      0
1002      98
1003      0
1004      96
1005      100
1006      99
1007      0
1008      69
1009      91
1010      0
1011      77
1012      0
1013      57
1014      72
1015      0
1016      0
1017      0
1018      76
1019      0
1020      69
1021      0
1022      77
1023      94
1024      0
1025      0
1026      61
1027      0
1028      73
1029      71
1030      95
1031      68
1032      0
1033      0
1034      0
1035      73
1036      88
1037      94
1038      0
1039      68
1040      96
1041      0
1042      100
1043      100
1044      0
1045      0
1046      85
1047      74
1048      0
1049      0
1050      0
1051      97
1052      0
1053      0
1054      98
1055      67
1056      0
1057      54
1058      0
1059      0
1060      0
1061      64
1062      70
1063      85
1064      80
1065      95
1066      67
1067      0
1068      75
1069      44
1070      52
1071      0
1072      0
1073      66
1074      99
1075      95
1076      65
1077      75
1078      99
1079      94
1080      75
1081      0
1082      75
1083      0
1084      0
1085      0
1086      0
1087      89
1088      0
1089      52
1090      66
1091      42
1092      0
1093      0
1094      97
1095      0
1096      0
1097      0
1098      0
1099      46
1100      0
1101      0
1102      98
1103      0
1104      0
1105      56
1106      0
1107      95
1108      80
1109      87
1110      98
1111      97
1112      85
1113      89
1114      83
1115      0
1116      0
1117      100
1118      87
1119      50
1120      50
1121      0
1122      63
1123      100
1124      0
1125      0
1126      74
1127      87
1128      50
1129      0
1130      0
1131      0
1132      47
1133      46
1134      74
1135      67
1136      65
1137      50
1138      0
1139      0
1140      0
1141      100
1142      99
1143      0
1144      0
1145      37
1146      87
1147      0
1148      0
1149      87
1150      0
1151      0
1152      78
1153      0
1154      100
1155      97
1156      57
1157      76
1158      95
1159      69
1160      70
1161      0
1162      99
1163      94
1164      0
1165      99
1166      65
1167      82
1168      0
1169      92
1170      0
1171      70
1172      89
1173      85
1174      70
1175      64
1176      99
1177      0
1178      0
1179      73
1180      62
1181      0
1182      0
1183      0
1184      0
1185      0
1186      0
1187      0
1188      0
1189      48
1190      0
1191      0
1192      90
1193      0
1194      99
1195      93
1196      56
1197      84
1198      99
1199      84
1200      0
1201      0
1202      0
1203      97
1204      65
1205      79
1206      99
1207      85
1208      86
1209      0
1210      63
1211      60
1212      73
1213      97
1214      69
1215      0
1216      86
1217      94
1218      0
1219      56
1220      0
1221      46
1222      60
1223      0
1224      76
1225      0
1226      0
1227      61
1228      91
1229      66
1230      98
1231      0
1232      50
1233      0
1234      91
1235      0
1236      94
1237      49
1238      0
1239      99
1240      0
1241      0
1242      0
1243      53
1244      96
1245      52
1246      92
1247      52
1248      97
1249      0
1250      0
1251      0
1252      0
1253      0
1254      63
1255      97
1256      100
1257      100
1258      94
1259      78
1260      0
1261      97
1262      0
1263      76
1264      59
1265      0
1266      83
1267      44
1268      0
1269      0
1270      47
1271      74
1272      87
1273      0
1274      57
1275      51
1276      77
1277      0
1278      75
1279      0
1280      0
1281      0
1282      0
1283      89
1284      90
1285      0
1286      0
1287      88
1288      47
1289      61
1290      0
1291      0
1292      0
1293      0
1294      0
1295      78
1296      55
1297      96
1298      76
1299      59
1300      85
1301      0
1302      0
1303      0
1304      0
1305      98
1306      0
1307      88
1308      0
1309      0
1310      0
1311      54
1312      0
1313      71
1314      99
1315      0
1316      0
1317      0
1318      90
1319      53
1320      0
1321      0
1322      68
1323      0
1324      0
1325      78
1326      0
1327      0
1328      0
1329      0
1330      0
1331      99
1332      95
1333      0
1334      93
1335      97
1336      92
1337      78
1338      0
1339      93
1340      68
1341      49
1342      95
1343      87
1344      0
1345      0
1346      64
1347      0
1348      88
1349      0
1350      93
1351      55
1352      0
1353      51
1354      81
1355      70
1356      79
1357      83
1358      60
1359      99
1360      87
1361      94
1362      0
1363      57
1364      0
1365      100
1366      96
1367      99
1368      0
1369      75
1370      0
1371      83
1372      97
1373      0
1374      0
1375      75
1376      0
1377      0
1378      0
1379      83
1380      0
1381      73
1382      0
1383      91
1384      100
1385      73
1386      0
1387      94
1388      44
1389      100
1390      0
1391      97
1392      71
1393      90
1394      78
1395      80
1396      83
1397      100
1398      0
1399      96
1400      0
1401      0
1402      94
1403      0
1404      76
1405      67
1406      0
1407      99
1408      0
1409      39
1410      96
1411      0
1412      64
1413      53
1414      94
1415      0
1416      0
1417      0
1418      56
1419      68
1420      89
1421      90
1422      0
1423      56
1424      0
1425      0
1426      82
1427      77
1428      0
1429      0
1430      0
1431      0
1432      98
1433      77
1434      0
1435      97
1436      85
1437      95
1438      44
1439      0
1440      95
1441      0
1442      67
1443      0
1444      100
1445      68
1446      84
1447      91
1448      98
1449      0
1450      0
1451      0
1452      86
1453      88
1454      0
1455      99
1456      73
1457      0
1458      75
1459      0
1460      0
1461      0
1462      83
1463      90
1464      0
1465      70
1466      86
1467      96
1468      0
1469      60
1470      0
1471      93
1472      0
1473      99
1474      66
1475      61
1476      0
1477      92
1478      62
1479      69
1480      0
1481      94
1482      66
1483      0
1484      0
1485      97
1486      64
1487      73
1488      83
1489      0
1490      0
1491      0
1492      93
1493      0
1494      100
1495      75
1496      64
1497      0
1498      85
1499      98
1500      91
1501      91
1502      61
1503      98
1504      64
1505      0
1506      0
1507      0
1508      47
1509      49
1510      0
1511      0
1512      99
1513      58
1514      63
1515      0
1516      0
1517      0
1518      45
1519      0
1520      0
1521      56
1522      96
1523      0
1524      0
1525      0
1526      39
1527      96
1528      0
1529      94
1530      76
1531      79
1532      74
1533      66
1534      0
1535      0
1536      0
1537      89
1538      41
1539      87
1540      63
1541      47
1542      0
1543      0
1544      0
1545      99
1546      0
1547      0
1548      54
1549      84
1550      100
1551      68
1552      0
1553      85
1554      0
1555      47
1556      0
1557      76
1558      99
1559      0
1560      95
1561      0
1562      43
1563      100
1564      63
1565      73
1566      0
1567      51
1568      68
1569      62
1570      85
1571      72
1572      90
1573      0
1574      81
1575      97
1576      85
1577      99
1578      86
1579      69
1580      0
1581      0
1582      0
1583      0
1584      0
1585      99
1586      0
1587      0
1588      0
1589      88
1590      96
1591      98
1592      0
1593      67
1594      99
1595      0
1596      55
1597      51
1598      93
1599      95
1600      94
1601      0
1602      82
1603      88
1604      74
1605      88
1606      88
1607      0
1608      0
1609      0
1610      0
1611      0
1612      84
1613      56
1614      98
1615      39
1616      0
1617      63
1618      59
1619      0
1620      81
1621      90
1622      0
1623      0
1624      59
1625      100
1626      0
1627      100
1628      99
1629      99
1630      66
1631      0
1632      0
1633      0
1634      0
1635      78
1636      73
1637      49
1638      75
1639      0
1640      0
1641      80
1642      0
1643      0
1644      0
1645      96
1646      0
1647      0
1648      69
1649      91
1650      0
1651      87
1652      86
1653      0
1654      83
1655      67
1656      93
1657      100
1658      0
1659      0
1660      53
1661      0
1662      93
1663      80
1664      0
1665      0
1666      0
1667      0
1668      0
1669      0
1670      66
1671      51
1672      0
1673      73
1674      83
1675      100
1676      81
1677      97
1678      91
1679      56
1680      97
1681      0
1682      0
1683      96
1684      75
1685      0
1686      88
1687      97
1688      89
1689      73
1690      0
1691      78
1692      59
1693      0
1694      63
1695      0
1696      94
1697      41
1698      42
1699      0
1700      95
1701      0
1702      0
1703      66
1704      0
1705      0
1706      93
1707      0
1708      0
1709      85
1710      0
1711      0
1712      63
1713      0
1714      0
1715      60
1716      0
1717      100
1718      85
1719      96
1720      0
1721      0
1722      92
1723      0
1724      73
1725      0
1726      69
1727      100
1728      91
1729      0
1730      0
1731      60
1732      60
1733      0
1734      78
1735      0
1736      68
1737      0
1738      0
1739      0
1740      0
1741      99
1742      81
1743      0
1744      54
1745      100
1746      45
1747      83
1748      0
1749      76
1750      0
1751      0
1752      65
1753      0
1754      100
1755      82
1756      60
1757      83
1758      81
1759      83
1760      0
1761      0
1762      75
1763      44
1764      100
1765      82
1766      79
1767      60
1768      0
1769      41
1770      91
1771      64
1772      44
1773      99
1774      50
1775      99
1776      88
1777      59
1778      0
1779      0
1780      85
1781      0
1782      0
1783      94
1784      0
1785      0
1786      65
1787      99
1788      79
1789      88
1790      0
1791      87
1792      96
1793      0
1794      81
1795      98
1796      0
1797      89
1798      87
1799      0
1800      0
1801      66
1802      0
1803      91
1804      84
1805      0
1806      77
1807      0
1808      0
1809      69
1810      0
1811      100
1812      60
1813      0
1814      95
1815      44
1816      0
1817      99
1818      100
1819      60
1820      99
1821      100
1822      63
1823      33
1824      93
1825      0
1826      0
1827      48
1828      81
1829      100
1830      0
1831      0
1832      94
1833      53
1834      0
1835      59
1836      83
1837      0
1838      93
1839      91
1840      56
1841      64
1842      36
1843      84
1844      87
1845      43
1846      62
1847      61
1848      99
1849      72
1850      57
1851      0
1852      53
1853      95
1854      88
1855      94
1856      94
1857      0
1858      72
1859      0
1860      51
1861      62
1862      96
1863      0
1864      95
1865      73
1866      49
1867      92
1868      0
1869      83
1870      0
1871      81
1872      0
1873      94
1874      0
1875      93
1876      93
1877      0
1878      44
1879      0
1880      0
1881      77
1882      93
1883      0
1884      0
1885      77
1886      97
1887      0
1888      88
1889      93
1890      76
1891      59
1892      0
1893      99
1894      93
1895      59
1896      39
1897      82
1898      96
1899      0
1900      0
1901      91
1902      97
1903      0
1904      0
1905      69
1906      0
1907      0
1908      0
1909      69
1910      72
1911      99
1912      0
1913      0
1914      0
1915      59
1916      95
1917      0
1918      0
1919      80
1920      87
1921      79
1922      0
1923      93
1924      0
1925      0
1926      0
1927      99
1928      0
1929      53
1930      0
1931      69
1932      0
1933      0
1934      50
1935      0
1936      59
1937      99
1938      0
1939      48
1940      0
1941      0
1942      0
1943      0
1944      0
1945      0
1946      97
1947      73
1948      0
1949      0
1950      39
1951      81
1952      0
1953      0
1954      94
1955      0
1956      0
1957      0
1958      0
1959      86
1960      88
1961      62
1962      94
1963      0
1964      0
1965      94
1966      0
1967      62
1968      91
1969      88
1970      0
1971      0
1972      81
1973      0
1974      0
1975      0
1976      93
1977      100
1978      44
1979      0
1980      73
1981      99
1982      0
1983      0
1984      52
1985      0
1986      97
1987      0
1988      99
1989      0
1990      100
1991      70
1992      68
1993      43
1994      0
1995      93
1996      99
1997      0
1998      78
1999      0
2000      0
2001      0
2002      91
2003      0
2004      47
2005      0
2006      0
2007      83
2008      0
2009      47
2010      0
2011      0
2012      0
2013      0
2014      0
2015      98
2016      62
2017      70
2018      70
2019      0
2020      86
2021      74
2022      90
2023      0
2024      61
2025      0
2026      81
2027      99
2028      65
2029      57
2030      0
2031      0
2032      79
2033      74
2034      0
2035      89
2036      0
2037      64
2038      99
2039      0
2040      100
2041      80
2042      100
2043      0
2044      69
2045      0
2046      94
2047      96
2048      98
2049      49
2050      0
2051      0
2052      0
2053      70
2054      87
2055      45
2056      0
2057      0
2058      49
2059      0
2060      0
2061      75
2062      0
2063      91
2064      97
2065      41
2066      0
2067      0
2068      58
2069      99
2070      0
2071      38
2072      73
2073      98
2074      95
2075      100
2076      0
2077      99
2078      85
2079      97
2080      100
2081      53
2082      91
2083      100
2084      0
2085      0
2086      0
2087      0
2088      0
2089      0
2090      0
2091      99
2092      0
2093      57
2094      0
2095      0
2096      0
2097      0
2098      56
2099      0
2100      79
2101      83
2102      94
2103      97
2104      0
2105      44
2106      96
2107      60
2108      85
2109      0
2110      0
2111      50
2112      0
2113      85
2114      0
2115      97
2116      51
2117      99
2118      0
2119      0
2120      40
2121      94
2122      0
2123      97
2124      86
2125      93
2126      83
2127      66
2128      83
2129      100
2130      0
2131      0
2132      95
2133      0
2134      71
2135      81
2136      0
2137      81
2138      0
2139      0
2140      0
2141      0
2142      0
2143      0
2144      0
2145      73
2146      99
2147      0
2148      0
2149      0
2150      38
2151      68
2152      100
2153      93
2154      0
2155      77
2156      76
2157      67
2158      0
2159      0
2160      54
2161      0
2162      70
2163      0
2164      59
2165      89
2166      0
2167      99
2168      47
2169      0
2170      0
2171      95
2172      88
2173      0
2174      0
2175      68
2176      85
2177      83
2178      95
2179      66
2180      68
2181      0
2182      81
2183      99
2184      100
2185      57
2186      0
2187      0
2188      0
2189      95
2190      47
2191      63
2192      64
2193      64
2194      0
2195      100
2196      100
2197      100
2198      0
2199      0
2200      0
2201      0
2202      45
2203      0
2204      56
2205      0
2206      0
2207      0
2208      94
2209      0
2210      91
2211      81
2212      61
2213      0
2214      0
2215      50
2216      85
2217      0
2218      56
2219      85
2220      99
2221      81
2222      60
2223      100
2224      50
2225      0
2226      0
2227      0
2228      79
2229      77
2230      97
2231      57
2232      80
2233      0
2234      79
2235      0
2236      73
2237      0
2238      0
2239      0
2240      75
2241      0
2242      0
2243      0
2244      88
2245      95
2246      82
2247      96
2248      80
2249      0
2250      0
2251      79
2252      91
2253      0
2254      65
2255      84
2256      47
2257      55
2258      74
2259      0
2260      91
2261      99
2262      85
2263      0
2264      0
2265      0
2266      0
2267      79
2268      46
2269      0
2270      84
2271      0
2272      0
2273      63
2274      47
2275      0
2276      0
2277      87
2278      50
2279      0
2280      99
2281      0
2282      99
2283      91
2284      66
2285      86
2286      85
2287      0
2288      54
2289      76
2290      87
2291      48
2292      0
2293      51
2294      59
2295      0
2296      67
2297      86
2298      0
2299      48
2300      92
2301      76
2302      87
2303      85
2304      0
2305      0
2306      0
2307      91
2308      0
2309      61
2310      0
2311      95
2312      54
2313      55
2314      0
2315      0
2316      94
2317      81
2318      100
2319      89
2320      57
2321      0
2322      98
2323      78
2324      0
2325      53
2326      58
2327      57
2328      61
2329      0
2330      81
2331      0
2332      0
2333      0
2334      0
2335      83
2336      66
2337      90
2338      0
2339      85
2340      73
2341      67
2342      59
2343      83
2344      81
2345      0
2346      67
2347      49
2348      68
2349      56
2350      77
2351      58
2352      84
2353      0
2354      81
2355      96
2356      46
2357      74
2358      0
2359      0
2360      47
2361      0
2362      52
2363      58
2364      0
2365      0
2366      0
2367      47
2368      100
2369      0
2370      0
2371      0
2372      99
2373      0
2374      98
2375      0
2376      0
2377      0
2378      79
2379      81
2380      87
2381      73
2382      0
2383      95
2384      69
2385      94
2386      0
2387      99
2388      79
2389      39
2390      47
2391      0
2392      0
2393      55
2394      86
2395      79
2396      99
2397      72
2398      0
2399      73
2400      98
2401      0
2402      55
2403      98
2404      50
2405      84
2406      0
2407      87
2408      74
2409      58
2410      39
2411      90
2412      0
2413      55
2414      0
2415      0
2416      0
2417      87
2418      0
2419      0
2420      0
2421      0
2422      80
2423      77
2424      0
2425      0
2426      81
2427      59
2428      0
2429      0
2430      0
2431      74
2432      0
2433      94
2434      0
2435      0
2436      57
2437      0
2438      75
2439      0
2440      0
2441      66
2442      0
2443      0
2444      87
2445      99
2446      40
2447      0
2448      0
2449      53
2450      0
2451      0
2452      91
2453      99
2454      69
2455      98
2456      76
2457      85
2458      0
2459      0
2460      0
2461      98
2462      0
2463      0
2464      0
2465      77
2466      0
2467      0
2468      0
2469      85
2470      94
2471      95
2472      91
2473      79
2474      60
2475      0
2476      100
2477      100
2478      85
2479      0
2480      86
2481      0
2482      95
2483      0
2484      0
2485      97
2486      0
2487      70
2488      87
2489      65
2490      91
2491      0
2492      0
2493      60
2494      0
2495      0
2496      0
2497      0
2498      0
2499      0
       78622.7
