0      37
1      83
2      0
3      0
4      100
5      0
6      0
7      83
8      80
9      79
10      0
11      100
12      53
13      80
14      0
15      51
16      87
17      80
18      77
19      88
20      95
21      84
22      0
23      0
24      0
25      100
26      39
27      0
28      94
29      100
30      67
31      100
32      0
33      100
34      0
35      51
36      49
37      100
38      0
39      74
40      0
41      0
42      0
43      0
44      0
45      100
46      100
47      0
48      0
49      0
       1453.15
