0      71
1      0
2      88
3      100
4      86
5      73
6      100
7      86
8      0
9      100
10      55
11      0
12      93
13      62
14      46
15      100
16      0
17      0
18      79
19      100
20      0
21      0
22      41
23      56
24      0
25      0
26      100
27      0
28      100
29      71
30      100
31      0
32      100
33      100
34      63
35      100
36      100
37      80
38      0
39      0
40      77
41      0
42      81
43      0
44      99
45      0
46      0
47      57
48      100
49      0
50      74
51      89
52      0
53      100
54      100
55      0
56      38
57      100
58      0
59      83
60      0
61      0
62      0
63      0
64      0
65      100
66      90
67      0
68      82
69      64
70      84
71      100
72      100
73      90
74      0
75      0
76      100
77      0
78      71
79      0
80      0
81      97
82      0
83      0
84      0
85      69
86      70
87      0
88      0
89      0
90      100
91      100
92      100
93      70
94      100
95      0
96      0
97      0
98      82
99      100
       3452.42
