0      0
1      0
2      0
3      100
4      0
5      99
6      99
7      100
8      75
9      84
10      52
11      99
12      94
13      0
14      100
15      100
16      0
17      81
18      77
19      0
20      95
21      100
22      0
23      0
24      0
25      100
26      100
27      0
28      99
29      0
30      0
31      0
32      53
33      0
34      100
35      0
36      0
37      0
38      0
39      62
40      100
41      100
42      0
43      81
44      85
45      100
46      0
47      96
48      74
49      85
50      94
51      0
52      0
53      0
54      72
55      100
56      0
57      0
58      0
59      91
60      0
61      64
62      100
63      34
64      99
65      47
66      92
67      100
68      100
69      0
70      0
71      0
72      0
73      0
74      100
75      61
76      0
77      0
78      100
79      74
80      0
81      48
82      0
83      48
84      0
85      94
86      100
87      0
88      68
89      100
90      100
91      0
92      85
93      0
94      54
95      0
96      0
97      96
98      57
99      87
100      0
101      71
102      82
103      47
104      100
105      0
106      0
107      44
108      0
109      85
110      99
111      0
112      100
113      0
114      100
115      0
116      48
117      100
118      52
119      68
120      100
121      70
122      100
123      76
124      88
125      0
126      100
127      67
128      0
129      0
130      100
131      0
132      62
133      62
134      100
135      53
136      60
137      0
138      0
139      100
140      0
141      100
142      81
143      96
144      0
145      100
146      0
147      0
148      52
149      0
150      0
151      96
152      100
153      73
154      100
155      0
156      0
157      98
158      0
159      83
160      0
161      0
162      100
163      100
164      0
165      100
166      88
167      100
168      0
169      47
170      66
171      100
172      98
173      98
174      59
175      0
176      58
177      96
178      0
179      70
180      0
181      100
182      0
183      52
184      74
185      0
186      96
187      0
188      0
189      100
190      77
191      0
192      0
193      100
194      100
195      83
196      86
197      100
198      0
199      0
       6935.33
