0      99
1      0
2      100
3      69
4      0
5      89
6      57
7      70
8      84
9      0
10      91
11      55
12      0
13      95
14      82
15      93
16      68
17      100
18      100
19      0
20      0
21      78
22      86
23      0
24      0
25      0
26      0
27      0
28      0
29      100
30      88
31      70
32      34
33      100
34      82
35      0
36      0
37      0
38      0
39      92
40      78
41      53
42      100
43      0
44      0
45      0
46      0
47      66
48      100
49      99
50      0
51      100
52      0
53      0
54      68
55      0
56      69
57      33
58      86
59      0
60      0
61      93
62      0
63      99
64      0
65      0
66      0
67      100
68      53
69      73
70      73
71      46
72      0
73      100
74      0
75      81
76      39
77      0
78      99
79      100
80      85
81      0
82      83
83      0
84      93
85      0
86      100
87      0
88      100
89      85
90      65
91      0
92      100
93      0
94      100
95      100
96      76
97      0
98      100
99      73
       3230.6
