0      59
1      0
2      0
3      99
4      73
5      58
6      50
7      0
8      49
9      100
10      97
11      100
12      0
13      73
14      100
15      100
16      0
17      0
18      0
19      64
20      0
21      0
22      0
23      56
24      82
25      0
26      71
27      86
28      49
29      100
30      0
31      0
32      42
33      0
34      83
35      100
36      0
37      0
38      0
39      100
40      0
41      48
42      100
43      56
44      73
45      100
46      76
47      0
48      78
49      93
       1860.94
