0      100
1      55
2      0
3      57
4      0
5      100
6      0
7      47
8      75
9      0
10      99
11      100
12      89
13      78
14      100
15      0
16      0
17      0
18      91
19      0
20      100
21      0
22      100
23      75
24      0
25      0
26      100
27      74
28      0
29      0
30      91
31      97
32      0
33      57
34      0
35      99
36      100
37      100
38      0
39      93
40      98
41      100
42      100
43      0
44      58
45      0
46      0
47      53
48      79
49      66
       1793.56
