0      56
1      57
2      100
3      0
4      100
5      54
6      60
7      0
8      0
9      100
10      0
11      0
12      0
13      0
14      59
15      0
16      0
17      86
18      0
19      0
20      61
21      100
22      0
23      0
24      0
25      50
26      95
27      0
28      69
29      0
30      64
31      81
32      59
33      83
34      74
35      0
36      0
37      79
38      75
39      82
40      85
41      0
42      0
43      83
44      76
45      91
46      49
47      0
48      0
49      0
50      76
51      0
52      0
53      87
54      91
55      0
56      82
57      96
58      0
59      68
60      76
61      88
62      95
63      0
64      0
65      100
66      100
67      0
68      100
69      0
70      67
71      100
72      0
73      100
74      100
75      0
76      0
77      0
78      100
79      0
80      86
81      100
82      100
83      0
84      87
85      100
86      100
87      73
88      58
89      87
90      0
91      64
92      76
93      0
94      0
95      0
96      0
97      100
98      100
99      76
100      0
101      0
102      48
103      0
104      0
105      0
106      95
107      0
108      0
109      56
110      58
111      0
112      82
113      0
114      0
115      88
116      99
117      100
118      0
119      96
120      0
121      91
122      100
123      73
124      100
125      83
126      0
127      41
128      0
129      67
130      75
131      61
132      64
133      0
134      100
135      0
136      100
137      0
138      0
139      0
140      0
141      63
142      83
143      100
144      0
145      77
146      0
147      0
148      100
149      0
150      0
151      0
152      58
153      0
154      0
155      75
156      0
157      48
158      0
159      73
160      76
161      90
162      0
163      0
164      79
165      0
166      0
167      100
168      0
169      100
170      67
171      0
172      100
173      0
174      0
175      100
176      0
177      0
178      100
179      0
180      53
181      69
182      73
183      0
184      0
185      0
186      89
187      84
188      0
189      56
190      0
191      0
192      83
193      0
194      100
195      92
196      100
197      100
198      64
199      91
200      89
201      0
202      61
203      89
204      44
205      100
206      96
207      98
208      73
209      96
210      0
211      93
212      71
213      0
214      0
215      100
216      81
217      0
218      64
219      0
220      68
221      0
222      73
223      100
224      78
225      0
226      100
227      100
228      89
229      86
230      95
231      0
232      0
233      0
234      100
235      100
236      0
237      86
238      0
239      0
240      0
241      0
242      100
243      59
244      93
245      0
246      59
247      65
248      58
249      0
250      0
251      0
252      85
253      0
254      48
255      100
256      100
257      47
258      65
259      0
260      81
261      100
262      76
263      75
264      0
265      0
266      100
267      92
268      0
269      0
270      0
271      100
272      0
273      100
274      84
275      0
276      96
277      0
278      0
279      100
280      100
281      0
282      51
283      0
284      0
285      0
286      70
287      100
288      100
289      0
290      0
291      0
292      50
293      72
294      71
295      0
296      67
297      58
298      0
299      0
300      0
301      100
302      56
303      0
304      90
305      72
306      89
307      65
308      91
309      0
310      51
311      50
312      0
313      0
314      58
315      83
316      0
317      64
318      100
319      0
320      0
321      71
322      75
323      0
324      100
325      91
326      0
327      0
328      0
329      76
330      0
331      84
332      0
333      91
334      67
335      100
336      0
337      62
338      0
339      0
340      100
341      76
342      69
343      0
344      0
345      0
346      0
347      100
348      50
349      0
350      0
351      54
352      0
353      0
354      0
355      100
356      0
357      54
358      52
359      45
360      0
361      35
362      0
363      0
364      95
365      62
366      67
367      100
368      65
369      85
370      90
371      0
372      77
373      58
374      0
375      81
376      100
377      36
378      73
379      0
380      91
381      0
382      100
383      100
384      0
385      100
386      0
387      0
388      75
389      0
390      76
391      96
392      95
393      0
394      0
395      0
396      95
397      100
398      71
399      87
400      58
401      67
402      44
403      86
404      0
405      74
406      0
407      0
408      0
409      93
410      0
411      0
412      0
413      89
414      89
415      0
416      0
417      52
418      0
419      0
420      85
421      83
422      0
423      0
424      54
425      83
426      96
427      100
428      76
429      48
430      100
431      0
432      70
433      93
434      56
435      100
436      0
437      0
438      90
439      100
440      65
441      0
442      0
443      100
444      87
445      78
446      0
447      73
448      100
449      94
450      93
451      100
452      0
453      0
454      51
455      99
456      0
457      0
458      96
459      69
460      89
461      0
462      0
463      86
464      0
465      0
466      65
467      89
468      0
469      0
470      0
471      0
472      0
473      85
474      89
475      0
476      100
477      0
478      78
479      0
480      57
481      0
482      96
483      100
484      100
485      80
486      100
487      100
488      0
489      0
490      100
491      83
492      0
493      0
494      86
495      100
496      63
497      82
498      75
499      100
500      0
501      0
502      0
503      80
504      88
505      0
506      41
507      0
508      70
509      54
510      100
511      56
512      0
513      100
514      46
515      93
516      59
517      94
518      73
519      68
520      100
521      100
522      58
523      0
524      34
525      100
526      0
527      95
528      81
529      0
530      60
531      0
532      0
533      75
534      0
535      0
536      99
537      51
538      51
539      0
540      79
541      71
542      70
543      0
544      0
545      100
546      60
547      93
548      81
549      41
550      100
551      100
552      88
553      57
554      80
555      88
556      0
557      0
558      79
559      91
560      84
561      0
562      76
563      100
564      0
565      73
566      73
567      84
568      100
569      100
570      0
571      0
572      88
573      29
574      100
575      0
576      91
577      69
578      0
579      34
580      65
581      0
582      76
583      96
584      90
585      0
586      56
587      76
588      61
589      0
590      66
591      0
592      85
593      90
594      67
595      65
596      75
597      0
598      100
599      71
600      90
601      100
602      83
603      87
604      0
605      73
606      49
607      92
608      56
609      0
610      95
611      0
612      43
613      100
614      96
615      0
616      0
617      0
618      94
619      67
620      60
621      61
622      0
623      100
624      0
625      0
626      0
627      100
628      69
629      58
630      0
631      82
632      100
633      71
634      89
635      100
636      0
637      0
638      56
639      0
640      66
641      85
642      83
643      0
644      74
645      93
646      94
647      100
648      0
649      0
650      97
651      78
652      0
653      90
654      44
655      82
656      0
657      0
658      0
659      0
660      87
661      100
662      0
663      70
664      0
665      0
666      48
667      34
668      86
669      60
670      29
671      87
672      56
673      0
674      61
675      62
676      0
677      0
678      0
679      95
680      0
681      75
682      67
683      92
684      41
685      0
686      100
687      0
688      93
689      69
690      76
691      52
692      100
693      100
694      55
695      100
696      7
697      0
698      100
699      0
700      67
701      100
702      0
703      100
704      96
705      50
706      95
707      50
708      99
709      86
710      100
711      0
712      0
713      0
714      0
715      0
716      86
717      0
718      0
719      43
720      100
721      0
722      45
723      95
724      0
725      0
726      79
727      0
728      0
729      0
730      56
731      45
732      60
733      100
734      0
735      0
736      95
737      0
738      0
739      0
740      0
741      0
742      0
743      0
744      100
745      41
746      0
747      100
748      41
749      0
750      0
751      89
752      64
753      59
754      66
755      0
756      0
757      69
758      84
759      100
760      0
761      98
762      0
763      100
764      50
765      49
766      80
767      0
768      57
769      0
770      0
771      100
772      86
773      82
774      0
775      0
776      83
777      0
778      0
779      91
780      0
781      82
782      0
783      64
784      45
785      87
786      100
787      100
788      100
789      0
790      100
791      0
792      0
793      87
794      0
795      0
796      44
797      0
798      0
799      0
800      0
801      100
802      88
803      100
804      0
805      93
806      0
807      0
808      0
809      0
810      83
811      0
812      0
813      82
814      100
815      100
816      58
817      0
818      100
819      0
820      81
821      83
822      81
823      50
824      56
825      100
826      50
827      0
828      89
829      54
830      0
831      100
832      80
833      72
834      99
835      89
836      0
837      96
838      58
839      0
840      69
841      48
842      0
843      0
844      0
845      79
846      52
847      0
848      100
849      0
850      65
851      0
852      99
853      0
854      0
855      75
856      0
857      0
858      43
859      0
860      0
861      0
862      0
863      0
864      92
865      85
866      78
867      0
868      76
869      72
870      50
871      85
872      0
873      100
874      72
875      87
876      44
877      0
878      90
879      68
880      93
881      51
882      82
883      0
884      0
885      0
886      69
887      99
888      80
889      96
890      0
891      0
892      93
893      81
894      88
895      62
896      100
897      97
898      62
899      95
900      40
901      99
902      72
903      100
904      94
905      60
906      80
907      0
908      66
909      0
910      80
911      93
912      0
913      0
914      0
915      0
916      0
917      0
918      50
919      70
920      0
921      0
922      95
923      100
924      64
925      0
926      69
927      81
928      0
929      0
930      75
931      100
932      95
933      52
934      100
935      62
936      0
937      100
938      87
939      42
940      100
941      0
942      0
943      65
944      60
945      58
946      51
947      62
948      0
949      0
950      43
951      83
952      100
953      100
954      0
955      50
956      0
957      74
958      0
959      65
960      0
961      43
962      0
963      0
964      0
965      0
966      92
967      96
968      100
969      0
970      84
971      0
972      91
973      0
974      100
975      100
976      99
977      74
978      0
979      81
980      0
981      50
982      67
983      73
984      0
985      53
986      0
987      0
988      0
989      100
990      0
991      0
992      0
993      48
994      80
995      95
996      0
997      0
998      100
999      85
       32569.2
