0      0
1      0
2      85
3      0
4      92
5      0
6      0
7      89
8      67
9      0
10      100
11      78
12      54
13      0
14      0
15      98
16      100
17      81
18      0
19      0
20      90
21      0
22      43
23      0
24      79
25      87
26      0
27      77
28      0
29      0
30      0
31      48
32      61
33      0
34      81
35      63
36      0
37      0
38      0
39      0
40      0
41      0
42      100
43      0
44      0
45      0
46      100
47      70
48      92
49      0
50      0
51      42
52      59
53      0
54      0
55      0
56      100
57      89
58      0
59      89
60      44
61      93
62      0
63      45
64      46
65      0
66      0
67      100
68      0
69      71
70      86
71      0
72      0
73      0
74      87
75      59
76      96
77      0
78      100
79      100
80      0
81      0
82      62
83      73
84      62
85      94
86      100
87      52
88      0
89      75
90      96
91      0
92      86
93      0
94      80
95      100
96      97
97      0
98      100
99      50
100      50
101      0
102      0
103      71
104      64
105      76
106      65
107      85
108      100
109      0
110      86
111      77
112      94
113      0
114      93
115      0
116      0
117      97
118      0
119      72
120      62
121      85
122      0
123      75
124      100
125      50
126      0
127      77
128      99
129      0
130      74
131      81
132      64
133      100
134      100
135      85
136      0
137      100
138      100
139      59
140      100
141      77
142      58
143      94
144      0
145      80
146      0
147      91
148      100
149      0
150      0
151      79
152      95
153      0
154      73
155      0
156      100
157      0
158      46
159      32
160      52
161      72
162      94
163      100
164      86
165      93
166      0
167      63
168      58
169      0
170      0
171      65
172      65
173      0
174      0
175      0
176      0
177      65
178      0
179      66
180      83
181      51
182      0
183      0
184      89
185      100
186      100
187      0
188      0
189      79
190      73
191      0
192      100
193      76
194      36
195      0
196      0
197      100
198      0
199      84
200      0
201      0
202      100
203      60
204      83
205      0
206      100
207      0
208      88
209      0
210      68
211      74
212      0
213      100
214      0
215      0
216      67
217      100
218      0
219      0
220      0
221      100
222      39
223      0
224      100
225      0
226      0
227      87
228      0
229      0
230      0
231      100
232      53
233      0
234      100
235      35
236      84
237      76
238      0
239      89
240      94
241      100
242      0
243      0
244      67
245      89
246      67
247      72
248      0
249      98
250      65
251      67
252      100
253      89
254      0
255      0
256      0
257      80
258      49
259      98
260      76
261      58
262      88
263      87
264      76
265      0
266      0
267      0
268      100
269      0
270      0
271      0
272      0
273      88
274      0
275      0
276      100
277      96
278      0
279      0
280      83
281      46
282      97
283      100
284      51
285      0
286      82
287      86
288      0
289      51
290      0
291      76
292      57
293      44
294      100
295      83
296      58
297      100
298      100
299      62
300      80
301      100
302      96
303      0
304      0
305      77
306      100
307      63
308      0
309      88
310      51
311      53
312      0
313      0
314      61
315      89
316      73
317      0
318      67
319      100
320      100
321      82
322      100
323      0
324      61
325      100
326      0
327      64
328      85
329      83
330      70
331      0
332      0
333      53
334      100
335      75
336      0
337      98
338      58
339      0
340      0
341      0
342      0
343      87
344      75
345      0
346      0
347      98
348      82
349      100
350      0
351      0
352      0
353      52
354      0
355      77
356      0
357      0
358      100
359      62
360      100
361      66
362      58
363      52
364      74
365      0
366      0
367      98
368      0
369      0
370      0
371      87
372      0
373      0
374      0
375      0
376      94
377      98
378      47
379      78
380      98
381      100
382      74
383      100
384      68
385      89
386      0
387      0
388      79
389      0
390      94
391      0
392      69
393      98
394      73
395      97
396      100
397      0
398      100
399      63
400      80
401      0
402      0
403      0
404      100
405      86
406      0
407      0
408      100
409      0
410      0
411      100
412      100
413      0
414      73
415      67
416      0
417      82
418      70
419      81
420      0
421      0
422      100
423      0
424      0
425      73
426      65
427      58
428      0
429      0
430      89
431      83
432      91
433      0
434      0
435      100
436      0
437      0
438      40
439      89
440      0
441      97
442      89
443      0
444      100
445      0
446      0
447      79
448      100
449      100
450      0
451      0
452      44
453      0
454      47
455      0
456      0
457      100
458      0
459      0
460      0
461      0
462      0
463      0
464      0
465      100
466      0
467      0
468      0
469      89
470      87
471      68
472      0
473      0
474      0
475      91
476      41
477      100
478      0
479      0
480      0
481      0
482      98
483      0
484      87
485      0
486      80
487      83
488      0
489      100
490      100
491      67
492      0
493      87
494      0
495      0
496      85
497      94
498      97
499      49
500      0
501      62
502      0
503      63
504      50
505      83
506      81
507      0
508      0
509      100
510      100
511      100
512      0
513      81
514      0
515      64
516      100
517      0
518      58
519      0
520      74
521      0
522      0
523      0
524      0
525      100
526      0
527      0
528      0
529      79
530      0
531      62
532      0
533      50
534      0
535      100
536      94
537      88
538      0
539      72
540      98
541      65
542      0
543      100
544      100
545      98
546      0
547      0
548      100
549      0
550      66
551      0
552      70
553      76
554      100
555      89
556      0
557      0
558      0
559      100
560      0
561      100
562      0
563      0
564      0
565      100
566      88
567      0
568      0
569      100
570      100
571      68
572      49
573      71
574      0
575      0
576      100
577      65
578      0
579      81
580      94
581      51
582      0
583      49
584      0
585      53
586      0
587      0
588      70
589      91
590      97
591      86
592      0
593      38
594      62
595      0
596      69
597      0
598      0
599      0
600      0
601      0
602      88
603      52
604      80
605      0
606      100
607      79
608      76
609      0
610      0
611      100
612      0
613      85
614      0
615      0
616      0
617      0
618      100
619      52
620      0
621      100
622      58
623      0
624      78
625      73
626      0
627      98
628      0
629      100
630      0
631      100
632      67
633      100
634      0
635      100
636      84
637      0
638      97
639      74
640      77
641      70
642      0
643      89
644      0
645      70
646      70
647      75
648      0
649      46
650      0
651      83
652      0
653      46
654      52
655      83
656      100
657      0
658      0
659      0
660      0
661      100
662      0
663      100
664      0
665      38
666      52
667      0
668      92
669      0
670      61
671      0
672      74
673      100
674      0
675      96
676      96
677      100
678      0
679      81
680      99
681      81
682      0
683      85
684      0
685      0
686      70
687      52
688      0
689      93
690      100
691      100
692      75
693      100
694      0
695      0
696      100
697      76
698      60
699      0
700      99
701      0
702      0
703      0
704      0
705      91
706      44
707      93
708      63
709      100
710      57
711      43
712      100
713      100
714      100
715      86
716      0
717      89
718      62
719      100
720      100
721      0
722      92
723      0
724      0
725      0
726      0
727      100
728      82
729      61
730      0
731      0
732      89
733      68
734      0
735      0
736      87
737      79
738      0
739      100
740      67
741      45
742      96
743      74
744      81
745      89
746      0
747      72
748      87
749      100
750      76
751      97
752      0
753      100
754      0
755      100
756      100
757      0
758      0
759      96
760      63
761      0
762      100
763      84
764      83
765      100
766      0
767      43
768      100
769      0
770      88
771      0
772      77
773      0
774      0
775      0
776      80
777      100
778      45
779      41
780      44
781      90
782      0
783      0
784      57
785      72
786      0
787      87
788      70
789      0
790      0
791      88
792      90
793      0
794      0
795      82
796      90
797      100
798      51
799      79
800      97
801      0
802      0
803      100
804      100
805      89
806      98
807      86
808      100
809      84
810      66
811      0
812      100
813      100
814      38
815      97
816      52
817      80
818      74
819      0
820      63
821      70
822      80
823      0
824      76
825      0
826      87
827      97
828      0
829      100
830      91
831      50
832      53
833      0
834      70
835      100
836      70
837      0
838      0
839      0
840      0
841      0
842      100
843      51
844      76
845      0
846      87
847      0
848      98
849      70
850      0
851      100
852      0
853      0
854      0
855      100
856      62
857      88
858      0
859      100
860      0
861      100
862      98
863      91
864      0
865      100
866      0
867      96
868      0
869      84
870      0
871      69
872      0
873      89
874      59
875      73
876      0
877      0
878      42
879      49
880      52
881      50
882      0
883      0
884      71
885      100
886      0
887      64
888      81
889      0
890      60
891      100
892      100
893      68
894      98
895      0
896      0
897      97
898      0
899      84
900      0
901      100
902      0
903      0
904      97
905      100
906      100
907      0
908      89
909      0
910      80
911      0
912      0
913      98
914      100
915      100
916      0
917      98
918      0
919      100
920      42
921      100
922      60
923      0
924      100
925      97
926      69
927      0
928      0
929      70
930      52
931      0
932      87
933      0
934      98
935      98
936      100
937      0
938      100
939      70
940      0
941      0
942      52
943      59
944      0
945      0
946      0
947      0
948      0
949      0
950      90
951      47
952      0
953      68
954      0
955      0
956      58
957      100
958      0
959      0
960      88
961      94
962      79
963      69
964      59
965      100
966      100
967      90
968      68
969      0
970      86
971      91
972      52
973      55
974      0
975      97
976      0
977      64
978      0
979      94
980      66
981      68
982      73
983      84
984      0
985      59
986      61
987      52
988      100
989      64
990      98
991      0
992      0
993      0
994      0
995      0
996      0
997      100
998      87
999      0
       32568.2
