0      0
1      100
2      0
3      0
4      98
5      100
6      100
7      0
8      95
9      0
10      0
11      0
12      0
13      100
14      100
15      0
16      0
17      100
18      0
19      100
20      39
21      100
22      62
23      0
24      100
25      100
26      66
27      0
28      0
29      71
30      54
31      0
32      95
33      0
34      98
35      100
36      100
37      0
38      100
39      73
40      0
41      0
42      53
43      64
44      0
45      0
46      0
47      0
48      0
49      0
50      100
51      47
52      98
53      74
54      0
55      0
56      64
57      100
58      0
59      0
60      92
61      100
62      83
63      72
64      55
65      100
66      100
67      95
68      70
69      0
70      98
71      97
72      48
73      53
74      0
75      99
76      0
77      62
78      0
79      99
80      69
81      73
82      76
83      89
84      0
85      59
86      63
87      51
88      100
89      65
90      98
91      0
92      0
93      100
94      0
95      0
96      0
97      100
98      89
99      0
100      0
101      89
102      0
103      0
104      45
105      0
106      100
107      72
108      95
109      63
110      0
111      0
112      100
113      78
114      0
115      0
116      64
117      0
118      46
119      0
120      0
121      100
122      49
123      76
124      95
125      99
126      85
127      0
128      100
129      100
130      100
131      100
132      100
133      0
134      100
135      100
136      100
137      57
138      100
139      0
140      0
141      0
142      98
143      0
144      0
145      0
146      84
147      0
148      73
149      45
150      100
151      100
152      78
153      84
154      95
155      53
156      100
157      0
158      99
159      0
160      70
161      83
162      0
163      0
164      100
165      0
166      100
167      66
168      90
169      51
170      0
171      100
172      0
173      0
174      100
175      81
176      0
177      0
178      99
179      100
180      100
181      0
182      0
183      0
184      0
185      100
186      99
187      0
188      0
189      84
190      100
191      0
192      0
193      100
194      0
195      0
196      73
197      85
198      0
199      0
       6475.52
