0      90
1      0
2      0
3      55
4      83
5      83
6      100
7      0
8      0
9      43
10      0
11      0
12      100
13      89
14      0
15      100
16      90
17      84
18      100
19      0
20      79
21      100
22      100
23      0
24      100
25      100
26      100
27      78
28      0
29      87
30      0
31      58
32      0
33      39
34      0
35      0
36      61
37      59
38      61
39      0
40      0
41      77
42      0
43      84
44      100
45      79
46      100
47      100
48      100
49      66
50      0
51      0
52      67
53      100
54      0
55      84
56      100
57      0
58      70
59      0
60      0
61      0
62      0
63      0
64      0
65      0
66      0
67      0
68      0
69      100
70      0
71      100
72      83
73      57
74      0
75      0
76      99
77      97
78      92
79      0
80      0
81      97
82      99
83      0
84      0
85      0
86      76
87      0
88      100
89      0
90      83
91      0
92      0
93      0
94      0
95      100
96      0
97      75
98      0
99      70
100      0
101      0
102      0
103      0
104      39
105      65
106      0
107      100
108      0
109      59
110      0
111      100
112      0
113      53
114      100
115      45
116      66
117      0
118      100
119      58
120      100
121      0
122      100
123      0
124      70
125      63
126      0
127      80
128      49
129      0
130      100
131      0
132      0
133      99
134      100
135      0
136      0
137      0
138      54
139      0
140      61
141      0
142      68
143      65
144      100
145      100
146      82
147      0
148      0
149      100
150      0
151      0
152      100
153      79
154      50
155      75
156      0
157      0
158      52
159      0
160      0
161      100
162      0
163      0
164      100
165      100
166      0
167      0
168      100
169      97
170      0
171      68
172      100
173      0
174      0
175      100
176      55
177      53
178      49
179      79
180      100
181      99
182      0
183      90
184      65
185      68
186      100
187      0
188      62
189      100
190      100
191      98
192      65
193      100
194      0
195      86
196      70
197      66
198      76
199      100
       5855.38
