0      71
1      87
2      82
3      100
4      84
5      72
6      0
7      89
8      0
9      100
10      56
11      0
12      89
13      67
14      48
15      100
16      0
17      0
18      77
19      100
20      0
21      0
22      42
23      54
24      0
25      0
26      100
27      0
28      100
29      72
30      100
31      0
32      100
33      100
34      62
35      100
36      100
37      79
38      0
39      0
40      76
41      0
42      80
43      0
44      97
45      0
46      0
47      62
48      0
49      0
50      77
51      90
52      0
53      100
54      100
55      0
56      42
57      98
58      0
59      89
60      0
61      0
62      0
63      0
64      0
65      100
66      91
67      68
68      79
69      61
70      85
71      100
72      0
73      88
74      0
75      81
76      0
77      0
78      69
79      0
80      0
81      91
82      0
83      0
84      0
85      65
86      69
87      0
88      0
89      0
90      99
91      100
92      100
93      0
94      100
95      0
96      0
97      0
98      85
99      100
100      0
101      69
102      55
103      46
104      100
105      0
106      43
107      52
108      0
109      97
110      78
111      48
112      0
113      48
114      100
115      0
116      0
117      0
118      59
119      0
120      0
121      0
122      0
123      0
124      0
125      100
126      67
127      0
128      0
129      100
130      58
131      63
132      100
133      91
134      95
135      100
136      99
137      0
138      100
139      0
140      67
141      72
142      93
143      70
144      100
145      100
146      0
147      41
148      58
149      100
150      90
151      0
152      99
153      47
154      48
155      87
156      0
157      75
158      0
159      0
160      100
161      0
162      100
163      0
164      80
165      69
166      78
167      77
168      0
169      0
170      59
171      94
172      72
173      0
174      0
175      0
176      0
177      63
178      100
179      0
180      91
181      0
182      98
183      100
184      0
185      0
186      100
187      0
188      69
189      65
190      0
191      0
192      100
193      85
194      87
195      95
196      0
197      71
198      86
199      61
       7130.5
