0      45
1      0
2      100
3      100
4      0
5      87
6      97
7      53
8      100
9      74
10      0
11      0
12      57
13      56
14      62
15      83
16      68
17      0
18      0
19      60
20      81
21      73
22      100
23      79
24      76
25      60
26      0
27      79
28      73
29      100
30      47
31      85
32      84
33      99
34      71
35      100
36      0
37      0
38      100
39      81
40      60
41      0
42      66
43      69
44      75
45      73
46      0
47      0
48      73
49      0
50      0
51      100
52      48
53      100
54      92
55      0
56      57
57      100
58      88
59      0
60      0
61      0
62      60
63      75
64      52
65      60
66      82
67      100
68      0
69      69
70      0
71      100
72      0
73      0
74      0
75      0
76      0
77      100
78      92
79      100
80      100
81      50
82      0
83      92
84      74
85      0
86      0
87      0
88      0
89      95
90      0
91      0
92      0
93      84
94      100
95      100
96      54
97      0
98      64
99      65
100      0
101      0
102      0
103      85
104      78
105      0
106      67
107      49
108      77
109      100
110      100
111      0
112      0
113      0
114      0
115      0
116      0
117      52
118      0
119      0
120      100
121      64
122      100
123      90
124      81
125      50
126      98
127      100
128      0
129      82
130      0
131      0
132      73
133      83
134      0
135      0
136      0
137      73
138      0
139      0
140      100
141      100
142      0
143      98
144      0
145      0
146      0
147      95
148      99
149      100
150      69
151      0
152      0
153      0
154      78
155      0
156      0
157      0
158      0
159      0
160      0
161      99
162      79
163      0
164      0
165      67
166      82
167      90
168      100
169      0
170      52
171      0
172      0
173      100
174      0
175      0
176      0
177      86
178      74
179      0
180      63
181      79
182      100
183      0
184      0
185      73
186      70
187      77
188      91
189      0
190      77
191      58
192      0
193      0
194      0
195      80
196      56
197      97
198      0
199      52
200      96
201      97
202      92
203      67
204      74
205      46
206      99
207      30
208      100
209      100
210      100
211      0
212      0
213      0
214      0
215      0
216      100
217      100
218      98
219      72
220      85
221      49
222      56
223      66
224      100
225      96
226      0
227      86
228      0
229      0
230      89
231      100
232      55
233      53
234      46
235      0
236      58
237      91
238      67
239      0
240      0
241      0
242      65
243      69
244      100
245      0
246      99
247      0
248      100
249      100
250      79
251      81
252      0
253      72
254      80
255      100
256      88
257      0
258      77
259      0
260      100
261      76
262      100
263      100
264      63
265      89
266      0
267      57
268      76
269      0
270      99
271      0
272      56
273      69
274      82
275      86
276      0
277      79
278      88
279      72
280      63
281      30
282      82
283      0
284      100
285      100
286      73
287      0
288      0
289      0
290      43
291      54
292      0
293      100
294      0
295      0
296      34
297      86
298      0
299      0
300      0
301      0
302      0
303      0
304      0
305      100
306      0
307      0
308      58
309      75
310      86
311      62
312      0
313      0
314      75
315      55
316      0
317      60
318      98
319      0
320      0
321      0
322      53
323      81
324      0
325      100
326      0
327      76
328      94
329      0
330      97
331      0
332      63
333      0
334      0
335      100
336      86
337      100
338      93
339      48
340      100
341      47
342      82
343      0
344      0
345      77
346      0
347      65
348      74
349      71
350      0
351      88
352      85
353      53
354      0
355      72
356      0
357      100
358      65
359      0
360      0
361      0
362      0
363      0
364      81
365      0
366      0
367      81
368      0
369      100
370      47
371      0
372      0
373      0
374      0
375      0
376      0
377      81
378      71
379      0
380      0
381      51
382      76
383      75
384      0
385      0
386      100
387      100
388      72
389      83
390      98
391      87
392      0
393      0
394      38
395      38
396      91
397      0
398      100
399      100
400      81
401      0
402      0
403      0
404      88
405      63
406      0
407      100
408      100
409      74
410      0
411      69
412      65
413      58
414      47
415      0
416      93
417      0
418      0
419      73
420      87
421      100
422      0
423      0
424      0
425      0
426      0
427      0
428      79
429      75
430      0
431      100
432      100
433      54
434      0
435      0
436      53
437      0
438      0
439      78
440      99
441      60
442      0
443      0
444      0
445      0
446      85
447      65
448      85
449      83
450      84
451      47
452      0
453      78
454      0
455      0
456      0
457      100
458      100
459      0
460      92
461      0
462      0
463      83
464      100
465      60
466      0
467      0
468      86
469      0
470      51
471      47
472      38
473      64
474      52
475      0
476      100
477      45
478      77
479      100
480      0
481      39
482      95
483      99
484      52
485      65
486      64
487      0
488      49
489      93
490      0
491      69
492      98
493      0
494      0
495      0
496      0
497      100
498      0
499      65
500      0
501      88
502      57
503      0
504      0
505      0
506      0
507      0
508      0
509      0
510      64
511      100
512      77
513      100
514      0
515      0
516      0
517      52
518      64
519      0
520      100
521      0
522      59
523      0
524      0
525      100
526      0
527      0
528      84
529      97
530      100
531      78
532      100
533      99
534      75
535      78
536      60
537      0
538      100
539      0
540      0
541      68
542      41
543      100
544      0
545      62
546      0
547      0
548      97
549      0
550      0
551      99
552      0
553      0
554      52
555      0
556      100
557      81
558      74
559      97
560      74
561      67
562      50
563      0
564      0
565      71
566      91
567      0
568      56
569      0
570      0
571      0
572      0
573      100
574      0
575      0
576      100
577      100
578      0
579      0
580      51
581      96
582      100
583      100
584      0
585      57
586      85
587      84
588      91
589      100
590      83
591      0
592      71
593      81
594      81
595      100
596      100
597      85
598      0
599      0
600      73
601      55
602      94
603      30
604      0
605      0
606      0
607      100
608      61
609      78
610      62
611      100
612      56
613      68
614      100
615      47
616      68
617      74
618      0
619      68
620      0
621      100
622      97
623      74
624      38
625      61
626      82
627      0
628      91
629      99
630      0
631      0
632      61
633      85
634      0
635      69
636      0
637      68
638      100
639      47
640      60
641      100
642      100
643      50
644      0
645      0
646      100
647      0
648      0
649      0
650      56
651      100
652      51
653      0
654      92
655      100
656      0
657      98
658      100
659      100
660      0
661      49
662      76
663      0
664      90
665      0
666      0
667      0
668      0
669      0
670      65
671      100
672      0
673      86
674      100
675      0
676      0
677      0
678      0
679      76
680      100
681      49
682      0
683      0
684      100
685      74
686      0
687      96
688      96
689      100
690      0
691      68
692      49
693      89
694      0
695      62
696      0
697      54
698      54
699      38
700      40
701      54
702      100
703      0
704      100
705      0
706      67
707      88
708      0
709      100
710      100
711      68
712      0
713      83
714      91
715      100
716      0
717      66
718      70
719      50
720      0
721      100
722      85
723      0
724      0
725      0
726      0
727      51
728      40
729      0
730      100
731      0
732      0
733      100
734      67
735      100
736      0
737      100
738      85
739      0
740      0
741      56
742      45
743      0
744      63
745      88
746      92
747      100
748      100
749      0
750      40
751      0
752      91
753      0
754      0
755      72
756      0
757      72
758      100
759      99
760      0
761      0
762      95
763      0
764      0
765      0
766      95
767      77
768      78
769      47
770      0
771      0
772      54
773      0
774      0
775      71
776      0
777      77
778      0
779      77
780      0
781      0
782      0
783      55
784      100
785      49
786      60
787      72
788      100
789      100
790      100
791      56
792      88
793      0
794      100
795      0
796      45
797      0
798      100
799      0
800      0
801      82
802      0
803      85
804      91
805      91
806      0
807      0
808      49
809      88
810      97
811      100
812      100
813      0
814      66
815      100
816      0
817      76
818      0
819      96
820      0
821      64
822      46
823      94
824      0
825      92
826      0
827      91
828      73
829      92
830      58
831      0
832      48
833      50
834      0
835      0
836      100
837      40
838      0
839      0
840      0
841      75
842      70
843      0
844      99
845      0
846      0
847      0
848      100
849      0
850      0
851      77
852      100
853      0
854      0
855      0
856      0
857      0
858      0
859      0
860      71
861      61
862      0
863      0
864      41
865      0
866      100
867      83
868      100
869      49
870      0
871      0
872      82
873      0
874      100
875      0
876      92
877      34
878      88
879      0
880      78
881      100
882      0
883      48
884      77
885      0
886      100
887      100
888      0
889      49
890      0
891      67
892      100
893      100
894      96
895      91
896      0
897      67
898      100
899      77
900      100
901      64
902      0
903      100
904      0
905      100
906      100
907      0
908      0
909      85
910      100
911      0
912      0
913      100
914      0
915      48
916      83
917      0
918      0
919      0
920      47
921      0
922      0
923      100
924      95
925      100
926      0
927      0
928      93
929      0
930      85
931      98
932      0
933      49
934      100
935      0
936      51
937      82
938      0
939      85
940      100
941      74
942      100
943      67
944      100
945      100
946      0
947      0
948      100
949      0
950      56
951      78
952      0
953      0
954      0
955      0
956      83
957      0
958      0
959      0
960      69
961      100
962      0
963      0
964      0
965      61
966      0
967      71
968      100
969      61
970      98
971      95
972      78
973      99
974      69
975      0
976      47
977      100
978      70
979      58
980      71
981      0
982      74
983      100
984      0
985      72
986      99
987      0
988      0
989      99
990      88
991      0
992      0
993      0
994      82
995      59
996      0
997      100
998      100
999      0
       32818.2
