0      76
1      99
2      0
3      50
4      0
5      0
6      85
7      0
8      0
9      0
10      99
11      100
12      100
13      0
14      0
15      42
16      0
17      0
18      44
19      55
20      0
21      97
22      100
23      69
24      52
25      79
26      53
27      93
28      0
29      0
30      0
31      80
32      0
33      82
34      100
35      95
36      49
37      62
38      0
39      100
40      80
41      0
42      100
43      67
44      78
45      66
46      0
47      0
48      0
49      100
50      100
51      85
52      52
53      62
54      0
55      0
56      0
57      0
58      0
59      100
60      0
61      0
62      62
63      0
64      72
65      60
66      0
67      100
68      0
69      0
70      79
71      88
72      87
73      0
74      75
75      96
76      74
77      62
78      100
79      0
80      100
81      100
82      0
83      61
84      67
85      100
86      97
87      66
88      42
89      0
90      0
91      0
92      100
93      100
94      84
95      0
96      0
97      83
98      0
99      42
100      0
101      0
102      0
103      57
104      40
105      47
106      100
107      0
108      85
109      50
110      0
111      49
112      61
113      79
114      72
115      64
116      90
117      97
118      0
119      46
120      88
121      100
122      62
123      60
124      0
125      0
126      0
127      0
128      49
129      0
130      55
131      0
132      45
133      59
134      0
135      72
136      80
137      72
138      100
139      0
140      0
141      0
142      71
143      76
144      87
145      0
146      64
147      100
148      0
149      100
150      0
151      0
152      0
153      0
154      58
155      61
156      57
157      0
158      0
159      100
160      56
161      0
162      0
163      0
164      0
165      47
166      0
167      0
168      0
169      52
170      62
171      0
172      78
173      91
174      0
175      0
176      89
177      0
178      100
179      0
180      74
181      48
182      66
183      77
184      0
185      0
186      78
187      46
188      0
189      0
190      51
191      0
192      0
193      100
194      0
195      0
196      0
197      68
198      97
199      99
200      79
201      40
202      93
203      100
204      0
205      100
206      0
207      0
208      100
209      0
210      95
211      73
212      0
213      91
214      61
215      0
216      100
217      100
218      96
219      74
220      0
221      55
222      100
223      76
224      70
225      74
226      99
227      0
228      56
229      83
230      100
231      0
232      100
233      0
234      66
235      0
236      0
237      41
238      75
239      100
240      0
241      0
242      100
243      100
244      0
245      0
246      55
247      0
248      99
249      0
250      59
251      0
252      93
253      71
254      47
255      47
256      100
257      100
258      0
259      76
260      0
261      0
262      0
263      100
264      100
265      0
266      50
267      85
268      0
269      0
270      75
271      0
272      95
273      100
274      0
275      0
276      99
277      100
278      100
279      100
280      0
281      0
282      64
283      0
284      38
285      85
286      14
287      100
288      87
289      100
290      66
291      69
292      60
293      100
294      76
295      59
296      0
297      0
298      0
299      100
300      77
301      0
302      100
303      0
304      0
305      71
306      0
307      60
308      91
309      0
310      95
311      96
312      97
313      50
314      0
315      100
316      0
317      82
318      0
319      59
320      0
321      0
322      96
323      0
324      72
325      97
326      0
327      0
328      49
329      97
330      0
331      85
332      51
333      100
334      82
335      91
336      0
337      0
338      0
339      0
340      0
341      91
342      0
343      76
344      0
345      93
346      0
347      0
348      89
349      0
350      100
351      0
352      72
353      67
354      0
355      100
356      0
357      0
358      100
359      40
360      71
361      50
362      0
363      100
364      0
365      100
366      67
367      0
368      100
369      100
370      0
371      48
372      71
373      82
374      0
375      47
376      0
377      100
378      0
379      66
380      85
381      99
382      100
383      0
384      100
385      40
386      80
387      97
388      0
389      53
390      0
391      46
392      81
393      83
394      85
395      0
396      0
397      100
398      78
399      46
400      80
401      0
402      0
403      89
404      0
405      100
406      87
407      100
408      100
409      56
410      0
411      100
412      100
413      85
414      0
415      100
416      72
417      100
418      55
419      0
420      61
421      86
422      79
423      0
424      0
425      0
426      0
427      0
428      100
429      0
430      97
431      0
432      0
433      88
434      83
435      0
436      72
437      0
438      72
439      81
440      47
441      100
442      0
443      0
444      0
445      0
446      0
447      90
448      64
449      0
450      100
451      100
452      0
453      52
454      52
455      0
456      0
457      100
458      0
459      57
460      0
461      0
462      0
463      0
464      100
465      99
466      97
467      51
468      0
469      96
470      0
471      76
472      100
473      0
474      100
475      81
476      0
477      97
478      0
479      100
480      70
481      0
482      0
483      92
484      77
485      48
486      78
487      100
488      84
489      85
490      76
491      100
492      74
493      88
494      0
495      83
496      64
497      67
498      100
499      71
       17349.9
