0      83
1      100
2      99
3      0
4      0
5      76
6      100
7      69
8      100
9      90
10      54
11      54
12      0
13      0
14      58
15      99
16      76
17      46
18      73
19      100
20      100
21      85
22      100
23      0
24      60
25      100
26      0
27      63
28      89
29      0
30      76
31      0
32      0
33      58
34      100
35      79
36      0
37      100
38      0
39      0
40      0
41      100
42      0
43      99
44      80
45      0
46      0
47      100
48      86
49      100
50      0
51      0
52      0
53      54
54      0
55      79
56      0
57      0
58      100
59      62
60      100
61      0
62      62
63      54
64      79
65      0
66      0
67      100
68      100
69      0
70      0
71      90
72      100
73      0
74      0
75      0
76      96
77      100
78      47
79      79
80      100
81      100
82      76
83      100
84      74
85      95
86      88
87      94
88      82
89      0
90      100
91      0
92      0
93      100
94      76
95      0
96      100
97      0
98      100
99      62
100      79
101      0
102      0
103      0
104      100
105      89
106      0
107      0
108      100
109      0
110      74
111      100
112      100
113      0
114      78
115      69
116      0
117      86
118      73
119      0
120      0
121      0
122      100
123      0
124      0
125      76
126      65
127      58
128      0
129      0
130      95
131      88
132      96
133      64
134      0
135      0
136      100
137      0
138      44
139      96
140      0
141      99
142      99
143      100
144      100
145      0
146      76
147      83
148      0
149      100
150      0
151      0
152      48
153      0
154      48
155      100
156      0
157      100
158      0
159      0
160      0
161      0
162      0
163      0
164      0
165      100
166      0
167      0
168      0
169      95
170      94
171      68
172      0
173      0
174      0
175      96
176      0
177      100
178      0
179      0
180      0
181      0
182      100
183      0
184      90
185      0
186      0
187      88
188      0
189      100
190      100
191      68
192      0
193      89
194      0
195      0
196      0
197      99
198      100
199      50
       6417.25
