0      0
1      0
2      71
3      0
4      0
5      95
6      56
7      0
8      0
9      0
10      100
11      100
12      0
13      100
14      0
15      45
16      86
17      0
18      86
19      47
20      100
21      0
22      69
23      100
24      0
25      60
26      0
27      0
28      100
29      47
30      94
31      0
32      67
33      0
34      79
35      59
36      0
37      0
38      0
39      0
40      80
41      77
42      0
43      72
44      100
45      91
46      97
47      91
48      73
49      100
50      0
51      100
52      53
53      63
54      100
55      94
56      57
57      0
58      69
59      0
60      0
61      82
62      100
63      0
64      0
65      0
66      0
67      0
68      82
69      75
70      0
71      98
72      88
73      0
74      44
75      0
76      99
77      0
78      97
79      83
80      0
81      99
82      100
83      49
84      45
85      65
86      0
87      100
88      80
89      0
90      100
91      0
92      100
93      100
94      99
95      0
96      86
97      56
98      0
99      66
100      83
101      0
102      49
103      0
104      100
105      61
106      0
107      0
108      0
109      0
110      94
111      0
112      0
113      76
114      0
115      0
116      0
117      0
118      0
119      87
120      97
121      0
122      100
123      100
124      49
125      75
126      62
127      50
128      100
129      0
130      61
131      71
132      96
133      0
134      91
135      0
136      80
137      80
138      92
139      0
140      0
141      0
142      100
143      77
144      44
145      74
146      0
147      42
148      54
149      80
150      94
151      90
152      0
153      100
154      0
155      0
156      86
157      77
158      45
159      0
160      99
161      56
162      0
163      87
164      0
165      0
166      73
167      69
168      0
169      100
170      52
171      82
172      0
173      100
174      0
175      0
176      0
177      65
178      100
179      55
180      64
181      44
182      0
183      46
184      0
185      52
186      0
187      85
188      0
189      0
190      54
191      95
192      0
193      100
194      0
195      75
196      75
197      0
198      0
199      100
200      0
201      79
202      80
203      100
204      0
205      0
206      71
207      0
208      0
209      0
210      65
211      54
212      80
213      94
214      52
215      0
216      98
217      73
218      54
219      76
220      0
221      0
222      0
223      77
224      0
225      66
226      100
227      82
228      78
229      100
230      64
231      91
232      68
233      87
234      75
235      100
236      0
237      100
238      0
239      71
240      0
241      50
242      99
243      100
244      71
245      0
246      0
247      0
248      0
249      0
250      57
251      98
252      86
253      89
254      0
255      83
256      0
257      75
258      100
259      0
260      0
261      100
262      0
263      55
264      94
265      0
266      100
267      0
268      81
269      100
270      0
271      0
272      0
273      69
274      41
275      100
276      0
277      100
278      63
279      100
280      61
281      0
282      48
283      0
284      75
285      0
286      99
287      99
288      0
289      0
290      0
291      99
292      0
293      0
294      0
295      0
296      0
297      84
298      0
299      64
300      50
301      0
302      88
303      94
304      0
305      0
306      0
307      0
308      82
309      80
310      82
311      99
312      55
313      88
314      0
315      0
316      0
317      71
318      68
319      0
320      100
321      92
322      59
323      100
324      0
325      68
326      0
327      0
328      0
329      54
330      100
331      100
332      80
333      95
334      64
335      0
336      0
337      0
338      100
339      85
340      73
341      0
342      0
343      95
344      0
345      0
346      0
347      80
348      0
349      0
350      41
351      76
352      0
353      83
354      86
355      50
356      0
357      0
358      0
359      0
360      0
361      0
362      0
363      92
364      99
365      100
366      99
367      100
368      71
369      0
370      88
371      0
372      100
373      68
374      72
375      80
376      85
377      66
378      59
379      0
380      100
381      42
382      100
383      79
384      59
385      100
386      0
387      45
388      0
389      0
390      69
391      0
392      56
393      0
394      62
395      91
396      0
397      0
398      97
399      66
400      75
401      82
402      75
403      52
404      100
405      82
406      0
407      83
408      0
409      100
410      68
411      98
412      0
413      0
414      0
415      82
416      100
417      58
418      73
419      70
420      100
421      0
422      0
423      72
424      0
425      0
426      0
427      0
428      63
429      0
430      100
431      80
432      86
433      100
434      100
435      0
436      0
437      0
438      80
439      82
440      0
441      88
442      68
443      0
444      100
445      0
446      100
447      68
448      68
449      100
450      54
451      85
452      97
453      72
454      0
455      86
456      0
457      86
458      45
459      0
460      97
461      0
462      0
463      100
464      70
465      0
466      100
467      80
468      0
469      100
470      0
471      0
472      0
473      54
474      64
475      77
476      70
477      0
478      0
479      45
480      65
481      100
482      82
483      0
484      0
485      46
486      0
487      31
488      66
489      88
490      0
491      100
492      92
493      100
494      95
495      91
496      0
497      97
498      56
499      0
500      0
501      0
502      0
503      0
504      0
505      65
506      72
507      0
508      0
509      0
510      80
511      89
512      82
513      70
514      55
515      100
516      100
517      93
518      0
519      0
520      0
521      0
522      0
523      0
524      41
525      72
526      0
527      100
528      100
529      69
530      0
531      0
532      0
533      0
534      85
535      0
536      83
537      95
538      100
539      0
540      95
541      98
542      0
543      0
544      0
545      0
546      98
547      47
548      0
549      100
550      45
551      0
552      0
553      0
554      91
555      54
556      56
557      0
558      0
559      71
560      66
561      83
562      0
563      95
564      100
565      86
566      0
567      0
568      68
569      49
570      75
571      0
572      0
573      75
574      0
575      0
576      100
577      45
578      0
579      0
580      78
581      57
582      0
583      0
584      79
585      0
586      0
587      100
588      0
589      0
590      100
591      100
592      0
593      85
594      67
595      76
596      0
597      0
598      100
599      100
600      0
601      100
602      99
603      100
604      100
605      0
606      82
607      0
608      99
609      100
610      0
611      100
612      0
613      96
614      75
615      72
616      0
617      100
618      0
619      0
620      83
621      0
622      87
623      42
624      48
625      100
626      60
627      83
628      55
629      0
630      65
631      0
632      0
633      97
634      95
635      0
636      91
637      94
638      0
639      0
640      0
641      96
642      63
643      100
644      96
645      0
646      0
647      47
648      0
649      0
650      0
651      100
652      0
653      77
654      75
655      97
656      0
657      89
658      61
659      0
660      77
661      100
662      54
663      0
664      0
665      99
666      0
667      0
668      0
669      68
670      100
671      94
672      0
673      100
674      97
675      0
676      0
677      0
678      100
679      99
680      100
681      87
682      97
683      100
684      0
685      0
686      0
687      0
688      70
689      0
690      94
691      89
692      86
693      71
694      100
695      0
696      0
697      0
698      67
699      80
700      0
701      0
702      0
703      0
704      45
705      0
706      80
707      0
708      65
709      56
710      83
711      99
712      0
713      0
714      81
715      72
716      0
717      30
718      0
719      43
720      0
721      0
722      100
723      0
724      48
725      100
726      100
727      81
728      72
729      39
730      0
731      61
732      63
733      72
734      95
735      0
736      100
737      94
738      0
739      95
740      60
741      0
742      0
743      0
744      31
745      100
746      0
747      100
748      0
749      0
750      80
751      0
752      0
753      54
754      0
755      81
756      0
757      95
758      47
759      91
760      0
761      100
762      89
763      100
764      0
765      87
766      0
767      98
768      0
769      85
770      61
771      73
772      0
773      0
774      0
775      100
776      46
777      97
778      0
779      99
780      99
781      79
782      100
783      0
784      100
785      0
786      94
787      0
788      61
789      0
790      80
791      100
792      78
793      80
794      100
795      63
796      82
797      91
798      76
799      38
800      52
801      95
802      97
803      0
804      61
805      80
806      0
807      99
808      0
809      0
810      61
811      85
812      68
813      0
814      45
815      85
816      77
817      57
818      65
819      0
820      86
821      71
822      77
823      0
824      0
825      0
826      75
827      0
828      81
829      66
830      47
831      0
832      0
833      0
834      0
835      100
836      48
837      87
838      80
839      100
840      76
841      0
842      0
843      100
844      78
845      100
846      100
847      100
848      0
849      0
850      60
851      0
852      0
853      54
854      31
855      84
856      0
857      82
858      100
859      100
860      0
861      0
862      0
863      73
864      0
865      0
866      0
867      100
868      83
869      0
870      0
871      0
872      66
873      0
874      0
875      41
876      76
877      75
878      44
879      76
880      54
881      100
882      54
883      91
884      0
885      91
886      50
887      50
888      81
889      100
890      0
891      100
892      100
893      0
894      80
895      68
896      59
897      66
898      82
899      0
900      90
901      100
902      0
903      100
904      100
905      0
906      0
907      100
908      0
909      100
910      0
911      99
912      0
913      100
914      54
915      53
916      0
917      88
918      0
919      100
920      88
921      93
922      73
923      98
924      96
925      64
926      100
927      75
928      0
929      71
930      100
931      73
932      0
933      79
934      100
935      100
936      81
937      100
938      81
939      82
940      81
941      0
942      0
943      100
944      86
945      100
946      73
947      56
948      100
949      0
950      97
951      60
952      59
953      0
954      99
955      0
956      61
957      77
958      0
959      46
960      0
961      78
962      100
963      0
964      0
965      73
966      0
967      87
968      86
969      50
970      0
971      72
972      0
973      98
974      0
975      88
976      100
977      80
978      99
979      72
980      100
981      0
982      100
983      98
984      0
985      0
986      100
987      38
988      65
989      0
990      0
991      100
992      98
993      46
994      0
995      0
996      88
997      38
998      0
999      80
       32359
