0      99
1      0
2      46
3      100
4      89
5      86
6      100
7      100
8      86
9      55
10      100
11      67
12      0
13      93
14      46
15      89
16      0
17      89
18      59
19      100
20      44
21      72
22      95
23      0
24      100
25      59
26      96
27      100
28      0
29      100
30      89
31      100
32      0
33      82
34      0
35      0
36      100
37      56
38      68
39      0
40      0
41      0
42      0
43      0
44      76
45      57
46      0
47      28
48      0
49      0
50      0
51      0
52      100
53      80
54      100
55      0
56      0
57      0
58      95
59      79
60      0
61      0
62      62
63      86
64      0
65      62
66      86
67      0
68      0
69      0
70      0
71      75
72      100
73      0
74      81
75      0
76      100
77      93
78      59
79      72
80      0
81      65
82      50
83      0
84      100
85      86
86      76
87      0
88      48
89      70
90      72
91      0
92      93
93      86
94      0
95      100
96      0
97      0
98      0
99      0
100      0
101      0
102      68
103      0
104      100
105      100
106      0
107      88
108      0
109      0
110      0
111      95
112      47
113      0
114      72
115      83
116      77
117      90
118      0
119      100
120      0
121      0
122      0
123      100
124      0
125      100
126      0
127      87
128      0
129      100
130      94
131      0
132      0
133      93
134      56
135      76
136      72
137      0
138      0
139      0
140      73
141      67
142      76
143      79
144      64
145      0
146      86
147      81
148      0
149      0
150      90
151      94
152      0
153      0
154      0
155      0
156      93
157      100
158      86
159      0
160      0
161      56
162      52
163      0
164      73
165      0
166      100
167      89
168      82
169      95
170      46
171      83
172      0
173      48
174      0
175      71
176      100
177      0
178      0
179      99
180      0
181      0
182      72
183      0
184      47
185      0
186      0
187      100
188      0
189      75
190      95
191      0
192      0
193      90
194      59
195      0
196      89
197      75
198      52
199      0
200      100
201      100
202      0
203      0
204      0
205      0
206      100
207      76
208      0
209      58
210      0
211      0
212      96
213      67
214      65
215      0
216      100
217      0
218      93
219      0
220      65
221      100
222      99
223      0
224      0
225      52
226      100
227      79
228      0
229      0
230      95
231      0
232      35
233      73
234      0
235      0
236      64
237      100
238      80
239      59
240      0
241      76
242      0
243      93
244      0
245      56
246      0
247      0
248      0
249      53
250      68
251      0
252      100
253      0
254      0
255      100
256      0
257      0
258      0
259      0
260      0
261      0
262      60
263      0
264      62
265      100
266      0
267      0
268      62
269      0
270      88
271      46
272      63
273      0
274      0
275      0
276      70
277      100
278      98
279      0
280      73
281      100
282      0
283      81
284      96
285      100
286      0
287      100
288      99
289      75
290      0
291      0
292      62
293      100
294      100
295      0
296      0
297      0
298      0
299      100
300      44
301      0
302      86
303      81
304      0
305      100
306      0
307      70
308      86
309      82
310      100
311      0
312      82
313      0
314      0
315      93
316      100
317      0
318      100
319      86
320      0
321      0
322      95
323      0
324      100
325      0
326      74
327      100
328      0
329      0
330      100
331      100
332      100
333      86
334      48
335      0
336      38
337      100
338      0
339      0
340      100
341      0
342      99
343      63
344      0
345      0
346      49
347      76
348      95
349      100
350      0
351      99
352      94
353      78
354      93
355      0
356      0
357      0
358      0
359      100
360      86
361      100
362      70
363      65
364      60
365      71
366      100
367      68
368      0
369      69
370      60
371      85
372      89
373      44
374      54
375      86
376      75
377      0
378      90
379      0
380      100
381      62
382      100
383      54
384      48
385      0
386      79
387      100
388      0
389      58
390      0
391      66
392      75
393      86
394      0
395      100
396      64
397      92
398      0
399      81
400      100
401      100
402      54
403      0
404      56
405      95
406      0
407      52
408      0
409      73
410      88
411      0
412      83
413      0
414      0
415      99
416      100
417      90
418      0
419      95
420      0
421      0
422      0
423      0
424      0
425      100
426      0
427      40
428      97
429      0
430      46
431      0
432      80
433      0
434      88
435      0
436      100
437      93
438      54
439      82
440      80
441      63
442      0
443      69
444      0
445      100
446      59
447      92
448      0
449      0
450      65
451      86
452      100
453      100
454      0
455      95
456      65
457      86
458      88
459      0
460      0
461      67
462      0
463      0
464      100
465      82
466      0
467      86
468      0
469      100
470      0
471      0
472      93
473      93
474      100
475      100
476      0
477      100
478      68
479      0
480      0
481      90
482      0
483      0
484      80
485      100
486      0
487      0
488      89
489      0
490      48
491      87
492      0
493      90
494      100
495      59
496      93
497      0
498      77
499      0
       16647.4
