0      78
1      0
2      62
3      0
4      89
5      94
6      100
7      0
8      0
9      100
10      100
11      81
12      96
13      0
14      0
15      0
16      0
17      59
18      0
19      0
20      79
21      71
22      40
23      94
24      58
25      0
26      60
27      0
28      100
29      40
30      100
31      59
32      91
33      100
34      78
35      100
36      77
37      100
38      83
39      0
40      80
41      0
42      80
43      0
44      83
45      78
46      94
47      78
48      100
49      0
50      79
51      71
52      0
53      51
54      53
55      0
56      0
57      66
58      0
59      100
60      60
61      0
62      0
63      83
64      82
65      93
66      91
67      0
68      0
69      85
70      88
71      0
72      56
73      0
74      74
75      76
76      0
77      0
78      0
79      0
80      71
81      100
82      0
83      46
84      0
85      51
86      83
87      64
88      96
89      0
90      0
91      100
92      93
93      89
94      0
95      0
96      93
97      53
98      100
99      72
100      46
101      0
102      60
103      89
104      49
105      96
106      0
107      93
108      99
109      80
110      82
111      0
112      0
113      89
114      0
115      0
116      58
117      0
118      72
119      0
120      83
121      0
122      0
123      0
124      0
125      47
126      81
127      83
128      0
129      100
130      0
131      0
132      100
133      82
134      0
135      0
136      0
137      100
138      80
139      0
140      0
141      93
142      71
143      83
144      100
145      100
146      0
147      0
148      0
149      89
150      94
151      44
152      0
153      80
154      100
155      96
156      62
157      53
158      99
159      58
160      91
161      0
162      0
163      62
164      77
165      98
166      36
167      59
168      0
169      0
170      0
171      45
172      0
173      82
174      0
175      58
176      99
177      0
178      73
179      83
180      100
181      100
182      0
183      100
184      0
185      64
186      100
187      0
188      0
189      0
190      79
191      96
192      88
193      0
194      83
195      0
196      100
197      0
198      91
199      88
200      78
201      100
202      100
203      56
204      99
205      94
206      0
207      0
208      68
209      0
210      76
211      37
212      0
213      100
214      60
215      100
216      0
217      100
218      0
219      0
220      100
221      100
222      0
223      51
224      92
225      98
226      66
227      0
228      90
229      60
230      0
231      0
232      59
233      0
234      0
235      93
236      0
237      0
238      59
239      100
240      65
241      60
242      100
243      90
244      93
245      71
246      45
247      48
248      0
249      46
250      0
251      0
252      0
253      88
254      100
255      0
256      0
257      100
258      68
259      0
260      0
261      96
262      100
263      0
264      94
265      93
266      0
267      0
268      0
269      98
270      70
271      78
272      58
273      0
274      93
275      100
276      0
277      96
278      0
279      0
280      0
281      0
282      82
283      77
284      100
285      0
286      100
287      0
288      60
289      78
290      0
291      0
292      58
293      0
294      86
295      0
296      86
297      53
298      0
299      100
300      78
301      100
302      69
303      85
304      0
305      0
306      0
307      0
308      0
309      0
310      0
311      98
312      100
313      0
314      0
315      100
316      0
317      60
318      62
319      63
320      100
321      100
322      0
323      0
324      84
325      0
326      0
327      100
328      57
329      74
330      48
331      0
332      83
333      54
334      0
335      51
336      100
337      0
338      0
339      0
340      0
341      0
342      100
343      71
344      0
345      0
346      100
347      70
348      0
349      81
350      0
351      0
352      86
353      0
354      100
355      0
356      76
357      58
358      0
359      100
360      87
361      72
362      0
363      83
364      0
365      85
366      0
367      0
368      52
369      82
370      100
371      79
372      100
373      73
374      0
375      0
376      0
377      86
378      100
379      100
380      67
381      100
382      0
383      83
384      27
385      100
386      96
387      100
388      0
389      98
390      92
391      44
392      100
393      100
394      74
395      0
396      93
397      100
398      59
399      40
400      0
401      0
402      75
403      100
404      88
405      67
406      86
407      78
408      100
409      47
410      64
411      0
412      85
413      0
414      74
415      100
416      100
417      100
418      58
419      81
420      69
421      0
422      0
423      0
424      97
425      77
426      100
427      0
428      0
429      0
430      76
431      0
432      0
433      0
434      0
435      87
436      0
437      0
438      63
439      0
440      0
441      0
442      100
443      83
444      49
445      0
446      0
447      0
448      49
449      62
450      0
451      0
452      85
453      100
454      100
455      0
456      0
457      54
458      76
459      0
460      0
461      100
462      0
463      0
464      84
465      0
466      0
467      89
468      100
469      60
470      0
471      0
472      80
473      73
474      0
475      64
476      83
477      83
478      0
479      42
480      73
481      49
482      0
483      50
484      0
485      62
486      100
487      51
488      0
489      73
490      82
491      60
492      0
493      0
494      94
495      0
496      60
497      0
498      0
499      100
500      98
501      0
502      0
503      100
504      0
505      100
506      0
507      75
508      0
509      90
510      100
511      0
512      90
513      0
514      81
515      58
516      0
517      68
518      0
519      92
520      71
521      67
522      100
523      86
524      100
525      0
526      81
527      100
528      0
529      0
530      90
531      100
532      49
533      98
534      0
535      46
536      69
537      79
538      0
539      88
540      97
541      100
542      0
543      96
544      49
545      76
546      72
547      0
548      100
549      0
550      59
551      54
552      86
553      60
554      70
555      0
556      67
557      26
558      89
559      78
560      94
561      71
562      85
563      0
564      85
565      78
566      0
567      46
568      0
569      100
570      100
571      69
572      49
573      82
574      100
575      0
576      90
577      100
578      0
579      90
580      76
581      0
582      0
583      100
584      0
585      68
586      0
587      40
588      0
589      0
590      96
591      0
592      0
593      96
594      81
595      0
596      0
597      100
598      40
599      52
600      97
601      0
602      60
603      0
604      0
605      100
606      59
607      92
608      0
609      0
610      100
611      0
612      0
613      0
614      0
615      0
616      93
617      77
618      0
619      78
620      100
621      0
622      49
623      100
624      0
625      0
626      65
627      100
628      0
629      0
630      67
631      78
632      0
633      88
634      68
635      0
636      93
637      0
638      0
639      0
640      0
641      94
642      49
643      90
644      65
645      0
646      87
647      0
648      47
649      65
650      85
651      0
652      0
653      0
654      53
655      100
656      100
657      100
658      0
659      0
660      0
661      0
662      0
663      82
664      91
665      0
666      86
667      70
668      93
669      0
670      0
671      100
672      83
673      0
674      0
675      0
676      0
677      86
678      0
679      83
680      84
681      100
682      0
683      56
684      0
685      78
686      0
687      81
688      56
689      48
690      66
691      100
692      67
693      64
694      100
695      0
696      93
697      73
698      100
699      47
700      92
701      58
702      90
703      58
704      96
705      0
706      83
707      86
708      0
709      65
710      0
711      0
712      92
713      0
714      0
715      100
716      64
717      100
718      0
719      0
720      79
721      0
722      62
723      0
724      0
725      0
726      0
727      80
728      73
729      85
730      69
731      80
732      100
733      66
734      0
735      0
736      62
737      92
738      44
739      97
740      56
741      100
742      76
743      0
744      99
745      100
746      100
747      0
748      100
749      88
750      85
751      0
752      93
753      0
754      0
755      94
756      96
757      95
758      0
759      0
760      0
761      0
762      100
763      0
764      93
765      68
766      100
767      100
768      0
769      49
770      77
771      0
772      0
773      100
774      0
775      0
776      87
777      0
778      69
779      0
780      45
781      62
782      100
783      0
784      96
785      0
786      0
787      0
788      78
789      80
790      0
791      76
792      0
793      83
794      0
795      0
796      100
797      0
798      0
799      0
800      60
801      100
802      83
803      90
804      81
805      0
806      0
807      93
808      0
809      80
810      88
811      0
812      0
813      100
814      0
815      0
816      0
817      76
818      0
819      0
820      0
821      0
822      90
823      83
824      93
825      0
826      0
827      0
828      47
829      0
830      0
831      0
832      83
833      27
834      90
835      0
836      0
837      100
838      78
839      100
840      55
841      77
842      78
843      0
844      77
845      0
846      100
847      0
848      88
849      0
850      0
851      74
852      80
853      95
854      0
855      0
856      52
857      0
858      0
859      0
860      0
861      96
862      100
863      52
864      77
865      100
866      60
867      82
868      0
869      0
870      40
871      70
872      64
873      0
874      100
875      0
876      0
877      0
878      0
879      0
880      0
881      65
882      100
883      0
884      63
885      0
886      93
887      100
888      0
889      0
890      100
891      64
892      0
893      0
894      0
895      0
896      100
897      83
898      100
899      100
900      0
901      100
902      0
903      0
904      0
905      100
906      70
907      77
908      47
909      0
910      93
911      0
912      59
913      0
914      83
915      68
916      94
917      100
918      100
919      69
920      85
921      100
922      0
923      83
924      96
925      100
926      53
927      91
928      100
929      100
930      90
931      56
932      100
933      70
934      0
935      100
936      0
937      76
938      0
939      0
940      53
941      67
942      0
943      0
944      0
945      53
946      0
947      0
948      0
949      0
950      84
951      100
952      45
953      100
954      0
955      94
956      100
957      69
958      55
959      100
960      0
961      0
962      89
963      0
964      0
965      0
966      0
967      0
968      83
969      0
970      91
971      100
972      67
973      0
974      40
975      0
976      0
977      81
978      100
979      78
980      0
981      0
982      0
983      87
984      0
985      39
986      50
987      0
988      0
989      77
990      96
991      96
992      60
993      0
994      0
995      0
996      0
997      88
998      85
999      100
       33113.5
