0      100
1      52
2      0
3      0
4      0
5      0
6      0
7      46
8      75
9      65
10      100
11      0
12      65
13      96
14      0
15      0
16      100
17      89
18      0
19      96
20      64
21      0
22      0
23      87
24      71
25      0
26      62
27      84
28      88
29      80
30      51
31      84
32      44
33      0
34      66
35      72
36      0
37      79
38      100
39      0
40      0
41      91
42      99
43      100
44      66
45      96
46      56
47      0
48      0
49      0
50      0
51      59
52      100
53      78
54      0
55      96
56      0
57      99
58      99
59      0
60      84
61      0
62      87
63      0
64      60
65      91
66      58
67      96
68      97
69      39
70      0
71      100
72      0
73      83
74      99
75      81
76      74
77      71
78      100
79      0
80      94
81      0
82      49
83      0
84      100
85      52
86      0
87      71
88      100
89      76
90      0
91      97
92      0
93      51
94      0
95      100
96      100
97      100
98      71
99      37
100      0
101      75
102      63
103      99
104      77
105      0
106      95
107      0
108      91
109      0
110      100
111      100
112      0
113      100
114      0
115      0
116      100
117      100
118      0
119      99
120      0
121      66
122      93
123      100
124      95
125      0
126      0
127      86
128      0
129      69
130      0
131      100
132      100
133      0
134      52
135      58
136      0
137      75
138      95
139      93
140      100
141      0
142      0
143      100
144      100
145      100
146      0
147      57
148      87
149      100
150      0
151      83
152      0
153      64
154      0
155      0
156      0
157      85
158      83
159      93
160      57
161      90
162      0
163      67
164      0
165      100
166      93
167      0
168      100
169      97
170      0
171      73
172      0
173      99
174      41
175      100
176      0
177      100
178      89
179      72
180      0
181      0
182      0
183      0
184      97
185      0
186      0
187      46
188      0
189      100
190      0
191      0
192      0
193      100
194      53
195      100
196      66
197      54
198      0
199      71
200      0
201      100
202      40
203      0
204      0
205      75
206      94
207      0
208      0
209      74
210      61
211      0
212      0
213      65
214      92
215      71
216      0
217      91
218      94
219      61
220      100
221      100
222      76
223      100
224      99
225      0
226      0
227      82
228      0
229      0
230      91
231      0
232      0
233      100
234      0
235      94
236      0
237      51
238      0
239      52
240      0
241      80
242      63
243      0
244      100
245      0
246      100
247      0
248      93
249      0
250      97
251      99
252      87
253      0
254      89
255      53
256      90
257      49
258      84
259      92
260      0
261      0
262      94
263      75
264      67
265      94
266      0
267      83
268      81
269      100
270      0
271      0
272      0
273      100
274      53
275      0
276      75
277      83
278      0
279      96
280      0
281      0
282      0
283      89
284      31
285      100
286      94
287      0
288      70
289      69
290      83
291      97
292      73
293      59
294      0
295      93
296      0
297      90
298      0
299      0
300      0
301      91
302      77
303      92
304      74
305      47
306      46
307      0
308      0
309      99
310      73
311      0
312      66
313      0
314      0
315      100
316      0
317      48
318      0
319      95
320      0
321      0
322      0
323      76
324      0
325      0
326      0
327      76
328      92
329      0
330      83
331      0
332      0
333      58
334      99
335      0
336      0
337      69
338      0
339      0
340      93
341      100
342      99
343      58
344      89
345      54
346      0
347      90
348      100
349      69
350      0
351      0
352      89
353      84
354      0
355      100
356      78
357      0
358      97
359      0
360      74
361      57
362      0
363      52
364      79
365      64
366      0
367      71
368      97
369      0
370      83
371      62
372      0
373      0
374      100
375      99
376      0
377      64
378      84
379      0
380      100
381      53
382      0
383      69
384      0
385      72
386      51
387      78
388      83
389      59
390      0
391      87
392      100
393      0
394      74
395      100
396      0
397      0
398      65
399      0
400      99
401      79
402      89
403      0
404      100
405      90
406      100
407      0
408      73
409      100
410      0
411      56
412      80
413      75
414      0
415      57
416      100
417      71
418      76
419      100
420      83
421      74
422      68
423      81
424      100
425      52
426      0
427      100
428      98
429      72
430      64
431      96
432      52
433      0
434      0
435      0
436      80
437      0
438      0
439      0
440      50
441      100
442      0
443      100
444      51
445      0
446      97
447      44
448      72
449      76
450      51
451      0
452      0
453      0
454      87
455      65
456      89
457      0
458      86
459      0
460      0
461      0
462      0
463      57
464      68
465      0
466      0
467      83
468      84
469      76
470      100
471      0
472      0
473      67
474      83
475      0
476      99
477      64
478      100
479      80
480      0
481      62
482      67
483      81
484      0
485      99
486      49
487      51
488      0
489      89
490      91
491      0
492      0
493      69
494      100
495      69
496      100
497      0
498      97
499      45
500      0
501      53
502      0
503      0
504      53
505      90
506      0
507      40
508      0
509      100
510      85
511      0
512      0
513      93
514      96
515      47
516      83
517      0
518      75
519      71
520      100
521      97
522      93
523      99
524      0
525      59
526      49
527      0
528      0
529      87
530      69
531      0
532      0
533      0
534      0
535      0
536      0
537      94
538      70
539      100
540      0
541      68
542      0
543      46
544      0
545      62
546      100
547      49
548      0
549      0
550      0
551      0
552      59
553      70
554      0
555      39
556      0
557      0
558      0
559      72
560      59
561      100
562      100
563      53
564      0
565      100
566      100
567      0
568      0
569      44
570      0
571      99
572      0
573      0
574      0
575      90
576      93
577      83
578      100
579      75
580      61
581      0
582      83
583      69
584      100
585      54
586      0
587      0
588      82
589      90
590      0
591      0
592      100
593      0
594      99
595      0
596      100
597      0
598      95
599      91
600      87
601      75
602      0
603      100
604      0
605      39
606      96
607      0
608      60
609      80
610      82
611      0
612      74
613      100
614      65
615      76
616      0
617      68
618      100
619      100
620      0
621      96
622      72
623      0
624      100
625      59
626      0
627      68
628      100
629      80
630      70
631      0
632      93
633      78
634      84
635      99
636      52
637      54
638      58
639      0
640      0
641      57
642      100
643      100
644      0
645      70
646      50
647      0
648      83
649      100
650      96
651      0
652      0
653      100
654      84
655      0
656      96
657      0
658      95
659      99
660      0
661      99
662      100
663      89
664      0
665      0
666      55
667      0
668      96
669      0
670      0
671      0
672      0
673      83
674      90
675      100
676      0
677      51
678      84
679      100
680      0
681      0
682      70
683      89
684      0
685      66
686      100
687      100
688      0
689      89
690      59
691      83
692      100
693      0
694      87
695      100
696      0
697      0
698      85
699      0
700      100
701      63
702      100
703      100
704      95
705      73
706      100
707      54
708      0
709      100
710      59
711      0
712      100
713      0
714      95
715      74
716      96
717      94
718      95
719      77
720      80
721      86
722      0
723      0
724      53
725      89
726      0
727      0
728      66
729      76
730      41
731      0
732      0
733      73
734      96
735      96
736      72
737      81
738      90
739      90
740      50
741      95
742      0
743      84
744      0
745      78
746      94
747      61
748      0
749      0
750      0
751      0
752      90
753      0
754      90
755      77
756      100
757      0
758      0
759      57
760      99
761      97
762      0
763      43
764      0
765      0
766      54
767      71
768      49
769      83
770      0
771      66
772      0
773      94
774      0
775      80
776      84
777      0
778      0
779      0
780      70
781      0
782      96
783      0
784      0
785      91
786      83
787      93
788      86
789      100
790      100
791      62
792      95
793      0
794      98
795      49
796      95
797      100
798      0
799      100
800      96
801      64
802      93
803      69
804      60
805      91
806      93
807      82
808      0
809      99
810      0
811      0
812      96
813      0
814      0
815      96
816      0
817      0
818      97
819      53
820      92
821      66
822      0
823      69
824      0
825      0
826      0
827      0
828      0
829      86
830      89
831      100
832      77
833      66
834      100
835      61
836      0
837      0
838      77
839      69
840      0
841      0
842      64
843      0
844      85
845      0
846      100
847      89
848      0
849      100
850      0
851      0
852      0
853      59
854      0
855      0
856      0
857      0
858      0
859      91
860      69
861      73
862      100
863      59
864      100
865      59
866      0
867      100
868      0
869      65
870      47
871      83
872      0
873      0
874      0
875      42
876      0
877      74
878      50
879      76
880      100
881      0
882      0
883      0
884      0
885      100
886      0
887      0
888      66
889      0
890      45
891      0
892      0
893      0
894      42
895      0
896      100
897      100
898      48
899      0
900      0
901      0
902      0
903      0
904      0
905      0
906      0
907      0
908      100
909      0
910      0
911      0
912      0
913      61
914      99
915      0
916      0
917      97
918      0
919      89
920      75
921      78
922      100
923      0
924      100
925      0
926      72
927      0
928      0
929      71
930      0
931      87
932      0
933      57
934      96
935      100
936      0
937      39
938      0
939      100
940      97
941      95
942      0
943      0
944      0
945      99
946      0
947      0
948      0
949      100
950      0
951      39
952      0
953      0
954      0
955      53
956      84
957      0
958      0
959      64
960      0
961      0
962      85
963      100
964      95
965      0
966      100
967      49
968      0
969      0
970      96
971      100
972      74
973      0
974      83
975      93
976      0
977      0
978      77
979      0
980      0
981      39
982      100
983      0
984      64
985      0
986      0
987      0
988      0
989      0
990      49
991      0
992      68
993      93
994      95
995      0
996      89
997      100
998      0
999      57
       32157.4
