0      55
1      78
2      0
3      88
4      68
5      0
6      0
7      33
8      0
9      100
10      100
11      100
12      60
13      100
14      90
15      96
16      78
17      67
18      0
19      0
20      0
21      0
22      100
23      100
24      100
25      0
26      0
27      99
28      74
29      0
30      89
31      0
32      0
33      0
34      100
35      0
36      0
37      0
38      61
39      84
40      100
41      100
42      0
43      76
44      75
45      93
46      0
47      100
48      100
49      0
50      76
51      76
52      0
53      95
54      58
55      0
56      100
57      100
58      0
59      89
60      100
61      90
62      0
63      65
64      0
65      0
66      0
67      0
68      0
69      86
70      100
71      100
72      0
73      0
74      100
75      0
76      100
77      93
78      90
79      0
80      100
81      0
82      0
83      60
84      0
85      50
86      85
87      64
88      99
89      0
90      0
91      0
92      90
93      100
94      0
95      100
96      0
97      0
98      100
99      100
       3159.56
