0      0
1      80
2      0
3      74
4      0
5      100
6      33
7      55
8      100
9      96
10      92
11      88
12      77
13      58
14      100
15      0
16      100
17      47
18      64
19      0
20      74
21      100
22      47
23      93
24      0
25      0
26      93
27      0
28      0
29      69
30      100
31      82
32      90
33      100
34      82
35      99
36      66
37      64
38      36
39      0
40      99
41      96
42      0
43      100
44      58
45      82
46      76
47      75
48      74
49      0
50      100
51      0
52      69
53      0
54      100
55      0
56      96
57      78
58      0
59      0
60      0
61      0
62      75
63      100
64      100
65      66
66      62
67      0
68      59
69      0
70      95
71      85
72      0
73      76
74      66
75      0
76      78
77      0
78      55
79      61
80      0
81      0
82      0
83      73
84      0
85      0
86      100
87      0
88      0
89      99
90      96
91      0
92      0
93      100
94      0
95      0
96      95
97      71
98      88
99      88
100      0
101      60
102      0
103      0
104      0
105      0
106      0
107      100
108      0
109      0
110      74
111      100
112      0
113      70
114      100
115      100
116      46
117      0
118      0
119      78
120      100
121      0
122      99
123      0
124      0
125      100
126      0
127      93
128      0
129      0
130      0
131      96
132      93
133      69
134      78
135      0
136      74
137      0
138      72
139      0
140      44
141      87
142      0
143      90
144      73
145      55
146      80
147      73
148      78
149      80
150      100
151      95
152      38
153      74
154      100
155      36
156      74
157      0
158      47
159      100
160      100
161      51
162      0
163      0
164      0
165      0
166      0
167      86
168      0
169      73
170      100
171      100
172      71
173      71
174      79
175      86
176      77
177      100
178      79
179      100
180      0
181      44
182      100
183      89
184      79
185      74
186      0
187      0
188      96
189      0
190      44
191      100
192      0
193      96
194      96
195      0
196      64
197      0
198      85
199      0
200      0
201      55
202      0
203      92
204      0
205      0
206      100
207      87
208      100
209      68
210      76
211      0
212      90
213      58
214      100
215      88
216      0
217      75
218      0
219      0
220      91
221      0
222      0
223      0
224      100
225      0
226      0
227      0
228      79
229      0
230      0
231      100
232      92
233      0
234      100
235      78
236      66
237      0
238      45
239      0
240      100
241      100
242      100
243      59
244      49
245      0
246      0
247      100
248      84
249      0
250      34
251      93
252      0
253      77
254      0
255      0
256      80
257      66
258      66
259      0
260      0
261      71
262      85
263      55
264      55
265      100
266      74
267      91
268      0
269      0
270      67
271      45
272      88
273      86
274      0
275      36
276      0
277      61
278      100
279      78
280      0
281      0
282      91
283      100
284      0
285      49
286      0
287      0
288      58
289      100
290      85
291      100
292      0
293      84
294      0
295      0
296      0
297      45
298      100
299      78
300      100
301      0
302      66
303      0
304      96
305      0
306      79
307      0
308      95
309      0
310      0
311      0
312      100
313      82
314      0
315      100
316      100
317      100
318      64
319      0
320      100
321      86
322      71
323      74
324      0
325      46
326      93
327      0
328      96
329      79
330      0
331      70
332      0
333      100
334      44
335      0
336      92
337      0
338      0
339      100
340      91
341      0
342      0
343      0
344      93
345      0
346      0
347      0
348      66
349      69
350      0
351      50
352      50
353      100
354      79
355      92
356      0
357      0
358      0
359      0
360      0
361      0
362      99
363      59
364      0
365      87
366      87
367      0
368      69
369      76
370      81
371      0
372      49
373      0
374      92
375      78
376      100
377      100
378      100
379      100
380      91
381      75
382      76
383      85
384      100
385      74
386      100
387      72
388      0
389      100
390      0
391      69
392      0
393      99
394      0
395      0
396      0
397      0
398      0
399      0
400      0
401      66
402      84
403      58
404      79
405      47
406      0
407      66
408      51
409      53
410      83
411      84
412      48
413      96
414      0
415      69
416      85
417      0
418      68
419      0
420      0
421      0
422      0
423      95
424      0
425      0
426      100
427      100
428      100
429      0
430      0
431      0
432      90
433      0
434      94
435      0
436      0
437      0
438      55
439      0
440      85
441      55
442      68
443      0
444      0
445      59
446      0
447      100
448      61
449      78
450      0
451      51
452      0
453      0
454      0
455      51
456      100
457      100
458      0
459      0
460      100
461      74
462      100
463      72
464      58
465      98
466      0
467      47
468      46
469      100
470      49
471      74
472      76
473      83
474      96
475      0
476      0
477      0
478      0
479      0
480      0
481      86
482      0
483      60
484      94
485      0
486      66
487      100
488      0
489      0
490      60
491      100
492      0
493      49
494      75
495      0
496      100
497      73
498      78
499      0
500      0
501      100
502      0
503      0
504      0
505      100
506      100
507      100
508      74
509      0
510      0
511      0
512      91
513      0
514      0
515      36
516      77
517      0
518      74
519      0
520      0
521      91
522      91
523      58
524      100
525      95
526      100
527      0
528      86
529      0
530      0
531      70
532      0
533      100
534      62
535      72
536      51
537      100
538      76
539      72
540      90
541      0
542      72
543      49
544      100
545      66
546      44
547      0
548      100
549      100
550      64
551      99
552      82
553      92
554      0
555      71
556      0
557      0
558      100
559      100
560      0
561      0
562      82
563      0
564      0
565      0
566      0
567      0
568      0
569      77
570      100
571      78
572      0
573      0
574      100
575      0
576      52
577      99
578      100
579      0
580      96
581      92
582      100
583      0
584      87
585      80
586      100
587      92
588      100
589      66
590      65
591      72
592      0
593      72
594      0
595      66
596      0
597      0
598      0
599      79
600      74
601      0
602      0
603      96
604      0
605      61
606      96
607      0
608      0
609      100
610      0
611      0
612      0
613      96
614      92
615      0
616      0
617      86
618      88
619      88
620      58
621      66
622      100
623      0
624      0
625      94
626      42
627      96
628      0
629      100
630      98
631      55
632      100
633      0
634      0
635      0
636      100
637      78
638      0
639      75
640      55
641      0
642      71
643      100
644      100
645      0
646      0
647      100
648      0
649      0
650      49
651      72
652      0
653      80
654      0
655      45
656      0
657      71
658      99
659      0
660      55
661      0
662      0
663      0
664      100
665      99
666      0
667      0
668      42
669      0
670      0
671      0
672      85
673      0
674      76
675      0
676      100
677      0
678      95
679      0
680      96
681      83
682      96
683      55
684      0
685      87
686      0
687      100
688      58
689      95
690      60
691      0
692      0
693      100
694      88
695      77
696      100
697      100
698      0
699      61
700      0
701      88
702      100
703      77
704      0
705      0
706      100
707      96
708      76
709      100
710      58
711      66
712      0
713      100
714      100
715      58
716      0
717      65
718      100
719      100
720      50
721      0
722      64
723      46
724      0
725      0
726      65
727      58
728      66
729      72
730      59
731      66
732      100
733      100
734      97
735      0
736      0
737      0
738      0
739      89
740      100
741      0
742      55
743      0
744      94
745      78
746      0
747      49
748      0
749      0
750      96
751      0
752      0
753      0
754      60
755      50
756      0
757      0
758      0
759      100
760      84
761      99
762      76
763      0
764      44
765      66
766      0
767      100
768      84
769      0
770      84
771      0
772      100
773      94
774      73
775      0
776      0
777      99
778      0
779      0
780      77
781      0
782      95
783      0
784      57
785      88
786      0
787      98
788      0
789      0
790      99
791      100
792      0
793      100
794      58
795      53
796      78
797      100
798      0
799      100
800      85
801      0
802      49
803      100
804      92
805      0
806      77
807      0
808      100
809      93
810      86
811      96
812      0
813      0
814      0
815      74
816      100
817      0
818      100
819      0
820      100
821      44
822      0
823      79
824      0
825      0
826      81
827      96
828      74
829      100
830      0
831      88
832      100
833      78
834      58
835      0
836      55
837      0
838      60
839      52
840      0
841      0
842      0
843      0
844      100
845      68
846      84
847      69
848      0
849      0
850      0
851      79
852      100
853      85
854      0
855      95
856      0
857      0
858      0
859      0
860      0
861      100
862      50
863      59
864      0
865      55
866      100
867      0
868      0
869      41
870      72
871      61
872      0
873      0
874      100
875      0
876      0
877      96
878      74
879      84
880      0
881      0
882      0
883      0
884      100
885      0
886      0
887      0
888      36
889      92
890      100
891      78
892      51
893      0
894      78
895      0
896      93
897      0
898      83
899      0
900      0
901      0
902      100
903      50
904      76
905      0
906      66
907      0
908      55
909      85
910      0
911      0
912      55
913      90
914      86
915      0
916      0
917      100
918      100
919      0
920      0
921      0
922      64
923      47
924      100
925      79
926      0
927      0
928      0
929      80
930      95
931      74
932      0
933      0
934      0
935      0
936      49
937      50
938      100
939      0
940      39
941      0
942      43
943      0
944      0
945      0
946      0
947      0
948      0
949      51
950      0
951      0
952      0
953      45
954      96
955      0
956      85
957      0
958      0
959      0
960      0
961      0
962      0
963      0
964      0
965      42
966      0
967      36
968      0
969      95
970      42
971      0
972      100
973      60
974      0
975      73
976      0
977      83
978      60
979      0
980      67
981      100
982      100
983      0
984      94
985      0
986      97
987      100
988      92
989      0
990      0
991      100
992      65
993      80
994      0
995      79
996      0
997      96
998      100
999      100
       32259.6
