0      0
1      83
2      0
3      70
4      0
5      100
6      0
7      64
8      100
9      0
10      80
11      100
12      100
13      0
14      0
15      0
16      83
17      100
18      0
19      100
20      83
21      59
22      0
23      0
24      0
25      100
26      63
27      0
28      0
29      0
30      97
31      0
32      56
33      0
34      100
35      95
36      60
37      47
38      0
39      0
40      83
41      93
42      0
43      0
44      0
45      0
46      65
47      56
48      0
49      100
50      49
51      100
52      49
53      49
54      73
55      87
56      100
57      98
58      60
59      0
60      0
61      61
62      63
63      65
64      0
65      0
66      72
67      0
68      0
69      43
70      0
71      0
72      0
73      100
74      0
75      0
76      61
77      100
78      0
79      91
80      0
81      45
82      57
83      91
84      0
85      87
86      0
87      100
88      99
89      90
90      77
91      0
92      67
93      99
94      100
95      100
96      0
97      61
98      0
99      0
100      59
101      0
102      70
103      0
104      97
105      0
106      0
107      0
108      79
109      53
110      70
111      80
112      67
113      0
114      0
115      59
116      80
117      0
118      100
119      84
120      0
121      56
122      80
123      0
124      98
125      57
126      0
127      100
128      100
129      45
130      100
131      58
132      76
133      0
134      71
135      92
136      0
137      0
138      100
139      49
140      0
141      0
142      80
143      0
144      100
145      99
146      86
147      91
148      40
149      53
150      69
151      100
152      100
153      54
154      74
155      0
156      97
157      100
158      0
159      0
160      0
161      0
162      76
163      0
164      0
165      0
166      0
167      100
168      77
169      100
170      87
171      83
172      96
173      69
174      0
175      60
176      84
177      83
178      0
179      100
180      0
181      0
182      0
183      77
184      100
185      65
186      100
187      98
188      0
189      99
190      100
191      0
192      73
193      0
194      54
195      38
196      0
197      98
198      70
199      0
       7146.04
