0      44
1      0
2      100
3      95
4      0
5      87
6      92
7      53
8      100
9      72
10      0
11      0
12      0
13      57
14      61
15      83
16      67
17      0
18      0
19      0
20      79
21      71
22      98
23      80
24      75
25      59
26      0
27      73
28      69
29      0
30      47
31      85
32      84
33      95
34      70
35      96
36      0
37      0
38      100
39      78
40      0
41      0
42      65
43      69
44      74
45      71
46      0
47      0
48      72
49      0
50      0
51      100
52      48
53      97
54      91
55      0
56      56
57      98
58      89
59      0
60      0
61      0
62      62
63      74
64      51
65      59
66      80
67      97
68      0
69      69
70      0
71      99
72      0
73      0
74      0
75      0
76      0
77      100
78      90
79      95
80      100
81      0
82      0
83      92
84      71
85      0
86      0
87      0
88      0
89      92
90      0
91      0
92      0
93      82
94      96
95      97
96      55
97      0
98      63
99      64
100      0
101      33
102      88
103      85
104      79
105      0
106      66
107      48
108      77
109      98
110      99
111      0
112      0
113      0
114      0
115      0
116      100
117      51
118      46
119      95
120      97
121      65
122      96
123      89
124      80
125      50
126      93
127      100
128      0
129      82
130      0
131      0
132      71
133      84
134      0
135      0
136      0
137      72
138      0
139      0
140      100
141      99
142      0
143      93
144      0
145      0
146      0
147      92
148      95
149      97
150      66
151      0
152      40
153      0
154      76
155      64
156      0
157      95
158      61
159      0
160      0
161      0
162      81
163      0
164      48
165      66
166      82
167      90
168      99
169      0
170      52
171      0
172      63
173      0
174      0
175      0
176      0
177      86
178      72
179      0
180      63
181      77
182      96
183      0
184      0
185      73
186      69
187      78
188      91
189      0
190      76
191      59
192      0
193      0
194      0
195      81
196      56
197      94
198      0
199      52
200      93
201      94
202      92
203      66
204      73
205      46
206      95
207      39
208      99
209      98
210      98
211      0
212      0
213      0
214      0
215      0
216      97
217      100
218      90
219      71
220      0
221      48
222      0
223      66
224      0
225      84
226      92
227      0
228      0
229      0
230      90
231      0
232      54
233      52
234      45
235      0
236      57
237      91
238      66
239      0
240      0
241      0
242      0
243      69
244      0
245      0
246      91
247      0
248      98
249      99
250      79
251      78
252      0
253      71
254      80
255      97
256      87
257      0
258      78
259      0
260      98
261      76
262      0
263      95
264      0
265      88
266      0
267      56
268      73
269      0
270      93
271      0
272      56
273      70
274      81
275      86
276      0
277      81
278      88
279      70
280      61
281      0
282      82
283      0
284      99
285      96
286      71
287      0
288      0
289      0
290      0
291      49
292      0
293      96
294      0
295      0
296      39
297      86
298      0
299      0
300      0
301      0
302      0
303      0
304      0
305      0
306      0
307      0
308      0
309      72
310      84
311      62
312      0
313      0
314      74
315      55
316      98
317      59
318      94
319      0
320      0
321      0
322      53
323      80
324      0
325      98
326      0
327      76
328      92
329      0
330      94
331      0
332      62
333      0
334      0
335      100
336      85
337      100
338      91
339      48
340      0
341      45
342      81
343      0
344      0
345      77
346      97
347      65
348      71
349      70
350      0
351      87
352      83
353      53
354      0
355      71
356      0
357      100
358      65
359      75
360      0
361      0
362      0
363      0
364      81
365      0
366      0
367      81
368      0
369      100
370      47
371      0
372      0
373      49
374      0
375      0
376      0
377      80
378      69
379      0
380      82
381      51
382      76
383      72
384      0
385      0
386      98
387      100
388      68
389      83
390      94
391      88
392      0
393      76
394      39
395      39
396      88
397      0
398      100
399      99
400      79
401      0
402      0
403      0
404      88
405      0
406      0
407      100
408      99
409      74
410      0
411      69
412      64
413      57
414      47
415      0
416      92
417      0
418      0
419      71
420      87
421      98
422      0
423      0
424      0
425      0
426      0
427      0
428      79
429      73
430      0
431      95
432      100
433      53
434      0
435      0
436      52
437      0
438      0
439      76
440      95
441      59
442      0
443      0
444      0
445      0
446      84
447      63
448      86
449      82
450      83
451      45
452      0
453      77
454      0
455      0
456      0
457      99
458      100
459      88
460      91
461      0
462      0
463      82
464      100
465      61
466      62
467      0
468      86
469      64
470      50
471      46
472      42
473      62
474      53
475      0
476      100
477      43
478      74
479      100
480      0
481      39
482      92
483      95
484      52
485      64
486      63
487      0
488      49
489      91
490      84
491      0
492      95
493      0
494      0
495      0
496      49
497      96
498      0
499      66
500      0
501      86
502      57
503      0
504      0
505      0
506      0
507      0
508      61
509      0
510      0
511      100
512      77
513      100
514      0
515      93
516      0
517      52
518      65
519      0
520      98
521      0
522      58
523      0
524      0
525      100
526      0
527      0
528      84
529      94
530      97
531      78
532      98
533      95
534      72
535      76
536      59
537      0
538      99
539      0
540      0
541      68
542      42
543      94
544      0
545      60
546      0
547      0
548      92
549      0
550      0
551      95
552      0
553      0
554      52
555      0
556      98
557      81
558      72
559      0
560      72
561      67
562      50
563      0
564      0
565      69
566      90
567      0
568      54
569      100
570      0
571      0
572      0
573      96
574      0
575      0
576      98
577      0
578      0
579      0
580      50
581      92
582      99
583      97
584      0
585      56
586      86
587      84
588      90
589      100
590      83
591      0
592      67
593      80
594      81
595      0
596      0
597      85
598      0
599      0
600      73
601      53
602      92
603      37
604      0
605      0
606      69
607      100
608      61
609      78
610      62
611      0
612      55
613      69
614      98
615      48
616      66
617      75
618      0
619      66
620      0
621      100
622      91
623      73
624      39
625      60
626      82
627      86
628      90
629      94
630      0
631      0
632      61
633      85
634      0
635      69
636      0
637      65
638      98
639      0
640      58
641      97
642      0
643      0
644      0
645      0
646      100
647      0
648      0
649      0
650      56
651      96
652      51
653      94
654      91
655      96
656      0
657      94
658      96
659      100
660      0
661      49
662      76
663      49
664      90
665      0
666      0
667      0
668      0
669      0
670      64
671      98
672      0
673      85
674      0
675      0
676      0
677      0
678      0
679      75
680      100
681      49
682      0
683      0
684      97
685      71
686      0
687      93
688      91
689      100
690      0
691      66
692      49
693      89
694      0
695      61
696      0
697      55
698      52
699      39
700      42
701      53
702      98
703      0
704      99
705      0
706      68
707      90
708      0
709      98
710      100
711      67
712      0
713      84
714      0
715      100
716      0
717      65
718      67
719      51
720      0
721      97
722      86
723      63
724      0
725      84
726      0
727      52
728      42
729      0
730      100
731      0
732      0
733      0
734      67
735      0
736      0
737      100
738      85
739      0
740      0
741      55
742      44
743      88
744      62
745      87
746      90
747      0
748      97
749      0
750      41
751      0
752      90
753      0
754      0
755      72
756      0
757      71
758      96
759      94
760      0
761      0
762      93
763      0
764      0
765      0
766      92
767      76
768      80
769      0
770      0
771      0
772      52
773      0
774      0
775      69
776      0
777      78
778      0
779      75
780      0
781      0
782      0
783      54
784      100
785      49
786      60
787      72
788      100
789      0
790      96
791      56
792      0
793      0
794      99
795      0
796      42
797      0
798      100
799      64
800      0
801      77
802      0
803      84
804      88
805      89
806      0
807      0
808      49
809      87
810      0
811      96
812      97
813      0
814      63
815      99
816      0
817      74
818      0
819      93
820      0
821      62
822      45
823      92
824      0
825      90
826      0
827      89
828      72
829      92
830      56
831      0
832      47
833      50
834      0
835      0
836      96
837      41
838      0
839      0
840      0
841      74
842      69
843      0
844      94
845      0
846      0
847      0
848      97
849      0
850      0
851      75
852      0
853      0
854      0
855      0
856      0
857      0
858      0
859      0
860      68
861      59
862      0
863      0
864      43
865      0
866      96
867      82
868      96
869      49
870      0
871      0
872      82
873      0
874      98
875      0
876      92
877      40
878      88
879      0
880      79
881      96
882      0
883      49
884      77
885      0
886      99
887      98
888      0
889      50
890      0
891      67
892      100
893      96
894      94
895      87
896      0
897      67
898      97
899      76
900      0
901      65
902      0
903      100
904      0
905      99
906      97
907      0
908      0
909      86
910      0
911      0
912      0
913      100
914      0
915      49
916      83
917      0
918      0
919      0
920      47
921      0
922      0
923      100
924      93
925      100
926      0
927      67
928      92
929      0
930      85
931      94
932      0
933      49
934      100
935      0
936      51
937      82
938      0
939      86
940      100
941      72
942      98
943      67
944      99
945      100
946      0
947      0
948      94
949      0
950      56
951      79
952      0
953      0
954      0
955      0
956      82
957      0
958      0
959      0
960      68
961      100
962      0
963      0
964      0
965      0
966      98
967      69
968      98
969      61
970      94
971      92
972      79
973      95
974      70
975      0
976      44
977      93
978      68
979      57
980      69
981      0
982      73
983      98
984      97
985      71
986      95
987      0
988      0
989      0
990      86
991      0
992      0
993      0
994      83
995      55
996      0
997      100
998      93
999      0
1000      56
1001      53
1002      96
1003      49
1004      91
1005      44
1006      0
1007      0
1008      58
1009      96
1010      100
1011      56
1012      0
1013      0
1014      0
1015      100
1016      0
1017      61
1018      0
1019      64
1020      85
1021      59
1022      0
1023      69
1024      58
1025      43
1026      0
1027      0
1028      88
1029      69
1030      0
1031      94
1032      95
1033      37
1034      0
1035      0
1036      97
1037      0
1038      82
1039      82
1040      0
1041      0
1042      52
1043      0
1044      91
1045      0
1046      0
1047      0
1048      0
1049      0
1050      0
1051      43
1052      0
1053      0
1054      0
1055      93
1056      0
1057      61
1058      97
1059      0
1060      77
1061      85
1062      94
1063      0
1064      96
1065      0
1066      43
1067      0
1068      86
1069      41
1070      87
1071      97
1072      0
1073      0
1074      70
1075      0
1076      81
1077      85
1078      94
1079      86
1080      0
1081      79
1082      98
1083      0
1084      85
1085      0
1086      0
1087      0
1088      0
1089      100
1090      50
1091      0
1092      90
1093      67
1094      98
1095      0
1096      99
1097      91
1098      49
1099      83
1100      0
1101      0
1102      81
1103      0
1104      0
1105      80
1106      54
1107      79
1108      0
1109      0
1110      0
1111      0
1112      87
1113      93
1114      91
1115      0
1116      55
1117      39
1118      72
1119      95
1120      100
1121      83
1122      80
1123      72
1124      90
1125      62
1126      92
1127      76
1128      85
1129      74
1130      0
1131      42
1132      0
1133      93
1134      0
1135      0
1136      79
1137      45
1138      60
1139      100
1140      64
1141      84
1142      63
1143      83
1144      0
1145      56
1146      72
1147      0
1148      0
1149      82
1150      93
1151      0
1152      50
1153      0
1154      0
1155      0
1156      51
1157      0
1158      89
1159      100
1160      0
1161      95
1162      59
1163      92
1164      95
1165      96
1166      0
1167      71
1168      0
1169      0
1170      86
1171      0
1172      66
1173      90
1174      72
1175      0
1176      0
1177      0
1178      96
1179      88
1180      66
1181      0
1182      44
1183      0
1184      0
1185      97
1186      99
1187      65
1188      92
1189      0
1190      0
1191      85
1192      0
1193      100
1194      0
1195      0
1196      0
1197      0
1198      0
1199      0
1200      86
1201      0
1202      56
1203      59
1204      0
1205      100
1206      69
1207      0
1208      64
1209      66
1210      100
1211      69
1212      64
1213      0
1214      79
1215      96
1216      80
1217      98
1218      0
1219      92
1220      94
1221      0
1222      0
1223      0
1224      0
1225      0
1226      71
1227      0
1228      0
1229      49
1230      0
1231      0
1232      65
1233      54
1234      98
1235      90
1236      97
1237      0
1238      0
1239      0
1240      80
1241      62
1242      0
1243      0
1244      0
1245      72
1246      49
1247      0
1248      69
1249      0
1250      0
1251      57
1252      86
1253      72
1254      0
1255      81
1256      0
1257      0
1258      0
1259      74
1260      0
1261      50
1262      0
1263      56
1264      98
1265      97
1266      0
1267      0
1268      0
1269      55
1270      0
1271      0
1272      0
1273      70
1274      43
1275      100
1276      98
1277      65
1278      76
1279      0
1280      44
1281      78
1282      47
1283      0
1284      69
1285      89
1286      85
1287      0
1288      0
1289      0
1290      52
1291      65
1292      84
1293      0
1294      48
1295      0
1296      77
1297      51
1298      74
1299      80
1300      0
1301      100
1302      0
1303      0
1304      0
1305      0
1306      37
1307      0
1308      0
1309      90
1310      86
1311      0
1312      47
1313      69
1314      60
1315      94
1316      100
1317      94
1318      0
1319      78
1320      0
1321      0
1322      94
1323      79
1324      0
1325      96
1326      63
1327      93
1328      87
1329      54
1330      61
1331      75
1332      86
1333      0
1334      79
1335      0
1336      96
1337      92
1338      63
1339      0
1340      0
1341      43
1342      91
1343      91
1344      0
1345      72
1346      99
1347      97
1348      0
1349      94
1350      96
1351      85
1352      60
1353      88
1354      97
1355      92
1356      83
1357      0
1358      88
1359      0
1360      0
1361      0
1362      0
1363      58
1364      56
1365      92
1366      0
1367      0
1368      85
1369      0
1370      96
1371      0
1372      92
1373      87
1374      0
1375      54
1376      95
1377      0
1378      0
1379      0
1380      100
1381      86
1382      0
1383      0
1384      79
1385      100
1386      0
1387      48
1388      58
1389      46
1390      0
1391      0
1392      77
1393      90
1394      99
1395      0
1396      77
1397      98
1398      100
1399      53
1400      0
1401      98
1402      82
1403      57
1404      95
1405      54
1406      65
1407      78
1408      67
1409      0
1410      0
1411      0
1412      85
1413      85
1414      57
1415      50
1416      0
1417      81
1418      49
1419      0
1420      0
1421      0
1422      100
1423      0
1424      82
1425      40
1426      0
1427      0
1428      96
1429      83
1430      0
1431      0
1432      0
1433      99
1434      0
1435      98
1436      99
1437      50
1438      0
1439      60
1440      99
1441      91
1442      56
1443      82
1444      0
1445      57
1446      0
1447      56
1448      0
1449      0
1450      41
1451      0
1452      0
1453      0
1454      43
1455      71
1456      0
1457      0
1458      0
1459      98
1460      87
1461      65
1462      69
1463      72
1464      0
1465      0
1466      90
1467      0
1468      100
1469      0
1470      57
1471      81
1472      61
1473      0
1474      0
1475      85
1476      0
1477      77
1478      0
1479      0
1480      89
1481      100
1482      0
1483      81
1484      59
1485      96
1486      100
1487      0
1488      0
1489      94
1490      90
1491      58
1492      65
1493      76
1494      98
1495      0
1496      0
1497      0
1498      80
1499      79
1500      62
1501      0
1502      0
1503      52
1504      0
1505      92
1506      0
1507      53
1508      82
1509      100
1510      67
1511      92
1512      58
1513      57
1514      0
1515      0
1516      94
1517      67
1518      0
1519      62
1520      100
1521      0
1522      53
1523      0
1524      58
1525      91
1526      100
1527      0
1528      95
1529      0
1530      0
1531      77
1532      0
1533      88
1534      78
1535      75
1536      0
1537      80
1538      0
1539      84
1540      81
1541      0
1542      100
1543      79
1544      86
1545      0
1546      94
1547      0
1548      56
1549      0
1550      0
1551      89
1552      66
1553      100
1554      52
1555      95
1556      81
1557      0
1558      69
1559      0
1560      95
1561      66
1562      0
1563      98
1564      55
1565      0
1566      0
1567      99
1568      83
1569      94
1570      100
1571      0
1572      72
1573      69
1574      65
1575      100
1576      58
1577      73
1578      97
1579      98
1580      46
1581      56
1582      0
1583      98
1584      66
1585      0
1586      0
1587      89
1588      86
1589      0
1590      0
1591      0
1592      0
1593      47
1594      84
1595      100
1596      49
1597      0
1598      0
1599      64
1600      100
1601      43
1602      0
1603      61
1604      56
1605      60
1606      0
1607      0
1608      63
1609      92
1610      0
1611      0
1612      0
1613      98
1614      87
1615      96
1616      0
1617      0
1618      100
1619      43
1620      0
1621      97
1622      0
1623      0
1624      0
1625      84
1626      0
1627      0
1628      86
1629      55
1630      92
1631      49
1632      0
1633      0
1634      76
1635      0
1636      88
1637      93
1638      79
1639      67
1640      0
1641      0
1642      0
1643      0
1644      90
1645      0
1646      46
1647      96
1648      59
1649      0
1650      94
1651      63
1652      0
1653      50
1654      75
1655      46
1656      93
1657      0
1658      93
1659      0
1660      96
1661      0
1662      61
1663      0
1664      100
1665      61
1666      41
1667      82
1668      0
1669      0
1670      82
1671      95
1672      0
1673      0
1674      0
1675      55
1676      0
1677      85
1678      86
1679      0
1680      0
1681      96
1682      0
1683      63
1684      78
1685      88
1686      93
1687      0
1688      72
1689      44
1690      0
1691      67
1692      0
1693      97
1694      41
1695      63
1696      81
1697      69
1698      99
1699      0
1700      81
1701      0
1702      53
1703      0
1704      58
1705      100
1706      92
1707      0
1708      0
1709      76
1710      51
1711      52
1712      98
1713      63
1714      72
1715      0
1716      59
1717      56
1718      63
1719      0
1720      97
1721      0
1722      75
1723      0
1724      98
1725      0
1726      62
1727      0
1728      0
1729      90
1730      0
1731      80
1732      0
1733      47
1734      43
1735      0
1736      79
1737      0
1738      0
1739      47
1740      72
1741      0
1742      0
1743      85
1744      98
1745      63
1746      72
1747      96
1748      86
1749      81
1750      72
1751      0
1752      54
1753      0
1754      0
1755      0
1756      98
1757      81
1758      80
1759      50
1760      93
1761      60
1762      83
1763      82
1764      81
1765      0
1766      66
1767      91
1768      57
1769      0
1770      46
1771      94
1772      0
1773      43
1774      71
1775      0
1776      0
1777      0
1778      0
1779      0
1780      80
1781      74
1782      76
1783      82
1784      90
1785      0
1786      83
1787      76
1788      70
1789      0
1790      56
1791      0
1792      87
1793      98
1794      62
1795      64
1796      49
1797      80
1798      92
1799      81
1800      0
1801      92
1802      0
1803      0
1804      81
1805      69
1806      87
1807      40
1808      0
1809      80
1810      85
1811      0
1812      75
1813      77
1814      52
1815      89
1816      92
1817      0
1818      94
1819      0
1820      0
1821      95
1822      68
1823      0
1824      67
1825      100
1826      0
1827      0
1828      46
1829      0
1830      0
1831      0
1832      89
1833      97
1834      96
1835      58
1836      84
1837      89
1838      98
1839      48
1840      55
1841      90
1842      94
1843      0
1844      85
1845      86
1846      0
1847      0
1848      59
1849      0
1850      0
1851      0
1852      90
1853      43
1854      0
1855      0
1856      0
1857      0
1858      92
1859      67
1860      0
1861      0
1862      58
1863      73
1864      99
1865      0
1866      83
1867      0
1868      0
1869      83
1870      93
1871      95
1872      58
1873      100
1874      86
1875      99
1876      53
1877      0
1878      0
1879      92
1880      0
1881      64
1882      0
1883      87
1884      90
1885      80
1886      72
1887      67
1888      0
1889      92
1890      92
1891      0
1892      100
1893      99
1894      0
1895      83
1896      0
1897      0
1898      90
1899      67
1900      0
1901      53
1902      0
1903      0
1904      0
1905      0
1906      87
1907      98
1908      52
1909      0
1910      0
1911      97
1912      0
1913      92
1914      52
1915      0
1916      100
1917      60
1918      87
1919      81
1920      99
1921      92
1922      81
1923      0
1924      72
1925      97
1926      68
1927      0
1928      87
1929      0
1930      93
1931      53
1932      96
1933      95
1934      0
1935      56
1936      98
1937      0
1938      93
1939      88
1940      0
1941      100
1942      99
1943      40
1944      0
1945      0
1946      0
1947      0
1948      96
1949      96
1950      94
1951      0
1952      0
1953      51
1954      0
1955      0
1956      0
1957      88
1958      68
1959      97
1960      0
1961      0
1962      96
1963      100
1964      62
1965      0
1966      0
1967      61
1968      0
1969      85
1970      0
1971      0
1972      0
1973      100
1974      60
1975      0
1976      0
1977      77
1978      38
1979      0
1980      0
1981      78
1982      0
1983      80
1984      99
1985      0
1986      0
1987      69
1988      0
1989      95
1990      0
1991      50
1992      56
1993      0
1994      0
1995      86
1996      64
1997      0
1998      61
1999      75
2000      99
2001      0
2002      0
2003      88
2004      0
2005      97
2006      0
2007      0
2008      0
2009      64
2010      0
2011      83
2012      96
2013      86
2014      63
2015      79
2016      63
2017      69
2018      0
2019      0
2020      78
2021      73
2022      89
2023      67
2024      0
2025      0
2026      0
2027      63
2028      47
2029      97
2030      89
2031      0
2032      0
2033      0
2034      74
2035      86
2036      0
2037      0
2038      0
2039      98
2040      46
2041      61
2042      95
2043      0
2044      84
2045      0
2046      85
2047      87
2048      95
2049      0
2050      0
2051      100
2052      55
2053      0
2054      91
2055      86
2056      74
2057      75
2058      0
2059      65
2060      91
2061      100
2062      0
2063      95
2064      0
2065      0
2066      83
2067      88
2068      81
2069      79
2070      81
2071      0
2072      59
2073      0
2074      60
2075      68
2076      0
2077      98
2078      97
2079      98
2080      0
2081      0
2082      0
2083      89
2084      0
2085      0
2086      48
2087      0
2088      0
2089      96
2090      0
2091      93
2092      82
2093      0
2094      0
2095      0
2096      94
2097      0
2098      59
2099      74
2100      0
2101      0
2102      52
2103      0
2104      0
2105      0
2106      0
2107      0
2108      81
2109      80
2110      99
2111      93
2112      56
2113      0
2114      100
2115      81
2116      0
2117      0
2118      92
2119      0
2120      0
2121      77
2122      0
2123      100
2124      100
2125      97
2126      89
2127      91
2128      0
2129      57
2130      0
2131      56
2132      0
2133      96
2134      0
2135      84
2136      87
2137      0
2138      85
2139      60
2140      72
2141      64
2142      100
2143      92
2144      0
2145      76
2146      79
2147      89
2148      0
2149      55
2150      56
2151      93
2152      70
2153      93
2154      0
2155      94
2156      66
2157      96
2158      0
2159      0
2160      0
2161      54
2162      0
2163      92
2164      90
2165      97
2166      88
2167      82
2168      86
2169      65
2170      0
2171      0
2172      81
2173      0
2174      73
2175      64
2176      65
2177      0
2178      0
2179      0
2180      74
2181      0
2182      46
2183      66
2184      96
2185      96
2186      87
2187      0
2188      0
2189      92
2190      0
2191      0
2192      0
2193      80
2194      0
2195      79
2196      98
2197      93
2198      81
2199      61
2200      76
2201      49
2202      0
2203      71
2204      0
2205      78
2206      96
2207      76
2208      0
2209      0
2210      70
2211      64
2212      0
2213      0
2214      0
2215      0
2216      0
2217      0
2218      75
2219      0
2220      0
2221      67
2222      0
2223      71
2224      100
2225      0
2226      87
2227      81
2228      85
2229      89
2230      0
2231      72
2232      87
2233      58
2234      84
2235      0
2236      70
2237      74
2238      70
2239      0
2240      98
2241      77
2242      0
2243      0
2244      0
2245      56
2246      54
2247      0
2248      0
2249      0
2250      74
2251      95
2252      0
2253      100
2254      0
2255      0
2256      0
2257      0
2258      72
2259      62
2260      52
2261      0
2262      56
2263      57
2264      0
2265      66
2266      73
2267      87
2268      54
2269      0
2270      0
2271      0
2272      86
2273      0
2274      90
2275      95
2276      0
2277      83
2278      100
2279      94
2280      81
2281      55
2282      0
2283      95
2284      0
2285      98
2286      55
2287      96
2288      83
2289      80
2290      0
2291      0
2292      77
2293      0
2294      0
2295      98
2296      0
2297      98
2298      45
2299      0
2300      65
2301      0
2302      84
2303      0
2304      0
2305      90
2306      55
2307      95
2308      76
2309      85
2310      82
2311      0
2312      0
2313      91
2314      56
2315      88
2316      81
2317      72
2318      0
2319      97
2320      78
2321      92
2322      0
2323      54
2324      66
2325      0
2326      0
2327      59
2328      84
2329      94
2330      39
2331      0
2332      82
2333      0
2334      79
2335      39
2336      96
2337      89
2338      0
2339      93
2340      0
2341      61
2342      0
2343      67
2344      0
2345      0
2346      0
2347      85
2348      71
2349      44
2350      0
2351      0
2352      0
2353      76
2354      0
2355      0
2356      99
2357      45
2358      0
2359      92
2360      72
2361      0
2362      99
2363      0
2364      0
2365      0
2366      44
2367      70
2368      98
2369      58
2370      58
2371      100
2372      0
2373      0
2374      0
2375      97
2376      97
2377      0
2378      73
2379      0
2380      0
2381      0
2382      81
2383      0
2384      0
2385      65
2386      100
2387      56
2388      0
2389      86
2390      58
2391      69
2392      75
2393      72
2394      0
2395      100
2396      75
2397      94
2398      97
2399      82
2400      0
2401      100
2402      89
2403      100
2404      81
2405      60
2406      0
2407      94
2408      81
2409      100
2410      90
2411      0
2412      100
2413      0
2414      67
2415      0
2416      80
2417      0
2418      0
2419      55
2420      0
2421      90
2422      0
2423      72
2424      91
2425      100
2426      49
2427      91
2428      62
2429      62
2430      84
2431      73
2432      0
2433      38
2434      0
2435      0
2436      43
2437      100
2438      76
2439      93
2440      89
2441      71
2442      71
2443      77
2444      0
2445      0
2446      100
2447      87
2448      0
2449      87
2450      0
2451      92
2452      78
2453      75
2454      0
2455      41
2456      0
2457      86
2458      74
2459      84
2460      0
2461      0
2462      0
2463      0
2464      82
2465      0
2466      0
2467      97
2468      88
2469      0
2470      0
2471      0
2472      0
2473      72
2474      0
2475      0
2476      59
2477      94
2478      95
2479      81
2480      0
2481      0
2482      73
2483      0
2484      46
2485      91
2486      55
2487      57
2488      76
2489      78
2490      83
2491      77
2492      68
2493      0
2494      67
2495      80
2496      79
2497      72
2498      0
2499      73
       82535.6
