0      51
1      100
2      0
3      88
4      0
5      0
6      100
7      0
8      0
9      100
10      71
11      100
12      100
13      0
14      0
15      88
16      41
17      0
18      0
19      99
20      100
21      100
22      100
23      63
24      100
25      59
26      100
27      0
28      100
29      100
30      0
31      100
32      0
33      0
34      0
35      69
36      0
37      0
38      0
39      100
40      100
41      0
42      100
43      53
44      50
45      100
46      98
47      96
48      87
49      0
50      99
51      51
52      0
53      99
54      100
55      0
56      74
57      90
58      0
59      91
60      100
61      100
62      0
63      84
64      0
65      0
66      0
67      0
68      100
69      63
70      80
71      0
72      100
73      0
74      0
75      0
76      54
77      94
78      0
79      0
80      0
81      0
82      0
83      61
84      93
85      0
86      72
87      0
88      100
89      91
90      0
91      0
92      0
93      0
94      61
95      65
96      63
97      0
98      0
99      100
       3249.83
