0      65
1      86
2      100
3      100
4      0
5      100
6      65
7      87
8      89
9      0
10      0
11      72
12      0
13      0
14      100
15      78
16      0
17      84
18      0
19      0
20      0
21      0
22      95
23      0
24      100
25      100
26      0
27      100
28      71
29      0
30      0
31      91
32      0
33      0
34      83
35      100
36      0
37      0
38      89
39      93
40      47
41      86
42      0
43      92
44      100
45      60
46      89
47      100
48      81
49      56
50      0
51      66
52      0
53      78
54      83
55      0
56      56
57      100
58      100
59      52
60      100
61      94
62      0
63      66
64      100
65      0
66      85
67      59
68      0
69      0
70      48
71      0
72      0
73      97
74      0
75      74
76      0
77      72
78      52
79      92
80      100
81      100
82      0
83      81
84      0
85      80
86      100
87      77
88      0
89      50
90      100
91      0
92      0
93      98
94      100
95      0
96      88
97      100
98      100
99      53
100      0
101      100
102      73
103      100
104      0
105      92
106      0
107      0
108      0
109      77
110      0
111      100
112      0
113      100
114      100
115      0
116      0
117      0
118      0
119      0
120      82
121      91
122      0
123      0
124      91
125      67
126      76
127      86
128      100
129      59
130      0
131      0
132      0
133      100
134      0
135      0
136      65
137      99
138      0
139      0
140      100
141      56
142      0
143      100
144      0
145      0
146      0
147      65
148      74
149      39
150      41
151      0
152      0
153      93
154      100
155      60
156      77
157      59
158      91
159      0
160      0
161      0
162      100
163      62
164      61
165      0
166      0
167      100
168      0
169      92
170      100
171      81
172      100
173      0
174      81
175      0
176      86
177      0
178      100
179      87
180      0
181      0
182      89
183      100
184      85
185      84
186      100
187      0
188      0
189      0
190      79
191      0
192      100
193      0
194      0
195      0
196      100
197      100
198      0
199      65
       6825.78
