0      0
1      0
2      0
3      100
4      0
5      63
6      73
7      0
8      0
9      100
10      0
11      49
12      0
13      0
14      50
15      59
16      0
17      75
18      0
19      0
20      95
21      95
22      90
23      0
24      39
25      0
26      0
27      46
28      100
29      80
30      64
31      0
32      64
33      100
34      78
35      100
36      53
37      0
38      100
39      0
40      61
41      92
42      100
43      0
44      0
45      100
46      84
47      100
48      46
49      47
50      89
51      100
52      100
53      100
54      0
55      100
56      63
57      100
58      0
59      69
60      49
61      0
62      0
63      100
64      95
65      67
66      0
67      0
68      0
69      49
70      72
71      0
72      71
73      73
74      78
75      64
76      0
77      0
78      99
79      0
80      100
81      100
82      59
83      0
84      100
85      100
86      0
87      90
88      0
89      100
90      0
91      100
92      0
93      0
94      0
95      0
96      95
97      55
98      100
99      76
       3295.87
