0      0
1      0
2      0
3      100
4      55
5      0
6      100
7      100
8      78
9      80
10      52
11      0
12      99
13      0
14      100
15      100
16      0
17      80
18      78
19      0
20      90
21      100
22      0
23      0
24      0
25      100
26      100
27      0
28      96
29      0
30      0
31      0
32      56
33      0
34      100
35      0
36      0
37      0
38      0
39      62
40      100
41      100
42      0
43      79
44      87
45      100
46      0
47      96
48      73
49      79
50      91
51      100
52      0
53      0
54      71
55      100
56      0
57      0
58      100
59      96
60      0
61      70
62      100
63      30
64      100
65      53
66      96
67      0
68      100
69      0
70      0
71      0
72      0
73      0
74      100
75      62
76      0
77      100
78      100
79      73
80      56
81      49
82      0
83      49
84      0
85      99
86      100
87      0
88      74
89      100
90      100
91      0
92      88
93      0
94      56
95      0
96      0
97      0
98      54
99      83
       3610.35
