0      0
1      0
2      0
3      100
4      0
5      100
6      99
7      100
8      75
9      81
10      53
11      94
12      91
13      0
14      100
15      100
16      0
17      80
18      75
19      0
20      93
21      100
22      0
23      0
24      0
25      0
26      100
27      0
28      94
29      0
30      0
31      0
32      50
33      0
34      100
35      100
36      0
37      0
38      0
39      70
40      100
41      0
42      0
43      78
44      89
45      100
46      0
47      94
48      78
49      77
       1720.19
