0      0
1      0
2      94
3      0
4      97
5      79
6      100
7      0
8      0
9      60
10      100
11      100
12      70
13      42
14      0
15      0
16      57
17      74
18      52
19      86
20      0
21      70
22      65
23      96
24      67
25      82
26      87
27      0
28      0
29      0
30      71
31      0
32      94
33      0
34      0
35      92
36      89
37      94
38      91
39      100
40      100
41      61
42      99
43      0
44      100
45      50
46      97
47      100
48      0
49      100
50      99
51      65
52      97
53      72
54      61
55      90
56      97
57      83
58      0
59      100
60      0
61      0
62      99
63      0
64      0
65      99
66      0
67      0
68      98
69      57
70      92
71      68
72      0
73      71
74      0
75      0
76      0
77      0
78      0
79      94
80      91
81      100
82      79
83      68
84      100
85      62
86      0
87      0
88      78
89      70
90      0
91      0
92      63
93      100
94      91
95      0
96      100
97      92
98      0
99      100
100      0
101      0
102      0
103      61
104      0
105      100
106      0
107      0
108      0
109      94
110      70
111      77
112      100
113      60
114      100
115      58
116      0
117      100
118      0
119      65
120      47
121      85
122      100
123      0
124      0
125      41
126      0
127      80
128      52
129      82
130      100
131      0
132      0
133      0
134      0
135      100
136      0
137      0
138      65
139      0
140      43
141      0
142      79
143      100
144      42
145      0
146      100
147      100
148      44
149      0
150      100
151      100
152      0
153      78
154      0
155      0
156      0
157      71
158      100
159      0
160      96
161      0
162      0
163      63
164      100
165      0
166      100
167      98
168      0
169      93
170      77
171      79
172      100
173      0
174      100
175      100
176      75
177      100
178      0
179      73
180      0
181      0
182      0
183      57
184      99
185      100
186      0
187      41
188      0
189      100
190      95
191      94
192      0
193      0
194      0
195      100
196      0
197      0
198      0
199      100
200      0
201      40
202      94
203      0
204      0
205      55
206      84
207      0
208      0
209      62
210      0
211      0
212      89
213      100
214      98
215      0
216      100
217      51
218      0
219      0
220      100
221      100
222      77
223      43
224      88
225      96
226      0
227      0
228      81
229      42
230      0
231      30
232      100
233      0
234      67
235      39
236      0
237      0
238      0
239      0
240      49
241      0
242      66
243      98
244      99
245      0
246      88
247      100
248      0
249      59
250      73
251      0
252      0
253      0
254      97
255      100
256      69
257      0
258      100
259      0
260      99
261      61
262      83
263      100
264      0
265      0
266      0
267      56
268      0
269      56
270      96
271      75
272      0
273      100
274      56
275      100
276      92
277      100
278      97
279      53
280      99
281      58
282      100
283      0
284      82
285      68
286      0
287      66
288      87
289      100
290      43
291      0
292      0
293      75
294      0
295      100
296      0
297      73
298      92
299      77
300      0
301      0
302      67
303      0
304      0
305      100
306      0
307      100
308      0
309      37
310      91
311      0
312      0
313      71
314      0
315      61
316      0
317      0
318      100
319      56
320      97
321      70
322      70
323      100
324      0
325      70
326      0
327      0
328      0
329      0
330      74
331      100
332      97
333      0
334      0
335      83
336      72
337      71
338      100
339      53
340      70
341      91
342      0
343      100
344      0
345      0
346      92
347      81
348      59
349      92
350      67
351      88
352      94
353      100
354      67
355      0
356      0
357      83
358      100
359      0
360      53
361      97
362      0
363      96
364      0
365      0
366      52
367      0
368      100
369      98
370      100
371      0
372      0
373      0
374      48
375      0
376      0
377      65
378      0
379      100
380      75
381      0
382      0
383      62
384      100
385      0
386      0
387      0
388      70
389      87
390      0
391      0
392      0
393      97
394      0
395      93
396      78
397      0
398      97
399      0
400      78
401      0
402      0
403      100
404      0
405      99
406      0
407      87
408      100
409      77
410      67
411      0
412      59
413      0
414      0
415      100
416      57
417      88
418      0
419      0
420      100
421      0
422      0
423      73
424      61
425      85
426      87
427      81
428      55
429      0
430      0
431      100
432      100
433      0
434      100
435      0
436      0
437      95
438      100
439      0
440      100
441      100
442      0
443      100
444      65
445      100
446      0
447      0
448      66
449      0
450      0
451      0
452      89
453      87
454      100
455      100
456      0
457      50
458      0
459      0
460      0
461      58
462      0
463      96
464      0
465      0
466      100
467      82
468      100
469      0
470      92
471      87
472      74
473      100
474      78
475      0
476      82
477      0
478      84
479      0
480      0
481      58
482      100
483      94
484      0
485      100
486      0
487      89
488      92
489      100
490      71
491      91
492      96
493      0
494      0
495      100
496      0
497      59
498      100
499      0
       15429.8
