0      97
1      91
2      94
3      45
4      0
5      100
6      49
7      100
8      87
9      0
10      0
11      65
12      0
13      0
14      0
15      0
16      91
17      0
18      0
19      0
20      51
21      100
22      0
23      0
24      0
25      51
26      0
27      94
28      55
29      0
30      70
31      0
32      52
33      82
34      0
35      94
36      99
37      0
38      42
39      84
40      91
41      0
42      0
43      94
44      99
45      100
46      99
47      0
48      0
49      80
50      81
51      0
52      97
53      84
54      56
55      91
56      78
57      100
58      60
59      0
60      74
61      0
62      0
63      0
64      51
65      0
66      94
67      65
68      88
69      78
70      33
71      0
72      100
73      0
74      0
75      100
76      100
77      99
78      0
79      99
80      100
81      76
82      0
83      100
84      100
85      91
86      99
87      81
88      0
89      0
90      0
91      70
92      0
93      0
94      100
95      45
96      0
97      58
98      0
99      77
100      0
101      0
102      58
103      79
104      100
105      99
106      0
107      0
108      0
109      0
110      0
111      91
112      100
113      76
114      61
115      0
116      0
117      40
118      100
119      0
120      100
121      0
122      0
123      51
124      67
125      56
126      0
127      62
128      91
129      100
130      75
131      100
132      63
133      100
134      100
135      100
136      0
137      0
138      100
139      51
140      94
141      0
142      97
143      0
144      78
145      79
146      64
147      61
148      99
149      0
150      87
151      0
152      0
153      100
154      97
155      76
156      0
157      74
158      0
159      64
160      0
161      83
162      0
163      0
164      91
165      100
166      68
167      45
168      0
169      0
170      100
171      0
172      65
173      0
174      71
175      0
176      100
177      43
178      66
179      100
180      0
181      100
182      0
183      56
184      0
185      99
186      100
187      100
188      100
189      100
190      73
191      0
192      65
193      100
194      69
195      0
196      89
197      0
198      0
199      0
200      100
201      64
202      84
203      0
204      80
205      0
206      0
207      0
208      91
209      0
210      0
211      67
212      0
213      0
214      75
215      77
216      0
217      100
218      0
219      0
220      100
221      56
222      100
223      0
224      95
225      0
226      0
227      0
228      0
229      0
230      100
231      0
232      99
233      56
234      0
235      69
236      81
237      0
238      100
239      60
240      0
241      0
242      100
243      0
244      50
245      0
246      77
247      56
248      0
249      0
250      0
251      100
252      0
253      0
254      0
255      0
256      100
257      88
258      0
259      0
260      69
261      60
262      0
263      0
264      100
265      0
266      0
267      82
268      0
269      54
270      99
271      100
272      100
273      100
274      0
275      57
276      65
277      100
278      100
279      100
280      56
281      0
282      0
283      0
284      0
285      100
286      56
287      72
288      95
289      81
290      73
291      38
292      0
293      0
294      0
295      100
296      0
297      46
298      100
299      0
300      100
301      64
302      0
303      56
304      76
305      0
306      66
307      100
308      91
309      0
310      0
311      88
312      37
313      74
314      0
315      100
316      60
317      45
318      56
319      94
320      99
321      0
322      69
323      0
324      0
325      100
326      0
327      97
328      97
329      45
330      62
331      0
332      0
333      0
334      0
335      0
336      67
337      97
338      0
339      100
340      99
341      57
342      0
343      63
344      20
345      74
346      57
347      0
348      57
349      100
350      0
351      77
352      65
353      70
354      0
355      0
356      100
357      100
358      0
359      0
360      0
361      100
362      45
363      72
364      0
365      0
366      100
367      52
368      0
369      0
370      0
371      0
372      0
373      95
374      65
375      56
376      95
377      0
378      0
379      69
380      0
381      91
382      50
383      60
384      100
385      91
386      0
387      0
388      0
389      62
390      65
391      0
392      100
393      80
394      100
395      79
396      63
397      0
398      100
399      84
400      97
401      0
402      97
403      0
404      71
405      0
406      56
407      100
408      97
409      61
410      41
411      0
412      0
413      100
414      86
415      83
416      70
417      97
418      56
419      0
420      76
421      0
422      100
423      58
424      56
425      99
426      0
427      63
428      0
429      41
430      0
431      100
432      0
433      100
434      100
435      0
436      0
437      83
438      100
439      65
440      0
441      100
442      91
443      73
444      0
445      0
446      53
447      100
448      67
449      100
450      100
451      71
452      45
453      91
454      0
455      89
456      0
457      99
458      77
459      100
460      45
461      69
462      0
463      0
464      75
465      0
466      51
467      55
468      69
469      66
470      87
471      0
472      71
473      100
474      0
475      100
476      0
477      0
478      100
479      72
480      100
481      0
482      0
483      88
484      65
485      0
486      91
487      76
488      0
489      0
490      80
491      0
492      0
493      77
494      0
495      84
496      0
497      0
498      82
499      57
       16425
