0      87
1      0
2      0
3      0
4      0
5      69
6      83
7      98
8      58
9      0
10      0
11      0
12      0
13      57
14      58
15      84
16      58
17      0
18      0
19      62
20      91
21      97
22      0
23      0
24      0
25      0
26      53
27      84
28      69
29      39
30      100
31      0
32      98
33      93
34      0
35      0
36      0
37      0
38      54
39      0
40      99
41      0
42      92
43      68
44      0
45      0
46      51
47      43
48      64
49      58
50      72
51      45
52      44
53      0
54      59
55      71
56      0
57      0
58      0
59      99
60      0
61      53
62      73
63      74
64      86
65      0
66      0
67      38
68      0
69      45
70      82
71      59
72      0
73      42
74      97
75      0
76      0
77      88
78      0
79      92
80      0
81      0
82      81
83      81
84      0
85      0
86      77
87      94
88      37
89      66
90      86
91      0
92      96
93      72
94      43
95      0
96      0
97      62
98      53
99      98
100      96
101      84
102      0
103      75
104      76
105      0
106      0
107      0
108      72
109      80
110      83
111      0
112      0
113      93
114      46
115      0
116      62
117      90
118      0
119      91
120      96
121      97
122      0
123      93
124      60
125      69
126      0
127      76
128      0
129      99
130      53
131      90
132      0
133      64
134      0
135      66
136      0
137      93
138      0
139      0
140      0
141      95
142      67
143      70
144      0
145      0
146      90
147      41
148      0
149      89
150      0
151      94
152      62
153      0
154      56
155      45
156      0
157      47
158      88
159      0
160      100
161      0
162      0
163      87
164      0
165      82
166      75
167      79
168      0
169      63
170      0
171      0
172      100
173      97
174      75
175      72
176      0
177      99
178      41
179      0
180      93
181      0
182      80
183      95
184      56
185      70
186      0
187      60
188      47
189      75
190      61
191      73
192      45
193      59
194      57
195      77
196      0
197      89
198      0
199      96
200      47
201      0
202      99
203      0
204      83
205      0
206      0
207      0
208      0
209      0
210      42
211      0
212      0
213      65
214      0
215      69
216      92
217      97
218      68
219      0
220      0
221      0
222      91
223      0
224      0
225      58
226      55
227      86
228      87
229      0
230      0
231      0
232      66
233      57
234      69
235      0
236      77
237      99
238      0
239      0
240      96
241      0
242      86
243      0
244      48
245      89
246      42
247      83
248      0
249      80
250      90
251      66
252      55
253      75
254      95
255      80
256      0
257      0
258      0
259      71
260      0
261      45
262      67
263      0
264      52
265      0
266      73
267      64
268      100
269      44
270      0
271      0
272      0
273      51
274      95
275      0
276      67
277      0
278      96
279      95
280      99
281      100
282      98
283      70
284      95
285      71
286      87
287      0
288      0
289      43
290      0
291      0
292      0
293      65
294      74
295      0
296      84
297      74
298      0
299      88
300      100
301      0
302      0
303      0
304      95
305      0
306      96
307      0
308      61
309      74
310      0
311      93
312      0
313      83
314      0
315      58
316      88
317      48
318      0
319      0
320      0
321      84
322      0
323      97
324      80
325      100
326      0
327      54
328      0
329      0
330      0
331      0
332      97
333      83
334      80
335      0
336      88
337      74
338      0
339      77
340      0
341      0
342      94
343      88
344      0
345      69
346      100
347      96
348      55
349      0
350      99
351      76
352      41
353      60
354      0
355      0
356      0
357      62
358      0
359      73
360      46
361      100
362      58
363      93
364      100
365      72
366      94
367      0
368      57
369      78
370      93
371      70
372      35
373      79
374      0
375      66
376      0
377      0
378      0
379      98
380      0
381      87
382      97
383      0
384      0
385      99
386      91
387      66
388      41
389      0
390      95
391      63
392      91
393      0
394      0
395      95
396      90
397      97
398      64
399      88
400      89
401      78
402      98
403      99
404      0
405      100
406      0
407      100
408      72
409      0
410      89
411      56
412      0
413      60
414      83
415      97
416      94
417      84
418      0
419      95
420      60
421      59
422      0
423      76
424      50
425      93
426      0
427      0
428      0
429      0
430      66
431      40
432      0
433      0
434      0
435      0
436      46
437      0
438      82
439      0
440      75
441      64
442      100
443      69
444      97
445      80
446      56
447      54
448      77
449      56
450      0
451      100
452      0
453      67
454      0
455      0
456      73
457      96
458      0
459      99
460      0
461      0
462      58
463      79
464      56
465      0
466      80
467      71
468      0
469      0
470      74
471      62
472      79
473      64
474      89
475      0
476      0
477      76
478      0
479      72
480      96
481      0
482      78
483      50
484      0
485      0
486      0
487      0
488      0
489      91
490      64
491      63
492      0
493      79
494      98
495      0
496      41
497      61
498      99
499      62
500      68
501      89
502      0
503      0
504      94
505      97
506      0
507      90
508      50
509      86
510      72
511      0
512      97
513      100
514      0
515      88
516      0
517      0
518      90
519      69
520      0
521      88
522      0
523      95
524      100
525      81
526      84
527      0
528      99
529      75
530      0
531      88
532      0
533      38
534      0
535      89
536      100
537      66
538      0
539      82
540      91
541      0
542      41
543      0
544      52
545      99
546      41
547      0
548      0
549      40
550      0
551      56
552      68
553      42
554      98
555      0
556      68
557      79
558      95
559      72
560      53
561      96
562      99
563      76
564      87
565      0
566      52
567      37
568      52
569      48
570      88
571      57
572      0
573      69
574      53
575      0
576      0
577      99
578      0
579      58
580      66
581      80
582      94
583      45
584      59
585      0
586      0
587      82
588      0
589      96
590      42
591      70
592      76
593      0
594      48
595      0
596      0
597      93
598      0
599      0
600      0
601      71
602      99
603      0
604      0
605      91
606      57
607      93
608      0
609      0
610      93
611      0
612      62
613      80
614      41
615      99
616      98
617      62
618      0
619      0
620      47
621      68
622      0
623      0
624      53
625      0
626      0
627      63
628      53
629      98
630      0
631      0
632      0
633      93
634      70
635      99
636      0
637      0
638      74
639      0
640      99
641      95
642      97
643      70
644      70
645      0
646      0
647      74
648      44
649      0
650      0
651      0
652      69
653      53
654      0
655      0
656      0
657      96
658      92
659      0
660      0
661      79
662      0
663      0
664      84
665      78
666      0
667      0
668      67
669      0
670      0
671      0
672      71
673      0
674      0
675      97
676      83
677      0
678      0
679      0
680      0
681      0
682      46
683      67
684      95
685      87
686      81
687      76
688      0
689      77
690      0
691      0
692      100
693      94
694      52
695      98
696      0
697      0
698      0
699      0
700      0
701      95
702      79
703      39
704      0
705      82
706      0
707      0
708      0
709      0
710      0
711      0
712      50
713      97
714      96
715      95
716      0
717      0
718      0
719      77
720      0
721      100
722      99
723      94
724      78
725      0
726      0
727      0
728      86
729      31
730      87
731      97
732      0
733      53
734      0
735      53
736      0
737      0
738      74
739      0
740      49
741      0
742      78
743      51
744      0
745      60
746      98
747      93
748      0
749      81
750      0
751      0
752      74
753      87
754      44
755      0
756      0
757      0
758      62
759      0
760      70
761      0
762      51
763      0
764      92
765      45
766      67
767      76
768      77
769      0
770      0
771      47
772      0
773      52
774      90
775      0
776      0
777      55
778      0
779      0
780      79
781      68
782      0
783      70
784      84
785      51
786      0
787      90
788      0
789      0
790      79
791      0
792      88
793      49
794      59
795      0
796      0
797      94
798      0
799      98
800      58
801      0
802      53
803      40
804      0
805      90
806      64
807      53
808      98
809      96
810      0
811      66
812      98
813      0
814      0
815      0
816      0
817      85
818      64
819      93
820      78
821      56
822      97
823      66
824      0
825      66
826      99
827      99
828      0
829      0
830      90
831      68
832      98
833      0
834      0
835      97
836      90
837      85
838      0
839      66
840      0
841      91
842      91
843      0
844      0
845      0
846      0
847      68
848      99
849      78
850      94
851      40
852      76
853      0
854      94
855      0
856      0
857      0
858      90
859      80
860      0
861      62
862      57
863      58
864      0
865      97
866      0
867      95
868      100
869      93
870      0
871      48
872      70
873      0
874      77
875      0
876      59
877      37
878      0
879      44
880      85
881      0
882      46
883      0
884      90
885      79
886      0
887      0
888      0
889      0
890      84
891      0
892      68
893      88
894      72
895      91
896      99
897      71
898      96
899      89
900      0
901      0
902      60
903      0
904      0
905      67
906      80
907      0
908      65
909      0
910      80
911      58
912      79
913      98
914      0
915      0
916      73
917      0
918      62
919      89
920      89
921      100
922      0
923      0
924      99
925      0
926      100
927      0
928      98
929      95
930      99
931      51
932      0
933      98
934      67
935      0
936      98
937      0
938      52
939      78
940      63
941      0
942      0
943      89
944      85
945      0
946      99
947      0
948      0
949      0
950      0
951      98
952      0
953      99
954      73
955      93
956      0
957      56
958      91
959      0
960      85
961      0
962      84
963      89
964      0
965      0
966      89
967      99
968      0
969      0
970      32
971      0
972      90
973      82
974      62
975      0
976      65
977      0
978      0
979      0
980      0
981      98
982      0
983      95
984      54
985      0
986      100
987      0
988      0
989      68
990      0
991      92
992      90
993      0
994      0
995      0
996      0
997      45
998      0
999      68
1000      0
1001      0
1002      86
1003      100
1004      54
1005      70
1006      97
1007      0
1008      47
1009      0
1010      74
1011      0
1012      0
1013      93
1014      95
1015      70
1016      80
1017      0
1018      0
1019      64
1020      96
1021      63
1022      88
1023      0
1024      64
1025      0
1026      90
1027      0
1028      95
1029      75
1030      0
1031      83
1032      90
1033      98
1034      81
1035      0
1036      63
1037      0
1038      0
1039      0
1040      58
1041      59
1042      0
1043      73
1044      79
1045      81
1046      48
1047      68
1048      93
1049      0
1050      66
1051      85
1052      83
1053      67
1054      98
1055      75
1056      0
1057      72
1058      96
1059      0
1060      0
1061      72
1062      0
1063      89
1064      0
1065      0
1066      73
1067      68
1068      84
1069      96
1070      98
1071      91
1072      0
1073      86
1074      0
1075      0
1076      91
1077      0
1078      81
1079      0
1080      60
1081      0
1082      56
1083      91
1084      89
1085      100
1086      0
1087      90
1088      0
1089      0
1090      58
1091      0
1092      97
1093      81
1094      0
1095      83
1096      97
1097      89
1098      89
1099      96
1100      0
1101      0
1102      36
1103      0
1104      44
1105      98
1106      40
1107      73
1108      56
1109      0
1110      84
1111      64
1112      93
1113      90
1114      80
1115      68
1116      86
1117      53
1118      65
1119      95
1120      100
1121      0
1122      0
1123      100
1124      99
1125      0
1126      0
1127      99
1128      86
1129      77
1130      96
1131      81
1132      0
1133      0
1134      0
1135      59
1136      70
1137      94
1138      87
1139      0
1140      0
1141      100
1142      93
1143      0
1144      53
1145      0
1146      0
1147      82
1148      0
1149      37
1150      0
1151      47
1152      73
1153      68
1154      92
1155      0
1156      0
1157      0
1158      0
1159      85
1160      66
1161      99
1162      63
1163      0
1164      0
1165      0
1166      0
1167      0
1168      89
1169      0
1170      88
1171      94
1172      0
1173      79
1174      78
1175      0
1176      0
1177      0
1178      0
1179      85
1180      0
1181      48
1182      0
1183      58
1184      0
1185      77
1186      0
1187      76
1188      81
1189      0
1190      0
1191      87
1192      88
1193      0
1194      0
1195      0
1196      0
1197      79
1198      52
1199      85
1200      0
1201      66
1202      94
1203      0
1204      46
1205      78
1206      0
1207      95
1208      0
1209      0
1210      0
1211      0
1212      0
1213      0
1214      0
1215      0
1216      97
1217      62
1218      48
1219      0
1220      99
1221      54
1222      0
1223      78
1224      0
1225      0
1226      99
1227      0
1228      82
1229      85
1230      74
1231      75
1232      42
1233      94
1234      0
1235      0
1236      77
1237      0
1238      0
1239      83
1240      98
1241      93
1242      81
1243      83
1244      0
1245      0
1246      100
1247      94
1248      100
1249      62
1250      97
1251      48
1252      0
1253      85
1254      99
1255      0
1256      82
1257      0
1258      96
1259      91
1260      0
1261      100
1262      53
1263      98
1264      100
1265      89
1266      82
1267      62
1268      84
1269      88
1270      92
1271      0
1272      95
1273      94
1274      87
1275      53
1276      0
1277      0
1278      0
1279      0
1280      88
1281      0
1282      63
1283      59
1284      0
1285      84
1286      0
1287      55
1288      47
1289      55
1290      99
1291      0
1292      0
1293      54
1294      87
1295      0
1296      0
1297      95
1298      74
1299      0
1300      0
1301      0
1302      42
1303      0
1304      93
1305      100
1306      0
1307      96
1308      96
1309      0
1310      0
1311      0
1312      75
1313      0
1314      97
1315      80
1316      0
1317      0
1318      100
1319      58
1320      76
1321      0
1322      81
1323      0
1324      82
1325      85
1326      62
1327      80
1328      83
1329      56
1330      40
1331      0
1332      57
1333      94
1334      64
1335      98
1336      0
1337      84
1338      0
1339      79
1340      0
1341      93
1342      44
1343      0
1344      38
1345      62
1346      50
1347      85
1348      100
1349      99
1350      54
1351      0
1352      0
1353      50
1354      98
1355      84
1356      100
1357      93
1358      64
1359      62
1360      73
1361      98
1362      89
1363      0
1364      0
1365      63
1366      97
1367      42
1368      96
1369      0
1370      83
1371      0
1372      38
1373      77
1374      56
1375      93
1376      76
1377      86
1378      0
1379      0
1380      64
1381      0
1382      0
1383      94
1384      0
1385      96
1386      96
1387      77
1388      96
1389      50
1390      0
1391      62
1392      0
1393      0
1394      92
1395      0
1396      69
1397      74
1398      45
1399      78
1400      52
1401      0
1402      0
1403      0
1404      73
1405      81
1406      95
1407      0
1408      82
1409      0
1410      0
1411      96
1412      0
1413      0
1414      76
1415      0
1416      100
1417      93
1418      0
1419      81
1420      53
1421      0
1422      55
1423      0
1424      68
1425      0
1426      0
1427      91
1428      81
1429      0
1430      0
1431      54
1432      94
1433      0
1434      0
1435      0
1436      91
1437      0
1438      0
1439      0
1440      69
1441      79
1442      0
1443      71
1444      95
1445      69
1446      86
1447      99
1448      100
1449      84
1450      60
1451      100
1452      76
1453      57
1454      88
1455      61
1456      0
1457      73
1458      0
1459      75
1460      0
1461      0
1462      78
1463      76
1464      0
1465      0
1466      53
1467      75
1468      73
1469      68
1470      81
1471      96
1472      59
1473      0
1474      0
1475      0
1476      84
1477      0
1478      65
1479      100
1480      0
1481      44
1482      0
1483      81
1484      0
1485      63
1486      50
1487      66
1488      72
1489      68
1490      64
1491      73
1492      0
1493      100
1494      0
1495      57
1496      86
1497      0
1498      56
1499      99
1500      78
1501      80
1502      0
1503      0
1504      0
1505      0
1506      0
1507      0
1508      87
1509      0
1510      0
1511      48
1512      0
1513      90
1514      58
1515      89
1516      97
1517      98
1518      61
1519      91
1520      0
1521      0
1522      0
1523      70
1524      76
1525      0
1526      0
1527      0
1528      0
1529      0
1530      46
1531      98
1532      0
1533      40
1534      59
1535      100
1536      42
1537      80
1538      99
1539      75
1540      0
1541      0
1542      81
1543      90
1544      82
1545      56
1546      0
1547      0
1548      61
1549      0
1550      83
1551      0
1552      98
1553      0
1554      77
1555      0
1556      0
1557      0
1558      87
1559      79
1560      99
1561      45
1562      100
1563      0
1564      0
1565      0
1566      0
1567      73
1568      0
1569      69
1570      99
1571      0
1572      0
1573      98
1574      0
1575      100
1576      45
1577      100
1578      95
1579      60
1580      0
1581      73
1582      0
1583      0
1584      0
1585      0
1586      0
1587      45
1588      97
1589      0
1590      0
1591      0
1592      0
1593      0
1594      94
1595      46
1596      0
1597      49
1598      74
1599      0
1600      0
1601      97
1602      0
1603      0
1604      94
1605      0
1606      51
1607      99
1608      60
1609      0
1610      81
1611      84
1612      0
1613      83
1614      0
1615      94
1616      54
1617      0
1618      46
1619      91
1620      91
1621      54
1622      100
1623      58
1624      52
1625      0
1626      89
1627      35
1628      88
1629      43
1630      78
1631      0
1632      0
1633      52
1634      80
1635      58
1636      95
1637      80
1638      0
1639      93
1640      96
1641      0
1642      61
1643      0
1644      51
1645      99
1646      0
1647      80
1648      0
1649      52
1650      0
1651      0
1652      93
1653      87
1654      96
1655      46
1656      83
1657      96
1658      0
1659      91
1660      0
1661      0
1662      93
1663      0
1664      0
1665      77
1666      93
1667      0
1668      0
1669      0
1670      96
1671      0
1672      0
1673      52
1674      0
1675      0
1676      0
1677      59
1678      0
1679      96
1680      99
1681      0
1682      0
1683      0
1684      99
1685      0
1686      71
1687      53
1688      96
1689      0
1690      97
1691      84
1692      95
1693      0
1694      99
1695      0
1696      79
1697      0
1698      82
1699      88
1700      99
1701      37
1702      84
1703      94
1704      85
1705      100
1706      72
1707      63
1708      0
1709      61
1710      0
1711      0
1712      59
1713      73
1714      67
1715      90
1716      91
1717      0
1718      90
1719      100
1720      0
1721      0
1722      99
1723      74
1724      0
1725      0
1726      54
1727      0
1728      75
1729      94
1730      0
1731      99
1732      70
1733      91
1734      95
1735      95
1736      0
1737      98
1738      48
1739      83
1740      78
1741      0
1742      0
1743      100
1744      90
1745      0
1746      75
1747      0
1748      95
1749      0
1750      52
1751      0
1752      0
1753      95
1754      0
1755      0
1756      0
1757      0
1758      100
1759      52
1760      0
1761      0
1762      77
1763      40
1764      0
1765      81
1766      54
1767      0
1768      66
1769      100
1770      63
1771      96
1772      93
1773      0
1774      0
1775      47
1776      0
1777      76
1778      99
1779      97
1780      0
1781      0
1782      0
1783      0
1784      80
1785      0
1786      100
1787      60
1788      98
1789      61
1790      79
1791      68
1792      87
1793      70
1794      84
1795      0
1796      69
1797      0
1798      59
1799      59
1800      71
1801      85
1802      0
1803      0
1804      0
1805      0
1806      90
1807      37
1808      98
1809      95
1810      63
1811      100
1812      0
1813      94
1814      73
1815      0
1816      46
1817      99
1818      0
1819      47
1820      0
1821      0
1822      0
1823      78
1824      0
1825      49
1826      0
1827      59
1828      0
1829      0
1830      0
1831      36
1832      0
1833      82
1834      46
1835      96
1836      0
1837      0
1838      0
1839      67
1840      76
1841      0
1842      95
1843      76
1844      96
1845      0
1846      0
1847      58
1848      76
1849      67
1850      93
1851      0
1852      83
1853      79
1854      0
1855      0
1856      79
1857      97
1858      100
1859      83
1860      0
1861      0
1862      94
1863      0
1864      0
1865      0
1866      61
1867      99
1868      81
1869      58
1870      0
1871      100
1872      80
1873      0
1874      71
1875      0
1876      90
1877      0
1878      88
1879      100
1880      91
1881      0
1882      0
1883      0
1884      0
1885      0
1886      0
1887      0
1888      0
1889      0
1890      53
1891      62
1892      100
1893      0
1894      56
1895      0
1896      59
1897      0
1898      90
1899      39
1900      41
1901      0
1902      0
1903      69
1904      90
1905      0
1906      0
1907      95
1908      0
1909      69
1910      0
1911      0
1912      52
1913      93
1914      0
1915      90
1916      0
1917      87
1918      0
1919      95
1920      0
1921      99
1922      70
1923      99
1924      52
1925      83
1926      55
1927      56
1928      86
1929      0
1930      0
1931      52
1932      86
1933      0
1934      93
1935      0
1936      91
1937      95
1938      94
1939      0
1940      65
1941      67
1942      80
1943      0
1944      82
1945      0
1946      0
1947      0
1948      0
1949      0
1950      0
1951      77
1952      0
1953      72
1954      99
1955      57
1956      91
1957      0
1958      96
1959      75
1960      78
1961      0
1962      52
1963      59
1964      55
1965      0
1966      0
1967      98
1968      0
1969      69
1970      97
1971      41
1972      96
1973      0
1974      0
1975      100
1976      0
1977      96
1978      99
1979      98
1980      93
1981      71
1982      0
1983      49
1984      0
1985      98
1986      56
1987      47
1988      60
1989      44
1990      0
1991      78
1992      95
1993      91
1994      94
1995      0
1996      0
1997      79
1998      81
1999      60
2000      48
2001      0
2002      55
2003      0
2004      0
2005      100
2006      0
2007      100
2008      0
2009      81
2010      0
2011      85
2012      83
2013      0
2014      54
2015      0
2016      44
2017      56
2018      87
2019      0
2020      0
2021      88
2022      37
2023      72
2024      54
2025      95
2026      80
2027      93
2028      75
2029      0
2030      85
2031      56
2032      69
2033      0
2034      97
2035      71
2036      73
2037      88
2038      0
2039      0
2040      85
2041      96
2042      95
2043      78
2044      85
2045      0
2046      90
2047      69
2048      62
2049      45
2050      47
2051      0
2052      72
2053      0
2054      99
2055      0
2056      57
2057      71
2058      97
2059      97
2060      0
2061      78
2062      79
2063      0
2064      0
2065      51
2066      92
2067      0
2068      0
2069      90
2070      0
2071      97
2072      0
2073      0
2074      96
2075      54
2076      0
2077      75
2078      62
2079      38
2080      0
2081      0
2082      54
2083      72
2084      100
2085      99
2086      67
2087      78
2088      99
2089      67
2090      98
2091      0
2092      0
2093      0
2094      92
2095      0
2096      0
2097      100
2098      96
2099      83
2100      0
2101      0
2102      95
2103      0
2104      50
2105      0
2106      95
2107      0
2108      0
2109      100
2110      0
2111      94
2112      70
2113      0
2114      0
2115      0
2116      0
2117      0
2118      88
2119      0
2120      94
2121      0
2122      99
2123      68
2124      91
2125      38
2126      0
2127      0
2128      99
2129      91
2130      0
2131      88
2132      90
2133      71
2134      79
2135      0
2136      78
2137      0
2138      83
2139      64
2140      98
2141      73
2142      0
2143      0
2144      83
2145      77
2146      69
2147      67
2148      89
2149      53
2150      0
2151      0
2152      95
2153      61
2154      65
2155      71
2156      61
2157      0
2158      0
2159      78
2160      0
2161      0
2162      62
2163      94
2164      0
2165      0
2166      96
2167      0
2168      0
2169      96
2170      0
2171      0
2172      72
2173      70
2174      0
2175      58
2176      66
2177      88
2178      81
2179      88
2180      0
2181      80
2182      37
2183      88
2184      81
2185      0
2186      90
2187      0
2188      78
2189      81
2190      85
2191      83
2192      0
2193      0
2194      87
2195      93
2196      0
2197      55
2198      51
2199      95
2200      80
2201      0
2202      84
2203      0
2204      83
2205      82
2206      81
2207      0
2208      96
2209      85
2210      0
2211      0
2212      0
2213      73
2214      0
2215      56
2216      0
2217      99
2218      39
2219      0
2220      76
2221      48
2222      0
2223      0
2224      0
2225      77
2226      75
2227      0
2228      0
2229      0
2230      59
2231      0
2232      94
2233      0
2234      0
2235      0
2236      38
2237      0
2238      99
2239      0
2240      0
2241      63
2242      94
2243      0
2244      0
2245      91
2246      67
2247      86
2248      99
2249      0
2250      0
2251      88
2252      97
2253      55
2254      78
2255      0
2256      67
2257      45
2258      0
2259      79
2260      0
2261      88
2262      0
2263      87
2264      68
2265      67
2266      0
2267      88
2268      0
2269      99
2270      85
2271      97
2272      0
2273      80
2274      100
2275      85
2276      82
2277      0
2278      0
2279      99
2280      93
2281      0
2282      91
2283      0
2284      0
2285      0
2286      0
2287      0
2288      0
2289      53
2290      83
2291      100
2292      72
2293      0
2294      60
2295      0
2296      0
2297      93
2298      76
2299      0
2300      38
2301      0
2302      0
2303      90
2304      0
2305      0
2306      0
2307      0
2308      87
2309      75
2310      0
2311      0
2312      100
2313      85
2314      69
2315      0
2316      100
2317      98
2318      72
2319      91
2320      0
2321      84
2322      71
2323      0
2324      0
2325      68
2326      88
2327      59
2328      88
2329      81
2330      0
2331      99
2332      90
2333      99
2334      0
2335      54
2336      96
2337      0
2338      83
2339      0
2340      0
2341      86
2342      99
2343      80
2344      0
2345      0
2346      0
2347      0
2348      61
2349      0
2350      0
2351      91
2352      89
2353      0
2354      48
2355      98
2356      0
2357      93
2358      0
2359      0
2360      0
2361      80
2362      89
2363      0
2364      99
2365      98
2366      0
2367      0
2368      79
2369      0
2370      0
2371      87
2372      0
2373      58
2374      0
2375      0
2376      0
2377      99
2378      70
2379      0
2380      0
2381      0
2382      80
2383      77
2384      65
2385      0
2386      0
2387      0
2388      78
2389      0
2390      71
2391      86
2392      68
2393      0
2394      54
2395      0
2396      47
2397      0
2398      0
2399      77
2400      72
2401      78
2402      58
2403      0
2404      0
2405      64
2406      63
2407      0
2408      0
2409      0
2410      99
2411      67
2412      0
2413      85
2414      69
2415      0
2416      0
2417      0
2418      84
2419      0
2420      0
2421      0
2422      0
2423      47
2424      0
2425      89
2426      0
2427      40
2428      0
2429      63
2430      87
2431      65
2432      73
2433      88
2434      75
2435      99
2436      91
2437      0
2438      75
2439      0
2440      0
2441      72
2442      59
2443      0
2444      100
2445      75
2446      94
2447      0
2448      0
2449      0
2450      0
2451      0
2452      39
2453      62
2454      42
2455      78
2456      93
2457      0
2458      100
2459      83
2460      0
2461      0
2462      0
2463      72
2464      0
2465      88
2466      96
2467      0
2468      0
2469      99
2470      71
2471      85
2472      100
2473      100
2474      99
2475      0
2476      97
2477      0
2478      82
2479      0
2480      0
2481      0
2482      75
2483      0
2484      0
2485      66
2486      64
2487      91
2488      89
2489      56
2490      85
2491      99
2492      0
2493      60
2494      73
2495      0
2496      93
2497      55
2498      86
2499      70
       80618.7
