0      49
1      84
2      100
3      0
4      0
5      100
6      70
7      100
8      71
9      0
10      100
11      79
12      100
13      0
14      0
15      91
16      100
17      0
18      0
19      100
20      0
21      0
22      0
23      0
24      0
25      100
26      0
27      56
28      0
29      100
30      73
31      60
32      0
33      0
34      100
35      0
36      0
37      97
38      0
39      75
40      100
41      0
42      100
43      70
44      0
45      58
46      100
47      0
48      68
49      0
50      100
51      60
52      88
53      0
54      100
55      0
56      0
57      0
58      51
59      100
60      0
61      99
62      87
63      0
64      61
65      0
66      46
67      0
68      45
69      100
70      79
71      100
72      0
73      100
74      79
75      79
76      0
77      34
78      100
79      100
80      100
81      0
82      52
83      65
84      62
85      100
86      0
87      100
88      81
89      100
90      0
91      100
92      0
93      0
94      99
95      44
96      70
97      100
98      0
99      61
100      0
101      60
102      72
103      96
104      75
105      0
106      100
107      0
108      96
109      74
110      100
111      0
112      0
113      100
114      0
115      96
116      96
117      0
118      0
119      73
120      60
121      0
122      88
123      0
124      0
125      0
126      100
127      0
128      100
129      100
130      84
131      67
132      0
133      100
134      100
135      95
136      67
137      0
138      0
139      0
140      0
141      0
142      0
143      99
144      0
145      100
146      100
147      96
148      0
149      100
150      79
151      0
152      38
153      0
154      0
155      0
156      90
157      0
158      100
159      77
160      0
161      0
162      66
163      79
164      89
165      0
166      100
167      54
168      64
169      100
170      84
171      86
172      72
173      0
174      100
175      58
176      41
177      84
178      0
179      0
180      100
181      97
182      72
183      82
184      100
185      0
186      49
187      0
188      95
189      77
190      0
191      100
192      50
193      0
194      0
195      0
196      74
197      64
198      96
199      0
200      72
201      0
202      93
203      97
204      0
205      0
206      65
207      80
208      63
209      93
210      0
211      52
212      61
213      0
214      0
215      0
216      0
217      0
218      100
219      0
220      90
221      60
222      100
223      0
224      0
225      0
226      0
227      59
228      67
229      100
230      100
231      0
232      40
233      66
234      0
235      0
236      82
237      0
238      0
239      0
240      72
241      99
242      0
243      0
244      0
245      100
246      79
247      54
248      0
249      54
250      0
251      0
252      0
253      73
254      0
255      0
256      0
257      0
258      65
259      0
260      79
261      99
262      0
263      82
264      90
265      0
266      67
267      0
268      0
269      50
270      0
271      83
272      0
273      42
274      100
275      0
276      0
277      0
278      84
279      0
280      0
281      0
282      100
283      100
284      100
285      0
286      100
287      71
288      0
289      100
290      0
291      0
292      100
293      0
294      73
295      0
296      100
297      100
298      0
299      44
300      52
301      100
302      0
303      85
304      0
305      0
306      100
307      0
308      0
309      0
310      68
311      100
312      100
313      0
314      0
315      0
316      43
317      0
318      0
319      97
320      100
321      100
322      100
323      62
324      100
325      59
326      100
327      0
328      100
329      100
330      0
331      100
332      0
333      0
334      100
335      66
336      0
337      0
338      0
339      96
340      100
341      0
342      100
343      0
344      52
345      100
346      96
347      95
348      87
349      0
350      96
351      51
352      0
353      95
354      97
355      0
356      72
357      87
358      0
359      84
360      100
361      100
362      0
363      82
364      95
365      0
366      0
367      0
368      100
369      62
370      78
371      0
372      100
373      62
374      0
375      0
376      55
377      87
378      0
379      0
380      100
381      89
382      0
383      52
384      95
385      66
386      79
387      0
388      100
389      88
390      0
391      0
392      0
393      0
394      63
395      65
396      65
397      0
398      0
399      97
400      100
401      67
402      60
403      73
404      0
405      71
406      100
407      61
408      62
409      59
410      89
411      0
412      0
413      75
414      94
415      79
416      67
417      100
418      100
419      0
420      100
421      75
422      71
423      0
424      73
425      97
426      63
427      100
428      46
429      100
430      0
431      0
432      59
433      40
434      100
435      87
436      0
437      95
438      79
439      100
440      0
441      0
442      88
443      71
444      96
445      0
446      0
447      95
448      0
449      0
450      0
451      0
452      0
453      91
454      0
455      60
456      66
457      0
458      0
459      100
460      0
461      43
462      0
463      0
464      49
465      49
466      0
467      72
468      0
469      0
470      96
471      82
472      82
473      0
474      44
475      100
476      0
477      43
478      100
479      73
480      63
481      0
482      54
483      96
484      73
485      100
486      49
487      0
488      100
489      0
490      57
491      79
492      93
493      0
494      0
495      100
496      79
497      99
498      49
499      49
       16435.8
