0      0
1      0
2      67
3      0
4      0
5      99
6      57
7      0
8      0
9      0
10      100
11      100
12      75
13      100
14      0
15      45
16      85
17      0
18      86
19      49
20      100
21      0
22      66
23      100
24      0
25      61
26      0
27      0
28      0
29      47
30      88
31      0
32      0
33      0
34      84
35      57
36      0
37      0
38      0
39      48
40      85
41      80
42      0
43      74
44      100
45      96
46      99
47      95
48      76
49      100
50      0
51      100
52      52
53      62
54      0
55      99
56      57
57      0
58      69
59      0
60      0
61      83
62      100
63      0
64      0
65      0
66      0
67      0
68      85
69      0
70      0
71      99
72      84
73      0
74      43
75      100
76      100
77      0
78      100
79      91
80      0
81      100
82      0
83      49
84      45
85      66
86      0
87      100
88      82
89      0
90      100
91      0
92      0
93      100
94      98
95      0
96      85
97      55
98      0
99      0
100      87
101      0
102      51
103      100
104      100
105      62
106      0
107      0
108      0
109      0
110      98
111      0
112      0
113      78
114      0
115      0
116      0
117      0
118      0
119      92
120      100
121      100
122      100
123      0
124      51
125      78
126      62
127      52
128      0
129      0
130      59
131      0
132      100
133      0
134      93
135      0
136      77
137      82
138      90
139      0
140      0
141      0
142      100
143      79
144      45
145      75
146      0
147      41
148      0
149      82
150      90
151      0
152      0
153      100
154      0
155      79
156      88
157      84
158      45
159      0
160      100
161      61
162      99
163      89
164      0
165      100
166      69
167      69
168      47
169      100
170      51
171      90
172      75
173      100
174      0
175      0
176      0
177      64
178      0
179      56
180      65
181      45
182      81
183      48
184      0
185      54
186      0
187      86
188      0
189      0
190      54
191      98
192      0
193      0
194      100
195      78
196      78
197      0
198      0
199      100
200      0
201      79
202      81
203      100
204      0
205      0
206      75
207      0
208      0
209      0
210      65
211      56
212      81
213      96
214      0
215      0
216      99
217      76
218      55
219      80
220      0
221      0
222      0
223      79
224      0
225      66
226      100
227      82
228      82
229      100
230      62
231      98
232      69
233      90
234      78
235      100
236      0
237      100
238      0
239      72
240      0
241      51
242      99
243      100
244      76
245      0
246      0
247      0
248      0
249      0
250      59
251      100
252      88
253      92
254      0
255      84
256      0
257      80
258      100
259      0
260      0
261      100
262      0
263      58
264      99
265      0
266      100
267      0
268      84
269      100
270      100
271      0
272      0
273      72
274      40
275      100
276      0
277      100
278      62
279      100
280      62
281      0
282      47
283      0
284      82
285      0
286      100
287      100
288      0
289      0
290      0
291      100
292      0
293      100
294      0
295      0
296      0
297      88
298      0
299      61
300      52
301      0
302      92
303      92
304      0
305      0
306      0
307      0
308      85
309      82
310      82
311      100
312      57
313      90
314      0
315      0
316      0
317      71
318      70
319      0
320      100
321      88
322      57
323      100
324      0
325      68
326      0
327      0
328      0
329      57
330      100
331      100
332      80
333      98
334      62
335      0
336      0
337      0
338      100
339      85
340      76
341      0
342      100
343      100
344      0
345      0
346      0
347      83
348      0
349      0
350      43
351      78
352      0
353      88
354      89
355      51
356      0
357      0
358      0
359      0
360      0
361      0
362      0
363      99
364      100
365      100
366      98
367      100
368      75
369      0
370      90
371      0
372      100
373      69
374      76
375      0
376      87
377      66
378      58
379      0
380      0
381      44
382      100
383      82
384      62
385      100
386      0
387      45
388      0
389      0
390      71
391      0
392      57
393      66
394      58
395      97
396      99
397      0
398      100
399      66
400      78
401      84
402      76
403      60
404      100
405      85
406      0
407      0
408      0
409      100
410      66
411      100
412      0
413      0
414      0
415      86
416      100
417      58
418      75
419      69
420      100
421      0
422      0
423      76
424      0
425      0
426      0
427      0
428      62
429      61
430      100
431      85
432      86
433      100
434      100
435      100
436      0
437      0
438      83
439      85
440      0
441      86
442      66
443      0
444      100
445      0
446      100
447      67
448      66
449      100
450      60
451      87
452      100
453      72
454      0
455      90
456      0
457      0
458      46
459      0
460      100
461      0
462      0
463      100
464      68
465      0
466      100
467      80
468      0
469      100
470      0
471      0
472      0
473      53
474      63
475      80
476      69
477      0
478      0
479      45
480      0
481      100
482      83
483      0
484      0
485      46
486      100
487      38
488      63
489      89
490      100
491      100
492      94
493      100
494      95
495      92
496      0
497      98
498      57
499      0
       16369.5
