0      0
1      0
2      0
3      51
4      0
5      98
6      0
7      59
8      83
9      100
10      68
11      93
12      60
13      55
14      0
15      0
16      95
17      70
18      0
19      61
20      100
21      0
22      52
23      0
24      0
25      92
26      100
27      0
28      99
29      0
30      0
31      78
32      0
33      90
34      78
35      74
36      0
37      80
38      0
39      84
40      82
41      100
42      100
43      80
44      90
45      0
46      96
47      0
48      56
49      0
50      0
51      93
52      66
53      100
54      54
55      0
56      82
57      0
58      69
59      0
60      99
61      68
62      100
63      100
64      58
65      0
66      0
67      100
68      84
69      98
70      100
71      0
72      75
73      71
74      64
75      100
76      60
77      75
78      100
79      100
80      0
81      57
82      100
83      100
84      0
85      0
86      100
87      91
88      0
89      0
90      0
91      0
92      0
93      45
94      0
95      100
96      47
97      0
98      0
99      64
100      100
101      42
102      100
103      64
104      57
105      63
106      0
107      0
108      65
109      94
110      0
111      0
112      0
113      100
114      90
115      99
116      0
117      0
118      100
119      42
120      0
121      100
122      0
123      43
124      0
125      84
126      0
127      0
128      90
129      56
130      94
131      48
132      0
133      0
134      76
135      0
136      90
137      97
138      79
139      70
140      0
141      0
142      0
143      0
144      93
145      0
146      46
147      99
148      59
149      0
150      99
151      64
152      100
153      50
154      76
155      43
156      97
157      0
158      0
159      0
160      100
161      0
162      0
163      0
164      0
165      61
166      40
167      81
168      47
169      0
170      82
171      99
172      0
173      0
174      0
175      55
176      0
177      84
178      88
179      0
180      100
181      0
182      0
183      63
184      79
185      90
186      96
187      0
188      76
189      43
190      0
191      71
192      0
193      99
194      36
195      0
196      83
197      68
198      100
199      79
200      81
201      0
202      52
203      0
204      56
205      0
206      97
207      0
208      0
209      78
210      51
211      52
212      100
213      61
214      71
215      0
216      59
217      57
218      61
219      100
220      99
221      0
222      0
223      0
224      100
225      0
226      62
227      0
228      0
229      93
230      0
231      80
232      0
233      45
234      41
235      0
236      80
237      0
238      0
239      47
240      74
241      0
242      0
243      85
244      100
245      62
246      73
247      100
248      87
249      80
250      72
251      0
252      56
253      0
254      90
255      0
256      99
257      83
258      86
259      50
260      99
261      59
262      84
263      83
264      0
265      0
266      0
267      92
268      59
269      0
270      45
271      95
272      0
273      0
274      72
275      0
276      0
277      0
278      0
279      0
280      80
281      76
282      79
283      92
284      98
285      0
286      85
287      76
288      70
289      0
290      57
291      0
292      90
293      100
294      63
295      0
296      47
297      83
298      94
299      81
300      0
301      93
302      0
303      0
304      81
305      70
306      88
307      39
308      0
309      80
310      86
311      0
312      77
313      79
314      50
315      91
316      96
317      0
318      99
319      0
320      0
321      97
322      70
323      0
324      68
325      100
326      0
327      0
328      43
329      0
330      0
331      0
332      90
333      99
334      100
335      58
336      84
337      91
338      100
339      47
340      55
341      95
342      96
343      0
344      85
345      88
346      0
347      0
348      59
349      0
350      0
351      0
352      91
353      42
354      0
355      0
356      0
357      0
358      93
359      68
360      0
361      0
362      58
363      72
364      100
365      0
366      83
367      0
368      0
369      83
370      97
371      99
372      57
373      100
374      87
375      100
376      50
377      0
378      0
379      93
380      0
381      65
382      88
383      94
384      91
385      81
386      72
387      68
388      0
389      94
390      94
391      0
392      100
393      100
394      0
395      84
396      0
397      43
398      93
399      68
400      0
401      52
402      0
403      0
404      100
405      0
406      89
407      100
408      54
409      0
410      88
411      100
412      0
413      98
414      51
415      0
416      100
417      60
418      90
419      81
420      100
421      93
422      82
423      0
424      72
425      100
426      69
427      0
428      88
429      0
430      96
431      56
432      98
433      100
434      0
435      55
436      100
437      0
438      95
439      0
440      0
441      100
442      100
443      0
444      0
445      0
446      0
447      0
448      99
449      99
450      96
451      0
452      0
453      53
454      0
455      0
456      0
457      89
458      69
459      100
460      0
461      0
462      98
463      0
464      61
465      0
466      0
467      62
468      0
469      84
470      0
471      0
472      0
473      100
474      61
475      0
476      0
477      77
478      35
479      0
480      0
481      78
482      0
483      0
484      100
485      0
486      0
487      70
488      0
489      97
490      0
491      47
492      58
493      0
494      100
495      90
496      68
497      0
498      61
499      77
500      100
501      0
502      0
503      93
504      0
505      99
506      0
507      0
508      0
509      64
510      0
511      84
512      100
513      88
514      64
515      79
516      63
517      70
518      0
519      0
520      80
521      74
522      93
523      69
524      0
525      0
526      0
527      64
528      46
529      100
530      91
531      0
532      0
533      0
534      76
535      89
536      100
537      0
538      99
539      0
540      44
541      61
542      98
543      0
544      83
545      0
546      88
547      88
548      99
549      0
550      0
551      100
552      56
553      0
554      99
555      90
556      76
557      77
558      0
559      65
560      99
561      100
562      0
563      98
564      0
565      0
566      84
567      0
568      0
569      80
570      83
571      0
572      59
573      0
574      60
575      68
576      0
577      100
578      100
579      0
580      0
581      0
582      0
583      93
584      100
585      0
586      47
587      0
588      0
589      99
590      0
591      99
592      82
593      0
594      0
595      0
596      97
597      0
598      0
599      76
600      0
601      67
602      49
603      0
604      0
605      0
606      0
607      0
608      81
609      80
610      100
611      95
612      61
613      0
614      100
615      79
616      0
617      0
618      96
619      0
620      0
621      81
622      0
623      100
624      100
625      99
626      90
627      99
628      0
629      60
630      0
631      54
632      0
633      100
634      0
635      84
636      91
637      0
638      84
639      61
640      73
641      0
642      100
643      99
644      0
645      0
646      80
647      91
648      0
649      54
650      0
651      96
652      70
653      96
654      0
655      96
656      66
657      99
658      0
659      0
660      0
661      54
662      0
663      98
664      90
665      100
666      89
667      83
668      87
669      65
670      0
671      0
672      82
673      0
674      76
675      0
676      66
677      100
678      0
679      0
680      76
681      0
682      46
683      68
684      100
685      100
686      88
687      0
688      0
689      96
690      0
691      0
692      0
693      0
694      0
695      80
696      100
697      94
698      80
699      64
700      76
701      47
702      100
703      72
704      0
705      79
706      100
707      79
708      0
709      0
710      71
711      65
712      0
713      0
714      0
715      0
716      0
717      0
718      76
719      0
720      0
721      68
722      0
723      74
724      0
725      0
726      90
727      83
728      85
729      93
730      0
731      72
732      89
733      57
734      85
735      0
736      72
737      76
738      72
739      0
740      100
741      77
742      0
743      0
744      0
745      0
746      53
747      0
748      0
749      0
750      76
751      99
752      0
753      100
754      0
755      0
756      0
757      0
758      75
759      62
760      55
761      0
762      52
763      57
764      0
765      67
766      83
767      88
768      52
769      0
770      0
771      0
772      87
773      100
774      90
775      99
776      0
777      84
778      100
779      95
780      82
781      56
782      0
783      97
784      0
785      100
786      54
787      100
788      83
789      81
790      0
791      0
792      78
793      0
794      0
795      100
796      0
797      100
798      43
799      0
800      67
801      0
802      84
803      0
804      0
805      91
806      54
807      99
808      77
809      0
810      0
811      0
812      0
813      93
814      52
815      0
816      0
817      0
818      0
819      100
820      80
821      93
822      0
823      56
824      67
825      0
826      0
827      58
828      84
829      97
830      36
831      0
832      81
833      0
834      80
835      35
836      99
837      90
838      0
839      99
840      0
841      62
842      0
843      65
844      0
845      0
846      0
847      86
848      72
849      43
850      0
851      0
852      0
853      79
854      0
855      0
856      100
857      43
858      0
859      94
860      75
861      0
862      100
863      0
864      0
865      0
866      44
867      71
868      100
869      58
870      58
871      100
872      0
873      0
874      0
875      100
876      100
877      0
878      76
879      0
880      0
881      0
882      83
883      0
884      0
885      67
886      100
887      55
888      0
889      88
890      57
891      71
892      77
893      72
894      0
895      0
896      76
897      96
898      100
899      0
900      0
901      100
902      93
903      0
904      81
905      0
906      0
907      96
908      82
909      100
910      98
911      0
912      100
913      0
914      0
915      0
916      83
917      0
918      0
919      54
920      0
921      0
922      0
923      72
924      93
925      100
926      47
927      93
928      64
929      0
930      90
931      73
932      0
933      36
934      0
935      0
936      41
937      100
938      77
939      97
940      97
941      73
942      71
943      77
944      0
945      0
946      100
947      89
948      77
949      88
950      0
951      94
952      79
953      76
954      0
955      0
956      0
957      88
958      76
959      85
960      0
961      0
962      0
963      0
964      83
965      0
966      88
967      99
968      89
969      0
970      0
971      0
972      0
973      73
974      0
975      0
976      58
977      99
978      97
979      80
980      0
981      0
982      77
983      0
984      43
985      0
986      52
987      58
988      77
989      80
990      84
991      79
992      69
993      0
994      67
995      81
996      80
997      75
998      0
999      73
       34423.5
