0      56
1      100
2      0
3      0
4      50
5      91
6      0
7      0
8      72
9      0
10      0
11      70
12      100
13      0
14      100
15      96
16      99
17      0
18      100
19      0
20      0
21      55
22      0
23      100
24      100
25      0
26      83
27      0
28      57
29      0
30      100
31      51
32      0
33      77
34      0
35      96
36      0
37      100
38      0
39      0
40      97
41      42
42      91
43      74
44      0
45      100
46      52
47      100
48      0
49      0
50      100
51      65
52      0
53      77
54      96
55      100
56      100
57      95
58      0
59      56
60      100
61      0
62      83
63      0
64      100
65      0
66      78
67      0
68      0
69      0
70      0
71      83
72      0
73      100
74      0
75      0
76      91
77      83
78      91
79      65
80      0
81      75
82      100
83      100
84      100
85      0
86      100
87      0
88      100
89      0
90      100
91      71
92      0
93      0
94      63
95      0
96      87
97      0
98      0
99      55
       2802.66
