0      0
1      0
2      77
3      0
4      62
5      100
6      45
7      0
8      72
9      70
10      0
11      0
12      98
13      27
14      0
15      0
16      100
17      0
18      79
19      0
20      79
21      56
22      0
23      0
24      96
25      89
26      0
27      100
28      0
29      61
30      0
31      70
32      63
33      60
34      0
35      62
36      60
37      86
38      69
39      60
40      49
41      73
42      0
43      81
44      0
45      97
46      86
47      100
48      0
49      100
       1826.23
