0      54
1      83
2      0
3      87
4      74
5      0
6      0
7      36
8      0
9      100
10      0
11      100
12      68
13      100
14      97
15      98
16      79
17      71
18      0
19      0
20      0
21      0
22      99
23      100
24      0
25      0
26      0
27      99
28      72
29      0
30      93
31      0
32      46
33      99
34      100
35      0
36      0
37      0
38      58
39      88
40      0
41      100
42      0
43      73
44      73
45      0
46      0
47      100
48      100
49      0
50      77
51      79
52      0
53      95
54      61
55      0
56      100
57      100
58      52
59      87
60      100
61      88
62      0
63      67
64      0
65      0
66      0
67      0
68      0
69      88
70      100
71      100
72      0
73      0
74      100
75      99
76      100
77      92
78      93
79      0
80      0
81      71
82      0
83      53
84      0
85      54
86      86
87      66
88      97
89      61
90      99
91      0
92      83
93      100
94      0
95      100
96      0
97      0
98      100
99      100
100      0
101      52
102      0
103      97
104      70
105      79
106      89
107      99
108      54
109      0
110      53
111      73
112      100
113      0
114      100
115      86
116      53
117      0
118      86
119      0
120      0
121      68
122      0
123      0
124      50
125      97
126      0
127      0
128      0
129      0
130      0
131      88
132      92
133      73
134      83
135      0
136      100
137      0
138      52
139      0
140      58
141      49
142      100
143      100
144      100
145      0
146      98
147      100
148      68
149      0
150      46
151      89
152      100
153      100
154      0
155      100
156      70
157      100
158      69
159      0
160      100
161      82
162      100
163      0
164      0
165      0
166      0
167      0
168      0
169      100
170      0
171      0
172      0
173      0
174      0
175      0
176      0
177      54
178      100
179      100
180      76
181      58
182      0
183      0
184      100
185      0
186      0
187      97
188      0
189      76
190      100
191      0
192      99
193      75
194      0
195      60
196      99
197      0
198      58
199      0
       6565.62
