0      78
1      89
2      0
3      51
4      96
5      100
6      100
7      0
8      0
9      100
10      0
11      0
12      100
13      80
14      0
15      0
16      73
17      67
18      0
19      71
20      0
21      71
22      0
23      0
24      92
25      0
26      85
27      90
28      0
29      0
30      77
31      51
32      100
33      0
34      75
35      0
36      0
37      91
38      0
39      0
40      94
41      100
42      0
43      100
44      96
45      0
46      100
47      97
48      0
49      0
50      0
51      0
52      100
53      0
54      100
55      63
56      0
57      0
58      80
59      100
60      59
61      100
62      64
63      100
64      0
65      80
66      93
67      100
68      0
69      0
70      84
71      100
72      0
73      91
74      100
75      41
76      80
77      0
78      0
79      100
80      0
81      0
82      96
83      80
84      78
85      83
86      0
87      59
88      81
89      0
90      51
91      89
92      0
93      77
94      92
95      95
96      82
97      0
98      0
99      0
       2947.07
