0      95
1      84
2      0
3      90
4      0
5      0
6      64
7      88
8      100
9      54
10      0
11      0
12      100
13      60
14      87
15      54
16      68
17      100
18      100
19      0
20      88
21      92
22      100
23      0
24      100
25      0
26      84
27      48
28      98
29      100
30      0
31      0
32      0
33      50
34      52
35      41
36      0
37      85
38      52
39      98
40      0
41      0
42      82
43      78
44      0
45      98
46      100
47      62
48      87
49      0
50      96
51      0
52      100
53      0
54      95
55      74
56      0
57      100
58      0
59      100
60      66
61      50
62      100
63      100
64      0
65      100
66      98
67      0
68      89
69      96
70      83
71      100
72      0
73      0
74      92
75      66
76      0
77      87
78      0
79      87
80      100
81      0
82      0
83      0
84      0
85      84
86      71
87      0
88      0
89      0
90      0
91      42
92      81
93      56
94      46
95      0
96      0
97      100
98      84
99      0
100      0
101      53
102      73
103      100
104      100
105      68
106      66
107      100
108      43
109      100
110      87
111      76
112      77
113      88
114      54
115      56
116      0
117      100
118      0
119      0
120      0
121      0
122      72
123      99
124      100
125      0
126      59
127      98
128      48
129      100
130      100
131      100
132      57
133      0
134      0
135      0
136      0
137      74
138      0
139      100
140      62
141      100
142      0
143      0
144      69
145      0
146      0
147      0
148      100
149      72
150      100
151      96
152      0
153      87
154      0
155      98
156      96
157      90
158      76
159      64
160      98
161      0
162      100
163      100
164      88
165      0
166      0
167      89
168      100
169      100
170      0
171      90
172      0
173      87
174      100
175      0
176      0
177      97
178      78
179      71
180      0
181      92
182      85
183      0
184      0
185      0
186      0
187      92
188      48
189      45
190      67
191      41
192      67
193      0
194      96
195      100
196      0
197      0
198      0
199      0
200      0
201      87
202      0
203      100
204      0
205      100
206      92
207      0
208      0
209      100
210      0
211      100
212      100
213      100
214      0
215      0
216      100
217      65
218      0
219      0
220      0
221      87
222      0
223      100
224      0
225      0
226      100
227      0
228      0
229      0
230      62
231      0
232      0
233      0
234      90
235      100
236      88
237      0
238      78
239      89
240      43
241      0
242      0
243      0
244      0
245      62
246      0
247      60
248      59
249      75
250      0
251      0
252      0
253      100
254      73
255      57
256      50
257      100
258      47
259      0
260      0
261      76
262      100
263      86
264      100
265      0
266      0
267      95
268      71
269      100
270      0
271      71
272      0
273      0
274      37
275      0
276      37
277      43
278      0
279      79
280      0
281      0
282      0
283      0
284      0
285      0
286      57
287      71
288      100
289      0
290      0
291      92
292      0
293      0
294      65
295      66
296      0
297      90
298      80
299      0
300      71
301      90
302      0
303      88
304      0
305      48
306      78
307      0
308      89
309      100
310      0
311      0
312      0
313      100
314      0
315      100
316      0
317      46
318      0
319      100
320      64
321      0
322      94
323      100
324      70
325      99
326      62
327      0
328      0
329      0
330      96
331      0
332      100
333      0
334      0
335      76
336      0
337      42
338      0
339      95
340      0
341      54
342      84
343      0
344      0
345      0
346      66
347      100
348      90
349      0
350      90
351      90
352      0
353      65
354      98
355      0
356      0
357      87
358      50
359      100
360      100
361      0
362      100
363      0
364      80
365      53
366      66
367      0
368      0
369      43
370      100
371      87
372      100
373      0
374      59
375      73
376      0
377      44
378      62
379      92
380      0
381      100
382      100
383      0
384      90
385      99
386      78
387      0
388      0
389      0
390      48
391      0
392      79
393      90
394      54
395      99
396      100
397      100
398      0
399      54
400      0
401      0
402      100
403      0
404      67
405      0
406      100
407      46
408      0
409      76
410      75
411      100
412      90
413      0
414      0
415      58
416      0
417      87
418      0
419      0
420      100
421      0
422      0
423      0
424      0
425      70
426      100
427      45
428      0
429      70
430      0
431      0
432      77
433      0
434      93
435      0
436      45
437      69
438      73
439      100
440      100
441      86
442      0
443      0
444      0
445      0
446      0
447      100
448      0
449      0
450      0
451      100
452      61
453      87
454      98
455      0
456      86
457      0
458      0
459      0
460      0
461      80
462      100
463      100
464      100
465      60
466      0
467      0
468      0
469      0
470      100
471      0
472      90
473      96
474      100
475      0
476      100
477      0
478      71
479      0
480      88
481      100
482      100
483      87
484      0
485      100
486      76
487      69
488      56
489      0
490      16
491      93
492      63
493      0
494      0
495      100
496      100
497      0
498      0
499      64
       16483.7
