0      0
1      0
2      94
3      83
4      100
5      0
6      100
7      46
8      0
9      0
10      93
11      0
12      0
13      97
14      60
15      63
16      0
17      0
18      59
19      0
20      96
21      100
22      0
23      100
24      0
25      52
26      100
27      76
28      0
29      100
30      0
31      0
32      89
33      71
34      0
35      97
36      0
37      80
38      0
39      58
40      0
41      100
42      98
43      69
44      53
45      88
46      0
47      61
48      0
49      0
50      89
51      0
52      47
53      0
54      0
55      0
56      0
57      78
58      0
59      65
60      100
61      0
62      0
63      100
64      85
65      0
66      60
67      100
68      50
69      0
70      100
71      0
72      68
73      0
74      83
75      0
76      100
77      69
78      0
79      0
80      0
81      0
82      0
83      65
84      0
85      0
86      98
87      80
88      0
89      57
90      99
91      70
92      48
93      96
94      0
95      79
96      0
97      100
98      71
99      53
100      0
101      0
102      0
103      66
104      60
105      0
106      0
107      0
108      86
109      100
110      96
111      25
112      100
113      80
114      0
115      0
116      0
117      0
118      0
119      0
120      88
121      0
122      0
123      0
124      56
125      59
126      0
127      100
128      73
129      0
130      0
131      0
132      0
133      100
134      0
135      0
136      0
137      68
138      0
139      37
140      65
141      91
142      64
143      77
144      0
145      45
146      0
147      62
148      89
149      0
150      60
151      49
152      0
153      0
154      86
155      100
156      0
157      0
158      80
159      0
160      0
161      0
162      0
163      100
164      100
165      0
166      0
167      93
168      73
169      0
170      0
171      0
172      73
173      67
174      0
175      64
176      83
177      100
178      0
179      90
180      0
181      0
182      68
183      83
184      0
185      0
186      98
187      74
188      100
189      0
190      77
191      0
192      0
193      70
194      88
195      0
196      100
197      0
198      100
199      0
200      85
201      100
202      75
203      0
204      94
205      85
206      86
207      66
208      89
209      91
210      61
211      100
212      71
213      0
214      94
215      0
216      0
217      100
218      100
219      100
220      91
221      0
222      89
223      0
224      0
225      81
226      0
227      0
228      67
229      0
230      100
231      80
232      100
233      0
234      86
235      56
236      91
237      100
238      94
239      0
240      0
241      96
242      82
243      0
244      100
245      72
246      0
247      100
248      75
249      0
250      62
251      67
252      52
253      100
254      100
255      87
256      73
257      0
258      70
259      0
260      0
261      56
262      43
263      81
264      68
265      0
266      74
267      100
268      100
269      0
270      72
271      100
272      43
273      0
274      50
275      74
276      89
277      78
278      96
279      0
280      0
281      91
282      0
283      0
284      85
285      100
286      100
287      69
288      0
289      0
290      0
291      0
292      0
293      53
294      0
295      0
296      77
297      73
298      59
299      100
300      89
301      0
302      0
303      0
304      98
305      0
306      99
307      0
308      72
309      72
310      0
311      0
312      0
313      0
314      92
315      0
316      72
317      100
318      0
319      91
320      41
321      0
322      67
323      0
324      0
325      96
326      100
327      72
328      75
329      100
330      0
331      95
332      100
333      68
334      100
335      0
336      80
337      75
338      0
339      100
340      67
341      0
342      50
343      75
344      0
345      0
346      0
347      0
348      0
349      0
350      0
351      63
352      0
353      0
354      100
355      0
356      48
357      55
358      85
359      60
360      0
361      0
362      0
363      0
364      0
365      75
366      57
367      67
368      99
369      100
370      85
371      100
372      100
373      100
374      68
375      0
376      100
377      76
378      96
379      95
380      0
381      0
382      43
383      0
384      100
385      0
386      58
387      0
388      0
389      0
390      73
391      65
392      0
393      0
394      100
395      68
396      0
397      51
398      0
399      80
400      100
401      91
402      95
403      0
404      100
405      83
406      75
407      72
408      0
409      87
410      0
411      100
412      0
413      60
414      68
415      96
416      90
417      84
418      0
419      76
420      85
421      0
422      0
423      81
424      98
425      0
426      0
427      79
428      93
429      72
430      100
431      100
432      94
433      100
434      100
435      0
436      94
437      0
438      91
439      0
440      100
441      100
442      0
443      89
444      100
445      0
446      84
447      0
448      0
449      100
450      61
451      100
452      100
453      0
454      84
455      0
456      0
457      100
458      0
459      89
460      0
461      0
462      100
463      0
464      0
465      0
466      100
467      0
468      63
469      0
470      96
471      44
472      73
473      100
474      0
475      100
476      0
477      0
478      68
479      75
480      0
481      43
482      75
483      83
484      0
485      100
486      0
487      65
488      0
489      0
490      73
491      91
492      100
493      0
494      100
495      0
496      35
497      0
498      0
499      0
500      0
501      90
502      87
503      0
504      84
505      0
506      83
507      46
508      67
509      99
510      0
511      82
512      0
513      0
514      0
515      0
516      88
517      100
518      75
519      0
520      0
521      100
522      0
523      82
524      52
525      44
526      0
527      87
528      54
529      0
530      72
531      0
532      0
533      0
534      66
535      50
536      87
537      81
538      99
539      0
540      0
541      51
542      79
543      0
544      100
545      54
546      52
547      0
548      0
549      100
550      65
551      89
552      0
553      56
554      62
555      78
556      100
557      61
558      0
559      79
560      74
561      0
562      0
563      0
564      0
565      0
566      0
567      82
568      76
569      71
570      68
571      0
572      0
573      0
574      100
575      55
576      80
577      77
578      0
579      0
580      0
581      0
582      100
583      0
584      64
585      0
586      58
587      47
588      0
589      0
590      65
591      76
592      0
593      0
594      0
595      0
596      0
597      0
598      100
599      43
600      0
601      100
602      72
603      0
604      0
605      0
606      75
607      100
608      100
609      58
610      71
611      80
612      0
613      0
614      88
615      0
616      75
617      100
618      67
619      100
620      0
621      100
622      58
623      0
624      96
625      47
626      86
627      0
628      48
629      61
630      0
631      0
632      0
633      100
634      0
635      100
636      0
637      88
638      100
639      85
640      100
641      0
642      89
643      54
644      0
645      0
646      0
647      68
648      0
649      0
650      58
651      0
652      85
653      79
654      50
655      90
656      0
657      60
658      63
659      68
660      46
661      82
662      0
663      55
664      0
665      62
666      0
667      100
668      0
669      0
670      89
671      58
672      100
673      73
674      90
675      89
676      100
677      73
678      0
679      0
680      100
681      80
682      59
683      100
684      95
685      0
686      55
687      0
688      0
689      0
690      0
691      83
692      0
693      93
694      59
695      100
696      89
697      90
698      60
699      0
700      49
701      79
702      100
703      100
704      100
705      49
706      100
707      60
708      86
709      65
710      0
711      0
712      58
713      47
714      71
715      98
716      0
717      0
718      100
719      83
720      84
721      67
722      91
723      0
724      60
725      0
726      0
727      42
728      58
729      50
730      76
731      58
732      77
733      0
734      93
735      65
736      90
737      100
738      0
739      0
740      0
741      100
742      0
743      0
744      64
745      0
746      100
747      96
748      83
749      0
750      79
751      0
752      100
753      100
754      83
755      0
756      87
757      100
758      94
759      0
760      76
761      83
762      0
763      0
764      0
765      85
766      0
767      0
768      53
769      89
770      0
771      72
772      100
773      0
774      0
775      91
776      100
777      0
778      49
779      89
780      0
781      0
782      73
783      87
784      0
785      100
786      0
787      47
788      99
789      100
790      0
791      96
792      82
793      0
794      0
795      0
796      86
797      55
798      0
799      93
800      0
801      100
802      0
803      0
804      85
805      73
806      60
807      63
808      0
809      0
810      45
811      0
812      100
813      0
814      0
815      0
816      0
817      75
818      100
819      0
820      90
821      100
822      0
823      0
824      76
825      58
826      0
827      100
828      100
829      0
830      0
831      0
832      100
833      0
834      0
835      0
836      43
837      0
838      0
839      60
840      0
841      95
842      83
843      94
844      94
845      73
846      48
847      87
848      0
849      0
850      0
851      100
852      92
853      42
854      80
855      0
856      100
857      46
858      0
859      68
860      0
861      0
862      95
863      0
864      0
865      100
866      35
867      89
868      0
869      0
870      87
871      87
872      94
873      71
874      100
875      95
876      86
877      57
878      0
879      0
880      87
881      51
882      65
883      84
884      100
885      0
886      60
887      0
888      56
889      44
890      100
891      0
892      0
893      0
894      0
895      100
896      0
897      0
898      43
899      60
900      82
901      100
902      0
903      43
904      85
905      97
906      100
907      83
908      0
909      78
910      49
911      100
912      56
913      56
914      0
915      53
916      0
917      52
918      83
919      0
920      0
921      0
922      79
923      71
924      82
925      87
926      0
927      0
928      86
929      0
930      99
931      0
932      100
933      0
934      87
935      39
936      83
937      0
938      100
939      0
940      0
941      74
942      68
943      0
944      74
945      100
946      0
947      0
948      0
949      0
950      0
951      0
952      100
953      100
954      56
955      0
956      61
957      100
958      83
959      75
960      67
961      0
962      0
963      95
964      49
965      85
966      75
967      0
968      82
969      83
970      89
971      81
972      57
973      66
974      47
975      0
976      0
977      0
978      0
979      59
980      57
981      100
982      0
983      80
984      85
985      0
986      87
987      89
988      52
989      0
990      87
991      70
992      94
993      94
994      80
995      82
996      0
997      0
998      100
999      0
       32420
