nlkp_c_500_0
500  100.000000  6925.957221
0.153054
0.125514
0.114198
0.124961
0.106014
0.131842
0.185834
0.105892
0.103339
0.167445
0.164275
0.184946
0.187752
0.179659
0.158675
0.194316
0.131388
0.144834
0.110249
0.136395
0.169223
0.126384
0.171867
0.179870
0.138104
0.120566
0.120979
0.163043
0.126660
0.163258
0.122470
0.186969
0.176943
0.134531
0.189436
0.108002
0.121439
0.118294
0.139208
0.146184
0.187526
0.133171
0.173620
0.167447
0.156016
0.195850
0.141789
0.134683
0.183491
0.129364
0.102962
0.181775
0.158667
0.125031
0.105120
0.103085
0.105722
0.130078
0.163090
0.198305
0.173006
0.122091
0.121897
0.155495
0.118713
0.194450
0.109414
0.124840
0.136437
0.116884
0.178132
0.185547
0.107230
0.121750
0.107418
0.173309
0.158190
0.142053
0.133124
0.165362
0.153274
0.116065
0.164511
0.139181
0.159991
0.186477
0.135528
0.178409
0.184552
0.129049
0.158114
0.103233
0.107561
0.182764
0.136394
0.130189
0.154778
0.141389
0.177309
0.100973
0.151301
0.135097
0.199554
0.145266
0.157085
0.196700
0.154861
0.189170
0.156702
0.161236
0.182369
0.185031
0.193726
0.129072
0.188022
0.150887
0.109016
0.101794
0.181821
0.150761
0.169022
0.140400
0.102103
0.179533
0.188427
0.195914
0.174759
0.103315
0.109539
0.113124
0.163125
0.199240
0.117611
0.112308
0.134909
0.107247
0.177530
0.155032
0.161016
0.133565
0.101893
0.113706
0.168749
0.111057
0.134079
0.135261
0.130897
0.134957
0.174242
0.171184
0.168443
0.116415
0.166471
0.180964
0.132207
0.122800
0.111975
0.112534
0.164892
0.156524
0.179537
0.144148
0.131340
0.109818
0.103204
0.115598
0.133454
0.129526
0.193480
0.154760
0.191708
0.138479
0.181671
0.142337
0.175674
0.158018
0.120317
0.135137
0.134478
0.195333
0.180994
0.132696
0.109347
0.142035
0.188949
0.139465
0.171991
0.151017
0.165561
0.136351
0.174167
0.175993
0.152637
0.113044
0.175588
0.159827
0.187945
0.110299
0.187247
0.164514
0.179517
0.145983
0.103795
0.149154
0.162880
0.199081
0.149963
0.170773
0.166077
0.142472
0.112983
0.120700
0.187221
0.140524
0.113340
0.152656
0.102343
0.149954
0.164407
0.184631
0.125743
0.106001
0.161627
0.196507
0.134599
0.198666
0.154167
0.155805
0.146762
0.151734
0.146712
0.130759
0.150429
0.147584
0.130209
0.109556
0.148213
0.100211
0.181234
0.117254
0.127633
0.161747
0.149516
0.138739
0.172041
0.174256
0.128137
0.197022
0.109099
0.156905
0.185351
0.152694
0.101746
0.116757
0.156512
0.135400
0.195262
0.115209
0.109680
0.100612
0.164436
0.198628
0.118907
0.129677
0.139564
0.140291
0.106585
0.173446
0.138727
0.114689
0.159893
0.151314
0.139506
0.131186
0.137179
0.134756
0.111284
0.145259
0.193019
0.118651
0.115640
0.152133
0.102813
0.156818
0.160398
0.190837
0.199951
0.144852
0.143472
0.124998
0.191909
0.195983
0.115345
0.129698
0.106650
0.111797
0.178289
0.132806
0.158783
0.189579
0.177878
0.161325
0.143931
0.102286
0.112900
0.120971
0.125929
0.157319
0.110776
0.192765
0.108128
0.141278
0.131841
0.127654
0.117567
0.130367
0.181121
0.143796
0.142668
0.123356
0.147686
0.120306
0.103316
0.122565
0.160453
0.194954
0.194202
0.116057
0.159350
0.153183
0.134505
0.188101
0.122996
0.190678
0.186234
0.125233
0.190724
0.151028
0.105187
0.125157
0.105975
0.193907
0.142663
0.184171
0.158496
0.125731
0.182791
0.129387
0.168998
0.159498
0.103197
0.189776
0.123275
0.150401
0.141389
0.132769
0.118055
0.112426
0.171756
0.195539
0.139372
0.165315
0.106669
0.190801
0.193110
0.139688
0.124383
0.104538
0.169989
0.193788
0.124234
0.131076
0.129280
0.178400
0.149292
0.135084
0.187830
0.116400
0.193615
0.160489
0.197590
0.176033
0.111317
0.153089
0.101070
0.103720
0.173093
0.135263
0.103557
0.140683
0.154869
0.198950
0.112135
0.114490
0.140873
0.189401
0.177611
0.136515
0.179689
0.176180
0.163450
0.114518
0.119869
0.134978
0.112127
0.159435
0.106534
0.167615
0.117629
0.194042
0.197633
0.164745
0.122305
0.120883
0.142622
0.112909
0.171080
0.183411
0.174862
0.186359
0.137005
0.146287
0.145723
0.135405
0.180974
0.109020
0.105331
0.190243
0.141864
0.106599
0.127740
0.122631
0.197623
0.153673
0.140782
0.125696
0.158052
0.115966
0.180841
0.169812
0.170678
0.155686
0.106906
0.132866
0.162895
0.102504
0.121099
0.187185
0.149741
0.195871
0.163642
0.181180
0.163043
0.125447
0.175167
0.183594
0.112445
0.142183
0.110658
0.115920
0.195647
0.139956
0.121579
0.175435
0.173539
0.171306
0.193045
0.124220
0.173818
0.176146
0.168824
0.193617
0.154988
0.189610
0.141917
0.189743
0.135988
0.198742
0.183491
0.132579
0.184086
0.198418
0.120787
0.152763
0.177905
0.122377
0.174361
0.131411
0.182717
0.176681
0.148708
0.186902
0.192212
0.197075
0.151296
0.157751
0.166471
0.145197
0.140604
0.139360
26.476793
16.640243
14.301006
88.613505
14.415040
10.715495
39.147944
16.172192
47.722914
76.117456
97.231758
26.663363
88.397820
95.514264
3.181973
34.922605
36.944590
46.135814
26.415601
5.682798
31.320889
93.654458
57.019841
97.251088
50.989351
94.524260
64.382032
53.308337
43.282253
58.275529
4.139651
48.149619
55.565130
58.204684
73.807010
36.680334
52.368739
69.486510
31.692620
63.939084
65.097573
57.335765
95.876757
27.057865
12.213395
15.207955
62.350922
58.828385
66.455015
13.820491
78.489089
7.252044
15.773893
77.840384
67.651985
94.744617
64.193239
8.579646
99.895140
76.686519
14.793417
8.805518
19.169648
34.746172
85.719627
19.623689
8.922703
28.318381
23.246324
70.722777
88.238894
22.876189
71.039254
18.068377
63.481385
83.799191
27.798534
89.508636
89.937390
20.674634
37.793410
37.133517
9.446292
33.852025
11.923368
49.306516
91.271522
0.036823
51.865074
15.761567
73.901288
53.095053
3.072226
12.741581
7.202257
20.339077
35.681725
55.568453
9.178527
95.896682
42.846224
96.334182
58.903451
88.759480
76.615564
11.567992
24.631764
84.843143
33.744661
87.103373
33.965288
16.529773
50.258377
39.331427
43.174083
94.784113
73.514638
42.489462
16.711065
13.863680
91.121177
91.729826
50.491827
47.295528
84.960314
53.084850
38.993140
5.113092
96.738426
26.269019
14.696721
53.194682
10.864735
92.032413
58.276266
15.241546
28.489449
33.498260
2.496386
7.133955
83.941790
24.880035
24.544072
23.904690
94.339877
58.204053
99.878079
38.467348
69.097401
5.469715
77.248784
29.786332
33.354736
98.873571
15.188295
54.021362
7.541880
84.980090
99.465669
30.499775
13.447098
7.231163
42.093446
29.241618
36.957771
32.943969
0.694869
73.191079
5.267227
29.104107
17.173801
35.920614
95.169725
53.941863
24.163072
44.437873
8.890352
91.197104
68.700857
21.915217
98.904073
47.712005
91.983358
16.116126
90.127305
54.772026
37.457034
90.239075
34.681317
93.878359
89.905113
33.146776
62.575387
42.570788
12.966027
76.180236
77.190422
71.137996
20.712901
88.375191
34.108875
3.678336
53.550021
86.098422
16.871651
82.088319
21.123338
43.768626
87.102163
81.867934
13.083500
83.375315
87.363122
7.341458
23.091293
42.089735
84.410554
62.156389
38.346015
42.175831
43.680011
96.559357
30.185872
13.119284
24.226130
93.539186
8.535871
75.146796
87.453035
92.404672
40.713356
44.303609
48.649650
47.093816
23.942000
41.728192
4.595586
80.647290
2.442195
26.037262
71.438142
28.286079
1.794839
90.119427
55.256881
57.260395
3.474215
2.877786
2.121152
30.712384
68.767771
47.160604
55.058423
57.967008
39.247050
30.153830
72.933893
96.788825
56.823275
67.576443
82.194175
5.703845
24.758718
83.141445
9.834755
28.976690
28.028044
80.856074
82.682397
22.218429
48.189630
26.127569
58.385995
0.269000
26.124327
71.141157
29.095964
61.290390
11.374617
28.827063
38.622402
99.283232
2.050805
51.697403
78.493291
50.021972
43.125221
0.629509
90.923227
24.281418
43.909524
79.646681
19.624371
32.869567
37.322797
91.219318
71.764868
47.646192
76.045532
46.144277
80.287150
70.429980
5.482257
86.618405
23.710846
63.312834
67.486408
81.830280
20.472979
70.188693
2.198928
4.243201
37.240803
45.333911
22.971071
97.152488
86.350797
71.381849
43.959331
57.880525
90.608329
7.114066
52.116591
78.310172
46.497976
18.723753
87.843481
83.301841
87.389567
37.312640
86.811109
41.362283
36.971590
70.767794
64.348299
98.902167
68.838739
78.555684
14.266322
22.704588
2.118697
63.106347
33.793836
3.950205
23.509045
17.098312
73.089403
49.228220
77.034705
12.440935
13.833240
4.558672
83.762145
24.884503
13.589394
80.894998
25.214454
51.220319
20.015009
67.042337
60.133808
1.029789
17.880562
71.867127
9.458771
40.134227
4.507921
96.926370
82.740381
15.291371
28.727616
7.183968
95.373699
74.636878
95.542866
17.273768
2.846637
34.797688
12.690541
10.262616
82.510752
17.673490
90.171000
65.637785
52.461232
16.436403
84.507556
92.878466
83.004201
47.286307
46.217902
76.354698
80.115745
92.508726
8.841585
45.883261
32.078682
65.952344
48.762978
57.679302
60.861178
90.112434
81.928865
89.479852
98.629375
72.105166
99.201417
35.198173
23.730059
7.645958
16.578330
86.958130
45.442415
30.306279
0.433232
6.699759
15.378200
77.210168
41.848891
6.584455
17.269524
82.216661
15.132619
92.871361
5.974160
3.439624
7.699464
26.091530
8.008992
56.789308
15.179762
47.692174
74.710500
71.972899
92.983760
36.013259
36.689880
48.424640
6.525665
91.470758
74.433110
58.038491
15.773817
48.388892
67.845755
10.477652
69.659577
17.766062
90.396929
79.565644
32.437121
84.968048
62.136084
41.913623
29.060442
57.878464
69.938800
66.335774
46.915818
38.430385
14.491333
45.305268
55.067640
91.965643
89.634004
40.923759
80.953605
90.494194
73.401572
68.824875
61.978886
77.622048
27.969541
61.920752
55.745635
8.184244
64.569167
57.850734
73.089728
43.717334
64.086781
74.929040
29.981370
51.001828
40.063646
82.788433
8.579280
9.735208
55.078921
73.907645
50.292728
21.098566
27.904023
30.226254
97.109466
5.797398
35.406928
2.466525
59.053946
56.806182
78.833548
55.439873
46.027311
11.914087
76.554718
37.716899
74.230247
64.479467
1.365148
48.694289
49.482538
8.985404
60.903553
17.440117
21.153861
56.532388
56.566008
82.595346
71.952154
46.773153
73.618280
84.121589
15.739579
31.351934
26.903856
97.766615
0.357057
27.574505
91.793095
10.456404
96.036104
6.733960
15.040667
87.001065
52.004245
96.884509
93.232231
35.503697
97.226941
8.149072
51.093964
56.100300
43.156447
22.613535
27.459299
1.932105
86.357629
82.352178
76.263761
7.784550
46.475375
50.955222
90.506064
44.744300
54.543621
5.099594
65.424387
38.845133
59.837892
11.006134
9.395555
28.068723
10.858637
56.954553
24.111409
39.360835
46.954495
10.362995
80.255909
35.319039
84.422084
11.848726
2.693636
85.130207
79.445029
51.660451
9.814333
85.738712
88.652109
86.077084
5.147074
54.041937
93.704346
98.497649
12.703153
36.158535
63.560291
15.017969
93.271315
70.674892
95.611139
12.868496
28.191500
3.746779
40.757982
4.008563
63.259470
0.510324
52.087103
21.631855
26.401823
35.465422
13.594335
99.447352
44.706095
81.184911
13.798490
37.226630
99.905900
32.978094
10.989575
50.117448
87.665744
98.198395
27.515113
95.134961
21.405661
25.772912
50.320662
67.827157
79.851920
75.123951
46.683439
30.916938
62.307458
24.812026
77.629180
47.928259
57.112721
99.446994
58.059578
61.969507
24.060398
31.541283
92.036575
70.742109
29.537290
42.511770
36.064132
6.677056
17.100749
76.981561
95.712660
73.552995
46.672568
27.384152
10.428517
75.606832
37.156882
57.538178
3.614937
12.395346
4.746095
13.215345
77.186825
66.793439
33.459968
61.757661
76.242981
75.378857
50.353802
43.940950
59.129857
98.720750
79.422878
56.936985
46.872070
5.625648
2.513124
66.222978
7.999081
83.693328
33.140563
79.897626
17.952842
68.893005
87.669316
9.120166
51.342115
13.997797
4.984206
69.491920
65.854875
42.920258
59.415335
48.542923
70.567000
65.068275
92.366418
81.230289
52.236414
85.687564
78.701885
16.117026
4.157194
3.210600
48.520887
97.878097
62.175039
94.409776
22.497999
5.040835
69.638163
75.131384
56.426528
87.853563
50.815014
74.938113
59.922589
69.930699
38.747273
87.988202
36.011444
7.679275
14.332739
56.970357
8.492549
38.566086
61.927490
57.625004
56.493270
2.304536
71.511650
46.781756
97.598475
8.894807
74.583258
95.873138
74.860939
71.245845
21.029279
1.691050
72.002556
20.545497
12.236209
82.418464
86.310186
79.931530
67.697026
16.968961
40.450496
44.950204
82.736898
42.158318
55.934840
36.411237
44.647426
87.944442
74.962323
34.749426
23.566002
38.351637
90.989537
9.022807
9.571971
76.622524
8.843511
72.776922
14.375407
47.106087
40.857655
7.875051
68.524810
8.394760
68.852028
46.494321
15.448400
56.668529
59.105772
45.995717
59.098921
21.944879
21.528272
24.349247
89.873108
54.457413
24.134585
36.666422
7.611071
9.484172
29.028573
58.759336
4.025774
44.981938
65.508096
83.695013
72.415541
39.488718
62.819201
75.095998
27.388274
33.515726
84.049018
72.477201
48.995302
84.120966
0.334838
62.818509
5.429175
64.378237
71.339511
38.793282
47.472772
23.157187
13.998690
96.783205
37.687952
47.259547
30.808776
40.420633
44.442908
56.245000
26.845180
79.781062
63.425611
88.939039
30.627229
74.813692
6.207518
67.832687
37.780186
70.795110
36.743539
16.769620
24.886020
75.973473
61.210803
67.908280
96.032999
91.849204
53.968232
26.998209
34.454740
45.813639
29.693212
3.057069
25.756189
10.093922
17.585684
60.008412
8.425157
93.636550
75.188346
90.927305
62.556811
40.930846
33.411333
58.177847
17.519954
51.728902
80.135039
24.822554
43.901491
40.909669
51.980984
72.832327
14.781425
72.123495
93.254331
95.510032
56.679922
4.092121
20.788340
59.433091
66.579554
84.603515
86.945671
7.709033
76.745557
24.560357
35.472418
17.062567
15.457282
96.607858
92.940425
12.860331
18.201923
85.678102
25.302946
50.210827
16.244466
88.605156
65.522901
54.370954
40.714213
91.457625
71.858584
64.909157
42.695587
7.274189
2.396257
44.684009
74.919781
62.187312
16.311963
54.913756
40.728428
57.309500
23.835655
82.076428
70.155252
40.003697
34.259800
76.160843
45.568052
77.352295
6.381028
20.738199
79.140433
81.062092
6.670485
24.570921
5.027026
66.033413
11.242772
62.022441
6.952964
70.356069
56.780531
55.136020
48.369456
4.799463
13.272973
94.797079
65.558628
70.593917
21.313651
57.517856
71.252107
77.335356
42.346403
65.110749
21.379775
4.022769
58.943631
74.913917
0.123480
59.860760
55.936077
45.141017
92.254589
42.025494
90.409763
75.457028
4.787024
8.724525
65.491155
73.473512
95.196936
12.947468
92.554750
45.517330
46.204109
17.496325
58.279345
76.753870
45.108123
58.031622
49.213874
33.089762
33.975577
87.682413
62.701389
31.357948
79.125467
86.198792
92.505326
97.240294
41.598855
40.881205
0.406184
76.630735
16.498505
76.448818
54.383441
34.681512
41.722394
28.771342
96.965479
53.141792
32.017519
71.007795
85.660497
2.462250
32.811103
2.473196
42.448981
99.169769
27.720983
92.885884
25.069671
52.932223
22.424396
93.746722
32.069321
40.063823
49.738110
92.931349
62.560364
96.528740
-26.724416
-74.649619
-55.051543
-34.309157
-11.289876
-48.672075
-99.441007
-18.004327
-54.271549
-53.335262
-3.055157
-65.115533
-12.228127
-52.800681
-69.283084
-69.712547
-41.060230
-32.691560
-79.075099
-83.465309
-55.005659
-4.927875
-33.101664
-54.803323
-29.148252
-21.140907
-40.566844
-65.989168
-5.331749
-22.164347
-27.030642
-41.538421
-91.577908
-78.049033
-37.351822
-65.649298
-75.081290
-34.664077
-17.625252
-13.928638
-95.765689
-88.488117
-25.947060
-57.051977
-68.991259
-58.852545
-3.852424
-95.386063
-37.272933
-96.505638
-95.930139
-84.328188
-2.830938
-63.814276
-15.554826
-81.183524
-89.763064
-50.791786
-69.271219
-13.885615
-12.424936
-74.039704
-89.903053
-37.868572
-19.338439
-70.627074
-0.083809
-3.257491
-32.960707
-41.254905
-70.514760
-36.233358
-13.948673
-85.674194
-7.768848
-45.950799
-37.356236
-20.791904
-2.954775
-80.138659
-46.724652
-46.597004
-27.342529
-37.343915
-50.539942
-95.660304
-55.085151
-15.499188
-92.792606
-27.770051
-95.126104
-31.117233
-44.138170
-96.496447
-74.629306
-61.791128
-42.135238
-93.322521
-30.824164
-14.760002
-57.663578
-94.358311
-65.728738
-14.452205
-73.007219
-49.782041
-85.086961
-15.782519
-76.744478
-72.134779
-15.197961
-44.896828
-9.910346
-65.681956
-96.122863
-17.687849
-99.234852
-82.315004
-44.638880
-27.431658
-94.971212
-51.609801
-59.988413
-94.575451
-59.222156
-62.350140
-86.435837
-47.761470
-15.794113
-48.632318
-91.297925
-97.934186
-89.343697
-78.511943
-54.023718
-35.425800
-45.801555
-7.147317
-10.305521
-72.780823
-30.420998
-37.044465
-0.542027
-72.224959
-83.034486
-34.761843
-73.437546
-18.726040
-45.130025
-61.434102
-53.317974
-77.409336
-23.801762
-55.257634
-12.740837
-28.114630
-42.162088
-36.931273
-54.749151
-10.045735
-86.739366
-59.814673
-55.784603
-70.146500
-12.037766
-1.064967
-22.315758
-62.535496
-81.712717
-10.897081
-41.587278
-54.505230
-89.151957
-51.494602
-34.615583
-65.156937
-55.003784
-57.393660
-88.058658
-71.020695
-62.099424
-84.163540
-69.031577
-49.190935
-11.423313
-2.656227
-47.091380
-87.516001
-35.623558
-16.281250
-81.836082
-61.434606
-91.607387
-27.404025
-41.217222
-97.752400
-85.318594
-91.256343
-90.907606
-51.227048
-81.373602
-78.010414
-54.354892
-37.580800
-92.985233
-31.777050
-42.851964
-48.532233
-14.404600
-79.733294
-42.243856
-93.919317
-70.176667
-76.142198
-87.022627
-96.334734
-94.862607
-90.619362
-6.453340
-84.993046
-53.040767
-48.194270
-49.438638
-57.231598
-50.376919
-93.607794
-65.093873
-54.503773
-90.846296
-98.430576
-37.014605
-55.550877
-0.350969
-14.759912
-28.542574
-48.044460
-60.526401
-50.819541
-56.101910
-4.323326
-58.762742
-41.618259
-93.258756
-77.930014
-64.004224
-79.198706
-74.943352
-60.539969
-56.105578
-47.857090
-28.951384
-28.851813
-47.926119
-12.225082
-49.340453
-82.373961
-12.953265
-28.446762
-26.949165
-63.584578
-2.037377
-71.846727
-51.609153
-23.917367
-64.942047
-65.328307
-57.759487
-38.851057
-92.416106
-94.878420
-26.724368
-11.527989
-21.292384
-14.184000
-37.967742
-97.969944
-50.128945
-14.877587
-59.931429
-15.331333
-30.763628
-82.166756
-0.781759
-59.332190
-29.253477
-76.588985
-61.964813
-72.081002
-45.153141
-13.502322
-92.840278
-49.852605
-88.129571
-58.088768
-8.987208
-47.540841
-14.134878
-82.850937
-8.351545
-5.788839
-0.493974
-87.571159
-70.067385
-10.712885
-89.947228
-52.548840
-89.664695
-34.386640
-64.429712
-61.806013
-7.462234
-33.093884
-57.824550
-13.948120
-4.047419
-76.656046
-51.675869
-26.534907
-60.615292
-54.335361
-96.021956
-17.345000
-42.376735
-29.053478
-82.511722
-83.300847
-5.123953
-59.223644
-60.910971
-16.949120
-88.829181
-35.504631
-44.458428
-40.942290
-91.546208
-60.116650
-22.421891
-99.819973
-66.584744
-62.447075
-90.351810
-23.101528
-39.385127
-83.377598
-28.234944
-67.042934
-69.300906
-11.973118
-90.930444
-14.040796
-90.538024
-6.711267
-52.728551
-45.275943
-66.901180
-90.011640
-22.191413
-90.896014
-67.166536
-64.053814
-63.928122
-46.160094
-94.720306
-62.117401
-90.211507
-12.682734
-89.245676
-63.327164
-50.841141
-16.316968
-96.438744
-8.661758
-45.726454
-36.115518
-82.708716
-45.888564
-27.141333
-35.478782
-63.380626
-66.088001
-44.666382
-83.016471
-21.110062
-58.613050
-49.220916
-84.501534
-89.909465
-73.076989
-99.454207
-75.603024
-89.250899
-71.292602
-12.056029
-20.744465
-28.045324
-61.738385
-18.761817
-13.913946
-69.069696
-13.350274
-1.008331
-91.347398
-49.150560
-76.248299
-2.203008
-16.690028
-3.560600
-68.033857
-96.886395
-56.504114
-20.660067
-87.742326
-51.232199
-55.635822
-66.793129
-48.728984
-18.495496
-25.676431
-46.084317
-27.974224
-54.793309
-73.939471
-30.003411
-86.403614
-9.362847
-31.923123
-36.527722
-18.955594
-25.590433
-90.898247
-37.137479
-85.992802
-46.403088
-63.163554
-73.464203
-8.552164
-34.792180
-29.186358
-47.570828
-77.008954
-36.592874
-44.376029
-16.246261
-90.235915
-93.061599
-31.397405
-40.933965
-82.548596
-35.304580
-8.707935
-22.721680
-81.303182
-91.209089
-81.605673
-88.161335
-61.129139
-31.161289
-46.520710
-27.637015
-57.478000
-71.290097
-9.483810
-51.145711
-73.417575
-15.447711
-61.955972
-46.819014
-6.725998
-7.095914
-73.902983
-63.790748
-99.312033
-21.062569
-91.601027
-32.021928
-72.150926
-88.142892
-87.045659
-55.274441
-14.488368
-6.516132
-52.783930
-56.059434
-11.748850
-85.522496
-88.286027
-60.965447
-89.654878
-76.129310
-65.427676
-96.297981
-60.446183
-87.767653
-56.439699
-20.030880
-82.123347
-63.313544
-43.216374
-81.604530
-60.854625
11.000000
15.000000
5.000000
1.000000
2.000000
16.000000
12.000000
5.000000
5.000000
8.000000
15.000000
18.000000
15.000000
6.000000
14.000000
8.000000
19.000000
13.000000
13.000000
7.000000
15.000000
13.000000
8.000000
3.000000
13.000000
2.000000
13.000000
18.000000
5.000000
12.000000
18.000000
3.000000
7.000000
1.000000
19.000000
16.000000
17.000000
10.000000
14.000000
12.000000
1.000000
6.000000
8.000000
9.000000
6.000000
11.000000
11.000000
6.000000
5.000000
17.000000
13.000000
10.000000
1.000000
18.000000
9.000000
9.000000
10.000000
15.000000
3.000000
2.000000
5.000000
6.000000
14.000000
5.000000
13.000000
19.000000
12.000000
4.000000
17.000000
19.000000
12.000000
11.000000
4.000000
9.000000
11.000000
11.000000
12.000000
1.000000
14.000000
8.000000
18.000000
2.000000
16.000000
14.000000
2.000000
12.000000
11.000000
16.000000
11.000000
11.000000
15.000000
3.000000
8.000000
1.000000
9.000000
13.000000
19.000000
5.000000
19.000000
17.000000
9.000000
2.000000
15.000000
2.000000
19.000000
10.000000
7.000000
9.000000
7.000000
3.000000
19.000000
7.000000
9.000000
2.000000
3.000000
13.000000
7.000000
15.000000
17.000000
7.000000
6.000000
8.000000
18.000000
6.000000
6.000000
15.000000
5.000000
6.000000
5.000000
5.000000
2.000000
6.000000
19.000000
17.000000
17.000000
5.000000
10.000000
2.000000
5.000000
12.000000
17.000000
15.000000
7.000000
15.000000
12.000000
15.000000
19.000000
16.000000
14.000000
8.000000
8.000000
4.000000
8.000000
11.000000
13.000000
7.000000
15.000000
7.000000
19.000000
11.000000
1.000000
2.000000
9.000000
6.000000
2.000000
7.000000
14.000000
6.000000
7.000000
6.000000
15.000000
14.000000
15.000000
10.000000
12.000000
12.000000
3.000000
4.000000
5.000000
15.000000
6.000000
11.000000
7.000000
2.000000
16.000000
8.000000
18.000000
1.000000
5.000000
16.000000
9.000000
9.000000
3.000000
5.000000
14.000000
14.000000
19.000000
19.000000
8.000000
14.000000
19.000000
12.000000
7.000000
1.000000
9.000000
11.000000
14.000000
11.000000
6.000000
2.000000
12.000000
12.000000
9.000000
17.000000
13.000000
1.000000
19.000000
18.000000
19.000000
13.000000
1.000000
14.000000
16.000000
13.000000
3.000000
4.000000
14.000000
6.000000
16.000000
19.000000
12.000000
3.000000
8.000000
4.000000
5.000000
9.000000
6.000000
6.000000
6.000000
7.000000
7.000000
17.000000
3.000000
6.000000
8.000000
2.000000
14.000000
12.000000
10.000000
16.000000
8.000000
6.000000
5.000000
7.000000
9.000000
1.000000
9.000000
9.000000
19.000000
16.000000
19.000000
1.000000
7.000000
16.000000
17.000000
6.000000
2.000000
12.000000
4.000000
5.000000
11.000000
4.000000
14.000000
13.000000
13.000000
2.000000
8.000000
13.000000
8.000000
15.000000
9.000000
12.000000
11.000000
15.000000
7.000000
18.000000
6.000000
2.000000
11.000000
8.000000
18.000000
7.000000
1.000000
11.000000
11.000000
15.000000
12.000000
6.000000
13.000000
18.000000
6.000000
8.000000
18.000000
9.000000
2.000000
3.000000
2.000000
9.000000
17.000000
18.000000
12.000000
13.000000
15.000000
16.000000
11.000000
3.000000
11.000000
10.000000
18.000000
16.000000
16.000000
10.000000
14.000000
9.000000
18.000000
16.000000
1.000000
10.000000
3.000000
1.000000
6.000000
15.000000
7.000000
3.000000
4.000000
3.000000
11.000000
16.000000
14.000000
4.000000
18.000000
15.000000
6.000000
4.000000
4.000000
4.000000
2.000000
8.000000
19.000000
4.000000
7.000000
18.000000
5.000000
12.000000
2.000000
17.000000
16.000000
12.000000
12.000000
6.000000
3.000000
13.000000
3.000000
11.000000
7.000000
13.000000
18.000000
9.000000
7.000000
8.000000
16.000000
12.000000
16.000000
17.000000
7.000000
9.000000
6.000000
1.000000
1.000000
10.000000
4.000000
19.000000
12.000000
16.000000
14.000000
15.000000
8.000000
6.000000
14.000000
16.000000
10.000000
11.000000
14.000000
16.000000
12.000000
9.000000
3.000000
5.000000
5.000000
19.000000
12.000000
2.000000
5.000000
17.000000
17.000000
11.000000
3.000000
16.000000
18.000000
7.000000
16.000000
14.000000
8.000000
19.000000
11.000000
9.000000
8.000000
5.000000
11.000000
8.000000
8.000000
17.000000
5.000000
13.000000
11.000000
11.000000
6.000000
15.000000
19.000000
17.000000
15.000000
8.000000
12.000000
13.000000
14.000000
5.000000
16.000000
1.000000
11.000000
17.000000
9.000000
13.000000
19.000000
9.000000
2.000000
11.000000
5.000000
10.000000
17.000000
3.000000
13.000000
15.000000
14.000000
1.000000
4.000000
15.000000
14.000000
12.000000
7.000000
8.000000
6.000000
1.000000
18.000000
12.000000
10.000000
18.000000
9.000000
5.000000
3.000000
17.000000
14.000000
1.000000
17.000000
18.000000
5.000000
13.000000
14.000000
13.000000
15.000000
14.000000
11.000000
11.000000
19.000000
16.000000
8.000000
8.000000
11.000000
4.000000
18.000000
16.000000
18.000000
1.000000
12.000000
19.000000
10.000000
2.000000
16.000000
19.000000
11.000000
19.000000
16.000000
12.000000
2.000000
17.000000
7.000000
10.000000
17.000000
18.000000
6.000000
4.000000
11.000000
12.000000
6.000000
15.000000
18.000000
13.000000
7.000000
11.000000
6.000000
3.000000
11.000000
19.000000
17.000000
3.000000
3.000000
12.000000
13.000000
1.000000
4.000000
10.000000
14.000000
18.000000
5.000000
8.000000
5.000000
10.000000
12.000000
17.000000
2.000000
19.000000
15.000000
3.000000
19.000000
5.000000
3.000000
19.000000
9.000000
4.000000
10.000000
19.000000
1.000000
19.000000
10.000000
9.000000
18.000000
10.000000
14.000000
7.000000
18.000000
14.000000
13.000000
4.000000
12.000000
12.000000
7.000000
14.000000
3.000000
1.000000
13.000000
18.000000
18.000000
4.000000
9.000000
3.000000
3.000000
14.000000
14.000000
19.000000
4.000000
1.000000
18.000000
19.000000
11.000000
15.000000
17.000000
2.000000
18.000000
2.000000
14.000000
7.000000
12.000000
14.000000
18.000000
18.000000
12.000000
7.000000
4.000000
1.000000
4.000000
6.000000
15.000000
6.000000
2.000000
6.000000
13.000000
10.000000
5.000000
17.000000
12.000000
11.000000
4.000000
16.000000
4.000000
14.000000
3.000000
5.000000
15.000000
13.000000
2.000000
4.000000
16.000000
8.000000
17.000000
14.000000
5.000000
9.000000
19.000000
18.000000
13.000000
17.000000
12.000000
8.000000
18.000000
14.000000
8.000000
9.000000
6.000000
10.000000
16.000000
8.000000
6.000000
15.000000
6.000000
10.000000
10.000000
2.000000
16.000000
18.000000
15.000000
13.000000
11.000000
12.000000
8.000000
17.000000
17.000000
6.000000
4.000000
9.000000
6.000000
6.000000
14.000000
6.000000
13.000000
10.000000
10.000000
4.000000
9.000000
14.000000
3.000000
8.000000
4.000000
17.000000
4.000000
15.000000
16.000000
14.000000
10.000000
7.000000
2.000000
17.000000
5.000000
13.000000
15.000000
8.000000
9.000000
13.000000
2.000000
15.000000
19.000000
10.000000
1.000000
7.000000
13.000000
3.000000
3.000000
13.000000
11.000000
19.000000
1.000000
15.000000
17.000000
16.000000
15.000000
6.000000
7.000000
18.000000
6.000000
16.000000
10.000000
6.000000
16.000000
13.000000
16.000000
10.000000
18.000000
14.000000
9.000000
1.000000
15.000000
6.000000
7.000000
5.000000
6.000000
10.000000
14.000000
18.000000
15.000000
2.000000
13.000000
16.000000
1.000000
10.000000
13.000000
14.000000
3.000000
18.000000
13.000000
17.000000
8.000000
16.000000
4.000000
13.000000
12.000000
3.000000
9.000000
6.000000
9.000000
19.000000
4.000000
17.000000
18.000000
7.000000
18.000000
19.000000
8.000000
19.000000
10.000000
13.000000
1.000000
5.000000
7.000000
18.000000
13.000000
18.000000
5.000000
12.000000
18.000000
2.000000
14.000000
10.000000
9.000000
9.000000
2.000000
16.000000
19.000000
12.000000
19.000000
14.000000
12.000000
5.000000
5.000000
19.000000
7.000000
4.000000
9.000000
7.000000
14.000000
6.000000
8.000000
12.000000
14.000000
5.000000
19.000000
11.000000
18.000000
13.000000
16.000000
9.000000
2.000000
10.000000
19.000000
7.000000
8.000000
14.000000
4.000000
15.000000
6.000000
18.000000
8.000000
5.000000
16.000000
2.000000
14.000000
17.000000
10.000000
4.000000
19.000000
1.000000
18.000000
16.000000
14.000000
7.000000
13.000000
13.000000
12.000000
7.000000
12.000000
1.000000
11.000000
8.000000
8.000000
2.000000
1.000000
8.000000
9.000000
17.000000
8.000000
7.000000
8.000000
14.000000
9.000000
13.000000
9.000000
19.000000
4.000000
3.000000
1.000000
19.000000
16.000000
12.000000
11.000000
6.000000
15.000000
7.000000
5.000000
3.000000
4.000000
19.000000
10.000000
10.000000
4.000000
9.000000
1.000000
1.000000
2.000000
5.000000
18.000000
12.000000
10.000000
9.000000
5.000000
14.000000
18.000000
12.000000
10.000000
12.000000
16.000000
17.000000
14.000000
2.000000
8.000000
5.000000
3.000000
12.000000
3.000000
13.000000
2.000000
15.000000
6.000000
2.000000
1.000000
5.000000
12.000000
12.000000
10.000000
2.000000
14.000000
15.000000
4.000000
9.000000
14.000000
2.000000
6.000000
6.000000
7.000000
6.000000
16.000000
8.000000
3.000000
4.000000
14.000000
6.000000
4.000000
13.000000
10.000000
7.000000
2.000000
14.000000
19.000000
18.000000
2.000000
15.000000
8.000000
1.000000
7.000000
2.000000
16.000000
4.000000
5.000000
2.000000
12.000000
14.000000
8.000000
14.000000
13.000000
12.000000
7.000000
14.000000
17.000000
11.000000
6.000000
4.000000
11.000000
12.000000
12.000000
3.000000
9.000000
7.000000
2.000000
13.000000
2.000000
17.000000
15.000000
18.000000
16.000000
16.000000
10.000000
6.000000
5.000000
10.000000
18.000000
5.000000
2.000000
12.000000
16.000000
12.000000
5.000000
1.000000
2.000000
16.000000
17.000000
3.000000
18.000000
3.000000
15.000000
3.000000
12.000000
9.000000
6.000000
1.000000
6.000000
11.000000
13.000000
3.000000
15.000000
9.000000
13.000000
19.000000
5.000000
12.000000
4.000000
4.000000
9.000000
2.000000
18.000000
17.000000
1.000000
6.000000
3.000000
19.000000
100.000000
100.000000
100.000000
100.000000
100.000000
100.000000
100.000000
100.000000
100.000000
100.000000
100.000000
100.000000
100.000000
100.000000
100.000000
100.000000
100.000000
100.000000
100.000000
100.000000
100.000000
100.000000
100.000000
100.000000
100.000000
100.000000
100.000000
100.000000
100.000000
100.000000
100.000000
100.000000
100.000000
100.000000
100.000000
100.000000
100.000000
100.000000
100.000000
100.000000
100.000000
100.000000
100.000000
100.000000
100.000000
100.000000
100.000000
100.000000
100.000000
100.000000
100.000000
100.000000
100.000000
100.000000
100.000000
100.000000
100.000000
100.000000
100.000000
100.000000
100.000000
100.000000
100.000000
100.000000
100.000000
100.000000
100.000000
100.000000
100.000000
100.000000
100.000000
100.000000
100.000000
100.000000
100.000000
100.000000
100.000000
100.000000
100.000000
100.000000
100.000000
100.000000
100.000000
100.000000
100.000000
100.000000
100.000000
100.000000
100.000000
100.000000
100.000000
100.000000
100.000000
100.000000
100.000000
100.000000
100.000000
100.000000
100.000000
100.000000
100.000000
100.000000
100.000000
100.000000
100.000000
100.000000
100.000000
100.000000
100.000000
100.000000
100.000000
100.000000
100.000000
100.000000
100.000000
100.000000
100.000000
100.000000
100.000000
100.000000
100.000000
100.000000
100.000000
100.000000
100.000000
100.000000
100.000000
100.000000
100.000000
100.000000
100.000000
100.000000
100.000000
100.000000
100.000000
100.000000
100.000000
100.000000
100.000000
100.000000
100.000000
100.000000
100.000000
100.000000
100.000000
100.000000
100.000000
100.000000
100.000000
100.000000
100.000000
100.000000
100.000000
100.000000
100.000000
100.000000
100.000000
100.000000
100.000000
100.000000
100.000000
100.000000
100.000000
100.000000
100.000000
100.000000
100.000000
100.000000
100.000000
100.000000
100.000000
100.000000
100.000000
100.000000
100.000000
100.000000
100.000000
100.000000
100.000000
100.000000
100.000000
100.000000
100.000000
100.000000
100.000000
100.000000
100.000000
100.000000
100.000000
100.000000
100.000000
100.000000
100.000000
100.000000
100.000000
100.000000
100.000000
100.000000
100.000000
100.000000
100.000000
100.000000
100.000000
100.000000
100.000000
100.000000
100.000000
100.000000
100.000000
100.000000
100.000000
100.000000
100.000000
100.000000
100.000000
100.000000
100.000000
100.000000
100.000000
100.000000
100.000000
100.000000
100.000000
100.000000
100.000000
100.000000
100.000000
100.000000
100.000000
100.000000
100.000000
100.000000
100.000000
100.000000
100.000000
100.000000
100.000000
100.000000
100.000000
100.000000
100.000000
100.000000
100.000000
100.000000
100.000000
100.000000
100.000000
100.000000
100.000000
100.000000
100.000000
100.000000
100.000000
100.000000
100.000000
100.000000
100.000000
100.000000
100.000000
100.000000
100.000000
100.000000
100.000000
100.000000
100.000000
100.000000
100.000000
100.000000
100.000000
100.000000
100.000000
100.000000
100.000000
100.000000
100.000000
100.000000
100.000000
100.000000
100.000000
100.000000
100.000000
100.000000
100.000000
100.000000
100.000000
100.000000
100.000000
100.000000
100.000000
100.000000
100.000000
100.000000
100.000000
100.000000
100.000000
100.000000
100.000000
100.000000
100.000000
100.000000
100.000000
100.000000
100.000000
100.000000
100.000000
100.000000
100.000000
100.000000
100.000000
100.000000
100.000000
100.000000
100.000000
100.000000
100.000000
100.000000
100.000000
100.000000
100.000000
100.000000
100.000000
100.000000
100.000000
100.000000
100.000000
100.000000
100.000000
100.000000
100.000000
100.000000
100.000000
100.000000
100.000000
100.000000
100.000000
100.000000
100.000000
100.000000
100.000000
100.000000
100.000000
100.000000
100.000000
100.000000
100.000000
100.000000
100.000000
100.000000
100.000000
100.000000
100.000000
100.000000
100.000000
100.000000
100.000000
100.000000
100.000000
100.000000
100.000000
100.000000
100.000000
100.000000
100.000000
100.000000
100.000000
100.000000
100.000000
100.000000
100.000000
100.000000
100.000000
100.000000
100.000000
100.000000
100.000000
100.000000
100.000000
100.000000
100.000000
100.000000
100.000000
100.000000
100.000000
100.000000
100.000000
100.000000
100.000000
100.000000
100.000000
100.000000
100.000000
100.000000
100.000000
100.000000
100.000000
100.000000
100.000000
100.000000
100.000000
100.000000
100.000000
100.000000
100.000000
100.000000
100.000000
100.000000
100.000000
100.000000
100.000000
100.000000
100.000000
100.000000
100.000000
100.000000
100.000000
100.000000
100.000000
100.000000
100.000000
100.000000
100.000000
100.000000
100.000000
100.000000
100.000000
100.000000
100.000000
100.000000
100.000000
100.000000
100.000000
100.000000
100.000000
100.000000
100.000000
100.000000
100.000000
100.000000
100.000000
100.000000
100.000000
100.000000
100.000000
100.000000
100.000000
100.000000
100.000000
100.000000
100.000000
100.000000
100.000000
100.000000
100.000000
100.000000
100.000000
100.000000
100.000000
100.000000
100.000000
100.000000
100.000000
100.000000
100.000000
100.000000
100.000000
100.000000
100.000000
100.000000
100.000000
100.000000
100.000000
100.000000
100.000000
100.000000
100.000000
100.000000
100.000000
100.000000
100.000000
100.000000
100.000000
100.000000
100.000000
100.000000
100.000000
100.000000
100.000000
100.000000
100.000000
100.000000
100.000000
100.000000
100.000000
100.000000
100.000000
100.000000
100.000000
100.000000
100.000000
100.000000
