nlkp_c_100_3
100  100.000000  1268.578234
0.178854
0.108536
0.163158
0.175679
0.184757
0.118279
0.144037
0.107805
0.183686
0.137914
0.195804
0.146092
0.105786
0.166481
0.133614
0.160783
0.185238
0.188379
0.180272
0.127549
0.174356
0.151808
0.138034
0.182500
0.173534
0.120478
0.108972
0.182759
0.199846
0.187094
0.191529
0.123338
0.156266
0.103608
0.181526
0.197789
0.133426
0.153977
0.144464
0.188611
0.176515
0.144979
0.162535
0.170873
0.109244
0.182838
0.121950
0.179255
0.163090
0.106736
0.112676
0.135721
0.165110
0.115093
0.188195
0.176321
0.160687
0.134705
0.188497
0.118419
0.181526
0.167692
0.136830
0.116548
0.127664
0.120706
0.193744
0.153232
0.141332
0.159727
0.192480
0.136735
0.139530
0.183784
0.133714
0.191561
0.145985
0.134710
0.172303
0.192288
0.153516
0.198045
0.115798
0.111077
0.170224
0.162252
0.107084
0.178691
0.154916
0.189517
0.133318
0.116619
0.127701
0.152948
0.156373
0.175231
0.126942
0.161834
0.126409
0.143172
94.780329
65.885895
69.831599
9.518274
7.752414
67.718279
37.901582
79.786978
87.792292
56.448451
82.497591
50.717236
84.278539
70.663077
68.562786
31.090379
85.733216
24.553548
42.703341
36.864030
65.167999
72.426881
30.746759
66.267592
58.091079
10.904820
80.934827
27.958113
88.671532
99.584997
26.932762
74.482629
7.348441
7.913523
67.873813
33.747643
93.544282
62.945168
10.510913
14.289081
11.826119
89.230693
4.985338
90.928916
5.391153
28.204814
0.937286
13.317900
23.724376
36.772473
37.072513
96.152915
20.514111
67.684051
14.455169
27.566198
64.505851
92.986822
46.045975
45.248744
23.593636
5.537813
24.676467
63.176478
69.412130
2.724872
52.789985
54.973007
63.389806
80.241640
43.040773
20.831623
7.465065
1.756085
11.968910
55.795963
54.216279
50.925449
99.212185
91.554839
38.976834
78.103484
60.428315
39.007555
26.117828
3.727493
0.889463
34.863708
40.570430
86.965470
83.417118
78.407847
51.442337
65.500918
53.571455
4.631034
15.676072
32.842340
0.875479
14.370404
45.994634
94.864710
89.857936
57.192385
5.947204
37.952783
23.730831
70.263914
37.667019
65.703367
33.606892
55.302813
83.342752
28.764430
44.729821
37.057987
74.532492
61.206242
38.200631
12.741590
14.653579
26.208808
82.698465
53.162780
9.576738
59.452471
17.089506
87.030118
31.889973
34.905479
25.006364
51.784859
28.250625
22.555245
99.170768
61.883802
80.651249
93.463600
32.087615
58.387567
58.797259
37.570361
60.883597
80.026131
86.068961
25.555806
22.269234
45.485654
82.147663
66.792471
93.489794
68.395498
96.832711
60.280352
16.295474
96.972174
10.773772
2.907127
80.041622
18.195042
30.619995
91.687121
7.584524
80.662321
32.488146
99.231744
35.889771
39.562895
55.995849
15.578318
51.781105
50.600362
20.071906
68.052678
98.216490
86.590902
94.000366
40.427395
40.198958
87.122253
83.679182
36.226149
71.712326
50.811222
32.036268
47.231330
39.245849
2.031344
93.916736
50.677595
19.387096
0.000629
94.524138
40.740711
6.889944
18.689710
0.462342
83.338469
64.178632
95.906896
-48.359117
-93.883255
-46.313100
-39.302464
-91.384115
-35.139596
-12.666322
-83.601477
-1.012039
-31.438094
-27.017858
-62.379027
-22.275881
-53.590330
-66.697174
-59.735549
-69.574054
-65.991803
-99.813822
-95.709739
-11.920530
-47.369144
-92.370817
-27.355801
-45.214978
-84.554934
-83.558474
-98.399252
-64.353166
-61.336198
-20.275268
-11.716540
-86.572998
-98.021083
-86.770531
-59.881493
-39.973722
-17.554142
-78.705328
-77.014657
-11.040886
-26.952846
-20.095214
-56.495584
-40.685834
-40.003375
-59.044383
-77.890481
-10.166201
-61.308573
-33.148795
-97.703941
-85.700749
-24.789020
-80.517242
-18.490247
-47.254287
-50.972140
-63.891275
-9.353823
-93.595990
-29.558190
-84.392634
-75.461407
-92.267489
-86.639218
-9.423355
-25.843938
-19.349564
-39.022254
-87.818418
-97.990899
-78.857353
-93.587701
-20.482660
-64.561950
-53.990154
-45.547622
-22.598880
-69.845863
-23.178324
-33.570997
-51.197087
-26.555002
-7.762965
-93.929515
-28.423907
-59.125033
-86.916580
-88.817021
-74.933177
-82.278138
-92.984124
-73.377349
-33.492747
-32.013032
-73.687095
-15.534755
-5.239223
-7.667954
10.000000
9.000000
17.000000
8.000000
3.000000
1.000000
3.000000
1.000000
4.000000
8.000000
2.000000
4.000000
8.000000
9.000000
13.000000
15.000000
1.000000
2.000000
18.000000
7.000000
1.000000
9.000000
15.000000
9.000000
13.000000
15.000000
13.000000
10.000000
4.000000
2.000000
7.000000
3.000000
10.000000
8.000000
6.000000
15.000000
12.000000
6.000000
17.000000
17.000000
3.000000
14.000000
19.000000
14.000000
8.000000
6.000000
16.000000
12.000000
15.000000
17.000000
8.000000
12.000000
16.000000
7.000000
8.000000
13.000000
7.000000
1.000000
13.000000
10.000000
18.000000
5.000000
3.000000
10.000000
6.000000
15.000000
8.000000
1.000000
15.000000
7.000000
1.000000
11.000000
8.000000
3.000000
5.000000
9.000000
9.000000
3.000000
8.000000
13.000000
8.000000
11.000000
16.000000
16.000000
15.000000
7.000000
6.000000
16.000000
6.000000
8.000000
6.000000
13.000000
2.000000
5.000000
4.000000
18.000000
9.000000
1.000000
2.000000
10.000000
5.000000
14.000000
5.000000
18.000000
15.000000
18.000000
16.000000
1.000000
4.000000
5.000000
7.000000
16.000000
13.000000
5.000000
4.000000
12.000000
12.000000
1.000000
8.000000
1.000000
8.000000
15.000000
1.000000
16.000000
14.000000
9.000000
17.000000
17.000000
17.000000
11.000000
18.000000
14.000000
11.000000
10.000000
14.000000
8.000000
12.000000
7.000000
17.000000
4.000000
14.000000
1.000000
17.000000
14.000000
10.000000
17.000000
18.000000
14.000000
12.000000
17.000000
13.000000
13.000000
12.000000
5.000000
3.000000
7.000000
19.000000
1.000000
15.000000
1.000000
11.000000
10.000000
5.000000
3.000000
7.000000
3.000000
9.000000
9.000000
16.000000
13.000000
19.000000
10.000000
19.000000
3.000000
10.000000
7.000000
18.000000
14.000000
19.000000
16.000000
16.000000
12.000000
17.000000
14.000000
15.000000
10.000000
18.000000
9.000000
12.000000
7.000000
13.000000
16.000000
12.000000
10.000000
15.000000
2.000000
2.000000
16.000000
18.000000
2.000000
100.000000
100.000000
100.000000
100.000000
100.000000
100.000000
100.000000
100.000000
100.000000
100.000000
100.000000
100.000000
100.000000
100.000000
100.000000
100.000000
100.000000
100.000000
100.000000
100.000000
100.000000
100.000000
100.000000
100.000000
100.000000
100.000000
100.000000
100.000000
100.000000
100.000000
100.000000
100.000000
100.000000
100.000000
100.000000
100.000000
100.000000
100.000000
100.000000
100.000000
100.000000
100.000000
100.000000
100.000000
100.000000
100.000000
100.000000
100.000000
100.000000
100.000000
100.000000
100.000000
100.000000
100.000000
100.000000
100.000000
100.000000
100.000000
100.000000
100.000000
100.000000
100.000000
100.000000
100.000000
100.000000
100.000000
100.000000
100.000000
100.000000
100.000000
100.000000
100.000000
100.000000
100.000000
100.000000
100.000000
100.000000
100.000000
100.000000
100.000000
100.000000
100.000000
100.000000
100.000000
100.000000
100.000000
100.000000
100.000000
100.000000
100.000000
100.000000
100.000000
100.000000
100.000000
100.000000
100.000000
100.000000
100.000000
100.000000
100.000000
