nlkp_c_50_2
50  100.000000  681.092536
0.188222
0.165770
0.135282
0.118071
0.188882
0.137536
0.149566
0.187842
0.185742
0.125881
0.112063
0.119660
0.114229
0.166153
0.140410
0.179753
0.114487
0.122966
0.111643
0.176244
0.172959
0.196300
0.182092
0.154388
0.126855
0.195118
0.172385
0.105064
0.105210
0.198217
0.184238
0.123842
0.181188
0.157589
0.100452
0.163667
0.117220
0.111458
0.104995
0.199623
0.162886
0.171037
0.178193
0.100616
0.191474
0.185052
0.123053
0.175810
0.193091
0.129265
77.680554
94.489275
93.200604
59.501787
74.109780
19.058539
5.720754
80.162111
8.781888
1.247230
68.596092
36.563293
70.466148
51.902725
50.988149
75.606529
15.545004
0.870959
10.277507
82.406822
74.491089
76.282660
6.209192
51.420880
56.041577
12.017627
54.382891
11.757295
15.577755
79.788036
71.142693
70.463926
4.483010
8.366124
32.758816
9.122638
67.369944
48.866312
5.731445
56.223202
32.393576
35.744066
69.020572
98.304304
59.582042
33.072697
1.319330
66.957577
17.398199
81.570723
46.758122
79.983744
66.596807
71.430367
80.587009
62.008779
71.397095
10.841628
32.223118
78.076076
99.182942
40.932009
23.649304
71.488604
67.091579
19.802483
83.967264
12.569701
42.911251
57.193876
70.217575
89.829521
66.492619
65.887418
33.712986
92.114393
3.166048
79.586601
41.877043
1.151935
6.791979
50.263811
41.714449
42.456262
97.350120
71.690264
60.785471
18.595372
61.057070
15.902896
28.763563
28.666981
63.475955
23.026993
82.903209
22.377289
79.724002
77.231035
75.834732
26.897661
-90.480171
-12.388088
-80.613592
-89.443663
-21.766474
-5.768627
-28.082474
-43.266958
-3.930467
-31.883069
-19.413179
-17.190393
-88.956797
-32.158470
-15.904859
-75.970440
-95.115486
-0.441405
-67.212574
-11.438598
-13.420106
-10.968675
-33.533569
-43.089957
-27.517230
-77.875622
-70.513885
-27.543436
-25.620613
-63.111609
-94.520346
-33.729520
-52.914179
-12.068077
-6.260257
-15.096017
-50.694244
-94.855069
-45.488389
-14.294024
-24.328186
-25.508903
-56.891424
-92.029722
-43.818431
-68.940325
-16.012349
-51.307105
-37.543847
-35.263394
16.000000
3.000000
15.000000
14.000000
17.000000
3.000000
12.000000
6.000000
13.000000
17.000000
9.000000
11.000000
1.000000
1.000000
13.000000
4.000000
15.000000
5.000000
8.000000
2.000000
19.000000
15.000000
5.000000
8.000000
9.000000
15.000000
10.000000
19.000000
17.000000
14.000000
10.000000
14.000000
12.000000
16.000000
8.000000
18.000000
16.000000
1.000000
2.000000
9.000000
5.000000
5.000000
12.000000
8.000000
2.000000
4.000000
7.000000
13.000000
16.000000
3.000000
14.000000
1.000000
7.000000
5.000000
8.000000
15.000000
15.000000
3.000000
19.000000
9.000000
5.000000
18.000000
4.000000
15.000000
4.000000
16.000000
5.000000
12.000000
13.000000
10.000000
13.000000
2.000000
15.000000
10.000000
4.000000
6.000000
7.000000
1.000000
11.000000
16.000000
16.000000
1.000000
10.000000
10.000000
12.000000
4.000000
9.000000
2.000000
12.000000
16.000000
4.000000
9.000000
6.000000
17.000000
2.000000
13.000000
3.000000
11.000000
6.000000
10.000000
100.000000
100.000000
100.000000
100.000000
100.000000
100.000000
100.000000
100.000000
100.000000
100.000000
100.000000
100.000000
100.000000
100.000000
100.000000
100.000000
100.000000
100.000000
100.000000
100.000000
100.000000
100.000000
100.000000
100.000000
100.000000
100.000000
100.000000
100.000000
100.000000
100.000000
100.000000
100.000000
100.000000
100.000000
100.000000
100.000000
100.000000
100.000000
100.000000
100.000000
100.000000
100.000000
100.000000
100.000000
100.000000
100.000000
100.000000
100.000000
100.000000
100.000000
