nlkp_c_1000_3
1000  100.000000  13684.730209
0.118937
0.120505
0.130585
0.164409
0.104720
0.142585
0.103426
0.166163
0.150979
0.114417
0.117665
0.111662
0.177661
0.138804
0.145125
0.140586
0.160072
0.137436
0.123016
0.179686
0.123154
0.157099
0.129979
0.176259
0.189770
0.165943
0.136457
0.160333
0.189383
0.154893
0.172176
0.157601
0.154914
0.175759
0.185107
0.109980
0.107733
0.175668
0.164411
0.169981
0.142292
0.116261
0.199354
0.151388
0.185021
0.168431
0.189823
0.180447
0.105428
0.182070
0.156290
0.119593
0.193573
0.109331
0.132180
0.150512
0.170943
0.194132
0.188039
0.155977
0.157055
0.159664
0.115231
0.111520
0.168717
0.165781
0.142630
0.121162
0.181666
0.105536
0.165810
0.192756
0.138647
0.179623
0.141674
0.179965
0.142191
0.102415
0.108156
0.160539
0.107360
0.168434
0.158973
0.152734
0.126308
0.117097
0.166183
0.156714
0.164246
0.138150
0.198549
0.142133
0.123751
0.139125
0.149651
0.112897
0.127678
0.196243
0.125850
0.138908
0.123582
0.181932
0.192670
0.158102
0.186246
0.149091
0.169124
0.109585
0.157179
0.192143
0.166186
0.111518
0.193112
0.156589
0.190041
0.164153
0.125567
0.101786
0.107373
0.180279
0.167566
0.194838
0.147304
0.153298
0.110464
0.142601
0.130785
0.143414
0.167655
0.161595
0.148063
0.118748
0.163802
0.133500
0.130862
0.145763
0.151130
0.117446
0.165009
0.182409
0.104322
0.176604
0.111164
0.129517
0.198068
0.120009
0.168947
0.190685
0.194288
0.172170
0.153433
0.139748
0.138515
0.134466
0.136932
0.174432
0.142493
0.139983
0.142677
0.121497
0.168607
0.179761
0.122228
0.149556
0.174859
0.114212
0.174413
0.102763
0.107721
0.173720
0.160474
0.140999
0.177010
0.163646
0.121386
0.158931
0.151416
0.117175
0.133448
0.164515
0.155726
0.120998
0.183745
0.162638
0.124295
0.102200
0.185809
0.153146
0.195330
0.168861
0.142925
0.165501
0.102790
0.108377
0.104824
0.177158
0.135305
0.135844
0.130900
0.103004
0.169205
0.148216
0.167908
0.120515
0.150727
0.155889
0.140423
0.197435
0.112376
0.128483
0.107334
0.110594
0.187705
0.193158
0.116427
0.184849
0.165128
0.157379
0.100640
0.186585
0.129933
0.167712
0.166921
0.136346
0.156001
0.114718
0.153627
0.118851
0.125774
0.141908
0.146842
0.185540
0.135214
0.192467
0.199238
0.166960
0.198574
0.104514
0.119921
0.102563
0.115434
0.178988
0.199039
0.138346
0.115020
0.194954
0.195021
0.126934
0.148158
0.155173
0.191063
0.116342
0.193476
0.177013
0.101540
0.104136
0.160996
0.152329
0.118841
0.170337
0.134348
0.150227
0.163428
0.116988
0.121368
0.105151
0.179814
0.132401
0.143639
0.131517
0.189475
0.131801
0.187788
0.147434
0.153953
0.195316
0.175208
0.178065
0.130087
0.120917
0.151664
0.180129
0.113245
0.151871
0.106189
0.171539
0.155951
0.134938
0.146096
0.132864
0.131558
0.139052
0.174415
0.181885
0.169247
0.170206
0.109883
0.195922
0.111173
0.187328
0.126845
0.126723
0.160554
0.135679
0.169526
0.124594
0.155889
0.191252
0.126345
0.151998
0.133170
0.104428
0.196069
0.143177
0.168887
0.192560
0.164815
0.174961
0.151076
0.108669
0.164727
0.157408
0.188034
0.115236
0.148537
0.161550
0.106042
0.146127
0.191851
0.146493
0.194841
0.152834
0.166169
0.129757
0.171442
0.186851
0.129993
0.106857
0.170413
0.189358
0.160917
0.117836
0.130895
0.104806
0.182086
0.151570
0.197999
0.168972
0.136193
0.115499
0.100323
0.177740
0.196613
0.164790
0.116699
0.105008
0.166495
0.163982
0.106141
0.161554
0.126517
0.198402
0.116946
0.111147
0.117954
0.158481
0.194729
0.171167
0.155672
0.156113
0.192024
0.195780
0.144787
0.197381
0.166632
0.189364
0.175467
0.152805
0.141054
0.177940
0.149610
0.185367
0.119801
0.195738
0.158860
0.134396
0.159752
0.184704
0.123017
0.163303
0.146478
0.126880
0.186929
0.192309
0.135935
0.176467
0.165645
0.116537
0.123782
0.153502
0.175052
0.104554
0.130617
0.176388
0.163118
0.162000
0.126308
0.150228
0.139305
0.112630
0.145144
0.158689
0.137492
0.147919
0.154636
0.129798
0.124770
0.124447
0.137014
0.113391
0.143342
0.178905
0.114582
0.158964
0.149429
0.104215
0.100883
0.146738
0.133006
0.118861
0.104440
0.119500
0.113335
0.140867
0.104250
0.145882
0.144037
0.184969
0.124077
0.184040
0.170342
0.147901
0.199602
0.131462
0.104387
0.191487
0.165040
0.113047
0.161325
0.183009
0.142646
0.143763
0.122860
0.159381
0.170786
0.125371
0.162101
0.167580
0.106453
0.163154
0.140437
0.145503
0.154628
0.100407
0.133092
0.117245
0.153436
0.158864
0.145884
0.199083
0.166759
0.137266
0.141114
0.100898
0.148985
0.148669
0.182831
0.120070
0.106125
0.112102
0.115124
0.198207
0.143195
0.174697
0.149224
0.173714
0.150793
0.143750
0.138264
0.140332
0.126268
0.166022
0.102778
0.109187
0.123089
0.162473
0.183581
0.119229
0.123722
0.116111
0.190594
0.182175
0.100695
0.146263
0.108716
0.141315
0.149625
0.185042
0.159095
0.144069
0.191762
0.106528
0.196689
0.189399
0.199718
0.111361
0.199779
0.122239
0.171196
0.132578
0.156149
0.162017
0.159967
0.183216
0.167815
0.168126
0.143130
0.136783
0.126991
0.168767
0.155150
0.140898
0.127634
0.186587
0.157640
0.157164
0.194829
0.151188
0.109125
0.193963
0.139631
0.103482
0.174043
0.113569
0.116539
0.152768
0.147604
0.139311
0.107987
0.190752
0.134149
0.148312
0.187348
0.120004
0.139774
0.102574
0.129114
0.119092
0.148002
0.155092
0.109214
0.106681
0.109128
0.144125
0.142476
0.141534
0.105340
0.110693
0.118365
0.146983
0.180021
0.182484
0.147518
0.150205
0.109002
0.192778
0.108534
0.188410
0.198142
0.156763
0.109029
0.168432
0.156599
0.181912
0.145707
0.191589
0.114353
0.146631
0.166082
0.171982
0.156182
0.144332
0.176801
0.128914
0.189739
0.120963
0.171416
0.193927
0.126292
0.192558
0.136799
0.104995
0.163926
0.197291
0.136462
0.126511
0.197094
0.167462
0.194672
0.126757
0.123511
0.172999
0.158619
0.174251
0.157035
0.162514
0.198371
0.110758
0.110346
0.110176
0.192954
0.142383
0.117614
0.188541
0.168070
0.133188
0.188257
0.169104
0.169992
0.197614
0.112880
0.169089
0.139291
0.163736
0.184537
0.177574
0.111311
0.167945
0.187961
0.103269
0.196711
0.133346
0.167677
0.121457
0.134041
0.163995
0.164713
0.187980
0.135458
0.168469
0.182750
0.159405
0.183781
0.155579
0.133315
0.158574
0.100349
0.170183
0.176630
0.151468
0.141840
0.115541
0.102406
0.115596
0.151684
0.126717
0.183859
0.104793
0.168004
0.129010
0.134806
0.197937
0.101173
0.145287
0.186672
0.173442
0.115349
0.100439
0.184795
0.156406
0.114453
0.165303
0.153924
0.175392
0.121520
0.102141
0.117310
0.137966
0.119054
0.194720
0.162181
0.177228
0.159156
0.144458
0.161793
0.109036
0.143214
0.143965
0.116754
0.193727
0.110155
0.164776
0.163772
0.184646
0.167237
0.142485
0.140100
0.153917
0.188193
0.162825
0.177153
0.187294
0.193328
0.120395
0.173898
0.113148
0.152515
0.173514
0.104484
0.149757
0.103972
0.114601
0.176675
0.141796
0.145794
0.179316
0.134512
0.108503
0.114602
0.126789
0.199015
0.102372
0.133448
0.152123
0.141773
0.176594
0.173894
0.167764
0.125342
0.129719
0.191520
0.122630
0.177598
0.120178
0.186031
0.131477
0.173773
0.110936
0.173279
0.161085
0.132799
0.107700
0.137458
0.135576
0.137664
0.126230
0.170434
0.177524
0.182514
0.128235
0.197644
0.138611
0.112969
0.181265
0.145902
0.146925
0.156938
0.132090
0.105553
0.133859
0.157179
0.114591
0.181240
0.107636
0.179161
0.161765
0.136218
0.127837
0.198759
0.165407
0.180124
0.195234
0.177985
0.126243
0.118274
0.133260
0.180418
0.178638
0.114119
0.146151
0.195485
0.111308
0.171417
0.139488
0.110735
0.125421
0.163185
0.180877
0.102882
0.169809
0.115743
0.104479
0.163683
0.116706
0.107527
0.131081
0.172170
0.174009
0.115984
0.177590
0.124569
0.188719
0.103378
0.180608
0.162305
0.196613
0.180287
0.108404
0.152720
0.189052
0.124625
0.148008
0.187567
0.162620
0.147596
0.168606
0.107355
0.137489
0.149963
0.105568
0.154939
0.175854
0.118616
0.137222
0.162955
0.180690
0.188837
0.168170
0.105677
0.131180
0.125893
0.135155
0.136509
0.132818
0.111218
0.113161
0.183981
0.192961
0.138734
0.118870
0.112630
0.178831
0.137849
0.101327
0.101391
0.142311
0.184285
0.129225
0.139507
0.189019
0.128444
0.182183
0.163768
0.188948
0.118450
0.172803
0.128242
0.106151
0.143101
0.113966
0.122004
0.110764
0.132416
0.159486
0.155944
0.146699
0.136196
0.172808
0.151133
0.183183
0.152666
0.125586
0.180367
0.154726
0.149059
0.153469
0.156670
0.184774
0.190292
0.132231
0.185098
0.196317
0.144063
0.167893
0.105373
0.166602
0.181799
0.175452
0.196523
0.121485
0.115811
0.177871
0.124551
0.105743
0.169369
0.139967
0.193684
0.172399
0.149576
0.140725
0.180841
0.141970
0.118719
0.178739
0.127701
0.153488
0.160456
0.111502
0.139221
0.190778
0.193528
0.103985
0.133204
0.160694
0.199104
0.176161
0.197642
0.166173
0.130746
0.121732
0.199473
0.135255
0.173154
0.138150
0.108035
0.138953
0.132036
0.180976
0.119511
0.125947
0.130353
0.172180
0.154734
0.113874
0.192479
0.130821
0.192311
0.147400
0.159336
0.143255
0.150761
0.130559
0.142362
0.136439
0.150315
0.146628
0.127782
0.180477
0.139089
0.160676
0.157673
0.111629
0.196436
0.147036
0.171674
0.189228
0.111850
0.167338
0.108196
0.158536
0.196826
0.177508
0.153219
0.174006
0.106607
0.100336
0.166682
0.165901
0.126544
0.110332
0.137069
0.159345
0.180505
0.124741
0.167614
0.160591
0.191217
0.111184
0.136148
0.199496
0.133440
0.104389
0.106871
0.104206
0.107993
0.175971
0.198683
0.178579
0.131267
0.146066
4.962515
1.427390
36.709978
97.623178
18.013299
34.129635
54.761164
26.044248
24.691641
91.773408
12.448596
35.287405
54.605860
17.535885
23.132011
93.731986
9.254477
37.028309
66.154062
77.120340
29.532105
36.682170
56.863224
76.288659
37.586067
39.603829
87.588497
35.980338
45.422585
4.045894
44.284715
44.409256
49.365334
58.265111
72.995260
59.306558
48.900603
86.051558
73.604794
2.025015
85.956250
8.960297
39.651554
94.983559
29.094425
14.113345
74.823593
17.073835
64.647852
63.829259
14.137424
25.198627
15.953635
82.748260
16.022346
37.054137
81.599714
75.855701
10.702542
92.479049
62.068820
99.038785
90.156467
9.474244
43.206750
17.276010
21.340814
18.145410
46.568078
24.288332
66.084532
38.727768
69.027505
83.064607
28.823385
92.836143
74.071151
70.130273
5.468952
13.980329
48.160271
24.462307
85.326307
98.732979
51.164776
18.870833
63.305265
61.515445
73.214370
2.478267
60.424724
42.300443
35.718338
1.904349
38.633685
99.513109
50.396513
84.591027
79.126327
63.964121
85.623324
72.746825
89.755539
22.752998
34.284641
56.443632
15.495999
83.566309
86.911242
20.270140
71.231167
95.404245
45.034999
40.524616
63.331538
8.012768
29.663834
67.549635
79.892777
69.199756
86.127295
95.716228
48.862580
32.169955
82.973376
45.404086
89.380869
1.482980
62.201526
35.071496
39.572156
45.590788
92.227220
64.057131
89.617351
78.658691
47.213814
14.779683
83.467817
77.847009
54.751855
67.548409
64.725959
98.586702
97.986739
42.359898
68.166703
98.364814
67.404636
86.926552
92.407042
42.576901
31.550300
80.152016
93.115075
68.758598
29.870052
59.259395
1.841770
22.064140
80.835199
77.536838
37.619681
53.389610
48.405407
56.711139
61.183860
69.127086
75.227499
18.179817
54.163832
29.183769
70.525533
98.129287
29.496897
97.015879
66.760158
23.479238
17.767767
93.056288
40.209222
73.795602
17.631953
61.341469
58.036336
95.391991
51.457768
92.681128
6.593996
42.674485
11.869657
35.442846
45.192644
99.354564
73.929853
10.427383
69.225999
82.075078
24.030556
44.830759
46.891000
59.690991
1.650184
4.631624
57.495122
89.495513
29.771672
54.037186
70.387788
93.701611
34.982107
6.768788
86.447151
49.668873
76.239743
66.525993
71.495538
23.723560
42.154002
98.331686
62.427491
40.028619
10.621849
62.694456
87.636946
81.427287
26.996101
17.667836
21.292385
51.071054
40.236448
11.285244
33.381784
51.314326
97.377952
52.450332
34.224462
88.545161
20.197274
80.994639
39.394092
27.106993
21.353344
30.788152
54.483758
47.578645
85.904171
92.158596
69.185292
31.096331
42.009474
72.606110
15.376373
34.499986
53.070854
29.353070
60.067622
2.188380
36.923333
81.574734
56.171069
49.076209
27.619814
75.835996
55.586897
40.013447
48.055650
66.327395
36.509020
79.401957
51.267100
31.185901
36.725979
93.213275
64.210380
14.046661
38.246341
41.817168
48.565160
8.059593
68.770488
33.640978
31.456520
44.706774
59.808027
51.255653
6.714674
42.484966
74.863932
77.199956
29.408838
24.094311
11.844802
20.070876
11.195017
5.521232
68.057847
20.927519
87.882016
75.745824
30.160730
13.222425
98.751531
1.303051
24.875373
98.592483
98.379207
76.719570
0.833936
61.596988
86.321935
62.245282
58.391743
39.761138
50.787007
44.871238
76.097042
40.086092
81.116611
7.806016
51.502285
99.187540
32.054091
19.193239
33.649155
21.874087
31.520568
99.224790
92.007019
55.288245
19.359216
72.272412
36.599136
22.504105
44.988451
52.289473
82.454565
12.094488
24.460587
1.615369
11.122353
45.427634
80.245523
54.809923
27.055260
52.080394
79.803709
21.182701
53.785371
94.147649
84.381439
72.967599
53.009734
9.756949
97.683552
65.496183
79.886405
60.414295
27.484022
4.838400
66.684514
22.701816
72.884645
6.275134
89.408886
56.934473
86.345670
76.693586
44.476353
61.715971
83.577164
9.017407
26.825722
58.393539
62.282215
57.464382
21.041677
32.178606
3.748130
13.998504
29.190508
87.243054
66.436504
17.188348
73.339224
88.437112
27.902762
59.070509
79.682074
8.118451
9.353786
91.862540
38.480909
90.162684
96.306345
96.985165
22.476756
52.231923
20.021381
60.722290
30.221063
8.889494
96.943058
37.374695
82.258670
57.003342
73.805067
91.178792
6.211593
32.023857
58.717991
50.539174
21.312824
85.686463
76.547650
55.811198
25.859997
80.713679
57.916011
66.743965
47.992044
61.201117
63.316989
26.126423
76.453140
87.862517
85.402662
51.001558
84.822599
43.240550
48.938331
39.023035
82.654230
23.206776
20.161755
24.674149
59.975071
75.632734
17.901044
32.071106
14.779786
97.600831
57.720084
54.018866
31.519326
77.265759
99.522641
50.713322
56.090621
9.141837
22.230137
68.491116
0.325980
81.880141
46.486495
88.551805
68.459197
73.442354
43.575713
13.089099
71.827038
1.263579
27.891894
19.034731
29.830123
66.660888
25.736211
76.162268
86.528494
75.651691
84.729573
2.568068
35.248458
10.629992
6.868044
98.807857
59.416457
73.257212
20.542571
17.637447
86.221523
57.082454
16.971848
24.335100
80.037866
47.349355
3.090169
93.251039
31.226099
2.681818
7.578368
9.704430
49.237205
28.837291
21.882215
27.897372
53.328702
39.686623
90.223719
46.627315
3.344795
66.645714
92.482905
98.762448
46.288632
17.766472
1.955443
3.683921
62.159850
92.218080
17.342538
8.675783
87.730667
8.052789
88.695281
55.368053
82.948487
12.452937
59.281463
79.285151
24.787033
90.341052
93.550714
14.775723
2.909062
62.107455
57.636858
63.817200
81.806817
82.142149
15.485627
85.774029
49.315271
88.389566
58.146699
44.911809
28.790213
16.840409
43.761585
58.620046
73.432286
49.470281
4.716901
65.031174
23.494052
90.620193
8.966944
29.771433
12.160437
53.665490
82.153797
98.825608
23.564583
71.048085
1.256434
44.057615
52.850837
11.999704
48.284319
61.797059
47.649468
79.271664
8.053097
28.957643
48.799559
39.126172
95.392565
59.641559
40.496225
33.366011
97.135096
12.045194
72.449454
27.612955
94.084690
14.386499
50.784919
71.026587
96.833822
65.624905
45.222926
9.978622
52.403336
19.318115
13.116346
9.340861
17.559014
12.173840
28.719286
47.780341
84.661513
57.716688
59.421269
60.327253
68.277134
35.853254
4.696755
40.360977
43.520928
51.308860
93.060303
1.368380
30.531276
40.571257
95.623708
13.638819
40.897547
51.267467
97.002751
79.561848
5.772998
42.175074
78.429845
15.187572
83.104186
15.334251
5.401874
7.072875
13.213755
57.316638
33.733143
93.996568
63.481013
1.594570
22.381386
7.821644
58.924693
61.672286
15.062351
98.151538
80.719882
68.730434
49.673336
39.475297
44.659662
29.989679
84.709973
69.748428
12.536917
85.395427
92.333018
31.273769
31.765978
0.520391
63.308465
70.855290
13.051282
50.907883
82.816302
23.568310
71.682095
80.018736
79.039260
45.037492
89.713659
85.913932
49.989763
61.856935
20.411198
76.972591
26.501801
89.797411
52.088241
74.190298
1.498937
88.951254
6.592703
56.478423
14.248413
44.800669
83.409776
94.018243
88.077029
97.939123
97.953260
46.876780
62.094409
91.442209
72.410081
28.619302
94.670560
34.520602
90.298493
32.307927
19.191055
34.198962
45.871455
46.080103
18.305256
71.725444
67.037969
59.275050
6.358577
26.266690
70.133240
44.255517
3.090160
60.800531
22.258037
50.464322
45.641346
21.510754
13.476366
18.837538
33.353907
5.962011
87.007117
51.272113
28.627975
92.685570
34.773188
12.953304
81.945667
32.634358
23.061989
79.832718
34.529240
38.998289
76.318358
84.060425
43.912499
75.968286
17.602514
20.983131
97.066734
13.101163
56.357346
15.859933
68.202274
1.085920
86.752932
64.576830
76.745000
92.547048
59.451520
44.102421
36.915492
68.101503
84.968871
90.222154
71.207930
34.553273
3.071343
63.766493
26.386022
63.505204
12.496279
70.233162
29.645222
41.422220
5.248270
14.793715
77.889619
55.342025
43.801594
24.421419
36.099637
74.575288
82.683373
59.679328
45.644006
15.358236
58.521140
4.284902
13.607381
34.324262
27.841547
66.527899
8.648628
90.675060
23.422867
52.854876
78.289113
8.708832
54.005694
37.126215
51.883903
24.554971
82.161930
18.008708
42.864928
99.074311
50.229278
18.483203
14.764030
62.784392
95.139443
25.282559
80.910473
28.242308
61.522452
0.615487
94.857859
29.318564
65.170054
95.247367
39.538560
44.914760
32.803310
31.538761
70.222264
80.017970
77.100260
16.018668
62.997534
75.567429
32.165518
55.512017
5.251395
68.910404
80.410904
31.387997
48.144811
53.750830
56.735185
58.697602
5.970912
46.022052
67.619342
67.550116
37.669878
82.926838
52.754472
54.922469
19.277775
83.435498
80.833911
32.619608
16.231006
4.736589
90.119972
36.870975
74.829057
1.481578
15.522376
35.005627
88.637314
78.342927
59.818141
4.240327
74.133282
48.816800
86.197873
36.224641
39.359751
36.784771
56.308403
9.044101
44.632245
50.410774
76.586723
79.859407
31.314523
4.037949
60.362888
67.675745
67.683970
11.597125
8.663779
65.616001
38.415501
63.256532
91.323119
84.066830
86.454313
42.421603
88.688234
83.398620
42.260550
32.751037
23.913226
78.951274
50.754127
89.005584
54.089718
99.325824
86.962369
26.043436
9.409361
96.504983
13.094712
70.523442
56.308595
10.675218
46.362688
61.567256
26.814029
30.331297
53.187854
60.040906
68.956861
55.540531
26.204489
11.844443
79.257259
33.879438
0.402133
55.821396
3.725616
20.770671
50.483624
19.542507
88.313109
72.034821
30.414203
34.553307
17.167602
60.906548
1.762012
14.230433
44.302184
12.116596
84.762880
1.290232
57.277541
44.149715
44.287418
46.919667
2.914935
77.683413
22.390977
55.135790
10.433531
68.745180
37.007177
65.313514
93.366927
64.035230
97.346995
77.217174
8.340415
88.347743
78.273606
61.547989
38.382125
33.578150
91.531846
27.575851
55.278967
42.131633
54.396548
14.185817
94.160094
11.246323
77.854874
8.002090
82.911852
47.731386
61.996943
42.389227
40.812167
18.363810
78.593367
80.824709
29.053691
56.417755
0.376409
38.503495
59.019983
37.733752
71.523613
55.001821
19.885789
96.581722
93.879483
68.661579
56.431874
37.991013
34.416633
1.708670
20.076185
62.802888
66.726201
28.552636
6.579802
88.363600
83.824283
21.311472
56.453606
27.784452
39.442161
13.135392
47.229340
37.849482
65.283204
44.903441
57.603781
90.039809
89.256661
81.636794
38.341310
48.808597
23.688433
65.958426
74.173097
63.975898
97.027963
5.219140
21.733326
90.493320
57.132209
36.386879
18.434668
26.607307
71.161387
51.583255
1.802629
54.942914
80.505055
7.554589
86.358769
2.404920
1.658939
47.500915
74.839194
6.182319
20.069411
91.567669
24.493471
81.995464
81.619913
93.753517
88.079002
34.069163
85.601479
26.477591
29.594984
29.537918
13.441236
45.292646
1.284034
92.283215
78.720505
99.730409
22.209008
83.583878
57.339577
88.925557
9.584629
3.780803
90.342049
48.691929
86.879362
56.594341
51.979498
68.895506
7.173672
56.450878
64.203797
52.501191
79.572525
44.324861
25.641206
1.382021
7.740500
70.944321
89.620922
74.454185
72.538220
46.979970
64.410994
49.590467
66.431367
28.776861
38.547618
76.159104
77.019329
62.115574
62.429499
76.380731
37.492583
45.671669
94.970154
90.729333
17.140483
26.032020
45.021641
13.811428
40.733771
26.653019
79.014071
67.233018
56.674482
75.253926
40.111975
84.806113
45.676099
4.418916
92.729524
65.574037
48.010764
95.376903
56.456786
19.491664
37.386321
96.182508
7.803627
13.581246
46.515783
43.045177
42.513170
87.680526
99.003352
11.814679
32.677694
59.434591
19.906566
33.900776
75.077165
16.698151
66.459655
25.855435
45.611397
75.698609
83.473089
43.748193
83.744062
21.940725
85.909215
17.834583
14.731357
58.272987
15.095545
52.263502
35.681557
15.105805
74.328615
25.935650
96.526820
33.086983
39.936075
30.167794
72.387594
86.632813
71.939553
50.520204
12.296101
90.929215
86.442643
35.293983
64.183305
19.789122
26.824920
7.790354
8.575694
26.904476
44.730208
44.928227
99.437169
33.603449
11.392204
3.752375
48.001621
8.568108
11.842296
98.359792
92.599766
82.897261
48.601067
86.393912
79.444823
53.817101
5.372621
17.396190
59.697744
8.238097
46.425769
16.040999
33.843944
23.142376
98.351402
18.157690
33.586337
48.095630
71.761034
39.891649
37.752742
93.859485
6.196746
3.457307
59.914782
50.644138
17.618337
81.643513
10.890033
26.002289
31.381414
30.746960
68.388051
8.377229
50.519452
50.748054
67.990342
9.340434
68.948901
83.733672
18.895481
57.369263
11.935636
14.310514
90.184201
63.297790
11.706021
27.011361
38.926419
39.617543
27.978252
21.290573
31.004033
35.816148
29.149002
80.076620
88.342319
70.993559
34.959033
32.117236
28.614930
42.187937
96.411122
2.375000
20.047408
38.833427
4.030435
17.026039
25.399898
96.749318
81.204610
45.109750
14.424247
20.591213
84.961444
0.821343
54.578009
61.299457
37.795122
20.969869
73.914399
1.338051
50.720057
71.132058
19.009394
63.506694
43.590757
42.119563
99.059974
41.071513
73.578421
7.245544
70.967443
77.917997
0.572142
81.271493
55.881967
96.813678
57.505920
22.268643
42.708705
61.934895
99.053084
75.466028
5.946262
8.325856
86.191397
18.839210
85.934350
20.355910
8.815525
92.845850
42.798420
90.042524
24.646309
47.610088
81.463513
60.446172
33.710975
51.748367
37.684946
48.698033
38.118884
69.078545
77.214704
49.798015
86.290636
15.291725
88.615754
39.327934
37.239120
43.726395
74.077798
11.813962
89.286690
91.667242
64.665228
56.704301
74.650932
75.876328
26.162803
1.003054
1.346449
26.510726
23.223740
27.496046
90.910073
32.763646
23.845634
9.843844
48.930381
82.813093
63.889646
97.846914
3.826590
99.483569
76.448394
42.541300
81.877904
39.825877
80.289979
16.598390
1.196400
90.438649
16.581089
87.582188
44.070872
99.884639
34.319472
36.414641
73.194075
99.556242
48.979501
92.656682
37.341604
15.818157
25.012932
24.182599
65.410746
86.838476
95.754196
10.684439
11.977899
1.920247
44.521824
32.953169
88.200432
70.544139
81.669373
17.908794
22.651494
77.942687
88.511127
32.249871
15.279316
90.687860
3.350887
25.273883
93.181774
45.205810
29.765775
64.335999
97.384765
57.900710
26.576248
68.135566
66.340678
66.276950
43.514780
84.080841
9.779898
56.943831
26.895151
3.735466
49.650891
27.075558
49.033144
50.456231
19.900098
95.155121
69.092307
19.939114
62.694506
58.439595
76.742480
33.987354
36.639735
52.394454
54.185583
80.393989
59.725613
13.388374
16.278497
3.711037
86.120325
36.462109
40.805855
50.591117
85.838304
38.099375
83.988893
9.627410
31.761620
24.031550
87.839633
26.552356
93.143593
4.024199
47.924631
98.758543
47.463333
9.987691
68.313217
1.747707
36.552457
39.931086
49.482931
35.754153
51.960310
65.126485
40.467963
19.799788
18.073783
94.554562
13.810032
23.872880
96.287758
83.398492
48.447943
90.308492
94.800333
15.480398
35.725817
74.398242
92.030012
92.476825
43.837041
43.872237
91.628033
52.471761
84.960686
7.816978
95.187875
76.522633
34.134546
6.325538
57.386824
44.452389
86.059239
58.712003
28.058792
1.241673
20.266118
89.721489
7.244507
29.804311
23.534559
36.212082
79.297139
35.906802
63.210929
77.701415
98.200114
75.080845
30.816859
58.351576
88.434736
9.523549
10.222407
94.657544
65.069689
53.958434
50.366937
68.298779
28.356456
11.884771
30.150543
57.865770
24.411821
6.445726
71.720660
89.686319
23.119068
62.391285
51.852881
80.093320
66.256362
14.629303
70.712054
36.533345
5.443956
51.966313
70.774085
41.828004
28.198051
73.607822
77.576665
10.094710
52.636087
94.985116
95.006064
90.650281
82.053097
73.967033
91.401877
45.912052
64.524752
19.679679
95.470213
95.310867
19.480833
90.841657
71.094840
60.859457
80.856352
4.361393
31.748447
77.710041
71.970321
0.269389
92.867824
37.262483
77.672366
89.896227
20.277832
91.599667
12.653988
51.561543
68.958901
69.889287
44.785209
68.771474
23.328363
27.722277
36.981272
1.656141
27.184050
71.827713
19.243814
72.990721
85.248717
88.852210
87.448104
19.145739
57.484267
95.737571
50.479637
11.796422
14.504352
66.616949
29.027669
82.816891
96.450422
78.933802
56.069914
33.643496
95.090256
60.571059
84.688732
37.230217
11.016574
9.443562
31.697377
65.626944
77.783065
69.958804
15.096037
17.952918
69.710866
7.480491
65.909280
39.186702
80.050412
34.047136
13.445559
80.427644
82.272346
82.739450
10.602745
79.025055
49.656477
87.681129
97.038048
58.448523
37.991462
95.702529
28.493947
39.528156
49.717318
22.460043
47.047610
49.240376
6.315898
17.751588
41.255996
28.828929
78.615661
15.431711
6.165251
38.091534
40.652116
13.305270
1.269564
53.573458
46.724306
46.566982
30.079400
73.157108
75.567466
97.313219
64.318390
69.449071
11.684207
92.483622
74.044713
13.128869
59.370839
7.381393
18.165584
75.502711
33.304863
9.322297
33.641618
78.773079
34.761482
57.642212
50.872193
79.865636
75.530936
26.749818
31.675099
66.286097
77.733360
89.167039
24.096356
43.376923
71.635113
55.248633
29.723370
61.976152
13.782392
13.604327
1.064384
11.032116
41.142507
7.307603
52.332892
52.616812
94.460480
52.548790
11.019316
27.817348
31.355713
94.126842
46.681299
29.439826
28.548205
15.837496
12.642379
4.816954
95.883807
25.473530
47.742216
92.341578
75.948310
76.924964
91.423421
94.725000
73.146706
55.890838
47.159984
32.239896
93.455321
36.030159
28.206995
1.384083
63.543190
1.690521
52.964224
75.451852
39.314762
94.046926
72.887646
66.808473
91.327324
99.991389
80.844355
72.013701
32.408721
51.376181
26.008668
30.606226
15.666708
83.691484
73.783023
15.968292
66.905953
55.978519
78.648998
52.024516
3.059216
68.943863
58.967045
20.379535
19.284544
36.915387
23.337213
75.271427
2.155820
2.466644
23.921842
71.554523
50.520000
60.847204
27.774118
14.189786
89.067757
1.954444
59.429503
13.445440
58.636109
17.737785
69.062939
23.001277
87.924490
50.167397
21.768734
77.741235
8.328225
50.866681
5.942187
0.489358
18.997527
78.185057
38.672802
57.294726
6.190254
63.246831
64.881212
37.926396
59.026673
67.866769
93.298496
1.905161
0.068115
44.889990
93.996667
60.276509
42.191583
47.159047
61.566913
75.214728
52.960863
87.272300
46.125651
92.696037
65.285590
97.478029
11.174861
90.314364
92.875474
18.688966
76.544617
0.486053
76.410360
83.804074
80.113542
46.217637
10.201973
15.664617
33.128042
4.246537
20.203304
98.658839
83.667378
10.408799
40.687144
24.468226
39.525018
48.021100
90.097879
92.687656
66.757550
68.938576
24.322189
36.812089
66.034109
22.164768
77.388699
89.122494
91.011688
10.407959
87.979932
56.009355
10.763817
13.622582
47.574777
65.318281
75.396321
66.267865
66.752861
34.674379
93.407461
1.874302
87.351262
76.004341
23.116034
1.811564
4.639441
39.360681
5.550858
77.689403
92.052018
58.413558
89.543192
66.776141
37.940875
91.487797
91.820652
6.718257
1.864928
82.937906
69.135818
28.594518
91.825136
29.261735
10.460816
41.164551
14.485675
72.945030
28.616108
58.599410
44.203202
49.708049
64.128228
57.812216
4.002769
23.853434
47.061551
29.585331
31.801486
63.810862
37.723863
87.213535
78.181225
90.252519
96.449517
34.119030
34.986131
50.128936
80.273354
43.698619
58.909751
85.943651
79.688098
95.914058
13.242195
37.125143
79.279397
79.955843
33.267205
66.299301
3.797342
1.842121
49.423491
11.743533
46.903269
25.242657
95.480222
28.845587
5.921998
77.435224
86.172251
34.552863
70.116422
40.951905
57.529742
76.875309
4.562969
85.887956
13.771284
38.932909
5.925128
35.905314
73.687038
85.441089
62.351598
55.325376
53.532670
48.413606
81.190046
1.384307
18.884893
63.915362
62.846591
34.056501
78.875160
57.701093
81.064973
76.047557
40.814435
78.509807
77.900788
22.180222
79.276892
0.066204
38.167967
8.650675
87.781756
73.240129
42.909627
72.535889
19.997465
7.577213
53.381056
7.294640
13.691463
85.839587
35.113639
31.105106
66.145536
30.124381
66.455629
43.478198
65.166653
63.679754
62.441769
56.100045
20.791261
64.669212
62.103117
32.784793
30.670234
25.713141
69.184785
1.203754
78.996774
88.967037
22.999402
44.517482
50.120000
73.508476
60.969349
67.564091
62.937243
64.333962
53.628190
25.401867
95.657942
59.387758
53.465942
35.418542
15.386924
52.398992
53.026114
23.417901
4.784399
16.448621
42.052493
48.567106
99.195216
3.860027
76.238074
76.493025
43.862625
87.627286
70.894783
65.797233
34.656642
65.063500
30.146355
53.696005
46.765409
69.229260
63.033908
8.324455
4.581786
28.712611
38.182100
5.919399
75.179298
62.190956
68.449532
40.402540
51.519317
92.141545
81.055523
38.171975
22.970342
35.496051
31.788693
33.070034
73.822911
27.753982
81.878150
38.439533
53.707132
10.366992
95.136608
96.533736
12.135450
36.221789
28.790597
0.542450
-76.632039
-56.072596
-73.833959
-13.056354
-3.814493
-24.437425
-12.221879
-48.885098
-30.649160
-67.792358
-44.083669
-71.058603
-10.579530
-85.379830
-4.445317
-83.616522
-71.280060
-76.891232
-76.718748
-90.223783
-61.881119
-39.473795
-82.479920
-41.492836
-12.544858
-53.969425
-31.309197
-64.154729
-91.061706
-22.452779
-44.679831
-84.187432
-53.704903
-67.966659
-28.765320
-22.489569
-14.170777
-4.543315
-23.440939
-19.073074
-64.432703
-24.015447
-56.565163
-8.782961
-26.569474
-8.255321
-94.589752
-43.976236
-70.775570
-58.321322
-29.525164
-98.352321
-29.642157
-89.421992
-3.632311
-25.041259
-81.708611
-43.657884
-97.414346
-62.477977
-55.269753
-30.280314
-67.065617
-11.261262
-27.147827
-1.952984
-80.745699
-71.665904
-72.306663
-44.401042
-79.027009
-6.019126
-54.180937
-96.782767
-46.699017
-13.710058
-7.593928
-16.280911
-49.256079
-35.019039
-56.584034
-88.177502
-30.040440
-28.443047
-5.211011
-59.106728
-41.657801
-12.012824
-48.650872
-49.915358
-1.899053
-94.881365
-97.576324
-88.756998
-76.155244
-61.221373
-32.131768
-59.764562
-82.146220
-86.431574
-96.138971
-8.072240
-33.217652
-97.116647
-35.584571
-32.866876
-19.442183
-58.220914
-44.987870
-2.218084
-52.185667
-71.051955
-88.900328
-21.699839
-55.879540
-91.370341
-22.706335
-40.530293
-46.929340
-17.855268
-31.953790
-14.048102
-99.923844
-96.385381
-73.109940
-38.702181
-43.295305
-57.359530
-64.138392
-69.844615
-61.493350
-30.445844
-72.051317
-70.761766
-91.349950
-23.949812
-73.661274
-23.077335
-17.418142
-12.888602
-30.170715
-34.733642
-93.687774
-9.324438
-52.483537
-40.946712
-78.488001
-96.154681
-97.030287
-93.275997
-41.956479
-24.071565
-65.913182
-52.505338
-61.755664
-83.055743
-73.084124
-76.977262
-79.715785
-78.688003
-28.816741
-55.583058
-72.199734
-64.178146
-82.490523
-77.796699
-42.073247
-7.085061
-34.991213
-11.437622
-86.073467
-0.569062
-14.624263
-24.853501
-72.040554
-36.543110
-94.988724
-52.075325
-22.831233
-66.349098
-81.461046
-93.840718
-32.713205
-20.559385
-42.858754
-94.509460
-95.561337
-59.396469
-67.885108
-7.284797
-17.586109
-82.619136
-57.418499
-6.457933
-4.540331
-94.609221
-69.674099
-6.343016
-33.997719
-25.274806
-94.309377
-8.169519
-66.518474
-69.738039
-12.226858
-47.255840
-45.048119
-87.979219
-33.617025
-19.013897
-77.800864
-15.022734
-10.899158
-18.989535
-63.936985
-1.131601
-85.860279
-11.053132
-84.127712
-93.172356
-67.770178
-33.504586
-41.204599
-54.270130
-83.434488
-47.350793
-40.739015
-73.038825
-65.050073
-58.076327
-78.056254
-16.705861
-1.026323
-69.407631
-68.741517
-93.584860
-23.683594
-53.317983
-12.384041
-18.015458
-24.927084
-8.934882
-13.629531
-21.140623
-76.889682
-98.870901
-22.969202
-81.332507
-71.641979
-65.813348
-6.616536
-7.904049
-40.906906
-5.283938
-9.291665
-48.452273
-52.300597
-37.665846
-1.613020
-36.101899
-5.100928
-27.859653
-69.438375
-47.769126
-6.058181
-40.078570
-19.322600
-12.803423
-80.743000
-23.765211
-54.513068
-12.799628
-12.580662
-90.552278
-52.175648
-98.916214
-90.527155
-89.977558
-73.309005
-86.565231
-86.227859
-29.675243
-68.063514
-98.334277
-71.862619
-2.785580
-20.240963
-71.038241
-9.106776
-59.024286
-30.565437
-49.846161
-44.859420
-95.675521
-90.019824
-48.901250
-62.762756
-70.975143
-39.646501
-64.207524
-61.914821
-92.016171
-92.275642
-6.953617
-47.898120
-66.243812
-7.032762
-48.985445
-64.776952
-88.914459
-10.197775
-21.937321
-2.905844
-39.892968
-70.369619
-53.659360
-65.466951
-47.511075
-14.957659
-49.486965
-59.048951
-5.720696
-27.682544
-78.433281
-7.480795
-94.120923
-92.536000
-1.304497
-55.351169
-15.078045
-31.029562
-86.463871
-50.687389
-10.054226
-55.568258
-51.113411
-29.678859
-41.129244
-39.735911
-49.322431
-70.988442
-89.749469
-6.400464
-24.065127
-37.449432
-1.085792
-78.707230
-51.577200
-19.702847
-42.211855
-86.547041
-98.864533
-96.756645
-40.772200
-49.030180
-7.937220
-30.129832
-94.345413
-47.289126
-33.745306
-85.117245
-4.603564
-82.897006
-3.934377
-62.368435
-53.578447
-41.024476
-59.677085
-99.244890
-82.286654
-42.193549
-4.949516
-14.081135
-10.393043
-3.921135
-54.196741
-20.954018
-17.780671
-72.521504
-89.042231
-41.857329
-63.240390
-86.497159
-26.577446
-5.270531
-20.753805
-83.277340
-77.045539
-35.594512
-14.602284
-76.532532
-40.509966
-83.877234
-71.505569
-69.053009
-70.880996
-5.607389
-53.334555
-21.256486
-61.550766
-67.783207
-9.952721
-80.124255
-85.118429
-79.073504
-73.204894
-8.487117
-80.599230
-17.560984
-47.302857
-9.716743
-17.932675
-73.542627
-36.271513
-94.213788
-17.082539
-35.210201
-8.131915
-13.023581
-56.548758
-15.585101
-61.624193
-76.442100
-23.598518
-51.702146
-26.997640
-49.668629
-84.462225
-67.823903
-17.824999
-99.745917
-47.879286
-49.300255
-19.343379
-53.443331
-55.233026
-29.466109
-5.833609
-91.420817
-73.603001
-59.931345
-20.645508
-10.152792
-31.412505
-4.406561
-96.725163
-95.431949
-64.528454
-43.831255
-88.297333
-39.096743
-89.067371
-79.005148
-97.876907
-76.529773
-37.906649
-65.081563
-55.458416
-4.509109
-87.510584
-23.103385
-54.453842
-15.054299
-19.166428
-36.528223
-23.061116
-15.581281
-97.017555
-48.014885
-13.493809
-83.810843
-24.873786
-50.258716
-13.852872
-26.715787
-0.036526
-32.228246
-1.018239
-37.645816
-30.748909
-44.437550
-53.556258
-41.366089
-20.644078
-51.710158
-50.027497
-20.777401
-46.150296
-44.031975
-18.094681
-28.469651
-11.157183
-86.622223
-9.901906
-27.969167
-81.418352
-42.762171
-39.732862
-83.654169
-17.562185
-26.281719
-33.039337
-70.330049
-33.809137
-23.598362
-11.236627
-61.504638
-52.563138
-21.870780
-49.697637
-88.335516
-37.000739
-64.687067
-75.990124
-83.295873
-82.839154
-5.470616
-38.936187
-95.607662
-50.120438
-25.651556
-58.676416
-44.987378
-39.465600
-62.027505
-0.000164
-61.196220
-59.182103
-22.841992
-80.957088
-10.809114
-70.930592
-42.474856
-2.221299
-36.734735
-68.596800
-96.135361
-39.699858
-28.915872
-40.708640
-86.717151
-17.549140
-88.616566
-59.608944
-51.684567
-69.873416
-89.241127
-4.651752
-78.097932
-44.899311
-12.224219
-85.092805
-41.417137
-14.310776
-76.205766
-48.366693
-53.170776
-18.450539
-54.369893
-29.336894
-71.031454
-11.873575
-8.563848
-62.776747
-18.773314
-3.968349
-18.834536
-1.433240
-11.171347
-39.574489
-65.994433
-77.487753
-37.704127
-1.960996
-0.431943
-11.154230
-18.287424
-40.709181
-20.150916
-5.761551
-40.980665
-38.121989
-42.349087
-47.489179
-54.696139
-19.728999
-98.407161
-20.400565
-7.094939
-32.362674
-56.983207
-56.906618
-34.415237
-53.606911
-3.289027
-42.277896
-35.092321
-15.961338
-79.701019
-35.677380
-56.837920
-14.947314
-95.108349
-62.895089
-91.397798
-65.678112
-73.086801
-2.506620
-98.132442
-25.868904
-54.778805
-79.743763
-8.349702
-15.374194
-40.339068
-30.458985
-21.107494
-40.982589
-16.008395
-51.213076
-98.030710
-27.694632
-22.858258
-86.240981
-30.837940
-0.109843
-83.415109
-31.129619
-80.154973
-59.269967
-64.978127
-22.004076
-2.338432
-4.737913
-52.221303
-11.581764
-86.088681
-19.374958
-54.915188
-68.985452
-92.932113
-82.705035
-91.109680
-3.736823
-37.222083
-91.156279
-32.343988
-98.332697
-55.061535
-56.311458
-49.042127
-3.004087
-6.776392
-45.700278
-1.745443
-7.525737
-61.490523
-50.711274
-24.837448
-70.215306
-95.205319
-8.897948
-46.754296
-20.543910
-81.125911
-70.776053
-72.828481
-10.281213
-47.882506
-95.617984
-16.972159
-73.490745
-38.045510
-92.152124
-32.941216
-81.079531
-14.612511
-79.919265
-34.913241
-52.018462
-98.757954
-20.610870
-56.283018
-75.835983
-46.898304
-13.120977
-61.343441
-82.231086
-39.130723
-14.233715
-19.610146
-72.919921
-48.294608
-48.834425
-92.649046
-0.688909
-52.739686
-69.301299
-80.093795
-10.758465
-99.237014
-22.256235
-79.225837
-43.376554
-35.648229
-62.563067
-11.182728
-31.212053
-10.599798
-75.329266
-2.503774
-63.823394
-5.958051
-87.944945
-77.267198
-14.789643
-3.801125
-52.413641
-20.559741
-53.263079
-30.193646
-79.616621
-38.566485
-38.635700
-12.285948
-90.476626
-80.356765
-10.307192
-84.554386
-33.414808
-6.910157
-47.032177
-95.371499
-70.354528
-48.382945
-16.714293
-23.662461
-38.618183
-98.766118
-94.472631
-30.210137
-88.551403
-91.505706
-54.833155
-26.338438
-31.408559
-99.604904
-50.655472
-79.935267
-15.948508
-51.315543
-9.123575
-93.199170
-30.367069
-52.188626
-18.647622
-36.301969
-95.976309
-12.966919
-5.705342
-38.185246
-3.469628
-32.878487
-4.378505
-27.285787
-13.503242
-72.971177
-17.063624
-69.764250
-30.892012
-83.156392
-35.492502
-91.154252
-57.941498
-34.394084
-17.565115
-39.900516
-97.103647
-56.567822
-4.417055
-51.119240
-71.396207
-3.003497
-37.459104
-87.405471
-18.780469
-25.556927
-38.384388
-5.021173
-64.020850
-98.622439
-10.570917
-68.484235
-85.975501
-89.141061
-50.706586
-18.735284
-54.576736
-21.060875
-37.350951
-32.453930
-48.847294
-40.376828
-72.271776
-23.078566
-3.269357
-73.959881
-28.820852
-15.078555
-65.280355
-70.093628
-6.276191
-86.966481
-1.751745
-76.776103
-11.097231
-2.359036
-3.059600
-73.612530
-69.890568
-16.083871
-3.219199
-91.125441
-33.354197
-1.115781
-64.927847
-52.252032
-10.071072
-73.532326
-55.129532
-7.090742
-77.516650
-88.794366
-0.614223
-67.516221
-38.508602
-57.357071
-88.578170
-57.485317
-82.894987
-26.711240
-51.160360
-14.702146
-42.564480
-38.786104
-69.347982
-78.641413
-96.719972
-92.576716
-60.843700
-4.103217
-19.053402
-66.216398
-2.632923
-98.421656
-41.520252
-66.900082
-4.951954
-58.804316
-36.675850
-39.232539
-28.568808
-46.673169
-82.749372
-80.015897
-40.247189
-62.410506
-86.318214
-97.417692
-44.061641
-94.262929
-81.764759
-74.540789
-36.349214
-89.974682
-52.756826
-30.483203
-1.965812
-71.533203
-13.548214
-87.673755
-2.842365
-90.645120
-57.055619
-71.211661
-63.005412
-77.496467
-28.896039
-36.889767
-35.508354
-76.253676
-66.493828
-97.599049
-69.021730
-8.206311
-63.429231
-56.353461
-13.406552
-15.477162
-29.876733
-16.661818
-90.331883
-79.939100
-39.729380
-79.257186
-6.569009
-79.087298
-85.394004
-37.452774
-26.990450
-83.421114
-85.981393
-32.734838
-44.155555
-34.000689
-61.032052
-97.479660
-21.872365
-66.714149
-11.003315
-21.528633
-0.042485
-42.127756
-46.319865
-93.384614
-99.133867
-72.159395
-43.467016
-63.793101
-37.321490
-37.826035
-61.400848
-19.101326
-32.228944
-24.125625
-73.369873
-72.911815
-52.358292
-46.724834
-11.982492
-92.899827
-81.141815
-48.099677
-72.169115
-50.772051
-41.015862
-85.071200
-29.340633
-34.901526
-69.916392
-51.752441
-20.348556
-88.065453
-21.995122
-54.928364
-1.121570
-35.801835
-24.606088
-10.182241
-73.159486
-90.674553
-84.286332
-92.337436
-17.616226
-34.624683
-7.107013
-21.660375
-88.523470
-92.022485
-45.321692
-72.119432
-59.136178
-11.997898
-60.653157
-59.240781
-22.717485
-65.914724
-11.485557
-14.622426
-27.775454
-71.455414
-51.256533
-57.504893
-75.066452
-10.620880
-67.120317
-26.799597
-2.240047
-63.934728
-88.339688
-54.699088
-51.696196
-77.847629
-2.714605
-0.164207
-82.642077
-20.203435
-20.751831
-92.241716
-9.548325
10.000000
2.000000
7.000000
8.000000
4.000000
6.000000
19.000000
18.000000
6.000000
14.000000
19.000000
16.000000
2.000000
9.000000
12.000000
14.000000
4.000000
14.000000
16.000000
9.000000
5.000000
9.000000
1.000000
5.000000
12.000000
11.000000
9.000000
5.000000
18.000000
16.000000
11.000000
12.000000
16.000000
18.000000
8.000000
15.000000
5.000000
18.000000
2.000000
12.000000
12.000000
14.000000
13.000000
2.000000
10.000000
19.000000
15.000000
12.000000
10.000000
10.000000
13.000000
11.000000
12.000000
6.000000
8.000000
16.000000
12.000000
8.000000
10.000000
1.000000
3.000000
7.000000
6.000000
6.000000
15.000000
7.000000
1.000000
5.000000
12.000000
2.000000
19.000000
6.000000
3.000000
8.000000
3.000000
15.000000
8.000000
13.000000
7.000000
1.000000
3.000000
17.000000
4.000000
4.000000
3.000000
9.000000
15.000000
9.000000
16.000000
6.000000
5.000000
10.000000
13.000000
11.000000
3.000000
7.000000
3.000000
12.000000
13.000000
19.000000
18.000000
9.000000
14.000000
12.000000
7.000000
2.000000
16.000000
7.000000
3.000000
7.000000
4.000000
8.000000
10.000000
6.000000
14.000000
11.000000
13.000000
1.000000
19.000000
1.000000
8.000000
14.000000
1.000000
16.000000
9.000000
5.000000
7.000000
11.000000
9.000000
6.000000
5.000000
13.000000
16.000000
17.000000
6.000000
12.000000
12.000000
3.000000
7.000000
9.000000
12.000000
14.000000
11.000000
8.000000
6.000000
10.000000
12.000000
18.000000
17.000000
14.000000
16.000000
17.000000
2.000000
12.000000
10.000000
6.000000
15.000000
12.000000
7.000000
19.000000
13.000000
6.000000
1.000000
5.000000
10.000000
4.000000
4.000000
8.000000
10.000000
8.000000
8.000000
18.000000
18.000000
15.000000
8.000000
19.000000
19.000000
16.000000
17.000000
7.000000
17.000000
19.000000
11.000000
10.000000
2.000000
14.000000
9.000000
12.000000
9.000000
17.000000
3.000000
19.000000
2.000000
8.000000
13.000000
16.000000
6.000000
14.000000
16.000000
10.000000
15.000000
12.000000
18.000000
4.000000
4.000000
13.000000
11.000000
14.000000
15.000000
13.000000
14.000000
13.000000
14.000000
12.000000
18.000000
2.000000
16.000000
5.000000
8.000000
5.000000
17.000000
14.000000
6.000000
15.000000
15.000000
18.000000
15.000000
4.000000
4.000000
6.000000
1.000000
4.000000
15.000000
14.000000
1.000000
8.000000
4.000000
19.000000
6.000000
19.000000
13.000000
11.000000
19.000000
12.000000
7.000000
17.000000
5.000000
4.000000
4.000000
12.000000
12.000000
13.000000
14.000000
2.000000
7.000000
2.000000
1.000000
5.000000
16.000000
6.000000
2.000000
16.000000
19.000000
10.000000
11.000000
4.000000
3.000000
10.000000
2.000000
17.000000
2.000000
11.000000
8.000000
18.000000
18.000000
1.000000
10.000000
14.000000
1.000000
13.000000
18.000000
8.000000
17.000000
9.000000
8.000000
5.000000
18.000000
12.000000
13.000000
15.000000
14.000000
14.000000
11.000000
11.000000
13.000000
19.000000
6.000000
7.000000
3.000000
7.000000
2.000000
1.000000
14.000000
9.000000
6.000000
7.000000
17.000000
19.000000
16.000000
5.000000
16.000000
19.000000
19.000000
11.000000
6.000000
13.000000
7.000000
18.000000
2.000000
16.000000
4.000000
19.000000
14.000000
7.000000
7.000000
8.000000
2.000000
14.000000
2.000000
18.000000
13.000000
11.000000
17.000000
17.000000
12.000000
11.000000
2.000000
14.000000
15.000000
16.000000
10.000000
3.000000
7.000000
5.000000
2.000000
17.000000
16.000000
19.000000
14.000000
16.000000
12.000000
7.000000
2.000000
16.000000
7.000000
19.000000
10.000000
16.000000
5.000000
11.000000
11.000000
14.000000
15.000000
19.000000
11.000000
14.000000
2.000000
7.000000
6.000000
14.000000
18.000000
1.000000
5.000000
2.000000
12.000000
3.000000
15.000000
4.000000
2.000000
13.000000
8.000000
4.000000
4.000000
3.000000
6.000000
9.000000
7.000000
14.000000
12.000000
14.000000
17.000000
3.000000
16.000000
19.000000
4.000000
1.000000
10.000000
10.000000
1.000000
17.000000
14.000000
12.000000
11.000000
10.000000
18.000000
4.000000
16.000000
6.000000
2.000000
6.000000
15.000000
4.000000
18.000000
7.000000
3.000000
7.000000
12.000000
3.000000
13.000000
13.000000
17.000000
7.000000
10.000000
14.000000
19.000000
18.000000
7.000000
1.000000
12.000000
3.000000
10.000000
11.000000
17.000000
7.000000
9.000000
14.000000
15.000000
11.000000
5.000000
7.000000
7.000000
5.000000
17.000000
10.000000
2.000000
14.000000
5.000000
2.000000
9.000000
17.000000
5.000000
10.000000
19.000000
10.000000
10.000000
5.000000
10.000000
11.000000
10.000000
19.000000
9.000000
12.000000
5.000000
4.000000
1.000000
19.000000
13.000000
19.000000
18.000000
6.000000
17.000000
13.000000
1.000000
14.000000
14.000000
14.000000
2.000000
7.000000
10.000000
4.000000
1.000000
4.000000
7.000000
1.000000
19.000000
10.000000
10.000000
15.000000
13.000000
19.000000
9.000000
16.000000
7.000000
4.000000
7.000000
3.000000
12.000000
7.000000
1.000000
18.000000
6.000000
17.000000
4.000000
7.000000
13.000000
15.000000
10.000000
12.000000
15.000000
8.000000
8.000000
1.000000
4.000000
4.000000
7.000000
6.000000
5.000000
9.000000
6.000000
15.000000
11.000000
1.000000
1.000000
6.000000
5.000000
12.000000
15.000000
1.000000
19.000000
7.000000
7.000000
2.000000
3.000000
2.000000
16.000000
18.000000
10.000000
12.000000
2.000000
18.000000
2.000000
17.000000
2.000000
1.000000
7.000000
2.000000
9.000000
19.000000
13.000000
8.000000
8.000000
7.000000
3.000000
12.000000
4.000000
6.000000
15.000000
4.000000
19.000000
16.000000
8.000000
16.000000
15.000000
9.000000
19.000000
9.000000
15.000000
12.000000
16.000000
10.000000
4.000000
8.000000
14.000000
14.000000
15.000000
6.000000
10.000000
19.000000
3.000000
2.000000
11.000000
10.000000
7.000000
2.000000
13.000000
15.000000
11.000000
14.000000
14.000000
4.000000
7.000000
10.000000
19.000000
16.000000
14.000000
7.000000
2.000000
9.000000
10.000000
10.000000
9.000000
5.000000
9.000000
11.000000
15.000000
17.000000
13.000000
19.000000
8.000000
6.000000
16.000000
17.000000
11.000000
2.000000
1.000000
16.000000
9.000000
12.000000
6.000000
17.000000
15.000000
10.000000
11.000000
14.000000
17.000000
12.000000
19.000000
7.000000
3.000000
1.000000
6.000000
16.000000
1.000000
14.000000
6.000000
1.000000
17.000000
19.000000
2.000000
16.000000
15.000000
7.000000
7.000000
5.000000
11.000000
17.000000
12.000000
4.000000
4.000000
2.000000
2.000000
10.000000
3.000000
17.000000
19.000000
13.000000
19.000000
19.000000
10.000000
2.000000
12.000000
9.000000
18.000000
17.000000
10.000000
9.000000
19.000000
12.000000
19.000000
6.000000
7.000000
3.000000
8.000000
16.000000
13.000000
9.000000
10.000000
14.000000
9.000000
7.000000
17.000000
10.000000
15.000000
1.000000
16.000000
18.000000
2.000000
15.000000
17.000000
9.000000
13.000000
18.000000
17.000000
14.000000
11.000000
9.000000
7.000000
15.000000
3.000000
10.000000
17.000000
13.000000
7.000000
2.000000
17.000000
14.000000
6.000000
14.000000
3.000000
1.000000
9.000000
15.000000
9.000000
16.000000
5.000000
7.000000
8.000000
14.000000
2.000000
3.000000
14.000000
15.000000
18.000000
10.000000
8.000000
5.000000
6.000000
18.000000
7.000000
3.000000
8.000000
4.000000
5.000000
18.000000
5.000000
19.000000
3.000000
19.000000
8.000000
15.000000
9.000000
15.000000
6.000000
16.000000
12.000000
5.000000
2.000000
8.000000
3.000000
16.000000
2.000000
16.000000
2.000000
3.000000
7.000000
11.000000
4.000000
11.000000
16.000000
18.000000
15.000000
14.000000
9.000000
11.000000
5.000000
13.000000
2.000000
16.000000
16.000000
4.000000
15.000000
6.000000
9.000000
2.000000
15.000000
4.000000
11.000000
16.000000
19.000000
14.000000
8.000000
14.000000
18.000000
12.000000
4.000000
17.000000
2.000000
4.000000
9.000000
13.000000
2.000000
5.000000
9.000000
2.000000
7.000000
3.000000
6.000000
10.000000
11.000000
15.000000
13.000000
14.000000
14.000000
12.000000
13.000000
3.000000
15.000000
12.000000
4.000000
17.000000
16.000000
16.000000
4.000000
4.000000
6.000000
9.000000
9.000000
17.000000
3.000000
3.000000
15.000000
1.000000
12.000000
4.000000
3.000000
5.000000
4.000000
4.000000
14.000000
17.000000
2.000000
14.000000
10.000000
16.000000
6.000000
10.000000
4.000000
17.000000
13.000000
9.000000
19.000000
14.000000
7.000000
19.000000
18.000000
8.000000
19.000000
11.000000
16.000000
4.000000
16.000000
12.000000
10.000000
13.000000
7.000000
4.000000
11.000000
7.000000
18.000000
9.000000
3.000000
8.000000
8.000000
6.000000
10.000000
16.000000
4.000000
9.000000
16.000000
19.000000
15.000000
4.000000
16.000000
11.000000
8.000000
2.000000
4.000000
14.000000
2.000000
5.000000
16.000000
15.000000
19.000000
17.000000
17.000000
6.000000
4.000000
1.000000
3.000000
17.000000
1.000000
18.000000
5.000000
10.000000
9.000000
4.000000
8.000000
13.000000
11.000000
11.000000
13.000000
6.000000
5.000000
1.000000
2.000000
17.000000
3.000000
11.000000
5.000000
14.000000
19.000000
14.000000
10.000000
1.000000
5.000000
2.000000
17.000000
19.000000
4.000000
2.000000
2.000000
18.000000
16.000000
12.000000
16.000000
11.000000
13.000000
19.000000
14.000000
14.000000
7.000000
1.000000
11.000000
16.000000
3.000000
9.000000
6.000000
18.000000
4.000000
5.000000
5.000000
14.000000
15.000000
2.000000
11.000000
4.000000
4.000000
14.000000
10.000000
6.000000
13.000000
18.000000
10.000000
2.000000
5.000000
1.000000
18.000000
16.000000
8.000000
3.000000
8.000000
11.000000
6.000000
14.000000
2.000000
16.000000
11.000000
10.000000
11.000000
2.000000
8.000000
3.000000
9.000000
3.000000
17.000000
16.000000
11.000000
6.000000
3.000000
19.000000
18.000000
16.000000
17.000000
3.000000
19.000000
3.000000
19.000000
8.000000
13.000000
19.000000
18.000000
3.000000
1.000000
19.000000
7.000000
9.000000
6.000000
9.000000
11.000000
15.000000
4.000000
10.000000
12.000000
9.000000
6.000000
9.000000
7.000000
3.000000
10.000000
6.000000
3.000000
19.000000
14.000000
8.000000
12.000000
5.000000
14.000000
2.000000
13.000000
4.000000
17.000000
12.000000
2.000000
11.000000
5.000000
8.000000
5.000000
13.000000
15.000000
10.000000
14.000000
2.000000
4.000000
12.000000
6.000000
3.000000
15.000000
5.000000
11.000000
8.000000
9.000000
19.000000
1.000000
11.000000
14.000000
16.000000
11.000000
19.000000
3.000000
6.000000
18.000000
8.000000
14.000000
19.000000
17.000000
7.000000
11.000000
18.000000
14.000000
5.000000
1.000000
15.000000
18.000000
6.000000
4.000000
2.000000
1.000000
17.000000
13.000000
19.000000
10.000000
11.000000
7.000000
7.000000
5.000000
17.000000
5.000000
13.000000
3.000000
10.000000
6.000000
19.000000
18.000000
15.000000
10.000000
4.000000
8.000000
6.000000
17.000000
9.000000
12.000000
12.000000
17.000000
11.000000
8.000000
1.000000
18.000000
2.000000
12.000000
16.000000
6.000000
14.000000
16.000000
8.000000
5.000000
5.000000
18.000000
6.000000
17.000000
12.000000
5.000000
4.000000
19.000000
15.000000
10.000000
12.000000
18.000000
8.000000
17.000000
6.000000
6.000000
15.000000
6.000000
8.000000
3.000000
12.000000
18.000000
17.000000
10.000000
1.000000
2.000000
18.000000
11.000000
2.000000
1.000000
17.000000
19.000000
3.000000
17.000000
10.000000
1.000000
10.000000
12.000000
5.000000
11.000000
16.000000
8.000000
11.000000
11.000000
13.000000
2.000000
12.000000
16.000000
12.000000
5.000000
18.000000
2.000000
10.000000
14.000000
8.000000
11.000000
10.000000
1.000000
5.000000
14.000000
14.000000
10.000000
8.000000
3.000000
12.000000
14.000000
15.000000
14.000000
2.000000
10.000000
16.000000
13.000000
13.000000
14.000000
2.000000
9.000000
11.000000
18.000000
14.000000
15.000000
19.000000
4.000000
1.000000
18.000000
1.000000
17.000000
8.000000
18.000000
14.000000
9.000000
5.000000
7.000000
2.000000
1.000000
18.000000
6.000000
15.000000
5.000000
8.000000
10.000000
14.000000
1.000000
7.000000
10.000000
9.000000
11.000000
8.000000
17.000000
14.000000
13.000000
13.000000
2.000000
14.000000
8.000000
6.000000
14.000000
2.000000
2.000000
11.000000
12.000000
16.000000
7.000000
13.000000
12.000000
11.000000
1.000000
16.000000
3.000000
3.000000
19.000000
12.000000
15.000000
11.000000
18.000000
5.000000
17.000000
19.000000
17.000000
8.000000
12.000000
16.000000
12.000000
2.000000
13.000000
5.000000
9.000000
15.000000
19.000000
8.000000
15.000000
1.000000
16.000000
19.000000
4.000000
10.000000
9.000000
1.000000
5.000000
8.000000
16.000000
10.000000
19.000000
4.000000
4.000000
17.000000
1.000000
17.000000
11.000000
9.000000
14.000000
2.000000
14.000000
8.000000
4.000000
16.000000
12.000000
16.000000
8.000000
6.000000
7.000000
5.000000
17.000000
6.000000
2.000000
4.000000
1.000000
16.000000
3.000000
1.000000
10.000000
5.000000
9.000000
1.000000
10.000000
14.000000
16.000000
18.000000
14.000000
7.000000
14.000000
1.000000
10.000000
1.000000
6.000000
13.000000
19.000000
17.000000
2.000000
6.000000
7.000000
15.000000
6.000000
4.000000
10.000000
13.000000
12.000000
16.000000
9.000000
9.000000
13.000000
18.000000
17.000000
17.000000
15.000000
1.000000
7.000000
18.000000
9.000000
12.000000
19.000000
13.000000
10.000000
14.000000
4.000000
6.000000
12.000000
10.000000
1.000000
1.000000
6.000000
15.000000
7.000000
15.000000
5.000000
16.000000
19.000000
5.000000
1.000000
9.000000
9.000000
16.000000
17.000000
5.000000
7.000000
1.000000
17.000000
8.000000
5.000000
1.000000
4.000000
18.000000
10.000000
12.000000
7.000000
6.000000
3.000000
1.000000
9.000000
16.000000
8.000000
5.000000
17.000000
17.000000
11.000000
19.000000
4.000000
14.000000
1.000000
8.000000
7.000000
11.000000
4.000000
3.000000
15.000000
5.000000
8.000000
1.000000
8.000000
3.000000
13.000000
6.000000
15.000000
9.000000
6.000000
19.000000
14.000000
5.000000
12.000000
7.000000
14.000000
2.000000
14.000000
19.000000
6.000000
6.000000
16.000000
13.000000
15.000000
3.000000
16.000000
3.000000
4.000000
11.000000
15.000000
12.000000
19.000000
13.000000
9.000000
10.000000
16.000000
4.000000
18.000000
6.000000
17.000000
12.000000
1.000000
12.000000
10.000000
2.000000
12.000000
12.000000
7.000000
8.000000
17.000000
7.000000
10.000000
18.000000
2.000000
5.000000
3.000000
1.000000
6.000000
1.000000
14.000000
17.000000
7.000000
17.000000
17.000000
8.000000
10.000000
5.000000
18.000000
1.000000
4.000000
8.000000
11.000000
8.000000
3.000000
13.000000
5.000000
18.000000
14.000000
18.000000
10.000000
19.000000
16.000000
1.000000
18.000000
16.000000
6.000000
8.000000
1.000000
14.000000
2.000000
18.000000
12.000000
15.000000
5.000000
18.000000
11.000000
13.000000
13.000000
19.000000
6.000000
6.000000
4.000000
12.000000
15.000000
14.000000
17.000000
5.000000
3.000000
7.000000
17.000000
2.000000
10.000000
11.000000
11.000000
3.000000
4.000000
6.000000
9.000000
14.000000
17.000000
5.000000
13.000000
4.000000
17.000000
17.000000
4.000000
2.000000
9.000000
18.000000
15.000000
13.000000
3.000000
8.000000
15.000000
19.000000
4.000000
2.000000
16.000000
5.000000
8.000000
3.000000
3.000000
3.000000
11.000000
17.000000
7.000000
1.000000
7.000000
19.000000
1.000000
8.000000
2.000000
4.000000
9.000000
16.000000
16.000000
2.000000
8.000000
1.000000
10.000000
2.000000
10.000000
8.000000
7.000000
11.000000
6.000000
19.000000
19.000000
17.000000
5.000000
1.000000
2.000000
5.000000
11.000000
19.000000
3.000000
2.000000
16.000000
15.000000
11.000000
5.000000
5.000000
12.000000
4.000000
19.000000
10.000000
2.000000
17.000000
5.000000
15.000000
1.000000
13.000000
15.000000
6.000000
8.000000
10.000000
5.000000
4.000000
6.000000
12.000000
15.000000
6.000000
5.000000
11.000000
13.000000
19.000000
17.000000
7.000000
10.000000
16.000000
17.000000
12.000000
3.000000
2.000000
10.000000
4.000000
8.000000
3.000000
17.000000
2.000000
16.000000
18.000000
6.000000
14.000000
9.000000
14.000000
2.000000
5.000000
14.000000
3.000000
15.000000
18.000000
14.000000
8.000000
16.000000
17.000000
3.000000
8.000000
2.000000
9.000000
4.000000
10.000000
3.000000
14.000000
17.000000
14.000000
17.000000
2.000000
17.000000
18.000000
4.000000
4.000000
11.000000
4.000000
11.000000
5.000000
14.000000
6.000000
9.000000
16.000000
10.000000
14.000000
5.000000
8.000000
14.000000
9.000000
5.000000
18.000000
3.000000
16.000000
12.000000
5.000000
12.000000
9.000000
7.000000
16.000000
12.000000
19.000000
19.000000
17.000000
9.000000
9.000000
8.000000
8.000000
10.000000
19.000000
3.000000
7.000000
18.000000
15.000000
7.000000
6.000000
9.000000
2.000000
13.000000
7.000000
12.000000
17.000000
10.000000
12.000000
4.000000
3.000000
14.000000
12.000000
11.000000
5.000000
7.000000
4.000000
11.000000
19.000000
12.000000
19.000000
16.000000
15.000000
4.000000
14.000000
1.000000
19.000000
17.000000
1.000000
15.000000
8.000000
18.000000
18.000000
3.000000
17.000000
9.000000
18.000000
17.000000
12.000000
11.000000
10.000000
17.000000
5.000000
10.000000
2.000000
7.000000
5.000000
13.000000
17.000000
8.000000
16.000000
18.000000
1.000000
1.000000
2.000000
4.000000
4.000000
4.000000
10.000000
8.000000
7.000000
10.000000
1.000000
16.000000
11.000000
13.000000
1.000000
10.000000
16.000000
5.000000
6.000000
2.000000
9.000000
5.000000
15.000000
4.000000
16.000000
7.000000
17.000000
7.000000
4.000000
12.000000
14.000000
6.000000
2.000000
19.000000
12.000000
16.000000
10.000000
5.000000
15.000000
3.000000
11.000000
19.000000
16.000000
13.000000
9.000000
5.000000
15.000000
17.000000
4.000000
12.000000
1.000000
5.000000
8.000000
16.000000
8.000000
7.000000
16.000000
12.000000
11.000000
10.000000
2.000000
12.000000
14.000000
15.000000
17.000000
5.000000
6.000000
5.000000
2.000000
8.000000
5.000000
4.000000
19.000000
9.000000
16.000000
3.000000
6.000000
19.000000
2.000000
10.000000
18.000000
8.000000
19.000000
11.000000
16.000000
8.000000
9.000000
9.000000
16.000000
13.000000
16.000000
9.000000
10.000000
17.000000
17.000000
11.000000
12.000000
5.000000
7.000000
10.000000
11.000000
4.000000
4.000000
4.000000
12.000000
6.000000
8.000000
6.000000
1.000000
7.000000
6.000000
13.000000
4.000000
10.000000
9.000000
12.000000
13.000000
15.000000
4.000000
15.000000
8.000000
2.000000
10.000000
12.000000
7.000000
12.000000
16.000000
10.000000
14.000000
14.000000
1.000000
18.000000
3.000000
4.000000
5.000000
16.000000
6.000000
18.000000
7.000000
16.000000
2.000000
5.000000
8.000000
16.000000
19.000000
9.000000
7.000000
13.000000
8.000000
15.000000
5.000000
5.000000
16.000000
8.000000
10.000000
4.000000
16.000000
11.000000
2.000000
16.000000
7.000000
4.000000
15.000000
3.000000
1.000000
13.000000
19.000000
9.000000
3.000000
14.000000
14.000000
5.000000
3.000000
1.000000
12.000000
6.000000
17.000000
11.000000
4.000000
10.000000
18.000000
8.000000
12.000000
8.000000
15.000000
7.000000
4.000000
11.000000
8.000000
10.000000
11.000000
9.000000
17.000000
16.000000
9.000000
10.000000
16.000000
4.000000
14.000000
4.000000
13.000000
13.000000
15.000000
15.000000
4.000000
4.000000
16.000000
2.000000
7.000000
4.000000
4.000000
3.000000
14.000000
16.000000
8.000000
13.000000
8.000000
6.000000
6.000000
3.000000
18.000000
8.000000
19.000000
6.000000
13.000000
3.000000
11.000000
19.000000
7.000000
16.000000
1.000000
18.000000
9.000000
8.000000
3.000000
5.000000
15.000000
10.000000
17.000000
4.000000
13.000000
15.000000
13.000000
3.000000
6.000000
12.000000
15.000000
18.000000
12.000000
9.000000
2.000000
8.000000
7.000000
15.000000
18.000000
19.000000
9.000000
7.000000
17.000000
8.000000
17.000000
12.000000
12.000000
19.000000
16.000000
13.000000
17.000000
17.000000
100.000000
100.000000
100.000000
100.000000
100.000000
100.000000
100.000000
100.000000
100.000000
100.000000
100.000000
100.000000
100.000000
100.000000
100.000000
100.000000
100.000000
100.000000
100.000000
100.000000
100.000000
100.000000
100.000000
100.000000
100.000000
100.000000
100.000000
100.000000
100.000000
100.000000
100.000000
100.000000
100.000000
100.000000
100.000000
100.000000
100.000000
100.000000
100.000000
100.000000
100.000000
100.000000
100.000000
100.000000
100.000000
100.000000
100.000000
100.000000
100.000000
100.000000
100.000000
100.000000
100.000000
100.000000
100.000000
100.000000
100.000000
100.000000
100.000000
100.000000
100.000000
100.000000
100.000000
100.000000
100.000000
100.000000
100.000000
100.000000
100.000000
100.000000
100.000000
100.000000
100.000000
100.000000
100.000000
100.000000
100.000000
100.000000
100.000000
100.000000
100.000000
100.000000
100.000000
100.000000
100.000000
100.000000
100.000000
100.000000
100.000000
100.000000
100.000000
100.000000
100.000000
100.000000
100.000000
100.000000
100.000000
100.000000
100.000000
100.000000
100.000000
100.000000
100.000000
100.000000
100.000000
100.000000
100.000000
100.000000
100.000000
100.000000
100.000000
100.000000
100.000000
100.000000
100.000000
100.000000
100.000000
100.000000
100.000000
100.000000
100.000000
100.000000
100.000000
100.000000
100.000000
100.000000
100.000000
100.000000
100.000000
100.000000
100.000000
100.000000
100.000000
100.000000
100.000000
100.000000
100.000000
100.000000
100.000000
100.000000
100.000000
100.000000
100.000000
100.000000
100.000000
100.000000
100.000000
100.000000
100.000000
100.000000
100.000000
100.000000
100.000000
100.000000
100.000000
100.000000
100.000000
100.000000
100.000000
100.000000
100.000000
100.000000
100.000000
100.000000
100.000000
100.000000
100.000000
100.000000
100.000000
100.000000
100.000000
100.000000
100.000000
100.000000
100.000000
100.000000
100.000000
100.000000
100.000000
100.000000
100.000000
100.000000
100.000000
100.000000
100.000000
100.000000
100.000000
100.000000
100.000000
100.000000
100.000000
100.000000
100.000000
100.000000
100.000000
100.000000
100.000000
100.000000
100.000000
100.000000
100.000000
100.000000
100.000000
100.000000
100.000000
100.000000
100.000000
100.000000
100.000000
100.000000
100.000000
100.000000
100.000000
100.000000
100.000000
100.000000
100.000000
100.000000
100.000000
100.000000
100.000000
100.000000
100.000000
100.000000
100.000000
100.000000
100.000000
100.000000
100.000000
100.000000
100.000000
100.000000
100.000000
100.000000
100.000000
100.000000
100.000000
100.000000
100.000000
100.000000
100.000000
100.000000
100.000000
100.000000
100.000000
100.000000
100.000000
100.000000
100.000000
100.000000
100.000000
100.000000
100.000000
100.000000
100.000000
100.000000
100.000000
100.000000
100.000000
100.000000
100.000000
100.000000
100.000000
100.000000
100.000000
100.000000
100.000000
100.000000
100.000000
100.000000
100.000000
100.000000
100.000000
100.000000
100.000000
100.000000
100.000000
100.000000
100.000000
100.000000
100.000000
100.000000
100.000000
100.000000
100.000000
100.000000
100.000000
100.000000
100.000000
100.000000
100.000000
100.000000
100.000000
100.000000
100.000000
100.000000
100.000000
100.000000
100.000000
100.000000
100.000000
100.000000
100.000000
100.000000
100.000000
100.000000
100.000000
100.000000
100.000000
100.000000
100.000000
100.000000
100.000000
100.000000
100.000000
100.000000
100.000000
100.000000
100.000000
100.000000
100.000000
100.000000
100.000000
100.000000
100.000000
100.000000
100.000000
100.000000
100.000000
100.000000
100.000000
100.000000
100.000000
100.000000
100.000000
100.000000
100.000000
100.000000
100.000000
100.000000
100.000000
100.000000
100.000000
100.000000
100.000000
100.000000
100.000000
100.000000
100.000000
100.000000
100.000000
100.000000
100.000000
100.000000
100.000000
100.000000
100.000000
100.000000
100.000000
100.000000
100.000000
100.000000
100.000000
100.000000
100.000000
100.000000
100.000000
100.000000
100.000000
100.000000
100.000000
100.000000
100.000000
100.000000
100.000000
100.000000
100.000000
100.000000
100.000000
100.000000
100.000000
100.000000
100.000000
100.000000
100.000000
100.000000
100.000000
100.000000
100.000000
100.000000
100.000000
100.000000
100.000000
100.000000
100.000000
100.000000
100.000000
100.000000
100.000000
100.000000
100.000000
100.000000
100.000000
100.000000
100.000000
100.000000
100.000000
100.000000
100.000000
100.000000
100.000000
100.000000
100.000000
100.000000
100.000000
100.000000
100.000000
100.000000
100.000000
100.000000
100.000000
100.000000
100.000000
100.000000
100.000000
100.000000
100.000000
100.000000
100.000000
100.000000
100.000000
100.000000
100.000000
100.000000
100.000000
100.000000
100.000000
100.000000
100.000000
100.000000
100.000000
100.000000
100.000000
100.000000
100.000000
100.000000
100.000000
100.000000
100.000000
100.000000
100.000000
100.000000
100.000000
100.000000
100.000000
100.000000
100.000000
100.000000
100.000000
100.000000
100.000000
100.000000
100.000000
100.000000
100.000000
100.000000
100.000000
100.000000
100.000000
100.000000
100.000000
100.000000
100.000000
100.000000
100.000000
100.000000
100.000000
100.000000
100.000000
100.000000
100.000000
100.000000
100.000000
100.000000
100.000000
100.000000
100.000000
100.000000
100.000000
100.000000
100.000000
100.000000
100.000000
100.000000
100.000000
100.000000
100.000000
100.000000
100.000000
100.000000
100.000000
100.000000
100.000000
100.000000
100.000000
100.000000
100.000000
100.000000
100.000000
100.000000
100.000000
100.000000
100.000000
100.000000
100.000000
100.000000
100.000000
100.000000
100.000000
100.000000
100.000000
100.000000
100.000000
100.000000
100.000000
100.000000
100.000000
100.000000
100.000000
100.000000
100.000000
100.000000
100.000000
100.000000
100.000000
100.000000
100.000000
100.000000
100.000000
100.000000
100.000000
100.000000
100.000000
100.000000
100.000000
100.000000
100.000000
100.000000
100.000000
100.000000
100.000000
100.000000
100.000000
100.000000
100.000000
100.000000
100.000000
100.000000
100.000000
100.000000
100.000000
100.000000
100.000000
100.000000
100.000000
100.000000
100.000000
100.000000
100.000000
100.000000
100.000000
100.000000
100.000000
100.000000
100.000000
100.000000
100.000000
100.000000
100.000000
100.000000
100.000000
100.000000
100.000000
100.000000
100.000000
100.000000
100.000000
100.000000
100.000000
100.000000
100.000000
100.000000
100.000000
100.000000
100.000000
100.000000
100.000000
100.000000
100.000000
100.000000
100.000000
100.000000
100.000000
100.000000
100.000000
100.000000
100.000000
100.000000
100.000000
100.000000
100.000000
100.000000
100.000000
100.000000
100.000000
100.000000
100.000000
100.000000
100.000000
100.000000
100.000000
100.000000
100.000000
100.000000
100.000000
100.000000
100.000000
100.000000
100.000000
100.000000
100.000000
100.000000
100.000000
100.000000
100.000000
100.000000
100.000000
100.000000
100.000000
100.000000
100.000000
100.000000
100.000000
100.000000
100.000000
100.000000
100.000000
100.000000
100.000000
100.000000
100.000000
100.000000
100.000000
100.000000
100.000000
100.000000
100.000000
100.000000
100.000000
100.000000
100.000000
100.000000
100.000000
100.000000
100.000000
100.000000
100.000000
100.000000
100.000000
100.000000
100.000000
100.000000
100.000000
100.000000
100.000000
100.000000
100.000000
100.000000
100.000000
100.000000
100.000000
100.000000
100.000000
100.000000
100.000000
100.000000
100.000000
100.000000
100.000000
100.000000
100.000000
100.000000
100.000000
100.000000
100.000000
100.000000
100.000000
100.000000
100.000000
100.000000
100.000000
100.000000
100.000000
100.000000
100.000000
100.000000
100.000000
100.000000
100.000000
100.000000
100.000000
100.000000
100.000000
100.000000
100.000000
100.000000
100.000000
100.000000
100.000000
100.000000
100.000000
100.000000
100.000000
100.000000
100.000000
100.000000
100.000000
100.000000
100.000000
100.000000
100.000000
100.000000
100.000000
100.000000
100.000000
100.000000
100.000000
100.000000
100.000000
100.000000
100.000000
100.000000
100.000000
100.000000
100.000000
100.000000
100.000000
100.000000
100.000000
100.000000
100.000000
100.000000
100.000000
100.000000
100.000000
100.000000
100.000000
100.000000
100.000000
100.000000
100.000000
100.000000
100.000000
100.000000
100.000000
100.000000
100.000000
100.000000
100.000000
100.000000
100.000000
100.000000
100.000000
100.000000
100.000000
100.000000
100.000000
100.000000
100.000000
100.000000
100.000000
100.000000
100.000000
100.000000
100.000000
100.000000
100.000000
100.000000
100.000000
100.000000
100.000000
100.000000
100.000000
100.000000
100.000000
100.000000
100.000000
100.000000
100.000000
100.000000
100.000000
100.000000
100.000000
100.000000
100.000000
100.000000
100.000000
100.000000
100.000000
100.000000
100.000000
100.000000
100.000000
100.000000
100.000000
100.000000
100.000000
100.000000
100.000000
100.000000
100.000000
100.000000
100.000000
100.000000
100.000000
100.000000
100.000000
100.000000
100.000000
100.000000
100.000000
100.000000
100.000000
100.000000
100.000000
100.000000
100.000000
100.000000
100.000000
100.000000
100.000000
100.000000
100.000000
100.000000
100.000000
100.000000
100.000000
100.000000
100.000000
100.000000
100.000000
100.000000
100.000000
100.000000
100.000000
100.000000
100.000000
100.000000
100.000000
100.000000
100.000000
100.000000
100.000000
100.000000
100.000000
100.000000
100.000000
100.000000
100.000000
100.000000
100.000000
100.000000
100.000000
100.000000
100.000000
100.000000
100.000000
100.000000
100.000000
100.000000
100.000000
100.000000
100.000000
100.000000
100.000000
100.000000
100.000000
100.000000
100.000000
100.000000
100.000000
100.000000
100.000000
100.000000
100.000000
100.000000
100.000000
100.000000
100.000000
100.000000
100.000000
100.000000
100.000000
100.000000
100.000000
100.000000
100.000000
100.000000
100.000000
100.000000
100.000000
100.000000
100.000000
100.000000
100.000000
100.000000
100.000000
100.000000
100.000000
100.000000
100.000000
100.000000
100.000000
100.000000
100.000000
100.000000
100.000000
100.000000
100.000000
100.000000
100.000000
100.000000
100.000000
100.000000
100.000000
100.000000
100.000000
100.000000
100.000000
100.000000
100.000000
100.000000
100.000000
100.000000
100.000000
100.000000
100.000000
100.000000
100.000000
100.000000
100.000000
100.000000
100.000000
100.000000
100.000000
100.000000
100.000000
100.000000
100.000000
100.000000
100.000000
100.000000
100.000000
100.000000
100.000000
100.000000
100.000000
100.000000
100.000000
100.000000
100.000000
100.000000
100.000000
100.000000
100.000000
100.000000
100.000000
100.000000
100.000000
100.000000
100.000000
100.000000
100.000000
100.000000
100.000000
100.000000
100.000000
100.000000
100.000000
100.000000
100.000000
100.000000
100.000000
100.000000
100.000000
100.000000
100.000000
100.000000
100.000000
100.000000
