nlkp_c_200_0
200  100.000000  2806.471032
0.142693
0.128471
0.143422
0.199354
0.102630
0.106758
0.198042
0.130162
0.160563
0.105678
0.138145
0.158389
0.176028
0.155137
0.162923
0.107353
0.110935
0.197492
0.129128
0.141473
0.132917
0.115497
0.119161
0.198456
0.116520
0.108682
0.156979
0.139281
0.167865
0.199605
0.179710
0.174785
0.150439
0.146070
0.161666
0.180839
0.122914
0.188995
0.166573
0.191932
0.155824
0.103311
0.194853
0.153032
0.145391
0.155712
0.121536
0.183044
0.131481
0.174744
0.104353
0.173450
0.172039
0.108650
0.155014
0.197242
0.187584
0.194783
0.106001
0.125481
0.145970
0.118494
0.106342
0.172030
0.144781
0.159700
0.136899
0.145925
0.195404
0.165703
0.185118
0.190842
0.174921
0.136563
0.141129
0.186273
0.140226
0.142151
0.120006
0.104060
0.163342
0.116684
0.168993
0.137232
0.183624
0.180908
0.145127
0.142918
0.119387
0.101397
0.127430
0.159596
0.126403
0.190051
0.100658
0.163616
0.179928
0.115914
0.146012
0.104917
0.136559
0.171327
0.148613
0.100376
0.197204
0.183151
0.195166
0.197430
0.197804
0.199694
0.101383
0.112379
0.152748
0.147135
0.136743
0.123813
0.111762
0.175448
0.177351
0.172516
0.166474
0.146670
0.142718
0.190342
0.137549
0.167174
0.122552
0.165645
0.168317
0.124696
0.152139
0.102978
0.101730
0.126524
0.180778
0.155279
0.122363
0.165357
0.175944
0.185085
0.129142
0.173422
0.130995
0.152723
0.185457
0.163411
0.160101
0.147738
0.139079
0.131229
0.163033
0.126335
0.133059
0.112614
0.119416
0.114878
0.101944
0.162378
0.102470
0.135991
0.124391
0.178262
0.152237
0.101490
0.184708
0.132157
0.139853
0.115920
0.135671
0.189676
0.193478
0.151372
0.104894
0.116583
0.174535
0.108414
0.190969
0.173401
0.117693
0.183317
0.116893
0.138106
0.150536
0.130374
0.107882
0.150348
0.124374
0.142955
0.197282
0.122504
0.124518
0.152731
0.118518
0.147582
0.148058
0.153329
0.187315
0.164824
0.141159
0.106477
58.741169
38.052975
94.662202
56.657586
29.103950
59.183180
91.459454
86.124536
35.032581
17.972826
78.274187
49.701670
26.031331
28.056906
4.101338
6.739330
3.882258
77.426984
94.574849
84.900868
16.657504
86.193081
41.686067
38.802407
97.978755
35.342286
31.838544
47.571127
92.818190
27.190720
84.591629
94.055500
42.792724
43.169085
85.457731
77.726560
38.240662
73.661224
51.874983
0.692301
59.923301
87.117491
66.030664
4.592577
67.476071
76.041516
0.463118
75.255981
2.921565
93.892238
50.817115
95.210176
29.288508
32.937627
73.949217
99.177389
67.857781
65.762970
24.517648
61.576358
10.861283
73.558822
79.171827
83.121762
3.757973
67.092753
52.187352
83.425164
90.705250
36.658390
67.742699
2.748678
29.199550
31.293025
35.912747
72.703251
46.192045
49.932443
41.319166
37.328350
89.337226
91.139059
62.732766
91.464690
47.581008
73.598363
69.005338
80.955206
47.030254
97.066131
39.415424
70.611437
53.408554
35.387488
85.894243
34.603662
43.293105
83.770198
20.400062
13.088474
49.736938
77.132382
64.408941
84.540285
67.965073
12.903205
9.662025
37.841001
24.683608
51.765723
96.033012
71.340536
80.518425
62.379824
78.191479
3.297285
14.332772
71.948318
47.949558
36.434365
74.899760
48.543780
0.343100
68.792812
12.133557
72.471583
62.315064
62.530251
66.130838
56.378777
70.588373
15.033857
5.102841
21.063250
1.681946
6.404915
57.061040
25.666925
86.832202
6.465265
96.034980
1.225792
36.271908
69.293315
73.992898
92.116586
53.609156
43.800521
37.583221
75.953948
80.153427
64.416256
88.285543
50.695386
13.621529
96.895288
8.280032
93.280901
58.441187
23.864608
57.151734
8.927294
12.456745
14.300526
17.310132
29.207788
48.296796
85.271005
37.995855
97.243079
49.828354
94.560325
91.884964
9.883914
81.934082
36.373209
65.747874
0.451713
81.576826
54.927759
32.817909
50.879169
6.878712
15.140609
31.667102
9.946558
82.108170
94.290047
17.559996
4.910939
35.158253
37.285682
77.515388
76.677990
71.771636
11.394868
0.830704
5.171685
29.785244
28.455057
41.997353
1.708812
33.441676
64.839382
88.024311
11.332704
17.906707
40.897124
72.443270
95.548262
55.525085
29.826733
1.548052
74.094089
2.565551
71.181098
35.756512
98.475885
5.934786
11.207430
23.537142
90.775205
95.840117
85.767823
53.695881
8.742532
72.248290
74.847544
55.718716
19.315624
29.775149
53.171764
15.123673
34.305862
21.828671
6.257193
17.367972
17.806237
22.734320
10.253023
56.379815
14.791189
89.275284
22.958504
29.655421
29.897181
1.429146
41.090597
71.587914
89.888340
24.035431
49.971497
83.165515
98.738534
74.017857
46.449660
79.516304
26.176655
55.762323
80.247842
4.801112
42.211937
25.739201
98.596485
44.747656
38.756133
31.776104
51.518444
77.431678
86.361051
54.876883
1.617516
26.874381
52.723292
7.556842
59.821043
36.758473
4.768813
39.875603
1.264640
11.523587
8.393121
32.165300
67.718242
95.724080
63.497583
52.331725
33.102223
1.081804
64.212230
46.865368
97.262599
50.596290
37.911782
29.150964
27.483564
21.547440
45.389975
81.605792
66.592272
7.246556
41.777078
1.908061
3.993341
69.697553
71.377699
10.386600
88.367093
62.845889
85.289269
11.222787
29.040724
88.404290
36.872371
36.165486
72.623271
10.375764
20.238662
22.208319
82.981408
18.392101
92.621494
59.003470
39.622951
37.159992
71.665836
57.735380
89.099233
59.334679
40.599807
74.198939
58.556061
5.475135
21.321957
8.130454
3.743212
53.372922
47.482201
63.284821
17.405301
66.454946
86.384924
18.201212
16.637692
54.008527
21.628379
96.273176
62.145355
72.908266
57.286271
26.120733
41.399950
80.982974
81.867382
40.870262
49.356433
34.561736
9.037930
49.268774
47.814024
16.398453
69.268515
55.929809
64.298055
49.457033
39.828735
66.832644
84.661019
36.381847
66.920027
5.764481
65.587012
16.808862
76.377066
27.043594
99.628596
5.091552
57.619995
55.231535
59.169826
61.009621
86.722425
34.931811
21.899882
36.033295
50.291218
57.891898
97.010467
75.572462
33.790243
23.173121
34.368870
28.308931
17.080737
13.587711
5.830863
61.226100
34.486015
14.233920
64.410754
-38.692537
-22.126204
-67.622303
-11.858562
-57.238481
-5.664119
-31.152423
-55.328212
-8.348208
-72.788967
-37.389082
-49.589497
-51.171023
-71.397173
-61.939219
-43.002672
-36.924768
-82.572817
-72.740236
-41.789971
-93.759087
-78.569437
-83.902451
-79.935109
-26.808769
-83.170852
-0.970490
-99.388891
-14.918401
-95.822616
-63.413381
-1.549594
-47.273703
-79.514205
-79.098165
-2.121976
-0.673536
-93.445426
-55.356964
-64.891084
-65.497970
-3.537542
-3.949704
-66.173689
-80.187652
-95.060344
-69.041328
-83.411655
-38.899610
-43.382605
-75.048725
-23.931093
-96.378618
-39.718893
-54.891207
-85.647561
-94.931568
-80.839830
-94.736899
-98.286697
-88.137050
-37.788378
-14.920773
-7.084895
-77.121233
-80.294762
-19.978649
-46.586027
-70.974686
-31.482210
-14.387239
-3.274649
-21.254593
-5.742519
-5.393881
-20.496205
-66.260221
-93.609299
-10.737462
-92.252694
-67.129561
-35.280678
-48.578518
-80.348807
-30.928497
-38.508246
-34.958258
-66.061682
-25.008529
-78.310428
-46.585618
-84.358677
-29.425138
-65.281724
-27.385721
-18.699476
-83.992596
-76.691846
-44.730234
-32.406001
-31.796174
-86.910319
-98.694585
-65.217712
-76.020966
-44.108431
-30.083187
-79.564745
-38.464104
-29.777328
-63.065582
-54.064830
-25.792441
-64.447512
-65.822339
-6.187869
-47.380878
-43.369094
-34.474495
-21.159140
-29.939361
-18.192271
-90.838745
-93.054415
-17.032194
-44.805798
-63.790162
-9.770639
-48.611377
-36.641627
-76.407873
-30.931606
-87.140041
-68.917782
-1.362370
-2.999864
-80.432940
-31.510220
-7.697259
-24.419934
-86.137311
-31.236063
-63.595701
-11.961151
-62.406014
-37.131431
-43.472403
-63.600083
-86.535887
-8.828392
-30.973729
-29.866282
-32.875890
-53.456145
-66.895387
-80.598798
-47.995138
-84.414216
-66.789589
-17.504910
-67.620463
-58.726544
-32.242932
-17.779488
-45.413861
-69.740322
-67.286773
-47.095146
-37.962947
-58.954768
-68.709613
-31.348108
-66.853236
-65.394907
-45.226061
-94.563077
-54.157686
-89.375737
-4.399381
-30.795921
-4.758715
-91.967754
-48.956149
-92.686300
-59.297214
-58.251857
-7.610791
-80.893228
-7.207178
-2.070330
-66.286268
-14.572251
-35.496970
-66.367364
-81.997455
-46.706745
-9.069686
-24.752086
-37.232075
-4.131774
3.000000
14.000000
11.000000
15.000000
14.000000
18.000000
4.000000
5.000000
9.000000
13.000000
19.000000
19.000000
10.000000
10.000000
13.000000
15.000000
9.000000
11.000000
19.000000
17.000000
10.000000
14.000000
10.000000
18.000000
7.000000
11.000000
18.000000
7.000000
5.000000
6.000000
9.000000
17.000000
9.000000
2.000000
17.000000
10.000000
9.000000
11.000000
10.000000
19.000000
13.000000
11.000000
10.000000
9.000000
19.000000
11.000000
19.000000
13.000000
4.000000
7.000000
7.000000
17.000000
9.000000
6.000000
10.000000
12.000000
6.000000
11.000000
17.000000
19.000000
8.000000
9.000000
3.000000
2.000000
15.000000
5.000000
4.000000
19.000000
19.000000
12.000000
14.000000
8.000000
14.000000
1.000000
11.000000
13.000000
16.000000
18.000000
11.000000
13.000000
2.000000
12.000000
15.000000
6.000000
1.000000
1.000000
8.000000
4.000000
16.000000
14.000000
18.000000
11.000000
7.000000
7.000000
9.000000
16.000000
7.000000
3.000000
9.000000
11.000000
8.000000
3.000000
3.000000
1.000000
15.000000
9.000000
9.000000
4.000000
11.000000
9.000000
18.000000
19.000000
9.000000
8.000000
11.000000
13.000000
12.000000
1.000000
19.000000
19.000000
19.000000
17.000000
15.000000
1.000000
4.000000
1.000000
11.000000
11.000000
7.000000
12.000000
5.000000
7.000000
10.000000
8.000000
15.000000
5.000000
17.000000
5.000000
3.000000
16.000000
10.000000
16.000000
4.000000
10.000000
11.000000
2.000000
14.000000
16.000000
12.000000
15.000000
12.000000
1.000000
4.000000
3.000000
15.000000
3.000000
11.000000
12.000000
11.000000
19.000000
14.000000
8.000000
19.000000
5.000000
18.000000
12.000000
1.000000
1.000000
10.000000
12.000000
17.000000
16.000000
4.000000
1.000000
1.000000
19.000000
10.000000
15.000000
8.000000
9.000000
17.000000
14.000000
16.000000
8.000000
14.000000
11.000000
6.000000
7.000000
15.000000
2.000000
1.000000
10.000000
13.000000
13.000000
2.000000
18.000000
2.000000
7.000000
17.000000
18.000000
4.000000
17.000000
5.000000
2.000000
7.000000
7.000000
6.000000
8.000000
2.000000
18.000000
15.000000
9.000000
5.000000
8.000000
16.000000
14.000000
17.000000
16.000000
19.000000
2.000000
4.000000
18.000000
10.000000
2.000000
5.000000
4.000000
8.000000
14.000000
11.000000
13.000000
7.000000
19.000000
6.000000
17.000000
3.000000
19.000000
9.000000
18.000000
17.000000
17.000000
18.000000
14.000000
7.000000
11.000000
12.000000
1.000000
19.000000
11.000000
2.000000
3.000000
12.000000
10.000000
12.000000
1.000000
10.000000
3.000000
5.000000
3.000000
14.000000
17.000000
9.000000
18.000000
2.000000
11.000000
19.000000
2.000000
2.000000
19.000000
18.000000
17.000000
4.000000
18.000000
14.000000
6.000000
11.000000
9.000000
18.000000
9.000000
10.000000
14.000000
2.000000
2.000000
15.000000
5.000000
10.000000
14.000000
14.000000
6.000000
1.000000
7.000000
4.000000
5.000000
1.000000
15.000000
8.000000
12.000000
17.000000
6.000000
12.000000
18.000000
11.000000
14.000000
10.000000
17.000000
9.000000
4.000000
16.000000
3.000000
1.000000
15.000000
13.000000
15.000000
9.000000
19.000000
8.000000
13.000000
6.000000
17.000000
16.000000
11.000000
1.000000
3.000000
5.000000
12.000000
15.000000
7.000000
5.000000
5.000000
19.000000
4.000000
18.000000
1.000000
18.000000
16.000000
2.000000
11.000000
1.000000
15.000000
15.000000
6.000000
11.000000
7.000000
1.000000
7.000000
19.000000
15.000000
15.000000
2.000000
7.000000
15.000000
5.000000
16.000000
16.000000
15.000000
14.000000
2.000000
13.000000
18.000000
19.000000
4.000000
15.000000
4.000000
7.000000
2.000000
15.000000
11.000000
6.000000
13.000000
1.000000
19.000000
6.000000
13.000000
16.000000
6.000000
9.000000
10.000000
14.000000
12.000000
1.000000
3.000000
15.000000
10.000000
17.000000
13.000000
4.000000
3.000000
14.000000
9.000000
8.000000
7.000000
14.000000
7.000000
15.000000
11.000000
15.000000
10.000000
5.000000
10.000000
2.000000
12.000000
100.000000
100.000000
100.000000
100.000000
100.000000
100.000000
100.000000
100.000000
100.000000
100.000000
100.000000
100.000000
100.000000
100.000000
100.000000
100.000000
100.000000
100.000000
100.000000
100.000000
100.000000
100.000000
100.000000
100.000000
100.000000
100.000000
100.000000
100.000000
100.000000
100.000000
100.000000
100.000000
100.000000
100.000000
100.000000
100.000000
100.000000
100.000000
100.000000
100.000000
100.000000
100.000000
100.000000
100.000000
100.000000
100.000000
100.000000
100.000000
100.000000
100.000000
100.000000
100.000000
100.000000
100.000000
100.000000
100.000000
100.000000
100.000000
100.000000
100.000000
100.000000
100.000000
100.000000
100.000000
100.000000
100.000000
100.000000
100.000000
100.000000
100.000000
100.000000
100.000000
100.000000
100.000000
100.000000
100.000000
100.000000
100.000000
100.000000
100.000000
100.000000
100.000000
100.000000
100.000000
100.000000
100.000000
100.000000
100.000000
100.000000
100.000000
100.000000
100.000000
100.000000
100.000000
100.000000
100.000000
100.000000
100.000000
100.000000
100.000000
100.000000
100.000000
100.000000
100.000000
100.000000
100.000000
100.000000
100.000000
100.000000
100.000000
100.000000
100.000000
100.000000
100.000000
100.000000
100.000000
100.000000
100.000000
100.000000
100.000000
100.000000
100.000000
100.000000
100.000000
100.000000
100.000000
100.000000
100.000000
100.000000
100.000000
100.000000
100.000000
100.000000
100.000000
100.000000
100.000000
100.000000
100.000000
100.000000
100.000000
100.000000
100.000000
100.000000
100.000000
100.000000
100.000000
100.000000
100.000000
100.000000
100.000000
100.000000
100.000000
100.000000
100.000000
100.000000
100.000000
100.000000
100.000000
100.000000
100.000000
100.000000
100.000000
100.000000
100.000000
100.000000
100.000000
100.000000
100.000000
100.000000
100.000000
100.000000
100.000000
100.000000
100.000000
100.000000
100.000000
100.000000
100.000000
100.000000
100.000000
100.000000
100.000000
100.000000
100.000000
100.000000
100.000000
100.000000
100.000000
100.000000
100.000000
100.000000
100.000000
100.000000
100.000000
100.000000
100.000000
100.000000
100.000000
100.000000
100.000000
