nlkp_i_50_2
50  100.000000  105150.000000
0.116904
0.185795
0.173821
0.113011
0.167087
0.142817
0.126977
0.160450
0.156209
0.156912
0.145041
0.176828
0.150343
0.126803
0.159487
0.142186
0.162848
0.146103
0.149448
0.150819
0.186925
0.156162
0.132716
0.185452
0.162916
0.125897
0.147877
0.186899
0.101273
0.186405
0.106127
0.114862
0.172478
0.189504
0.154791
0.105637
0.191847
0.198594
0.164532
0.157323
0.137375
0.196135
0.126943
0.184155
0.173197
0.148074
0.139704
0.148444
0.128172
0.103726
90.264756
86.279137
49.958149
40.761833
15.148821
33.590683
60.664966
79.091245
1.254175
30.664891
87.056202
93.595646
99.140889
12.420798
27.176980
27.034659
6.447176
39.198913
13.968631
61.735359
95.286537
89.626547
60.782930
57.041684
39.742581
90.598939
90.993923
73.100844
35.303630
76.226599
3.019202
35.947984
93.750581
48.960632
40.030232
55.445077
47.188053
4.786414
99.170518
50.966363
1.767768
58.549238
38.012287
61.698573
10.498075
41.035699
44.393535
68.008984
61.110507
98.146459
2.940587
31.666072
33.235235
67.378396
57.851603
79.424939
95.072655
7.474894
14.359656
66.183443
25.755348
54.003723
55.960353
23.332001
93.745182
35.523577
75.112997
51.595597
10.379380
12.774618
20.702665
54.091048
88.536010
87.771553
48.440222
22.850144
84.567389
80.224238
32.510699
81.586393
3.227404
20.037893
77.542161
64.439055
24.168214
28.758351
51.839007
82.893425
47.863522
89.856738
5.632063
95.681895
38.716478
33.816815
75.754388
86.682107
13.394539
97.175073
15.942622
21.595446
-91.748572
-28.748043
-45.728008
-65.519765
-81.949542
-4.308265
-10.566207
-50.855616
-27.841627
-99.542278
-47.800727
-51.548338
-7.705200
-1.764904
-28.841129
-7.757051
-62.739874
-58.610946
-1.856906
-78.585304
-7.362611
-61.563753
-49.054032
-15.225937
-60.090676
-53.196508
-86.408608
-6.238656
-13.236649
-15.259739
-30.673174
-3.935377
-34.541532
-59.878301
-57.613905
-18.405621
-29.782121
-49.277754
-99.776934
-39.532279
-56.138908
-97.580159
-79.839313
-86.377714
-19.225869
-89.914152
-84.240861
-27.135900
-97.478646
-64.039724
15.000000
68.000000
27.000000
43.000000
20.000000
23.000000
38.000000
41.000000
64.000000
29.000000
26.000000
10.000000
56.000000
24.000000
86.000000
37.000000
33.000000
16.000000
17.000000
21.000000
65.000000
40.000000
4.000000
25.000000
90.000000
93.000000
39.000000
71.000000
20.000000
80.000000
36.000000
52.000000
52.000000
33.000000
58.000000
25.000000
60.000000
85.000000
82.000000
52.000000
25.000000
60.000000
43.000000
13.000000
11.000000
1.000000
44.000000
19.000000
84.000000
47.000000
100.000000
100.000000
100.000000
100.000000
100.000000
100.000000
100.000000
100.000000
100.000000
100.000000
100.000000
100.000000
100.000000
100.000000
100.000000
100.000000
100.000000
100.000000
100.000000
100.000000
100.000000
100.000000
100.000000
100.000000
100.000000
100.000000
100.000000
100.000000
100.000000
100.000000
100.000000
100.000000
100.000000
100.000000
100.000000
100.000000
100.000000
100.000000
100.000000
100.000000
100.000000
100.000000
100.000000
100.000000
100.000000
100.000000
100.000000
100.000000
100.000000
100.000000
