nlkp_i_20_0
20  100.000000  43500.000000
0.159581
0.128812
0.155641
0.198824
0.104727
0.104686
0.103322
0.196677
0.156908
0.110891
0.110343
0.196265
0.170847
0.163845
0.100704
0.113631
0.100502
0.107625
0.156674
0.187591
71.629848
61.483641
30.268669
79.820081
93.615146
46.566513
75.609112
60.879776
44.576157
12.521308
91.270967
69.021778
38.438854
17.641549
31.547254
91.952908
89.024453
17.851864
46.729646
2.759878
6.518511
99.580102
30.021866
29.545892
15.843113
95.181851
68.672418
28.407780
22.251011
3.086835
77.763151
44.069552
99.439610
66.175232
71.092429
18.066342
48.431470
27.695260
5.567167
27.982162
-89.575956
-39.198618
-42.327527
-15.189188
-30.662975
-90.615032
-66.908683
-2.776115
-71.843657
-16.902507
-72.494829
-25.863437
-90.022402
-16.263858
-49.440490
-40.796599
-39.995651
-73.833024
-23.565293
-72.507337
32.000000
26.000000
39.000000
24.000000
44.000000
80.000000
96.000000
25.000000
56.000000
59.000000
17.000000
62.000000
39.000000
13.000000
38.000000
16.000000
95.000000
24.000000
11.000000
74.000000
100.000000
100.000000
100.000000
100.000000
100.000000
100.000000
100.000000
100.000000
100.000000
100.000000
100.000000
100.000000
100.000000
100.000000
100.000000
100.000000
100.000000
100.000000
100.000000
100.000000
