nlkp_i_200_3
200  100.000000  537000.000000
0.189925
0.161453
0.178377
0.139943
0.119024
0.196552
0.130991
0.101114
0.183390
0.155528
0.117684
0.102307
0.187818
0.101365
0.166450
0.130872
0.139859
0.111501
0.164426
0.174573
0.129097
0.161494
0.158403
0.141555
0.107030
0.119276
0.195692
0.188155
0.102518
0.162288
0.142290
0.125762
0.165845
0.145302
0.197660
0.139515
0.165878
0.173795
0.174309
0.119539
0.155347
0.193349
0.117975
0.197904
0.108772
0.187452
0.101568
0.104515
0.179568
0.165955
0.113108
0.107678
0.193629
0.189900
0.103245
0.172938
0.178135
0.158995
0.113863
0.144559
0.158190
0.195470
0.171752
0.127838
0.191360
0.122081
0.193424
0.172691
0.129587
0.114061
0.147507
0.167340
0.113380
0.111545
0.127501
0.146712
0.102773
0.153702
0.193683
0.139866
0.132559
0.150303
0.134042
0.193950
0.144544
0.143644
0.152477
0.138096
0.181416
0.128488
0.167107
0.160851
0.116702
0.154481
0.149077
0.170550
0.145704
0.153714
0.119010
0.185328
0.180575
0.110056
0.124844
0.121539
0.133995
0.188163
0.183029
0.131822
0.116447
0.147101
0.135323
0.167421
0.102138
0.161651
0.158791
0.179879
0.167346
0.112112
0.179334
0.101461
0.146321
0.189352
0.109511
0.118912
0.159576
0.126675
0.140927
0.124708
0.189450
0.190061
0.140682
0.153330
0.191025
0.192129
0.125653
0.110633
0.136496
0.124858
0.118873
0.168878
0.103631
0.195147
0.197268
0.156869
0.140938
0.114693
0.196480
0.104040
0.109480
0.166177
0.199320
0.115693
0.178809
0.140631
0.147877
0.106262
0.141777
0.191657
0.198340
0.172441
0.146393
0.148166
0.134616
0.119713
0.127915
0.199526
0.105428
0.138237
0.125399
0.182178
0.156299
0.132958
0.178192
0.168668
0.182447
0.150902
0.154313
0.102570
0.134480
0.192696
0.127893
0.117074
0.155239
0.131107
0.171727
0.167181
0.105797
0.156388
0.125830
0.144257
0.158570
0.176254
0.141547
0.197500
0.148963
0.176766
0.158488
0.164380
0.120901
0.112003
20.537538
40.171186
39.159518
36.353181
56.829613
62.984881
33.695632
81.833248
74.963499
33.907173
0.270662
92.561991
69.252483
45.180699
32.854401
3.967821
9.691749
91.745258
22.161534
0.011184
33.861604
77.634997
51.991771
52.760109
66.374405
73.661846
98.999425
45.175436
49.343449
67.326440
68.895528
18.886073
2.214306
44.170621
60.247487
92.918925
51.018550
20.632596
58.722466
23.812622
8.767485
51.988778
56.885522
55.617847
97.264790
26.504500
65.169543
20.760104
23.914060
86.189315
50.631180
49.919492
97.972248
29.443072
37.576231
87.223023
78.704841
59.050000
30.405719
12.743815
32.810662
2.927586
95.136015
92.415817
61.908912
96.163913
79.691900
37.650647
21.937111
38.908095
64.741262
38.659544
11.987970
82.032345
62.940140
64.004415
36.330604
46.523303
18.980394
31.587009
88.885400
61.912081
47.862508
37.218827
8.335240
45.345580
43.930818
57.781376
80.239233
47.057892
44.987479
46.139554
63.568330
79.595283
87.504705
97.541639
87.840194
94.661007
44.943505
79.031479
71.493547
34.781191
71.335597
98.228466
41.653623
2.353897
89.089130
76.042045
31.466884
58.835387
59.662485
64.680957
10.900560
68.487275
98.777161
90.996557
86.350718
18.406379
72.102468
98.781870
35.041639
0.598158
41.657398
37.133228
38.555217
64.102724
25.296776
92.189067
65.949456
21.331371
88.058128
66.512636
46.925593
2.531379
54.594323
86.935102
49.973295
20.633163
16.967899
54.869920
63.110454
46.683903
29.794361
73.995867
1.238470
47.140561
0.640787
50.239624
59.465040
16.106398
26.013236
84.873170
83.839104
32.480807
80.878346
48.316146
28.640156
14.433918
80.121994
86.072774
93.349267
90.931702
17.600119
29.743143
98.756934
35.197877
96.401465
54.029684
9.538704
54.731384
88.971620
46.513728
8.101197
7.570534
80.075472
77.254440
89.387334
35.146691
53.885113
41.401088
42.386086
10.168586
6.382056
54.994929
5.225395
81.185140
57.531368
95.534494
22.103107
90.847304
92.350328
88.330211
75.639562
53.510417
78.503625
75.465472
62.326429
71.774199
86.216595
26.694363
44.466120
19.922676
7.498792
93.074814
16.888953
75.294299
3.623508
68.906187
12.091233
41.038441
75.683830
63.538545
14.244815
46.362503
50.830966
11.933201
55.386015
35.154510
88.332120
80.315503
57.824480
10.796559
53.733626
75.319091
7.707385
50.926012
3.318824
23.486751
65.544943
87.709366
48.060552
1.152541
74.880204
95.384709
72.992245
13.108357
79.191533
65.027422
96.784600
57.370690
91.983385
11.507704
22.804176
60.387092
34.021505
24.414892
81.036967
3.552745
34.860898
68.019490
43.101270
30.206296
93.127081
35.339593
40.867054
76.540373
11.243503
11.341301
37.172415
22.693326
18.584694
43.154579
95.575690
41.180937
49.425413
38.977388
78.632841
19.147100
85.076738
31.267345
77.857644
73.775347
45.016709
74.349136
95.090375
69.094914
55.195147
68.907380
29.295783
32.498594
81.694658
8.401286
7.898768
72.422357
92.292654
78.537227
66.467767
28.369620
61.377824
12.447057
11.954057
59.247532
56.001397
86.123954
79.416098
69.370841
63.583130
59.611754
6.402416
15.845319
11.070894
7.751250
49.715839
69.060883
22.062640
78.799418
68.679126
71.302529
57.308031
52.173989
54.524974
16.811946
88.160872
27.396080
0.236406
90.672186
75.511611
37.240312
60.131499
46.364556
82.993591
25.015286
33.933273
78.828134
36.339234
96.383499
40.932578
44.119241
81.243955
3.621935
19.256069
86.146826
22.268126
9.027544
1.751101
66.278730
37.302660
91.862129
15.244424
92.404381
95.890597
40.662688
68.696950
13.935013
66.334130
77.551153
25.061551
17.845184
94.046380
37.252547
25.662182
16.115187
91.628397
49.370433
14.669716
12.942437
16.686848
28.087562
11.265404
67.031914
41.671416
94.474265
63.182503
93.613114
10.481534
56.761534
5.488583
3.300715
81.613214
6.115822
10.928928
51.014549
8.611850
85.605640
41.513503
80.503432
0.381951
60.227026
42.819772
43.049419
70.887709
24.867273
61.547285
76.390436
69.571114
66.696162
74.355697
78.315575
11.571503
1.744677
78.077758
78.007266
82.619720
44.397181
50.663826
15.623922
42.856639
78.081786
16.581525
28.839260
-91.833125
-17.801557
-38.028119
-25.407272
-48.483240
-41.498295
-77.270676
-76.972425
-21.356155
-45.438833
-99.400593
-4.687636
-55.024263
-38.335321
-79.071039
-79.072253
-87.907998
-43.668057
-38.212003
-38.903233
-35.931435
-91.387177
-74.081257
-39.327385
-97.469090
-79.278015
-31.136637
-20.816485
-0.674519
-22.956412
-21.929902
-17.137224
-54.424066
-20.723748
-90.148410
-82.463955
-39.784057
-94.611704
-63.255794
-64.795730
-37.353807
-15.610909
-30.656692
-18.415008
-34.497400
-7.623650
-95.310356
-26.380729
-88.146512
-22.733015
-97.509074
-35.861071
-35.899335
-36.242766
-89.147477
-50.912405
-33.680930
-20.321964
-75.980724
-40.276296
-72.916750
-17.826843
-27.476965
-26.813277
-47.685939
-0.389727
-75.554942
-44.248925
-54.827072
-77.574068
-46.196007
-39.144573
-86.714725
-40.428300
-63.283679
-10.892371
-34.655838
-13.301637
-47.234169
-35.167356
-77.008531
-74.724322
-44.245645
-83.446455
-99.599111
-82.097040
-71.339499
-12.013031
-2.759312
-48.063835
-29.469361
-27.371224
-98.996658
-76.632723
-66.869499
-55.605633
-70.625879
-8.725706
-94.920873
-61.968572
-78.841694
-66.960618
-56.882003
-96.122928
-89.565454
-73.472661
-5.027101
-29.012500
-79.271980
-54.889941
-46.731051
-16.606746
-32.898049
-79.431212
-34.578713
-93.596124
-80.414721
-84.222172
-41.027523
-79.757879
-40.102802
-27.991206
-94.655233
-81.892337
-52.790795
-82.302355
-8.284403
-96.341619
-76.280659
-80.393788
-58.465232
-79.103781
-28.780336
-70.078754
-97.855146
-55.768165
-64.925105
-50.411081
-21.511014
-26.728622
-57.138116
-35.958775
-86.470864
-81.688947
-49.766505
-36.002699
-32.382564
-14.354698
-5.156941
-33.214668
-63.675340
-73.480450
-64.218566
-49.900194
-39.790206
-76.443614
-93.855104
-75.684685
-32.849673
-49.433422
-69.700703
-16.299867
-59.280447
-59.083797
-84.457275
-58.670241
-82.903418
-13.382529
-62.890590
-47.379874
-86.071358
-26.908695
-24.177665
-59.324689
-60.625879
-79.979679
-0.437895
-92.085238
-79.646818
-16.462998
-23.923034
-89.087892
-59.379111
-87.688233
-30.733072
-74.491027
-94.042687
-8.583614
-3.269759
-67.441989
-60.528264
-9.094981
-38.577357
-46.664329
-96.210642
-88.495464
-8.066310
-36.359687
-0.909182
-81.940457
99.000000
63.000000
70.000000
72.000000
74.000000
68.000000
34.000000
35.000000
72.000000
16.000000
6.000000
14.000000
39.000000
47.000000
51.000000
44.000000
92.000000
47.000000
86.000000
33.000000
10.000000
26.000000
88.000000
32.000000
85.000000
97.000000
81.000000
49.000000
45.000000
27.000000
55.000000
57.000000
90.000000
19.000000
49.000000
25.000000
60.000000
37.000000
89.000000
64.000000
68.000000
49.000000
42.000000
92.000000
83.000000
91.000000
90.000000
35.000000
83.000000
29.000000
61.000000
81.000000
88.000000
44.000000
10.000000
96.000000
46.000000
71.000000
68.000000
88.000000
55.000000
97.000000
53.000000
60.000000
72.000000
48.000000
36.000000
23.000000
99.000000
99.000000
30.000000
2.000000
63.000000
33.000000
71.000000
43.000000
72.000000
68.000000
5.000000
57.000000
51.000000
72.000000
39.000000
53.000000
88.000000
17.000000
23.000000
28.000000
41.000000
94.000000
88.000000
32.000000
76.000000
31.000000
76.000000
72.000000
78.000000
94.000000
99.000000
41.000000
25.000000
8.000000
30.000000
21.000000
27.000000
14.000000
62.000000
25.000000
14.000000
34.000000
31.000000
71.000000
41.000000
51.000000
71.000000
56.000000
9.000000
27.000000
90.000000
73.000000
52.000000
59.000000
39.000000
33.000000
74.000000
87.000000
97.000000
79.000000
2.000000
47.000000
56.000000
19.000000
55.000000
51.000000
14.000000
50.000000
61.000000
21.000000
80.000000
40.000000
30.000000
41.000000
68.000000
48.000000
90.000000
12.000000
79.000000
67.000000
40.000000
96.000000
80.000000
6.000000
50.000000
21.000000
52.000000
53.000000
49.000000
45.000000
16.000000
31.000000
96.000000
28.000000
28.000000
80.000000
92.000000
98.000000
65.000000
86.000000
20.000000
76.000000
72.000000
85.000000
13.000000
58.000000
68.000000
3.000000
66.000000
77.000000
49.000000
2.000000
11.000000
19.000000
83.000000
71.000000
90.000000
81.000000
95.000000
23.000000
78.000000
90.000000
54.000000
14.000000
13.000000
42.000000
53.000000
90.000000
5.000000
45.000000
37.000000
73.000000
100.000000
100.000000
100.000000
100.000000
100.000000
100.000000
100.000000
100.000000
100.000000
100.000000
100.000000
100.000000
100.000000
100.000000
100.000000
100.000000
100.000000
100.000000
100.000000
100.000000
100.000000
100.000000
100.000000
100.000000
100.000000
100.000000
100.000000
100.000000
100.000000
100.000000
100.000000
100.000000
100.000000
100.000000
100.000000
100.000000
100.000000
100.000000
100.000000
100.000000
100.000000
100.000000
100.000000
100.000000
100.000000
100.000000
100.000000
100.000000
100.000000
100.000000
100.000000
100.000000
100.000000
100.000000
100.000000
100.000000
100.000000
100.000000
100.000000
100.000000
100.000000
100.000000
100.000000
100.000000
100.000000
100.000000
100.000000
100.000000
100.000000
100.000000
100.000000
100.000000
100.000000
100.000000
100.000000
100.000000
100.000000
100.000000
100.000000
100.000000
100.000000
100.000000
100.000000
100.000000
100.000000
100.000000
100.000000
100.000000
100.000000
100.000000
100.000000
100.000000
100.000000
100.000000
100.000000
100.000000
100.000000
100.000000
100.000000
100.000000
100.000000
100.000000
100.000000
100.000000
100.000000
100.000000
100.000000
100.000000
100.000000
100.000000
100.000000
100.000000
100.000000
100.000000
100.000000
100.000000
100.000000
100.000000
100.000000
100.000000
100.000000
100.000000
100.000000
100.000000
100.000000
100.000000
100.000000
100.000000
100.000000
100.000000
100.000000
100.000000
100.000000
100.000000
100.000000
100.000000
100.000000
100.000000
100.000000
100.000000
100.000000
100.000000
100.000000
100.000000
100.000000
100.000000
100.000000
100.000000
100.000000
100.000000
100.000000
100.000000
100.000000
100.000000
100.000000
100.000000
100.000000
100.000000
100.000000
100.000000
100.000000
100.000000
100.000000
100.000000
100.000000
100.000000
100.000000
100.000000
100.000000
100.000000
100.000000
100.000000
100.000000
100.000000
100.000000
100.000000
100.000000
100.000000
100.000000
100.000000
100.000000
100.000000
100.000000
100.000000
100.000000
100.000000
100.000000
100.000000
100.000000
100.000000
100.000000
100.000000
100.000000
100.000000
100.000000
100.000000
100.000000
100.000000
100.000000
100.000000
