nlkp_i_200_1
200  100.000000  484000.000000
0.190188
0.122994
0.123813
0.158996
0.147471
0.108612
0.146275
0.189224
0.130538
0.172857
0.153924
0.167782
0.139351
0.191482
0.175724
0.110889
0.113088
0.182124
0.120088
0.176191
0.176121
0.151869
0.189750
0.120909
0.104930
0.161533
0.135441
0.197388
0.100829
0.186658
0.196174
0.153326
0.189879
0.132682
0.142232
0.135336
0.172843
0.196308
0.164921
0.156664
0.174001
0.138244
0.196783
0.176957
0.155338
0.190754
0.150599
0.162380
0.121882
0.153180
0.150750
0.177518
0.100662
0.160344
0.118517
0.156414
0.157954
0.195448
0.107245
0.150884
0.199002
0.175741
0.103368
0.168811
0.119611
0.174596
0.183780
0.195723
0.129723
0.138780
0.116072
0.118519
0.144016
0.163314
0.113184
0.153447
0.149660
0.192006
0.156113
0.149443
0.191585
0.188050
0.143031
0.156257
0.125895
0.190538
0.189544
0.153045
0.158984
0.155730
0.112442
0.125368
0.104717
0.166488
0.138164
0.140252
0.102971
0.164970
0.199996
0.164544
0.134418
0.166582
0.135955
0.176372
0.170501
0.141665
0.190242
0.131746
0.104723
0.129587
0.197782
0.146894
0.133535
0.135809
0.109865
0.135994
0.198313
0.151118
0.195461
0.192973
0.177357
0.194111
0.156516
0.191761
0.102108
0.188068
0.112071
0.150554
0.123316
0.114460
0.128714
0.189474
0.125225
0.180191
0.100400
0.133127
0.107249
0.186326
0.149814
0.160856
0.167016
0.110691
0.198651
0.150683
0.136750
0.129136
0.185467
0.198796
0.162131
0.121785
0.123511
0.193317
0.153665
0.186960
0.105516
0.143380
0.112337
0.199690
0.120306
0.176375
0.114791
0.137160
0.110802
0.184733
0.121014
0.135021
0.174569
0.106498
0.138585
0.120429
0.128352
0.124779
0.199099
0.121208
0.101510
0.107623
0.100339
0.105585
0.124125
0.168686
0.165328
0.160507
0.191489
0.154010
0.169819
0.179719
0.171093
0.189870
0.107953
0.118945
0.126917
0.156007
0.197416
0.119455
0.177519
0.194337
0.149301
0.171282
0.127616
0.194951
16.552593
0.298171
67.013426
43.619050
95.053090
9.215844
4.083604
39.097785
70.761590
91.818467
23.634545
28.654865
6.563524
10.277708
37.090845
52.342466
56.638510
46.792917
21.368901
8.902555
56.567177
20.196717
76.624295
53.127490
96.034803
62.615051
13.463562
53.337541
81.882171
44.142584
19.026752
29.494724
63.700110
5.909079
46.271987
10.601757
95.184829
54.707250
21.924987
85.846340
98.846107
70.311932
1.802517
55.975504
32.270645
36.073200
7.700517
66.114131
6.615005
17.190696
67.602833
80.319761
83.909213
66.065740
18.144326
82.153810
96.038668
26.300579
28.322392
68.009381
70.547224
73.452551
98.081901
57.877991
37.320194
13.486440
52.723715
62.001757
35.327732
14.699104
89.265387
78.591410
90.947855
56.442171
67.881174
99.874673
6.781877
99.486460
75.475178
91.364198
83.401636
40.928840
19.774756
73.253718
2.358893
87.370733
72.889564
79.902315
82.020242
22.956411
56.493980
32.727975
57.901330
46.342910
69.326112
92.060828
20.662030
44.264376
54.341261
97.576345
57.434077
88.282563
46.507747
70.832462
73.257262
18.765173
7.273881
89.181985
87.040085
22.481749
28.728272
15.807775
12.451528
40.262431
87.054513
62.106314
11.613693
59.787933
96.374785
58.740387
68.187521
68.154283
62.800983
77.262658
69.470079
66.311390
70.106738
29.866746
25.071524
74.367304
96.110426
9.153238
70.020685
62.985042
31.662389
24.350328
16.110053
58.800663
1.154398
78.587371
94.005887
70.597898
61.927032
73.836425
78.831692
37.828467
53.752904
13.707176
41.934279
11.978613
55.335155
14.937810
86.532821
5.710361
50.118617
33.430225
8.188397
95.910116
50.231827
9.988847
15.272486
71.756765
77.356724
60.953086
54.888037
6.176090
32.756276
15.602160
52.462678
40.692237
99.709835
27.590146
26.819532
44.278080
28.901164
99.445827
73.815468
93.676305
47.781384
85.453744
83.189896
65.494496
13.060548
10.836134
80.070090
21.270981
16.365514
24.498883
99.306953
47.104929
10.070994
99.741163
43.109670
18.485883
50.656220
96.789692
83.480907
23.321846
61.814633
54.967051
27.765453
29.277484
75.712869
93.160081
20.628923
3.734474
59.572986
74.011096
80.308166
0.551303
59.751920
50.219081
11.145699
14.911640
29.246740
87.385572
68.699015
77.618691
31.570031
43.010742
44.580572
81.299115
40.928593
20.154217
12.365861
61.056454
12.364705
79.629231
93.121376
25.330108
87.605980
61.768183
65.534026
33.945465
79.774175
39.878450
64.908619
64.693766
84.004812
27.172971
7.788583
38.835638
74.892257
4.766343
57.252383
65.885248
42.734382
54.798552
38.182482
44.997900
18.843252
43.246518
11.804556
88.567312
24.324963
68.172783
34.520469
64.484445
80.762567
75.457508
82.464495
62.445000
21.921953
23.896829
39.189958
97.241430
84.528244
49.495048
18.391923
40.717405
16.800266
97.515941
14.081201
10.668943
19.937653
50.876488
36.493941
51.772458
35.984927
75.161342
94.537155
33.740591
55.289306
72.045337
98.436387
2.297742
8.751473
71.154840
91.923728
67.189517
45.020303
70.383147
4.549347
47.199771
17.586733
61.256120
40.184840
93.543778
43.381532
35.876985
2.666030
11.738357
77.262846
0.520434
41.787970
34.130910
29.486288
22.515194
14.801209
33.735276
44.780120
34.056486
99.691819
31.623572
69.640178
67.051737
72.842890
89.966648
16.202332
81.556928
44.881021
51.213819
23.558841
28.416162
17.481121
75.306351
24.994894
1.066267
31.932075
37.908847
82.177645
69.804516
5.536292
91.083412
68.481149
60.611934
49.282675
2.957783
78.144951
33.099400
60.778910
65.893804
48.024123
24.043864
27.760928
24.503286
3.847488
32.560218
11.374692
58.528857
18.049589
25.822553
13.035851
93.175696
31.728646
2.680135
40.513535
43.681330
88.348610
38.738558
84.908776
20.057514
54.452319
66.361881
68.319255
52.972297
58.562526
73.325881
3.509343
70.875628
33.576732
38.887291
94.941058
58.105364
7.831510
6.184623
42.290382
52.284256
19.268566
75.598201
54.094497
62.041851
82.111194
80.698320
37.344811
83.205577
72.250117
88.564891
90.721026
53.204140
73.422046
57.274419
57.344253
84.791135
88.400796
6.965525
27.258918
40.214026
78.530989
22.403338
-12.842509
-45.494858
-98.979104
-95.676966
-60.496572
-76.470902
-44.587679
-34.517274
-96.307383
-7.863925
-85.614519
-84.055349
-20.269104
-92.939980
-63.771957
-17.055993
-43.341591
-95.552342
-29.918493
-57.428957
-8.781311
-74.448996
-36.027492
-49.998148
-21.874162
-32.788990
-95.869409
-28.982395
-7.960906
-57.329687
-45.500651
-4.712994
-52.641522
-67.972145
-78.060523
-51.251589
-30.394846
-96.498052
-43.544280
-93.301924
-5.985874
-51.702733
-55.805713
-67.614727
-39.828460
-56.550586
-6.632906
-35.624515
-47.301651
-62.983618
-15.483101
-92.582600
-51.251152
-35.876014
-73.761602
-2.260840
-70.441152
-81.821907
-40.504027
-5.782431
-48.692238
-78.418023
-10.467769
-52.342069
-67.865828
-39.346289
-85.167704
-24.274216
-52.718968
-53.362964
-23.575422
-27.704283
-15.638601
-77.809220
-65.745262
-13.816303
-60.027695
-92.177905
-87.945660
-79.577648
-70.072194
-3.761319
-53.810631
-19.466370
-35.657915
-83.966282
-18.788776
-93.141709
-42.250094
-77.556239
-4.283771
-38.069195
-37.770063
-76.236813
-52.566332
-17.016191
-8.629542
-59.650683
-25.612991
-98.703971
-77.647496
-96.503940
-25.207774
-10.095900
-61.621668
-89.302151
-7.192671
-18.647814
-93.018901
-74.847839
-53.233225
-87.148382
-1.856254
-12.191128
-77.509730
-77.500678
-1.710738
-28.778457
-9.573768
-34.825645
-59.977876
-77.786384
-48.584392
-6.118157
-24.329271
-22.867900
-99.159159
-3.595235
-24.593118
-19.482144
-30.833260
-79.044854
-99.646883
-54.591024
-63.442950
-93.802065
-59.828273
-43.908655
-27.692556
-58.493188
-38.989466
-14.927763
-41.298819
-10.381005
-11.362308
-87.560104
-18.610189
-27.204976
-43.650757
-24.908590
-89.957778
-36.519144
-92.931615
-89.623753
-89.426850
-36.643639
-15.768388
-86.871143
-76.839043
-77.478784
-62.465685
-13.443237
-7.122960
-67.812886
-99.222164
-29.475730
-75.145437
-64.809514
-29.863612
-42.134360
-98.581891
-87.463509
-89.836166
-2.142481
-20.753349
-40.344598
-50.041897
-19.298173
-57.080960
-2.622116
-36.071282
-10.818014
-80.720362
-63.353434
-59.517946
-74.541334
-26.079236
-53.380112
-74.630054
-70.763454
-39.350338
-95.166805
-2.410942
-87.248177
-33.327385
-48.889782
-49.585406
-77.376463
-42.821573
-7.098337
3.000000
86.000000
74.000000
51.000000
58.000000
6.000000
92.000000
34.000000
70.000000
40.000000
72.000000
17.000000
10.000000
19.000000
48.000000
44.000000
33.000000
56.000000
98.000000
95.000000
46.000000
22.000000
12.000000
36.000000
80.000000
37.000000
19.000000
46.000000
79.000000
34.000000
11.000000
30.000000
33.000000
31.000000
30.000000
76.000000
83.000000
93.000000
30.000000
53.000000
99.000000
4.000000
59.000000
18.000000
45.000000
14.000000
24.000000
48.000000
74.000000
27.000000
4.000000
64.000000
49.000000
89.000000
62.000000
17.000000
32.000000
73.000000
43.000000
52.000000
90.000000
2.000000
1.000000
89.000000
83.000000
82.000000
53.000000
95.000000
46.000000
13.000000
6.000000
38.000000
19.000000
64.000000
92.000000
62.000000
40.000000
92.000000
37.000000
30.000000
63.000000
91.000000
67.000000
8.000000
94.000000
38.000000
53.000000
75.000000
68.000000
73.000000
88.000000
87.000000
9.000000
11.000000
20.000000
55.000000
23.000000
1.000000
63.000000
8.000000
19.000000
14.000000
78.000000
27.000000
31.000000
71.000000
21.000000
82.000000
13.000000
42.000000
91.000000
31.000000
92.000000
10.000000
32.000000
7.000000
80.000000
61.000000
71.000000
80.000000
70.000000
90.000000
86.000000
36.000000
48.000000
43.000000
79.000000
56.000000
34.000000
8.000000
86.000000
16.000000
29.000000
19.000000
34.000000
69.000000
92.000000
51.000000
58.000000
99.000000
35.000000
70.000000
42.000000
26.000000
54.000000
13.000000
3.000000
57.000000
57.000000
99.000000
36.000000
77.000000
19.000000
79.000000
45.000000
89.000000
79.000000
42.000000
2.000000
24.000000
18.000000
89.000000
5.000000
71.000000
47.000000
79.000000
16.000000
35.000000
39.000000
50.000000
81.000000
41.000000
43.000000
92.000000
81.000000
86.000000
20.000000
55.000000
42.000000
53.000000
24.000000
84.000000
48.000000
59.000000
64.000000
80.000000
14.000000
7.000000
5.000000
64.000000
12.000000
8.000000
17.000000
13.000000
89.000000
83.000000
8.000000
80.000000
46.000000
15.000000
100.000000
100.000000
100.000000
100.000000
100.000000
100.000000
100.000000
100.000000
100.000000
100.000000
100.000000
100.000000
100.000000
100.000000
100.000000
100.000000
100.000000
100.000000
100.000000
100.000000
100.000000
100.000000
100.000000
100.000000
100.000000
100.000000
100.000000
100.000000
100.000000
100.000000
100.000000
100.000000
100.000000
100.000000
100.000000
100.000000
100.000000
100.000000
100.000000
100.000000
100.000000
100.000000
100.000000
100.000000
100.000000
100.000000
100.000000
100.000000
100.000000
100.000000
100.000000
100.000000
100.000000
100.000000
100.000000
100.000000
100.000000
100.000000
100.000000
100.000000
100.000000
100.000000
100.000000
100.000000
100.000000
100.000000
100.000000
100.000000
100.000000
100.000000
100.000000
100.000000
100.000000
100.000000
100.000000
100.000000
100.000000
100.000000
100.000000
100.000000
100.000000
100.000000
100.000000
100.000000
100.000000
100.000000
100.000000
100.000000
100.000000
100.000000
100.000000
100.000000
100.000000
100.000000
100.000000
100.000000
100.000000
100.000000
100.000000
100.000000
100.000000
100.000000
100.000000
100.000000
100.000000
100.000000
100.000000
100.000000
100.000000
100.000000
100.000000
100.000000
100.000000
100.000000
100.000000
100.000000
100.000000
100.000000
100.000000
100.000000
100.000000
100.000000
100.000000
100.000000
100.000000
100.000000
100.000000
100.000000
100.000000
100.000000
100.000000
100.000000
100.000000
100.000000
100.000000
100.000000
100.000000
100.000000
100.000000
100.000000
100.000000
100.000000
100.000000
100.000000
100.000000
100.000000
100.000000
100.000000
100.000000
100.000000
100.000000
100.000000
100.000000
100.000000
100.000000
100.000000
100.000000
100.000000
100.000000
100.000000
100.000000
100.000000
100.000000
100.000000
100.000000
100.000000
100.000000
100.000000
100.000000
100.000000
100.000000
100.000000
100.000000
100.000000
100.000000
100.000000
100.000000
100.000000
100.000000
100.000000
100.000000
100.000000
100.000000
100.000000
100.000000
100.000000
100.000000
100.000000
100.000000
100.000000
100.000000
100.000000
100.000000
100.000000
100.000000
100.000000
100.000000
100.000000
100.000000
100.000000
