nlkp_i_20_2
20  100.000000  39750.000000
0.172451
0.169531
0.101852
0.187908
0.194550
0.173763
0.162819
0.166699
0.195359
0.171558
0.197132
0.152190
0.144396
0.141122
0.162533
0.151268
0.156281
0.136060
0.158587
0.115335
49.363962
61.953371
69.818880
62.590496
25.230520
55.683684
50.293707
77.760302
53.528774
99.342922
77.935995
35.577062
32.930062
58.601212
85.501192
82.992430
88.201688
14.782842
9.798567
87.921992
42.480610
5.149715
82.831678
23.516762
77.567481
72.464969
25.348402
82.573604
78.525664
14.217852
94.779401
67.952352
91.349982
36.801822
20.427356
14.043794
71.034631
56.900016
24.333140
65.878146
-88.667766
-48.679248
-12.808683
-51.759186
-42.515020
-52.438552
-21.544763
-72.332261
-27.281093
-39.669775
-70.385841
-8.625408
-90.866241
-26.979200
-52.466190
-30.764873
-52.298997
-18.968265
-6.941771
-19.881910
31.000000
11.000000
26.000000
66.000000
63.000000
85.000000
39.000000
11.000000
15.000000
73.000000
31.000000
78.000000
17.000000
18.000000
44.000000
68.000000
52.000000
46.000000
12.000000
9.000000
100.000000
100.000000
100.000000
100.000000
100.000000
100.000000
100.000000
100.000000
100.000000
100.000000
100.000000
100.000000
100.000000
100.000000
100.000000
100.000000
100.000000
100.000000
100.000000
100.000000
