0      98
1      0
2      92
3      0
4      99
5      92
6      0
7      96
8      75
9      0
10      0
11      0
12      81
13      50
14      0
15      86
16      0
17      100
18      0
19      76
20      67
21      100
22      71
23      0
24      45
25      55
26      99
27      0
28      0
29      0
30      81
31      92
32      90
33      0
34      98
35      77
36      89
37      100
38      90
39      0
40      89
41      65
42      0
43      0
44      66
45      100
46      79
47      98
48      0
49      0
50      77
51      0
52      89
53      0
54      66
55      55
56      0
57      0
58      85
59      95
60      0
61      0
62      92
63      38
64      0
65      0
66      0
67      100
68      0
69      97
70      0
71      0
72      52
73      77
74      0
75      0
76      44
77      91
78      70
79      100
80      0
81      0
82      0
83      58
84      41
85      0
86      71
87      73
88      0
89      0
90      71
91      62
92      100
93      71
94      0
95      98
96      96
97      0
98      0
99      0
100      0
101      81
102      80
103      96
104      60
105      0
106      0
107      42
108      0
109      81
110      0
111      87
112      0
113      57
114      0
115      0
116      99
117      0
118      0
119      82
120      97
121      59
122      46
123      97
124      92
125      98
126      48
127      94
128      0
129      0
130      71
131      0
132      85
133      0
134      61
135      0
136      67
137      100
138      0
139      41
140      94
141      81
142      0
143      100
144      0
145      74
146      0
147      80
148      92
149      75
150      0
151      92
152      98
153      98
154      0
155      100
156      0
157      91
158      98
159      68
160      0
161      0
162      0
163      57
164      79
165      0
166      0
167      96
168      88
169      71
170      96
171      0
172      0
173      95
174      0
175      56
176      68
177      85
178      0
179      50
180      0
181      100
182      96
183      0
184      97
185      0
186      62
187      0
188      93
189      80
190      0
191      76
192      44
193      99
194      0
195      96
196      75
197      0
198      92
199      52
200      88
201      0
202      48
203      0
204      70
205      46
206      69
207      100
208      72
209      0
210      78
211      0
212      77
213      88
214      48
215      70
216      43
217      100
218      0
219      81
220      0
221      0
222      80
223      88
224      73
225      0
226      86
227      0
228      95
229      67
230      47
231      0
232      0
233      41
234      0
235      49
236      0
237      94
238      96
239      80
240      80
241      51
242      92
243      61
244      47
245      0
246      0
247      0
248      84
249      64
250      62
251      0
252      0
253      77
254      97
255      0
256      100
257      0
258      60
259      0
260      0
261      100
262      100
263      99
264      0
265      98
266      72
267      64
268      73
269      0
270      0
271      85
272      0
273      0
274      0
275      0
276      50
277      0
278      98
279      91
280      59
281      0
282      84
283      0
284      97
285      69
286      81
287      0
288      84
289      78
290      67
291      0
292      0
293      0
294      49
295      99
296      63
297      87
298      70
299      0
300      88
301      75
302      57
303      0
304      0
305      0
306      0
307      95
308      86
309      0
310      100
311      72
312      99
313      92
314      100
315      93
316      97
317      99
318      0
319      63
320      0
321      0
322      56
323      66
324      0
325      87
326      0
327      75
328      0
329      0
330      0
331      98
332      81
333      0
334      68
335      64
336      0
337      0
338      0
339      0
340      50
341      84
342      0
343      0
344      0
345      100
346      0
347      0
348      0
349      92
350      0
351      0
352      43
353      0
354      0
355      66
356      92
357      67
358      78
359      81
360      79
361      0
362      0
363      74
364      0
365      0
366      99
367      0
368      95
369      74
370      0
371      82
372      50
373      100
374      86
375      83
376      0
377      91
378      0
379      0
380      62
381      83
382      0
383      96
384      0
385      99
386      0
387      89
388      0
389      0
390      63
391      0
392      94
393      90
394      70
395      0
396      68
397      97
398      0
399      92
400      87
401      64
402      50
403      0
404      0
405      0
406      92
407      0
408      0
409      0
410      96
411      100
412      90
413      66
414      69
415      0
416      0
417      80
418      100
419      0
420      0
421      68
422      88
423      0
424      0
425      91
426      93
427      51
428      62
429      84
430      81
431      84
432      0
433      93
434      0
435      0
436      92
437      0
438      0
439      72
440      0
441      97
442      84
443      0
444      94
445      100
446      94
447      0
448      98
449      53
450      0
451      50
452      0
453      98
454      97
455      0
456      0
457      0
458      0
459      0
460      100
461      0
462      79
463      67
464      0
465      0
466      67
467      0
468      0
469      81
470      38
471      54
472      63
473      100
474      0
475      56
476      0
477      84
478      80
479      96
480      0
481      67
482      0
483      61
484      91
485      0
486      0
487      0
488      0
489      94
490      0
491      100
492      0
493      53
494      92
495      0
496      0
497      97
498      0
499      53
500      0
501      99
502      0
503      87
504      0
505      80
506      0
507      88
508      79
509      99
510      73
511      0
512      48
513      93
514      90
515      0
516      0
517      0
518      86
519      80
520      82
521      0
522      54
523      68
524      0
525      0
526      0
527      99
528      0
529      0
530      91
531      87
532      40
533      74
534      71
535      0
536      80
537      0
538      0
539      74
540      73
541      88
542      53
543      47
544      88
545      84
546      100
547      0
548      0
549      0
550      74
551      0
552      82
553      97
554      71
555      0
556      99
557      92
558      79
559      98
560      53
561      95
562      68
563      0
564      0
565      98
566      0
567      0
568      0
569      61
570      86
571      61
572      0
573      0
574      86
575      0
576      52
577      55
578      0
579      77
580      44
581      66
582      52
583      0
584      0
585      0
586      83
587      0
588      0
589      81
590      51
591      0
592      77
593      67
594      0
595      0
596      0
597      44
598      98
599      91
600      0
601      0
602      80
603      84
604      40
605      0
606      0
607      0
608      0
609      93
610      98
611      0
612      0
613      52
614      0
615      0
616      0
617      93
618      93
619      0
620      0
621      60
622      79
623      0
624      99
625      99
626      0
627      70
628      87
629      57
630      45
631      0
632      0
633      49
634      53
635      74
636      95
637      88
638      94
639      83
640      94
641      87
642      98
643      83
644      0
645      46
646      86
647      0
648      0
649      80
650      78
651      89
652      85
653      56
654      82
655      0
656      99
657      0
658      54
659      66
660      63
661      90
662      0
663      77
664      0
665      81
666      0
667      0
668      68
669      0
670      96
671      0
672      100
673      0
674      0
675      98
676      0
677      56
678      87
679      0
680      69
681      99
682      0
683      96
684      41
685      64
686      62
687      76
688      76
689      0
690      54
691      0
692      0
693      0
694      63
695      76
696      73
697      71
698      0
699      45
700      0
701      63
702      100
703      55
704      99
705      0
706      53
707      54
708      0
709      99
710      81
711      84
712      88
713      92
714      0
715      0
716      88
717      57
718      95
719      0
720      0
721      83
722      100
723      0
724      72
725      42
726      62
727      75
728      79
729      58
730      0
731      0
732      0
733      0
734      68
735      0
736      66
737      98
738      0
739      0
740      0
741      70
742      64
743      96
744      96
745      96
746      0
747      98
748      74
749      49
750      42
751      71
752      0
753      0
754      0
755      94
756      0
757      46
758      74
759      0
760      97
761      76
762      0
763      63
764      0
765      50
766      0
767      0
768      88
769      0
770      88
771      53
772      99
773      50
774      0
775      0
776      76
777      0
778      99
779      71
780      37
781      93
782      66
783      0
784      54
785      0
786      65
787      75
788      92
789      0
790      0
791      87
792      0
793      94
794      77
795      0
796      76
797      73
798      0
799      100
800      55
801      45
802      0
803      97
804      0
805      82
806      0
807      61
808      0
809      85
810      64
811      0
812      63
813      70
814      59
815      65
816      0
817      54
818      68
819      94
820      47
821      87
822      49
823      0
824      0
825      100
826      0
827      0
828      0
829      0
830      100
831      91
832      0
833      58
834      94
835      83
836      0
837      87
838      98
839      88
840      0
841      0
842      91
843      0
844      90
845      0
846      53
847      83
848      0
849      33
850      82
851      0
852      94
853      0
854      47
855      60
856      0
857      0
858      88
859      0
860      53
861      82
862      88
863      66
864      0
865      0
866      0
867      43
868      98
869      0
870      0
871      84
872      98
873      45
874      0
875      0
876      61
877      78
878      0
879      0
880      81
881      100
882      40
883      83
884      0
885      87
886      100
887      68
888      89
889      81
890      0
891      71
892      83
893      100
894      88
895      0
896      83
897      95
898      74
899      0
900      0
901      0
902      64
903      0
904      0
905      98
906      0
907      79
908      71
909      100
910      0
911      58
912      79
913      0
914      51
915      90
916      86
917      70
918      95
919      0
920      89
921      64
922      0
923      45
924      64
925      94
926      55
927      83
928      0
929      83
930      80
931      81
932      53
933      39
934      97
935      48
936      75
937      0
938      93
939      0
940      100
941      0
942      100
943      0
944      0
945      87
946      79
947      75
948      63
949      93
950      76
951      60
952      84
953      0
954      96
955      99
956      0
957      99
958      0
959      89
960      65
961      0
962      0
963      90
964      0
965      99
966      85
967      0
968      45
969      0
970      92
971      0
972      0
973      88
974      76
975      0
976      64
977      0
978      62
979      0
980      87
981      59
982      62
983      84
984      91
985      39
986      79
987      0
988      79
989      58
990      0
991      100
992      90
993      92
994      0
995      0
996      0
997      0
998      0
999      61
1000      87
1001      0
1002      0
1003      0
1004      90
1005      72
1006      0
1007      0
1008      99
1009      65
1010      79
1011      56
1012      89
1013      88
1014      59
1015      0
1016      59
1017      0
1018      0
1019      0
1020      69
1021      0
1022      80
1023      0
1024      97
1025      0
1026      0
1027      56
1028      96
1029      93
1030      72
1031      58
1032      69
1033      0
1034      0
1035      0
1036      0
1037      99
1038      0
1039      0
1040      83
1041      90
1042      0
1043      85
1044      0
1045      0
1046      65
1047      92
1048      47
1049      0
1050      0
1051      100
1052      0
1053      0
1054      0
1055      99
1056      0
1057      0
1058      0
1059      0
1060      0
1061      74
1062      94
1063      0
1064      0
1065      96
1066      56
1067      0
1068      54
1069      0
1070      93
1071      75
1072      0
1073      63
1074      96
1075      64
1076      99
1077      91
1078      0
1079      93
1080      46
1081      58
1082      0
1083      79
1084      0
1085      0
1086      47
1087      83
1088      0
1089      0
1090      0
1091      0
1092      0
1093      74
1094      60
1095      91
1096      58
1097      65
1098      96
1099      75
1100      100
1101      0
1102      0
1103      73
1104      94
1105      0
1106      80
1107      54
1108      0
1109      52
1110      0
1111      80
1112      88
1113      0
1114      0
1115      81
1116      0
1117      0
1118      51
1119      93
1120      100
1121      100
1122      100
1123      77
1124      84
1125      0
1126      0
1127      0
1128      0
1129      94
1130      88
1131      0
1132      69
1133      73
1134      37
1135      0
1136      87
1137      0
1138      0
1139      100
1140      0
1141      72
1142      94
1143      0
1144      0
1145      0
1146      62
1147      0
1148      0
1149      0
1150      56
1151      52
1152      0
1153      0
1154      0
1155      0
1156      71
1157      0
1158      88
1159      46
1160      73
1161      0
1162      0
1163      0
1164      60
1165      91
1166      0
1167      0
1168      31
1169      52
1170      77
1171      99
1172      0
1173      46
1174      0
1175      0
1176      40
1177      0
1178      0
1179      77
1180      0
1181      88
1182      90
1183      89
1184      0
1185      54
1186      0
1187      68
1188      62
1189      0
1190      0
1191      69
1192      82
1193      96
1194      99
1195      0
1196      0
1197      80
1198      0
1199      0
1200      96
1201      96
1202      77
1203      55
1204      68
1205      0
1206      0
1207      0
1208      100
1209      0
1210      94
1211      60
1212      96
1213      100
1214      0
1215      71
1216      0
1217      58
1218      0
1219      83
1220      0
1221      0
1222      0
1223      100
1224      78
1225      0
1226      79
1227      0
1228      38
1229      0
1230      96
1231      62
1232      85
1233      0
1234      97
1235      100
1236      54
1237      45
1238      0
1239      78
1240      97
1241      90
1242      51
1243      0
1244      96
1245      56
1246      60
1247      74
1248      100
1249      49
1250      97
1251      0
1252      90
1253      88
1254      0
1255      91
1256      100
1257      0
1258      45
1259      0
1260      84
1261      98
1262      0
1263      68
1264      0
1265      0
1266      90
1267      87
1268      98
1269      75
1270      83
1271      0
1272      0
1273      81
1274      87
1275      0
1276      58
1277      79
1278      52
1279      92
1280      0
1281      0
1282      90
1283      84
1284      75
1285      0
1286      0
1287      0
1288      46
1289      0
1290      0
1291      0
1292      99
1293      88
1294      76
1295      99
1296      63
1297      0
1298      82
1299      0
1300      82
1301      100
1302      0
1303      98
1304      61
1305      0
1306      0
1307      77
1308      65
1309      0
1310      63
1311      0
1312      0
1313      88
1314      0
1315      0
1316      0
1317      88
1318      0
1319      82
1320      0
1321      65
1322      73
1323      0
1324      95
1325      56
1326      88
1327      0
1328      73
1329      59
1330      92
1331      84
1332      83
1333      55
1334      63
1335      53
1336      90
1337      0
1338      89
1339      69
1340      0
1341      0
1342      0
1343      42
1344      78
1345      100
1346      87
1347      0
1348      75
1349      91
1350      99
1351      0
1352      0
1353      74
1354      98
1355      79
1356      51
1357      99
1358      51
1359      0
1360      88
1361      0
1362      100
1363      92
1364      85
1365      70
1366      80
1367      88
1368      45
1369      0
1370      66
1371      0
1372      0
1373      0
1374      60
1375      53
1376      99
1377      0
1378      97
1379      0
1380      0
1381      79
1382      86
1383      0
1384      41
1385      0
1386      99
1387      60
1388      0
1389      76
1390      75
1391      0
1392      0
1393      78
1394      0
1395      0
1396      0
1397      93
1398      98
1399      64
1400      100
1401      0
1402      87
1403      59
1404      93
1405      0
1406      89
1407      98
1408      0
1409      98
1410      84
1411      71
1412      39
1413      53
1414      0
1415      87
1416      92
1417      0
1418      94
1419      84
1420      99
1421      71
1422      40
1423      72
1424      93
1425      68
1426      0
1427      93
1428      75
1429      72
1430      100
1431      0
1432      0
1433      0
1434      69
1435      0
1436      44
1437      99
1438      0
1439      0
1440      87
1441      60
1442      0
1443      92
1444      53
1445      0
1446      97
1447      59
1448      89
1449      0
1450      40
1451      83
1452      96
1453      40
1454      0
1455      99
1456      96
1457      93
1458      98
1459      99
1460      100
1461      31
1462      0
1463      0
1464      45
1465      0
1466      76
1467      0
1468      83
1469      65
1470      74
1471      67
1472      98
1473      66
1474      79
1475      94
1476      83
1477      0
1478      56
1479      80
1480      59
1481      98
1482      42
1483      0
1484      53
1485      57
1486      73
1487      69
1488      63
1489      69
1490      0
1491      0
1492      66
1493      0
1494      0
1495      0
1496      0
1497      0
1498      90
1499      62
1500      96
1501      80
1502      0
1503      0
1504      0
1505      0
1506      0
1507      0
1508      88
1509      0
1510      87
1511      100
1512      0
1513      0
1514      96
1515      0
1516      0
1517      53
1518      0
1519      67
1520      82
1521      42
1522      0
1523      67
1524      0
1525      0
1526      0
1527      97
1528      0
1529      0
1530      89
1531      54
1532      82
1533      100
1534      0
1535      62
1536      0
1537      0
1538      0
1539      0
1540      0
1541      100
1542      55
1543      79
1544      0
1545      0
1546      77
1547      68
1548      54
1549      0
1550      70
1551      82
1552      0
1553      0
1554      76
1555      0
1556      56
1557      0
1558      0
1559      96
1560      0
1561      69
1562      0
1563      69
1564      58
1565      0
1566      0
1567      88
1568      0
1569      91
1570      84
1571      0
1572      0
1573      99
1574      92
1575      65
1576      86
1577      0
1578      98
1579      0
1580      0
1581      0
1582      50
1583      98
1584      0
1585      42
1586      0
1587      53
1588      92
1589      82
1590      76
1591      0
1592      49
1593      98
1594      0
1595      71
1596      0
1597      97
1598      89
1599      87
1600      0
1601      70
1602      0
1603      64
1604      100
1605      0
1606      89
1607      0
1608      0
1609      96
1610      0
1611      56
1612      0
1613      97
1614      67
1615      98
1616      0
1617      0
1618      98
1619      0
1620      77
1621      99
1622      81
1623      58
1624      0
1625      91
1626      62
1627      53
1628      62
1629      71
1630      0
1631      0
1632      68
1633      0
1634      92
1635      0
1636      92
1637      85
1638      0
1639      0
1640      98
1641      92
1642      100
1643      93
1644      100
1645      55
1646      0
1647      100
1648      97
1649      62
1650      0
1651      0
1652      97
1653      53
1654      68
1655      59
1656      0
1657      0
1658      80
1659      77
1660      0
1661      98
1662      0
1663      42
1664      86
1665      0
1666      0
1667      0
1668      84
1669      63
1670      0
1671      0
1672      89
1673      89
1674      81
1675      81
1676      49
1677      99
1678      0
1679      0
1680      96
1681      96
1682      64
1683      0
1684      94
1685      89
1686      96
1687      51
1688      88
1689      79
1690      70
1691      69
1692      81
1693      85
1694      42
1695      64
1696      0
1697      76
1698      91
1699      0
1700      0
1701      98
1702      66
1703      0
1704      84
1705      0
1706      46
1707      68
1708      97
1709      0
1710      51
1711      0
1712      98
1713      0
1714      0
1715      83
1716      81
1717      71
1718      0
1719      76
1720      0
1721      95
1722      0
1723      0
1724      74
1725      75
1726      100
1727      100
1728      97
1729      0
1730      0
1731      0
1732      90
1733      43
1734      0
1735      68
1736      84
1737      54
1738      0
1739      42
1740      95
1741      97
1742      84
1743      66
1744      0
1745      0
1746      0
1747      0
1748      53
1749      51
1750      0
1751      94
1752      0
1753      0
1754      0
1755      98
1756      68
1757      91
1758      57
1759      0
1760      74
1761      0
1762      0
1763      0
1764      0
1765      0
1766      55
1767      64
1768      0
1769      0
1770      0
1771      89
1772      0
1773      78
1774      0
1775      0
1776      0
1777      0
1778      94
1779      87
1780      0
1781      0
1782      0
1783      0
1784      0
1785      58
1786      65
1787      59
1788      100
1789      90
1790      67
1791      95
1792      80
1793      59
1794      98
1795      0
1796      0
1797      46
1798      98
1799      75
1800      0
1801      82
1802      0
1803      59
1804      0
1805      92
1806      100
1807      57
1808      0
1809      99
1810      98
1811      0
1812      100
1813      94
1814      76
1815      0
1816      0
1817      0
1818      48
1819      0
1820      88
1821      80
1822      64
1823      87
1824      50
1825      0
1826      58
1827      0
1828      0
1829      96
1830      69
1831      0
1832      0
1833      47
1834      100
1835      72
1836      67
1837      91
1838      0
1839      55
1840      0
1841      0
1842      53
1843      68
1844      0
1845      75
1846      96
1847      59
1848      0
1849      0
1850      0
1851      0
1852      95
1853      63
1854      0
1855      85
1856      100
1857      0
1858      99
1859      0
1860      84
1861      0
1862      0
1863      74
1864      0
1865      92
1866      0
1867      0
1868      99
1869      61
1870      92
1871      87
1872      100
1873      67
1874      100
1875      67
1876      0
1877      98
1878      0
1879      0
1880      62
1881      91
1882      100
1883      0
1884      0
1885      88
1886      100
1887      91
1888      0
1889      96
1890      88
1891      0
1892      60
1893      76
1894      100
1895      0
1896      0
1897      79
1898      0
1899      0
1900      38
1901      0
1902      0
1903      0
1904      0
1905      100
1906      0
1907      0
1908      84
1909      86
1910      96
1911      91
1912      91
1913      0
1914      79
1915      0
1916      100
1917      99
1918      74
1919      0
1920      0
1921      0
1922      89
1923      95
1924      74
1925      0
1926      67
1927      92
1928      76
1929      96
1930      94
1931      92
1932      75
1933      0
1934      0
1935      96
1936      0
1937      0
1938      46
1939      99
1940      0
1941      69
1942      100
1943      99
1944      81
1945      0
1946      0
1947      0
1948      78
1949      0
1950      0
1951      88
1952      65
1953      0
1954      81
1955      52
1956      0
1957      0
1958      86
1959      0
1960      90
1961      98
1962      0
1963      59
1964      0
1965      84
1966      0
1967      0
1968      0
1969      46
1970      0
1971      78
1972      0
1973      0
1974      0
1975      100
1976      80
1977      56
1978      0
1979      100
1980      94
1981      70
1982      92
1983      65
1984      91
1985      60
1986      0
1987      97
1988      49
1989      87
1990      0
1991      57
1992      0
1993      0
1994      80
1995      92
1996      97
1997      100
1998      69
1999      38
2000      0
2001      0
2002      0
2003      67
2004      64
2005      0
2006      0
2007      0
2008      100
2009      100
2010      93
2011      52
2012      0
2013      0
2014      47
2015      96
2016      52
2017      65
2018      85
2019      52
2020      0
2021      0
2022      0
2023      0
2024      100
2025      0
2026      72
2027      93
2028      0
2029      0
2030      0
2031      54
2032      0
2033      0
2034      96
2035      0
2036      0
2037      97
2038      0
2039      100
2040      92
2041      54
2042      0
2043      94
2044      0
2045      0
2046      74
2047      0
2048      100
2049      0
2050      0
2051      0
2052      100
2053      0
2054      0
2055      0
2056      99
2057      82
2058      99
2059      54
2060      0
2061      87
2062      0
2063      0
2064      87
2065      91
2066      100
2067      0
2068      70
2069      90
2070      56
2071      0
2072      0
2073      69
2074      0
2075      89
2076      67
2077      0
2078      88
2079      62
2080      32
2081      91
2082      50
2083      68
2084      0
2085      0
2086      95
2087      67
2088      68
2089      54
2090      52
2091      60
2092      95
2093      0
2094      67
2095      0
2096      0
2097      0
2098      0
2099      0
2100      0
2101      0
2102      65
2103      53
2104      0
2105      0
2106      65
2107      0
2108      74
2109      51
2110      85
2111      96
2112      0
2113      0
2114      65
2115      78
2116      83
2117      0
2118      100
2119      0
2120      0
2121      0
2122      0
2123      68
2124      87
2125      54
2126      76
2127      75
2128      0
2129      0
2130      0
2131      100
2132      99
2133      0
2134      53
2135      0
2136      63
2137      0
2138      57
2139      0
2140      80
2141      100
2142      0
2143      67
2144      0
2145      98
2146      78
2147      0
2148      0
2149      71
2150      0
2151      71
2152      0
2153      49
2154      100
2155      63
2156      0
2157      55
2158      0
2159      0
2160      56
2161      88
2162      100
2163      0
2164      0
2165      0
2166      77
2167      0
2168      0
2169      0
2170      0
2171      40
2172      0
2173      0
2174      66
2175      91
2176      0
2177      100
2178      87
2179      0
2180      76
2181      0
2182      38
2183      0
2184      0
2185      83
2186      84
2187      0
2188      0
2189      0
2190      0
2191      0
2192      74
2193      0
2194      98
2195      69
2196      0
2197      96
2198      0
2199      83
2200      0
2201      85
2202      60
2203      98
2204      87
2205      70
2206      0
2207      88
2208      0
2209      95
2210      0
2211      51
2212      83
2213      76
2214      39
2215      54
2216      40
2217      0
2218      71
2219      91
2220      51
2221      92
2222      92
2223      0
2224      98
2225      90
2226      84
2227      0
2228      49
2229      79
2230      0
2231      82
2232      0
2233      76
2234      0
2235      82
2236      93
2237      0
2238      77
2239      0
2240      77
2241      0
2242      0
2243      85
2244      100
2245      51
2246      54
2247      0
2248      0
2249      0
2250      74
2251      0
2252      0
2253      0
2254      96
2255      79
2256      94
2257      0
2258      94
2259      0
2260      56
2261      0
2262      84
2263      74
2264      0
2265      0
2266      74
2267      0
2268      53
2269      0
2270      94
2271      0
2272      89
2273      0
2274      0
2275      0
2276      100
2277      79
2278      41
2279      93
2280      0
2281      0
2282      39
2283      0
2284      0
2285      63
2286      65
2287      0
2288      100
2289      77
2290      98
2291      81
2292      0
2293      0
2294      0
2295      93
2296      0
2297      100
2298      74
2299      77
2300      89
2301      0
2302      0
2303      0
2304      0
2305      91
2306      0
2307      0
2308      99
2309      77
2310      97
2311      100
2312      61
2313      0
2314      100
2315      88
2316      91
2317      49
2318      0
2319      50
2320      93
2321      82
2322      0
2323      87
2324      68
2325      78
2326      71
2327      95
2328      38
2329      98
2330      48
2331      92
2332      0
2333      98
2334      67
2335      0
2336      0
2337      0
2338      67
2339      43
2340      71
2341      89
2342      0
2343      0
2344      87
2345      99
2346      0
2347      81
2348      0
2349      100
2350      40
2351      58
2352      0
2353      0
2354      82
2355      86
2356      0
2357      61
2358      92
2359      0
2360      0
2361      31
2362      56
2363      0
2364      73
2365      98
2366      74
2367      98
2368      85
2369      70
2370      0
2371      0
2372      93
2373      0
2374      84
2375      96
2376      77
2377      0
2378      66
2379      53
2380      45
2381      0
2382      0
2383      65
2384      65
2385      90
2386      70
2387      98
2388      57
2389      84
2390      100
2391      0
2392      100
2393      97
2394      0
2395      58
2396      0
2397      0
2398      52
2399      0
2400      86
2401      49
2402      71
2403      72
2404      0
2405      67
2406      81
2407      66
2408      80
2409      89
2410      86
2411      0
2412      0
2413      100
2414      99
2415      0
2416      92
2417      0
2418      49
2419      63
2420      74
2421      0
2422      95
2423      62
2424      88
2425      0
2426      0
2427      0
2428      100
2429      71
2430      80
2431      0
2432      0
2433      0
2434      0
2435      78
2436      99
2437      0
2438      99
2439      49
2440      0
2441      0
2442      0
2443      91
2444      0
2445      99
2446      89
2447      95
2448      0
2449      0
2450      0
2451      64
2452      44
2453      40
2454      0
2455      77
2456      65
2457      98
2458      0
2459      90
2460      59
2461      0
2462      0
2463      60
2464      0
2465      91
2466      75
2467      0
2468      99
2469      0
2470      0
2471      0
2472      0
2473      0
2474      93
2475      66
2476      0
2477      90
2478      0
2479      93
2480      77
2481      92
2482      0
2483      88
2484      0
2485      0
2486      92
2487      87
2488      0
2489      73
2490      51
2491      87
2492      45
2493      0
2494      82
2495      0
2496      71
2497      0
2498      94
2499      0
       79785.3
