0      0
1      74
2      60
3      100
4      100
5      78
6      100
7      100
8      0
9      85
10      100
11      71
12      0
13      100
14      45
15      0
16      93
17      100
18      0
19      54
20      0
21      73
22      100
23      100
24      0
25      99
26      0
27      65
28      100
29      100
30      0
31      100
32      100
33      0
34      88
35      77
36      100
37      100
38      100
39      100
40      67
41      0
42      0
43      94
44      0
45      0
46      0
47      0
48      0
49      100
       1525.73
