0      0
1      72
2      79
3      0
4      0
5      100
6      66
7      100
8      0
9      0
10      71
11      100
12      81
13      0
14      98
15      100
16      98
17      66
18      100
19      100
20      58
21      56
22      0
23      0
24      65
25      100
26      89
27      0
28      66
29      0
30      100
31      70
32      39
33      90
34      67
35      100
36      100
37      0
38      100
39      0
40      62
41      71
42      100
43      0
44      100
45      0
46      0
47      100
48      0
49      100
       1877.01
