0      0
1      99
2      55
3      0
4      96
5      0
6      0
7      51
8      0
9      0
10      0
11      49
12      0
13      55
14      0
15      87
16      66
17      0
18      0
19      94
20      81
21      59
22      90
23      79
24      90
25      71
26      74
27      0
28      84
29      0
30      94
31      0
32      65
33      80
34      97
35      0
36      0
37      94
38      100
39      0
40      0
41      47
42      79
43      0
44      83
45      0
46      0
47      0
48      50
49      0
50      61
51      0
52      0
53      84
54      0
55      100
56      0
57      0
58      0
59      72
60      54
61      48
62      0
63      0
64      0
65      71
66      72
67      96
68      60
69      93
70      0
71      0
72      95
73      0
74      0
75      93
76      0
77      0
78      73
79      70
80      0
81      95
82      76
83      0
84      94
85      0
86      52
87      0
88      71
89      0
90      79
91      0
92      92
93      0
94      0
95      0
96      92
97      0
98      89
99      69
100      0
101      0
102      0
103      0
104      68
105      97
106      86
107      97
108      97
109      61
110      49
111      95
112      0
113      64
114      60
115      84
116      0
117      100
118      0
119      38
120      0
121      0
122      0
123      42
124      0
125      0
126      0
127      0
128      93
129      0
130      0
131      86
132      89
133      0
134      100
135      0
136      0
137      49
138      57
139      44
140      0
141      66
142      98
143      59
144      0
145      88
146      0
147      0
148      68
149      0
150      100
151      0
152      0
153      0
154      0
155      52
156      42
157      0
158      66
159      0
160      58
161      81
162      0
163      100
164      0
165      96
166      87
167      55
168      90
169      85
170      100
171      91
172      0
173      0
174      0
175      55
176      58
177      86
178      43
179      0
180      86
181      0
182      100
183      71
184      94
185      0
186      71
187      98
188      65
189      0
190      0
191      0
192      89
193      73
194      81
195      0
196      0
197      69
198      80
199      80
200      49
201      99
202      0
203      97
204      97
205      92
206      0
207      0
208      0
209      0
210      0
211      89
212      66
213      57
214      0
215      75
216      59
217      100
218      0
219      100
220      0
221      0
222      91
223      100
224      0
225      96
226      0
227      53
228      0
229      85
230      90
231      0
232      92
233      100
234      0
235      0
236      95
237      100
238      40
239      0
240      0
241      64
242      0
243      0
244      83
245      0
246      93
247      94
248      94
249      0
250      70
251      0
252      0
253      0
254      91
255      100
256      76
257      0
258      80
259      0
260      41
261      0
262      91
263      84
264      81
265      0
266      0
267      56
268      100
269      74
270      49
271      0
272      0
273      75
274      0
275      61
276      0
277      0
278      69
279      0
280      93
281      0
282      83
283      99
284      0
285      73
286      83
287      90
288      0
289      0
290      39
291      0
292      0
293      100
294      63
295      92
296      95
297      93
298      42
299      91
300      59
301      0
302      0
303      64
304      0
305      0
306      0
307      0
308      52
309      0
310      83
311      0
312      0
313      100
314      49
315      100
316      83
317      78
318      61
319      71
320      0
321      59
322      79
323      0
324      0
325      0
326      62
327      57
328      100
329      0
330      78
331      0
332      0
333      0
334      66
335      0
336      74
337      0
338      0
339      91
340      0
341      0
342      0
343      0
344      71
345      54
346      39
347      67
348      0
349      0
350      0
351      93
352      47
353      97
354      57
355      50
356      84
357      0
358      51
359      72
360      0
361      97
362      88
363      0
364      0
365      50
366      92
367      84
368      92
369      86
370      0
371      97
372      0
373      0
374      67
375      0
376      76
377      100
378      44
379      0
380      100
381      89
382      94
383      81
384      0
385      100
386      100
387      96
388      55
389      73
390      0
391      50
392      0
393      0
394      89
395      97
396      95
397      79
398      0
399      0
400      98
401      0
402      0
403      38
404      56
405      0
406      42
407      0
408      62
409      94
410      83
411      86
412      75
413      96
414      92
415      74
416      60
417      55
418      46
419      56
420      93
421      0
422      71
423      57
424      0
425      0
426      0
427      97
428      57
429      46
430      95
431      98
432      62
433      75
434      84
435      99
436      0
437      0
438      0
439      0
440      0
441      0
442      0
443      99
444      61
445      0
446      0
447      69
448      64
449      0
450      0
451      0
452      0
453      76
454      0
455      0
456      0
457      68
458      95
459      96
460      0
461      92
462      0
463      92
464      100
465      0
466      0
467      72
468      100
469      0
470      62
471      0
472      65
473      0
474      55
475      92
476      100
477      57
478      76
479      74
480      0
481      0
482      0
483      0
484      40
485      62
486      0
487      60
488      86
489      0
490      0
491      0
492      52
493      59
494      66
495      57
496      95
497      96
498      0
499      45
500      57
501      92
502      0
503      94
504      100
505      0
506      0
507      0
508      0
509      93
510      0
511      0
512      0
513      97
514      0
515      0
516      0
517      0
518      89
519      44
520      0
521      0
522      83
523      54
524      0
525      84
526      0
527      0
528      76
529      100
530      60
531      95
532      0
533      44
534      0
535      0
536      96
537      0
538      0
539      66
540      100
541      0
542      86
543      55
544      47
545      0
546      65
547      99
548      86
549      46
550      56
551      0
552      0
553      81
554      71
555      0
556      100
557      0
558      95
559      97
560      92
561      0
562      0
563      0
564      61
565      0
566      68
567      0
568      71
569      0
570      67
571      96
572      97
573      98
574      0
575      43
576      97
577      95
578      0
579      65
580      0
581      100
582      83
583      93
584      0
585      49
586      0
587      88
588      0
589      0
590      0
591      93
592      66
593      0
594      74
595      94
596      0
597      66
598      85
599      0
600      78
601      0
602      69
603      72
604      0
605      0
606      0
607      73
608      92
609      0
610      93
611      0
612      47
613      63
614      59
615      58
616      0
617      0
618      0
619      92
620      96
621      81
622      0
623      0
624      0
625      0
626      0
627      93
628      0
629      81
630      56
631      0
632      0
633      0
634      72
635      60
636      60
637      89
638      94
639      0
640      0
641      0
642      71
643      0
644      0
645      0
646      89
647      96
648      0
649      99
650      0
651      43
652      0
653      0
654      100
655      0
656      0
657      0
658      63
659      0
660      91
661      65
662      0
663      60
664      86
665      98
666      92
667      63
668      0
669      63
670      0
671      0
672      95
673      83
674      0
675      0
676      97
677      0
678      0
679      0
680      0
681      61
682      54
683      0
684      46
685      0
686      0
687      83
688      97
689      60
690      90
691      0
692      0
693      0
694      0
695      64
696      0
697      0
698      0
699      69
700      95
701      95
702      67
703      81
704      93
705      0
706      53
707      73
708      0
709      0
710      0
711      59
712      66
713      0
714      89
715      49
716      92
717      100
718      0
719      86
720      79
721      89
722      65
723      78
724      0
725      99
726      62
727      76
728      0
729      97
730      71
731      0
732      87
733      0
734      0
735      0
736      66
737      0
738      100
739      83
740      84
741      99
742      100
743      0
744      0
745      0
746      0
747      95
748      0
749      93
750      91
751      0
752      0
753      0
754      0
755      94
756      95
757      0
758      70
759      99
760      72
761      89
762      0
763      95
764      68
765      64
766      50
767      0
768      72
769      49
770      0
771      83
772      0
773      0
774      0
775      73
776      0
777      95
778      100
779      0
780      88
781      38
782      0
783      92
784      0
785      92
786      0
787      40
788      0
789      0
790      99
791      98
792      0
793      97
794      0
795      0
796      0
797      0
798      76
799      93
800      0
801      93
802      65
803      82
804      0
805      0
806      100
807      93
808      96
809      0
810      86
811      0
812      0
813      67
814      0
815      0
816      91
817      70
818      49
819      0
820      0
821      93
822      0
823      41
824      82
825      92
826      88
827      0
828      76
829      0
830      0
831      40
832      67
833      83
834      43
835      0
836      0
837      0
838      65
839      81
840      78
841      97
842      79
843      0
844      56
845      0
846      100
847      0
848      0
849      0
850      0
851      0
852      91
853      0
854      99
855      0
856      100
857      93
858      94
859      0
860      0
861      0
862      76
863      0
864      99
865      91
866      0
867      0
868      0
869      79
870      84
871      0
872      0
873      91
874      74
875      57
876      0
877      0
878      0
879      83
880      100
881      90
882      90
883      70
884      0
885      72
886      94
887      40
888      0
889      93
890      0
891      0
892      78
893      0
894      100
895      0
896      98
897      0
898      72
899      77
900      68
901      61
902      0
903      0
904      0
905      0
906      100
907      0
908      0
909      78
910      68
911      0
912      0
913      0
914      0
915      0
916      71
917      100
918      0
919      49
920      100
921      100
922      93
923      73
924      96
925      92
926      59
927      0
928      91
929      80
930      100
931      0
932      83
933      91
934      92
935      0
936      80
937      92
938      64
939      70
940      81
941      0
942      0
943      91
944      0
945      56
946      40
947      95
948      72
949      49
950      0
951      93
952      0
953      0
954      0
955      100
956      97
957      55
958      100
959      0
960      81
961      0
962      0
963      77
964      0
965      0
966      99
967      0
968      90
969      100
970      88
971      0
972      66
973      0
974      0
975      0
976      0
977      37
978      69
979      40
980      72
981      71
982      52
983      91
984      0
985      81
986      67
987      99
988      0
989      86
990      0
991      0
992      0
993      84
994      55
995      0
996      90
997      40
998      0
999      0
1000      0
1001      76
1002      61
1003      82
1004      82
1005      0
1006      0
1007      0
1008      87
1009      92
1010      0
1011      0
1012      0
1013      0
1014      0
1015      0
1016      0
1017      45
1018      67
1019      0
1020      58
1021      55
1022      93
1023      93
1024      61
1025      95
1026      0
1027      0
1028      0
1029      0
1030      0
1031      0
1032      0
1033      94
1034      85
1035      51
1036      0
1037      48
1038      0
1039      81
1040      53
1041      0
1042      75
1043      72
1044      0
1045      98
1046      76
1047      0
1048      0
1049      0
1050      100
1051      0
1052      73
1053      0
1054      0
1055      0
1056      0
1057      83
1058      81
1059      0
1060      94
1061      91
1062      0
1063      0
1064      0
1065      62
1066      0
1067      0
1068      0
1069      0
1070      0
1071      38
1072      95
1073      83
1074      99
1075      0
1076      0
1077      65
1078      90
1079      0
1080      88
1081      0
1082      76
1083      99
1084      0
1085      93
1086      0
1087      89
1088      94
1089      64
1090      0
1091      40
1092      0
1093      100
1094      86
1095      76
1096      0
1097      81
1098      64
1099      73
1100      93
1101      90
1102      54
1103      0
1104      90
1105      80
1106      0
1107      90
1108      0
1109      0
1110      72
1111      0
1112      0
1113      47
1114      43
1115      89
1116      94
1117      0
1118      0
1119      89
1120      91
1121      0
1122      0
1123      0
1124      74
1125      0
1126      76
1127      0
1128      70
1129      99
1130      76
1131      69
1132      64
1133      95
1134      0
1135      76
1136      0
1137      60
1138      79
1139      0
1140      0
1141      64
1142      0
1143      100
1144      0
1145      38
1146      97
1147      79
1148      81
1149      99
1150      62
1151      0
1152      70
1153      60
1154      0
1155      45
1156      98
1157      95
1158      0
1159      47
1160      73
1161      56
1162      0
1163      0
1164      89
1165      86
1166      83
1167      83
1168      49
1169      85
1170      0
1171      0
1172      0
1173      81
1174      0
1175      75
1176      99
1177      0
1178      79
1179      0
1180      83
1181      0
1182      99
1183      44
1184      89
1185      97
1186      99
1187      63
1188      96
1189      66
1190      0
1191      87
1192      68
1193      68
1194      0
1195      0
1196      0
1197      0
1198      51
1199      61
1200      0
1201      34
1202      81
1203      92
1204      72
1205      100
1206      91
1207      82
1208      0
1209      0
1210      97
1211      100
1212      99
1213      100
1214      0
1215      98
1216      70
1217      0
1218      98
1219      0
1220      97
1221      97
1222      63
1223      0
1224      90
1225      99
1226      78
1227      58
1228      0
1229      49
1230      0
1231      0
1232      58
1233      0
1234      84
1235      64
1236      93
1237      64
1238      0
1239      0
1240      82
1241      0
1242      55
1243      0
1244      97
1245      93
1246      76
1247      0
1248      0
1249      0
1250      93
1251      100
1252      100
1253      83
1254      0
1255      83
1256      66
1257      0
1258      99
1259      0
1260      0
1261      87
1262      72
1263      0
1264      70
1265      100
1266      97
1267      0
1268      0
1269      61
1270      94
1271      0
1272      0
1273      74
1274      0
1275      73
1276      97
1277      0
1278      73
1279      0
1280      79
1281      49
1282      64
1283      92
1284      51
1285      0
1286      81
1287      72
1288      72
1289      79
1290      0
1291      84
1292      68
1293      0
1294      100
1295      0
1296      95
1297      0
1298      68
1299      0
1300      0
1301      36
1302      0
1303      91
1304      39
1305      0
1306      100
1307      65
1308      79
1309      55
1310      98
1311      0
1312      95
1313      51
1314      0
1315      0
1316      25
1317      0
1318      78
1319      0
1320      0
1321      0
1322      72
1323      68
1324      73
1325      0
1326      0
1327      44
1328      81
1329      90
1330      52
1331      82
1332      55
1333      50
1334      78
1335      80
1336      57
1337      91
1338      0
1339      0
1340      70
1341      0
1342      77
1343      65
1344      55
1345      43
1346      0
1347      0
1348      0
1349      75
1350      0
1351      54
1352      96
1353      44
1354      0
1355      71
1356      0
1357      0
1358      97
1359      0
1360      73
1361      92
1362      98
1363      73
1364      78
1365      100
1366      48
1367      72
1368      0
1369      0
1370      100
1371      100
1372      92
1373      51
1374      73
1375      0
1376      0
1377      100
1378      68
1379      0
1380      0
1381      0
1382      71
1383      79
1384      0
1385      75
1386      84
1387      69
1388      0
1389      63
1390      0
1391      0
1392      94
1393      64
1394      75
1395      99
1396      78
1397      72
1398      0
1399      80
1400      0
1401      100
1402      67
1403      0
1404      0
1405      56
1406      79
1407      75
1408      99
1409      90
1410      0
1411      90
1412      0
1413      58
1414      60
1415      93
1416      100
1417      100
1418      0
1419      92
1420      0
1421      98
1422      0
1423      89
1424      100
1425      0
1426      89
1427      0
1428      98
1429      77
1430      0
1431      91
1432      0
1433      98
1434      59
1435      0
1436      52
1437      88
1438      0
1439      100
1440      0
1441      0
1442      0
1443      0
1444      71
1445      87
1446      97
1447      0
1448      0
1449      0
1450      93
1451      0
1452      0
1453      99
1454      99
1455      46
1456      79
1457      0
1458      82
1459      94
1460      0
1461      0
1462      0
1463      0
1464      94
1465      100
1466      0
1467      46
1468      68
1469      0
1470      0
1471      0
1472      80
1473      0
1474      98
1475      0
1476      84
1477      74
1478      91
1479      100
1480      0
1481      89
1482      100
1483      49
1484      92
1485      0
1486      0
1487      81
1488      73
1489      0
1490      0
1491      0
1492      69
1493      51
1494      0
1495      56
1496      77
1497      97
1498      85
1499      91
1500      0
1501      96
1502      47
1503      100
1504      0
1505      95
1506      69
1507      93
1508      80
1509      0
1510      76
1511      0
1512      0
1513      70
1514      0
1515      84
1516      46
1517      43
1518      0
1519      0
1520      44
1521      77
1522      64
1523      0
1524      90
1525      86
1526      100
1527      71
1528      92
1529      76
1530      80
1531      58
1532      99
1533      65
1534      0
1535      93
1536      70
1537      81
1538      0
1539      69
1540      0
1541      0
1542      72
1543      0
1544      69
1545      73
1546      0
1547      99
1548      42
1549      87
1550      76
1551      100
1552      90
1553      0
1554      0
1555      48
1556      0
1557      99
1558      0
1559      76
1560      48
1561      0
1562      73
1563      0
1564      92
1565      80
1566      75
1567      86
1568      71
1569      84
1570      0
1571      87
1572      47
1573      44
1574      60
1575      0
1576      71
1577      0
1578      95
1579      92
1580      95
1581      0
1582      67
1583      94
1584      0
1585      0
1586      59
1587      0
1588      0
1589      75
1590      94
1591      83
1592      78
1593      74
1594      64
1595      98
1596      65
1597      55
1598      95
1599      0
1600      0
1601      63
1602      99
1603      100
1604      0
1605      0
1606      75
1607      100
1608      99
1609      69
1610      0
1611      0
1612      92
1613      0
1614      58
1615      53
1616      58
1617      52
1618      0
1619      0
1620      0
1621      54
1622      70
1623      91
1624      0
1625      65
1626      100
1627      96
1628      89
1629      59
1630      86
1631      0
1632      0
1633      61
1634      0
1635      40
1636      60
1637      0
1638      80
1639      89
1640      61
1641      99
1642      0
1643      0
1644      95
1645      92
1646      0
1647      0
1648      51
1649      43
1650      0
1651      61
1652      92
1653      0
1654      96
1655      59
1656      80
1657      92
1658      95
1659      0
1660      0
1661      72
1662      53
1663      94
1664      0
1665      55
1666      55
1667      0
1668      0
1669      42
1670      88
1671      0
1672      0
1673      72
1674      99
1675      0
1676      0
1677      63
1678      0
1679      0
1680      0
1681      97
1682      99
1683      0
1684      0
1685      96
1686      99
1687      93
1688      55
1689      73
1690      0
1691      81
1692      0
1693      0
1694      0
1695      52
1696      90
1697      0
1698      55
1699      67
1700      93
1701      42
1702      0
1703      0
1704      50
1705      92
1706      46
1707      100
1708      0
1709      52
1710      98
1711      0
1712      0
1713      100
1714      0
1715      96
1716      95
1717      55
1718      77
1719      98
1720      53
1721      79
1722      65
1723      57
1724      0
1725      97
1726      58
1727      0
1728      92
1729      75
1730      0
1731      86
1732      53
1733      0
1734      97
1735      0
1736      57
1737      73
1738      0
1739      100
1740      0
1741      0
1742      60
1743      0
1744      0
1745      0
1746      0
1747      0
1748      41
1749      0
1750      55
1751      52
1752      44
1753      0
1754      66
1755      0
1756      81
1757      0
1758      92
1759      0
1760      0
1761      39
1762      66
1763      60
1764      78
1765      0
1766      100
1767      93
1768      0
1769      0
1770      0
1771      65
1772      84
1773      87
1774      0
1775      0
1776      0
1777      0
1778      0
1779      0
1780      85
1781      72
1782      66
1783      70
1784      97
1785      94
1786      69
1787      0
1788      78
1789      96
1790      84
1791      38
1792      68
1793      0
1794      81
1795      51
1796      82
1797      57
1798      85
1799      89
1800      54
1801      64
1802      95
1803      84
1804      0
1805      91
1806      0
1807      92
1808      50
1809      72
1810      0
1811      68
1812      52
1813      54
1814      0
1815      93
1816      71
1817      81
1818      74
1819      100
1820      53
1821      96
1822      52
1823      76
1824      81
1825      0
1826      82
1827      52
1828      90
1829      89
1830      80
1831      59
1832      0
1833      0
1834      0
1835      92
1836      0
1837      53
1838      42
1839      0
1840      61
1841      0
1842      69
1843      41
1844      0
1845      82
1846      44
1847      50
1848      85
1849      94
1850      80
1851      79
1852      0
1853      0
1854      82
1855      0
1856      99
1857      99
1858      0
1859      95
1860      100
1861      75
1862      0
1863      93
1864      53
1865      0
1866      93
1867      0
1868      0
1869      94
1870      94
1871      73
1872      0
1873      97
1874      99
1875      53
1876      0
1877      82
1878      46
1879      97
1880      64
1881      75
1882      0
1883      54
1884      0
1885      0
1886      57
1887      0
1888      87
1889      55
1890      57
1891      87
1892      0
1893      0
1894      0
1895      0
1896      55
1897      83
1898      0
1899      95
1900      95
1901      90
1902      100
1903      0
1904      0
1905      70
1906      84
1907      67
1908      51
1909      99
1910      68
1911      0
1912      0
1913      100
1914      63
1915      92
1916      80
1917      79
1918      0
1919      44
1920      71
1921      99
1922      0
1923      0
1924      0
1925      99
1926      100
1927      71
1928      0
1929      71
1930      87
1931      0
1932      0
1933      0
1934      0
1935      0
1936      0
1937      87
1938      0
1939      0
1940      0
1941      76
1942      0
1943      0
1944      45
1945      0
1946      86
1947      87
1948      100
1949      72
1950      0
1951      87
1952      99
1953      89
1954      0
1955      0
1956      0
1957      83
1958      100
1959      100
1960      46
1961      61
1962      100
1963      97
1964      98
1965      0
1966      100
1967      91
1968      93
1969      62
1970      0
1971      58
1972      77
1973      0
1974      79
1975      0
1976      96
1977      0
1978      78
1979      98
1980      0
1981      0
1982      99
1983      83
1984      0
1985      0
1986      0
1987      46
1988      0
1989      0
1990      76
1991      48
1992      0
1993      81
1994      100
1995      58
1996      53
1997      0
1998      61
1999      0
2000      0
2001      0
2002      87
2003      0
2004      0
2005      0
2006      0
2007      0
2008      66
2009      0
2010      68
2011      0
2012      83
2013      0
2014      0
2015      91
2016      66
2017      87
2018      0
2019      46
2020      49
2021      0
2022      52
2023      0
2024      52
2025      49
2026      0
2027      85
2028      78
2029      0
2030      0
2031      73
2032      0
2033      100
2034      91
2035      0
2036      92
2037      72
2038      0
2039      0
2040      0
2041      0
2042      82
2043      77
2044      0
2045      0
2046      57
2047      0
2048      84
2049      0
2050      99
2051      100
2052      66
2053      96
2054      38
2055      0
2056      0
2057      79
2058      48
2059      0
2060      55
2061      0
2062      0
2063      95
2064      0
2065      100
2066      78
2067      91
2068      0
2069      86
2070      0
2071      81
2072      93
2073      87
2074      0
2075      79
2076      0
2077      0
2078      55
2079      76
2080      40
2081      0
2082      93
2083      0
2084      100
2085      59
2086      74
2087      66
2088      0
2089      92
2090      38
2091      0
2092      70
2093      0
2094      0
2095      40
2096      0
2097      0
2098      0
2099      0
2100      84
2101      0
2102      42
2103      100
2104      93
2105      0
2106      73
2107      81
2108      0
2109      55
2110      60
2111      0
2112      45
2113      93
2114      0
2115      94
2116      59
2117      34
2118      78
2119      83
2120      84
2121      0
2122      0
2123      95
2124      85
2125      50
2126      65
2127      55
2128      72
2129      0
2130      97
2131      87
2132      92
2133      55
2134      91
2135      0
2136      51
2137      0
2138      97
2139      83
2140      90
2141      93
2142      0
2143      86
2144      49
2145      0
2146      59
2147      54
2148      86
2149      92
2150      82
2151      0
2152      83
2153      44
2154      100
2155      81
2156      0
2157      74
2158      0
2159      48
2160      84
2161      89
2162      89
2163      55
2164      46
2165      87
2166      79
2167      91
2168      99
2169      64
2170      85
2171      58
2172      98
2173      0
2174      76
2175      0
2176      99
2177      0
2178      0
2179      0
2180      95
2181      70
2182      0
2183      75
2184      83
2185      64
2186      78
2187      86
2188      95
2189      0
2190      76
2191      0
2192      63
2193      80
2194      76
2195      0
2196      0
2197      0
2198      0
2199      0
2200      0
2201      91
2202      78
2203      40
2204      99
2205      0
2206      83
2207      0
2208      0
2209      97
2210      49
2211      83
2212      100
2213      73
2214      60
2215      0
2216      94
2217      100
2218      0
2219      0
2220      0
2221      0
2222      93
2223      100
2224      59
2225      57
2226      64
2227      42
2228      0
2229      81
2230      0
2231      96
2232      56
2233      62
2234      0
2235      0
2236      97
2237      0
2238      94
2239      0
2240      100
2241      0
2242      0
2243      0
2244      43
2245      95
2246      0
2247      0
2248      60
2249      91
2250      96
2251      69
2252      51
2253      0
2254      0
2255      72
2256      48
2257      99
2258      85
2259      50
2260      72
2261      0
2262      48
2263      97
2264      94
2265      56
2266      61
2267      55
2268      65
2269      88
2270      0
2271      37
2272      100
2273      79
2274      98
2275      0
2276      67
2277      0
2278      0
2279      83
2280      0
2281      71
2282      0
2283      0
2284      98
2285      76
2286      0
2287      100
2288      0
2289      93
2290      50
2291      0
2292      63
2293      95
2294      48
2295      57
2296      0
2297      90
2298      75
2299      67
2300      0
2301      0
2302      0
2303      70
2304      48
2305      0
2306      89
2307      0
2308      0
2309      60
2310      0
2311      97
2312      46
2313      0
2314      94
2315      0
2316      100
2317      0
2318      90
2319      57
2320      67
2321      54
2322      47
2323      88
2324      97
2325      0
2326      0
2327      0
2328      0
2329      65
2330      73
2331      95
2332      0
2333      0
2334      100
2335      83
2336      0
2337      51
2338      0
2339      0
2340      0
2341      0
2342      0
2343      0
2344      0
2345      0
2346      25
2347      0
2348      0
2349      91
2350      99
2351      92
2352      0
2353      0
2354      0
2355      47
2356      0
2357      0
2358      70
2359      0
2360      94
2361      78
2362      100
2363      87
2364      0
2365      91
2366      0
2367      0
2368      73
2369      0
2370      0
2371      77
2372      69
2373      0
2374      80
2375      97
2376      0
2377      0
2378      99
2379      47
2380      99
2381      56
2382      73
2383      0
2384      100
2385      91
2386      74
2387      52
2388      0
2389      70
2390      0
2391      76
2392      73
2393      0
2394      68
2395      93
2396      100
2397      96
2398      0
2399      47
2400      0
2401      48
2402      99
2403      100
2404      0
2405      0
2406      67
2407      90
2408      91
2409      0
2410      81
2411      0
2412      40
2413      75
2414      90
2415      58
2416      0
2417      0
2418      72
2419      78
2420      91
2421      40
2422      81
2423      0
2424      68
2425      0
2426      48
2427      95
2428      0
2429      70
2430      85
2431      77
2432      73
2433      0
2434      0
2435      97
2436      68
2437      92
2438      0
2439      0
2440      0
2441      0
2442      62
2443      0
2444      86
2445      54
2446      0
2447      0
2448      88
2449      0
2450      61
2451      91
2452      93
2453      60
2454      85
2455      0
2456      85
2457      91
2458      94
2459      76
2460      98
2461      92
2462      50
2463      100
2464      79
2465      0
2466      0
2467      86
2468      0
2469      0
2470      0
2471      62
2472      0
2473      0
2474      0
2475      79
2476      0
2477      74
2478      0
2479      87
2480      0
2481      0
2482      0
2483      0
2484      0
2485      63
2486      0
2487      94
2488      0
2489      0
2490      70
2491      0
2492      0
2493      0
2494      56
2495      71
2496      93
2497      64
2498      80
2499      0
       80306.1
