0      50
1      96
2      64
3      54
4      99
5      0
6      0
7      63
8      0
9      90
10      82
11      77
12      72
13      84
14      0
15      99
16      0
17      80
18      50
19      0
20      59
21      0
22      0
23      49
24      43
25      0
26      72
27      50
28      51
29      94
30      49
31      90
32      84
33      50
34      88
35      76
36      0
37      93
38      66
39      55
40      0
41      0
42      73
43      0
44      46
45      0
46      0
47      0
48      68
49      0
50      0
51      70
52      56
53      0
54      98
55      0
56      0
57      96
58      0
59      100
60      0
61      0
62      0
63      48
64      0
65      76
66      73
67      0
68      0
69      82
70      77
71      76
72      93
73      0
74      0
75      80
76      83
77      58
78      78
79      0
80      98
81      44
82      84
83      0
84      100
85      84
86      0
87      80
88      95
89      71
90      0
91      0
92      0
93      53
94      62
95      98
96      95
97      0
98      84
99      61
100      100
101      77
102      0
103      0
104      88
105      0
106      98
107      0
108      91
109      0
110      82
111      100
112      64
113      0
114      100
115      0
116      0
117      0
118      0
119      75
120      82
121      0
122      55
123      0
124      98
125      99
126      100
127      0
128      100
129      99
130      67
131      0
132      0
133      97
134      65
135      0
136      97
137      59
138      0
139      0
140      98
141      98
142      0
143      80
144      97
145      0
146      93
147      0
148      98
149      79
150      0
151      96
152      85
153      60
154      96
155      0
156      97
157      38
158      0
159      98
160      49
161      94
162      0
163      0
164      62
165      75
166      59
167      0
168      0
169      0
170      0
171      72
172      82
173      78
174      76
175      51
176      0
177      73
178      0
179      78
180      0
181      86
182      0
183      89
184      0
185      0
186      84
187      79
188      0
189      70
190      0
191      0
192      0
193      61
194      0
195      0
196      0
197      96
198      0
199      86
200      83
201      80
202      46
203      0
204      0
205      92
206      75
207      68
208      0
209      0
210      0
211      70
212      99
213      78
214      96
215      0
216      81
217      57
218      0
219      77
220      54
221      0
222      0
223      93
224      0
225      80
226      0
227      74
228      66
229      95
230      66
231      0
232      0
233      50
234      86
235      47
236      48
237      73
238      60
239      75
240      88
241      0
242      72
243      94
244      87
245      0
246      56
247      74
248      0
249      74
250      94
251      0
252      79
253      75
254      76
255      0
256      0
257      0
258      0
259      0
260      91
261      65
262      96
263      96
264      0
265      80
266      0
267      39
268      90
269      0
270      55
271      72
272      0
273      0
274      0
275      86
276      0
277      0
278      67
279      98
280      100
281      0
282      0
283      43
284      72
285      90
286      58
287      0
288      77
289      0
290      73
291      78
292      64
293      74
294      87
295      0
296      86
297      100
298      47
299      73
300      98
301      88
302      95
303      73
304      55
305      85
306      88
307      83
308      78
309      54
310      0
311      100
312      94
313      0
314      100
315      87
316      0
317      0
318      85
319      99
320      98
321      0
322      99
323      0
324      0
325      0
326      100
327      98
328      98
329      0
330      60
331      98
332      90
333      57
334      0
335      81
336      86
337      99
338      0
339      100
340      0
341      0
342      0
343      89
344      81
345      0
346      98
347      0
348      82
349      75
350      82
351      0
352      0
353      40
354      0
355      0
356      98
357      0
358      89
359      68
360      0
361      0
362      0
363      76
364      100
365      75
366      85
367      86
368      0
369      49
370      0
371      0
372      58
373      87
374      72
375      48
376      60
377      0
378      49
379      0
380      99
381      0
382      100
383      0
384      81
385      0
386      0
387      0
388      0
389      0
390      77
391      85
392      0
393      62
394      73
395      96
396      66
397      78
398      0
399      0
400      96
401      0
402      0
403      47
404      83
405      94
406      0
407      60
408      65
409      89
410      58
411      55
412      0
413      0
414      47
415      60
416      95
417      0
418      100
419      0
420      0
421      0
422      0
423      100
424      100
425      95
426      62
427      39
428      0
429      98
430      98
431      86
432      68
433      0
434      0
435      0
436      0
437      0
438      75
439      65
440      0
441      59
442      50
443      0
444      0
445      39
446      62
447      72
448      85
449      0
450      0
451      90
452      0
453      0
454      0
455      51
456      0
457      0
458      0
459      70
460      71
461      0
462      0
463      0
464      93
465      95
466      96
467      95
468      0
469      0
470      76
471      0
472      0
473      100
474      60
475      0
476      52
477      0
478      100
479      60
480      0
481      0
482      99
483      66
484      100
485      0
486      0
487      99
488      72
489      0
490      56
491      96
492      76
493      89
494      76
495      0
496      98
497      94
498      48
499      80
500      0
501      0
502      98
503      98
504      0
505      95
506      87
507      0
508      55
509      0
510      0
511      55
512      0
513      84
514      45
515      94
516      72
517      0
518      0
519      98
520      52
521      0
522      0
523      0
524      0
525      0
526      96
527      82
528      76
529      70
530      0
531      0
532      0
533      77
534      0
535      0
536      87
537      0
538      60
539      59
540      0
541      83
542      65
543      98
544      0
545      0
546      0
547      98
548      100
549      98
550      0
551      0
552      85
553      95
554      0
555      59
556      0
557      86
558      0
559      70
560      0
561      91
562      98
563      0
564      100
565      63
566      79
567      0
568      77
569      77
570      0
571      65
572      0
573      100
574      0
575      55
576      93
577      0
578      56
579      85
580      94
581      52
582      0
583      100
584      100
585      98
586      0
587      60
588      96
589      0
590      76
591      0
592      86
593      81
594      0
595      0
596      0
597      0
598      100
599      73
600      0
601      34
602      71
603      0
604      62
605      60
606      0
607      95
608      90
609      0
610      82
611      0
612      74
613      85
614      0
615      0
616      0
617      0
618      97
619      57
620      86
621      68
622      0
623      0
624      74
625      0
626      71
627      76
628      49
629      98
630      0
631      75
632      0
633      97
634      83
635      0
636      59
637      0
638      64
639      0
640      63
641      0
642      40
643      100
644      0
645      100
646      72
647      80
648      47
649      78
650      91
651      100
652      0
653      87
654      90
655      87
656      0
657      0
658      0
659      51
660      0
661      0
662      94
663      50
664      0
665      0
666      62
667      68
668      96
669      0
670      95
671      63
672      0
673      0
674      91
675      0
676      0
677      0
678      0
679      94
680      98
681      94
682      100
683      83
684      97
685      0
686      55
687      94
688      66
689      80
690      91
691      100
692      44
693      0
694      94
695      0
696      0
697      96
698      0
699      52
700      61
701      46
702      74
703      95
704      89
705      0
706      0
707      0
708      0
709      61
710      54
711      91
712      100
713      75
714      0
715      75
716      69
717      72
718      0
719      0
720      0
721      43
722      0
723      0
724      0
725      50
726      0
727      62
728      0
729      0
730      62
731      0
732      0
733      0
734      83
735      79
736      0
737      92
738      0
739      0
740      96
741      87
742      0
743      63
744      59
745      39
746      100
747      51
748      87
749      0
750      0
751      0
752      0
753      94
754      52
755      96
756      44
757      0
758      0
759      89
760      0
761      0
762      47
763      88
764      0
765      90
766      70
767      83
768      44
769      0
770      87
771      75
772      0
773      87
774      96
775      60
776      99
777      65
778      65
779      0
780      87
781      0
782      76
783      89
784      95
785      0
786      0
787      61
788      0
789      95
790      0
791      0
792      77
793      99
794      80
795      91
796      70
797      57
798      67
799      0
800      100
801      0
802      86
803      0
804      0
805      0
806      0
807      0
808      74
809      75
810      87
811      0
812      57
813      99
814      69
815      0
816      61
817      99
818      75
819      0
820      93
821      0
822      83
823      53
824      86
825      90
826      0
827      78
828      0
829      91
830      0
831      0
832      0
833      69
834      91
835      0
836      72
837      40
838      43
839      80
840      81
841      95
842      0
843      0
844      96
845      0
846      62
847      0
848      66
849      0
850      56
851      0
852      95
853      0
854      0
855      0
856      0
857      54
858      0
859      62
860      95
861      96
862      0
863      0
864      0
865      0
866      0
867      0
868      56
869      47
870      100
871      78
872      92
873      99
874      79
875      0
876      77
877      84
878      0
879      100
880      82
881      0
882      77
883      0
884      69
885      87
886      50
887      0
888      67
889      83
890      59
891      75
892      0
893      96
894      69
895      0
896      0
897      73
898      56
899      0
900      0
901      96
902      0
903      48
904      71
905      0
906      0
907      98
908      63
909      0
910      0
911      85
912      0
913      99
914      61
915      76
916      0
917      0
918      79
919      0
920      79
921      0
922      0
923      95
924      90
925      71
926      66
927      0
928      72
929      58
930      56
931      0
932      100
933      0
934      74
935      0
936      81
937      99
938      91
939      59
940      0
941      0
942      64
943      0
944      0
945      88
946      0
947      82
948      0
949      63
950      42
951      75
952      0
953      83
954      0
955      0
956      70
957      0
958      0
959      0
960      0
961      70
962      0
963      0
964      0
965      48
966      48
967      0
968      50
969      0
970      37
971      0
972      82
973      0
974      99
975      83
976      68
977      0
978      0
979      85
980      0
981      0
982      91
983      87
984      94
985      68
986      0
987      100
988      98
989      0
990      90
991      0
992      100
993      0
994      77
995      0
996      0
997      0
998      54
999      0
1000      54
1001      39
1002      87
1003      0
1004      0
1005      0
1006      69
1007      0
1008      96
1009      98
1010      69
1011      99
1012      41
1013      0
1014      93
1015      44
1016      78
1017      46
1018      99
1019      77
1020      0
1021      92
1022      94
1023      57
1024      49
1025      48
1026      90
1027      0
1028      92
1029      89
1030      0
1031      0
1032      0
1033      53
1034      67
1035      59
1036      0
1037      82
1038      98
1039      79
1040      81
1041      76
1042      93
1043      0
1044      52
1045      88
1046      99
1047      0
1048      69
1049      94
1050      0
1051      49
1052      100
1053      0
1054      0
1055      0
1056      0
1057      98
1058      0
1059      63
1060      0
1061      0
1062      81
1063      0
1064      79
1065      76
1066      0
1067      0
1068      0
1069      91
1070      0
1071      96
1072      100
1073      99
1074      0
1075      64
1076      87
1077      47
1078      0
1079      96
1080      0
1081      0
1082      96
1083      65
1084      75
1085      0
1086      0
1087      100
1088      0
1089      62
1090      0
1091      0
1092      60
1093      0
1094      84
1095      75
1096      91
1097      0
1098      100
1099      0
1100      85
1101      90
1102      0
1103      65
1104      0
1105      67
1106      91
1107      91
1108      76
1109      0
1110      83
1111      69
1112      0
1113      95
1114      0
1115      96
1116      0
1117      66
1118      0
1119      76
1120      0
1121      0
1122      0
1123      0
1124      0
1125      0
1126      0
1127      77
1128      79
1129      100
1130      81
1131      94
1132      83
1133      0
1134      0
1135      90
1136      98
1137      52
1138      0
1139      0
1140      70
1141      96
1142      0
1143      63
1144      0
1145      0
1146      67
1147      100
1148      0
1149      58
1150      0
1151      99
1152      75
1153      0
1154      100
1155      92
1156      100
1157      56
1158      97
1159      99
1160      61
1161      94
1162      57
1163      77
1164      0
1165      69
1166      50
1167      53
1168      47
1169      66
1170      66
1171      0
1172      47
1173      93
1174      83
1175      0
1176      52
1177      0
1178      83
1179      74
1180      100
1181      0
1182      0
1183      0
1184      0
1185      49
1186      93
1187      90
1188      100
1189      76
1190      99
1191      56
1192      96
1193      45
1194      98
1195      62
1196      73
1197      85
1198      63
1199      87
1200      0
1201      72
1202      0
1203      100
1204      85
1205      0
1206      0
1207      0
1208      0
1209      0
1210      82
1211      0
1212      100
1213      91
1214      0
1215      50
1216      89
1217      94
1218      92
1219      97
1220      68
1221      0
1222      0
1223      0
1224      0
1225      0
1226      0
1227      60
1228      82
1229      95
1230      81
1231      82
1232      52
1233      0
1234      0
1235      0
1236      75
1237      0
1238      0
1239      0
1240      0
1241      0
1242      69
1243      98
1244      48
1245      0
1246      83
1247      98
1248      86
1249      92
1250      80
1251      0
1252      0
1253      0
1254      84
1255      0
1256      100
1257      97
1258      0
1259      69
1260      83
1261      91
1262      65
1263      73
1264      0
1265      51
1266      0
1267      97
1268      0
1269      0
1270      0
1271      94
1272      77
1273      0
1274      73
1275      0
1276      65
1277      0
1278      0
1279      0
1280      0
1281      0
1282      0
1283      67
1284      96
1285      87
1286      0
1287      44
1288      0
1289      0
1290      68
1291      0
1292      88
1293      81
1294      81
1295      99
1296      0
1297      0
1298      94
1299      99
1300      0
1301      97
1302      0
1303      0
1304      94
1305      0
1306      38
1307      93
1308      85
1309      0
1310      0
1311      0
1312      61
1313      66
1314      71
1315      0
1316      58
1317      0
1318      0
1319      67
1320      83
1321      0
1322      0
1323      87
1324      72
1325      42
1326      0
1327      0
1328      0
1329      92
1330      99
1331      98
1332      0
1333      85
1334      94
1335      0
1336      93
1337      0
1338      60
1339      0
1340      0
1341      96
1342      0
1343      65
1344      0
1345      0
1346      70
1347      90
1348      97
1349      70
1350      91
1351      77
1352      46
1353      0
1354      87
1355      75
1356      35
1357      0
1358      73
1359      0
1360      41
1361      0
1362      0
1363      0
1364      0
1365      0
1366      100
1367      80
1368      0
1369      42
1370      0
1371      57
1372      0
1373      96
1374      0
1375      63
1376      0
1377      78
1378      69
1379      96
1380      65
1381      0
1382      88
1383      99
1384      87
1385      43
1386      0
1387      73
1388      92
1389      0
1390      60
1391      0
1392      50
1393      68
1394      96
1395      0
1396      67
1397      0
1398      78
1399      0
1400      100
1401      0
1402      100
1403      68
1404      88
1405      0
1406      61
1407      0
1408      74
1409      79
1410      0
1411      76
1412      0
1413      0
1414      75
1415      0
1416      0
1417      0
1418      0
1419      100
1420      72
1421      100
1422      0
1423      95
1424      98
1425      95
1426      59
1427      76
1428      0
1429      78
1430      0
1431      58
1432      69
1433      0
1434      87
1435      48
1436      0
1437      78
1438      96
1439      0
1440      97
1441      100
1442      67
1443      0
1444      0
1445      100
1446      50
1447      0
1448      99
1449      100
1450      0
1451      85
1452      0
1453      89
1454      43
1455      0
1456      99
1457      0
1458      0
1459      99
1460      76
1461      0
1462      0
1463      80
1464      0
1465      74
1466      76
1467      0
1468      51
1469      0
1470      36
1471      48
1472      65
1473      94
1474      0
1475      0
1476      50
1477      63
1478      87
1479      84
1480      0
1481      0
1482      72
1483      0
1484      0
1485      0
1486      0
1487      71
1488      0
1489      87
1490      49
1491      0
1492      91
1493      0
1494      51
1495      73
1496      0
1497      99
1498      0
1499      97
1500      85
1501      91
1502      84
1503      0
1504      0
1505      82
1506      90
1507      0
1508      67
1509      36
1510      0
1511      99
1512      53
1513      68
1514      85
1515      83
1516      93
1517      76
1518      0
1519      67
1520      0
1521      0
1522      65
1523      87
1524      0
1525      94
1526      92
1527      66
1528      0
1529      0
1530      0
1531      74
1532      99
1533      100
1534      0
1535      98
1536      99
1537      0
1538      87
1539      0
1540      44
1541      0
1542      67
1543      0
1544      48
1545      0
1546      0
1547      67
1548      86
1549      90
1550      95
1551      88
1552      96
1553      90
1554      45
1555      40
1556      90
1557      0
1558      0
1559      53
1560      100
1561      98
1562      0
1563      70
1564      48
1565      0
1566      99
1567      73
1568      0
1569      53
1570      79
1571      0
1572      0
1573      86
1574      90
1575      60
1576      75
1577      76
1578      44
1579      84
1580      0
1581      53
1582      0
1583      61
1584      80
1585      0
1586      0
1587      97
1588      87
1589      0
1590      75
1591      96
1592      99
1593      99
1594      0
1595      88
1596      0
1597      0
1598      0
1599      0
1600      65
1601      0
1602      65
1603      0
1604      68
1605      51
1606      0
1607      0
1608      89
1609      72
1610      52
1611      61
1612      70
1613      80
1614      0
1615      96
1616      0
1617      58
1618      99
1619      60
1620      68
1621      61
1622      97
1623      90
1624      56
1625      98
1626      89
1627      80
1628      0
1629      75
1630      0
1631      45
1632      78
1633      0
1634      0
1635      0
1636      0
1637      66
1638      86
1639      57
1640      0
1641      0
1642      86
1643      0
1644      56
1645      0
1646      0
1647      100
1648      48
1649      0
1650      0
1651      53
1652      100
1653      86
1654      51
1655      49
1656      96
1657      66
1658      100
1659      0
1660      94
1661      0
1662      0
1663      0
1664      46
1665      0
1666      98
1667      64
1668      100
1669      0
1670      0
1671      84
1672      99
1673      0
1674      87
1675      96
1676      56
1677      0
1678      76
1679      63
1680      100
1681      70
1682      66
1683      0
1684      0
1685      98
1686      0
1687      88
1688      92
1689      0
1690      0
1691      69
1692      84
1693      0
1694      75
1695      100
1696      95
1697      0
1698      0
1699      88
1700      68
1701      86
1702      0
1703      39
1704      50
1705      0
1706      96
1707      0
1708      75
1709      0
1710      98
1711      0
1712      99
1713      90
1714      0
1715      78
1716      0
1717      86
1718      81
1719      67
1720      56
1721      81
1722      0
1723      100
1724      0
1725      70
1726      84
1727      97
1728      0
1729      92
1730      70
1731      98
1732      78
1733      0
1734      0
1735      78
1736      62
1737      91
1738      0
1739      60
1740      98
1741      86
1742      50
1743      84
1744      0
1745      0
1746      0
1747      95
1748      89
1749      0
1750      74
1751      59
1752      79
1753      0
1754      0
1755      56
1756      60
1757      0
1758      67
1759      98
1760      0
1761      0
1762      0
1763      83
1764      74
1765      70
1766      43
1767      82
1768      71
1769      0
1770      0
1771      0
1772      68
1773      0
1774      0
1775      77
1776      0
1777      89
1778      100
1779      95
1780      0
1781      0
1782      99
1783      83
1784      0
1785      98
1786      100
1787      94
1788      0
1789      0
1790      0
1791      0
1792      86
1793      0
1794      80
1795      0
1796      62
1797      91
1798      100
1799      0
1800      86
1801      58
1802      0
1803      0
1804      60
1805      55
1806      85
1807      66
1808      0
1809      0
1810      0
1811      0
1812      0
1813      86
1814      0
1815      0
1816      70
1817      82
1818      100
1819      0
1820      33
1821      75
1822      58
1823      0
1824      0
1825      94
1826      99
1827      70
1828      0
1829      96
1830      0
1831      98
1832      0
1833      0
1834      95
1835      73
1836      100
1837      96
1838      62
1839      0
1840      0
1841      74
1842      64
1843      78
1844      0
1845      0
1846      71
1847      89
1848      57
1849      67
1850      94
1851      79
1852      95
1853      53
1854      0
1855      85
1856      0
1857      100
1858      100
1859      98
1860      0
1861      0
1862      0
1863      0
1864      99
1865      0
1866      0
1867      98
1868      0
1869      77
1870      97
1871      73
1872      0
1873      93
1874      100
1875      0
1876      60
1877      94
1878      0
1879      37
1880      50
1881      73
1882      100
1883      57
1884      99
1885      0
1886      69
1887      74
1888      98
1889      0
1890      70
1891      79
1892      43
1893      0
1894      0
1895      99
1896      40
1897      80
1898      0
1899      0
1900      0
1901      48
1902      99
1903      98
1904      0
1905      76
1906      96
1907      76
1908      58
1909      66
1910      76
1911      0
1912      63
1913      92
1914      0
1915      0
1916      0
1917      0
1918      62
1919      0
1920      92
1921      0
1922      94
1923      99
1924      0
1925      0
1926      91
1927      0
1928      87
1929      93
1930      0
1931      0
1932      0
1933      0
1934      0
1935      0
1936      0
1937      97
1938      80
1939      97
1940      100
1941      0
1942      52
1943      71
1944      99
1945      0
1946      60
1947      93
1948      0
1949      69
1950      0
1951      0
1952      96
1953      56
1954      99
1955      77
1956      97
1957      0
1958      0
1959      42
1960      94
1961      87
1962      76
1963      89
1964      100
1965      0
1966      0
1967      0
1968      0
1969      68
1970      57
1971      0
1972      41
1973      0
1974      96
1975      55
1976      0
1977      67
1978      50
1979      0
1980      0
1981      0
1982      87
1983      64
1984      49
1985      98
1986      83
1987      0
1988      96
1989      55
1990      73
1991      71
1992      100
1993      78
1994      72
1995      83
1996      0
1997      40
1998      100
1999      0
2000      0
2001      47
2002      82
2003      0
2004      0
2005      100
2006      0
2007      0
2008      56
2009      86
2010      0
2011      0
2012      0
2013      83
2014      0
2015      0
2016      99
2017      0
2018      87
2019      63
2020      56
2021      82
2022      0
2023      0
2024      0
2025      45
2026      82
2027      97
2028      0
2029      84
2030      72
2031      0
2032      70
2033      71
2034      0
2035      0
2036      43
2037      0
2038      100
2039      0
2040      0
2041      46
2042      97
2043      0
2044      0
2045      0
2046      91
2047      84
2048      73
2049      82
2050      85
2051      48
2052      0
2053      87
2054      93
2055      0
2056      99
2057      82
2058      0
2059      81
2060      0
2061      0
2062      72
2063      100
2064      100
2065      0
2066      0
2067      91
2068      70
2069      92
2070      57
2071      0
2072      99
2073      0
2074      0
2075      0
2076      0
2077      77
2078      98
2079      61
2080      0
2081      0
2082      60
2083      0
2084      50
2085      57
2086      78
2087      63
2088      0
2089      0
2090      0
2091      71
2092      86
2093      70
2094      80
2095      0
2096      0
2097      100
2098      100
2099      0
2100      0
2101      0
2102      100
2103      85
2104      70
2105      67
2106      89
2107      0
2108      70
2109      100
2110      0
2111      0
2112      93
2113      0
2114      67
2115      82
2116      75
2117      0
2118      100
2119      0
2120      55
2121      0
2122      0
2123      100
2124      63
2125      0
2126      72
2127      0
2128      75
2129      100
2130      69
2131      0
2132      0
2133      0
2134      50
2135      100
2136      0
2137      52
2138      83
2139      0
2140      87
2141      69
2142      0
2143      0
2144      64
2145      98
2146      0
2147      81
2148      47
2149      0
2150      74
2151      63
2152      0
2153      86
2154      49
2155      99
2156      73
2157      0
2158      60
2159      0
2160      85
2161      95
2162      88
2163      43
2164      67
2165      0
2166      0
2167      37
2168      0
2169      79
2170      0
2171      0
2172      43
2173      0
2174      95
2175      53
2176      0
2177      85
2178      74
2179      0
2180      87
2181      0
2182      0
2183      79
2184      46
2185      97
2186      0
2187      95
2188      0
2189      68
2190      99
2191      97
2192      0
2193      99
2194      81
2195      85
2196      43
2197      48
2198      0
2199      62
2200      0
2201      0
2202      0
2203      88
2204      0
2205      0
2206      0
2207      76
2208      0
2209      0
2210      0
2211      68
2212      92
2213      0
2214      0
2215      0
2216      0
2217      97
2218      92
2219      85
2220      86
2221      0
2222      97
2223      65
2224      67
2225      72
2226      53
2227      85
2228      0
2229      0
2230      85
2231      82
2232      0
2233      85
2234      0
2235      0
2236      0
2237      0
2238      91
2239      0
2240      0
2241      77
2242      99
2243      91
2244      100
2245      98
2246      90
2247      94
2248      96
2249      0
2250      0
2251      99
2252      86
2253      73
2254      70
2255      0
2256      0
2257      70
2258      94
2259      95
2260      0
2261      0
2262      70
2263      0
2264      86
2265      69
2266      0
2267      83
2268      0
2269      77
2270      50
2271      0
2272      50
2273      86
2274      78
2275      60
2276      70
2277      97
2278      0
2279      86
2280      51
2281      91
2282      59
2283      83
2284      59
2285      0
2286      98
2287      94
2288      94
2289      62
2290      0
2291      84
2292      74
2293      0
2294      70
2295      0
2296      98
2297      0
2298      0
2299      79
2300      72
2301      90
2302      84
2303      98
2304      0
2305      66
2306      52
2307      0
2308      37
2309      0
2310      49
2311      89
2312      99
2313      0
2314      57
2315      0
2316      100
2317      0
2318      42
2319      0
2320      48
2321      61
2322      100
2323      0
2324      0
2325      67
2326      97
2327      89
2328      0
2329      88
2330      0
2331      0
2332      0
2333      0
2334      76
2335      66
2336      0
2337      80
2338      100
2339      69
2340      0
2341      79
2342      71
2343      65
2344      0
2345      0
2346      98
2347      74
2348      94
2349      0
2350      64
2351      66
2352      100
2353      58
2354      0
2355      0
2356      98
2357      80
2358      0
2359      53
2360      0
2361      91
2362      0
2363      0
2364      98
2365      65
2366      0
2367      0
2368      0
2369      41
2370      0
2371      91
2372      0
2373      100
2374      78
2375      0
2376      0
2377      0
2378      0
2379      100
2380      98
2381      67
2382      0
2383      0
2384      66
2385      40
2386      81
2387      0
2388      71
2389      89
2390      88
2391      76
2392      0
2393      0
2394      0
2395      66
2396      100
2397      0
2398      100
2399      53
2400      77
2401      48
2402      0
2403      86
2404      0
2405      0
2406      74
2407      61
2408      100
2409      39
2410      0
2411      0
2412      89
2413      64
2414      100
2415      0
2416      0
2417      0
2418      0
2419      81
2420      86
2421      0
2422      44
2423      97
2424      0
2425      0
2426      94
2427      96
2428      0
2429      0
2430      0
2431      89
2432      98
2433      67
2434      0
2435      0
2436      60
2437      51
2438      0
2439      0
2440      91
2441      0
2442      0
2443      81
2444      67
2445      91
2446      96
2447      55
2448      0
2449      85
2450      68
2451      0
2452      67
2453      0
2454      0
2455      67
2456      0
2457      0
2458      45
2459      50
2460      82
2461      80
2462      72
2463      0
2464      82
2465      0
2466      0
2467      0
2468      0
2469      100
2470      98
2471      57
2472      48
2473      0
2474      95
2475      0
2476      0
2477      89
2478      0
2479      0
2480      89
2481      0
2482      81
2483      0
2484      0
2485      39
2486      0
2487      97
2488      0
2489      0
2490      99
2491      0
2492      87
2493      70
2494      0
2495      84
2496      71
2497      86
2498      78
2499      0
       79895.3
