0      84
1      0
2      100
3      100
4      0
5      47
6      0
7      0
8      82
9      96
10      0
11      0
12      0
13      0
14      73
15      85
16      100
17      0
18      0
19      100
20      81
21      86
22      100
23      0
24      100
25      88
26      100
27      0
28      89
29      78
30      94
31      0
32      0
33      88
34      53
35      97
36      69
37      100
38      100
39      55
40      0
41      0
42      100
43      0
44      83
45      100
46      100
47      0
48      0
49      0
       1647.66
