0      100
1      52
2      100
3      0
4      0
5      100
6      0
7      100
8      0
9      77
10      0
11      78
12      55
13      100
14      0
15      100
16      100
17      71
18      86
19      86
20      58
21      0
22      68
23      58
24      50
25      88
26      100
27      100
28      99
29      0
30      0
31      53
32      100
33      0
34      100
35      0
36      0
37      99
38      0
39      55
40      0
41      100
42      99
43      63
44      79
45      70
46      100
47      84
48      100
49      0
50      55
51      98
52      100
53      79
54      0
55      0
56      100
57      100
58      0
59      22
60      0
61      78
62      83
63      100
64      100
65      50
66      42
67      100
68      66
69      0
70      50
71      100
72      0
73      87
74      72
75      96
76      0
77      0
78      100
79      0
80      0
81      0
82      0
83      92
84      100
85      66
86      100
87      0
88      100
89      0
90      0
91      100
92      100
93      0
94      100
95      0
96      68
97      0
98      65
99      100
       3143.62
