0      85
1      90
2      0
3      0
4      81
5      93
6      97
7      0
8      0
9      99
10      0
11      64
12      77
13      76
14      0
15      83
16      0
17      83
18      94
19      0
20      91
21      0
22      97
23      99
24      87
25      98
26      72
27      94
28      0
29      92
30      97
31      99
32      89
33      62
34      89
35      85
36      66
37      73
38      92
39      98
40      0
41      0
42      0
43      99
44      99
45      98
46      92
47      0
48      0
49      0
50      0
51      0
52      100
53      59
54      86
55      93
56      75
57      99
58      83
59      86
60      99
61      0
62      0
63      49
64      72
65      0
66      0
67      0
68      0
69      88
70      86
71      82
72      96
73      0
74      96
75      88
76      51
77      97
78      0
79      94
80      92
81      91
82      0
83      99
84      75
85      94
86      60
87      98
88      0
89      88
90      90
91      66
92      0
93      0
94      88
95      88
96      0
97      93
98      92
99      48
100      0
101      92
102      99
103      40
104      97
105      0
106      52
107      0
108      0
109      96
110      96
111      0
112      0
113      54
114      0
115      86
116      96
117      91
118      62
119      94
120      91
121      0
122      99
123      0
124      72
125      0
126      0
127      99
128      77
129      100
130      0
131      96
132      99
133      69
134      69
135      0
136      70
137      70
138      45
139      0
140      95
141      100
142      0
143      0
144      0
145      94
146      97
147      92
148      0
149      100
150      95
151      66
152      0
153      0
154      0
155      98
156      98
157      75
158      81
159      87
160      0
161      0
162      73
163      94
164      95
165      0
166      0
167      83
168      83
169      0
170      80
171      100
172      64
173      94
174      0
175      94
176      0
177      87
178      0
179      0
180      100
181      0
182      0
183      98
184      0
185      90
186      100
187      97
188      0
189      31
190      0
191      100
192      92
193      97
194      85
195      79
196      93
197      0
198      0
199      0
200      89
201      0
202      98
203      91
204      82
205      55
206      56
207      0
208      80
209      0
210      0
211      94
212      85
213      98
214      92
215      96
216      99
217      66
218      0
219      44
220      100
221      0
222      97
223      0
224      48
225      100
226      90
227      0
228      58
229      85
230      87
231      97
232      0
233      58
234      0
235      0
236      95
237      100
238      0
239      92
240      0
241      0
242      66
243      69
244      94
245      82
246      100
247      0
248      100
249      71
250      0
251      96
252      93
253      64
254      81
255      50
256      0
257      0
258      52
259      95
260      0
261      98
262      0
263      0
264      89
265      89
266      95
267      97
268      0
269      99
270      0
271      0
272      88
273      63
274      83
275      94
276      89
277      71
278      0
279      93
280      0
281      68
282      55
283      0
284      0
285      84
286      94
287      92
288      0
289      68
290      97
291      96
292      70
293      0
294      0
295      67
296      98
297      0
298      47
299      0
300      0
301      54
302      88
303      95
304      92
305      0
306      44
307      0
308      49
309      28
310      0
311      99
312      76
313      99
314      97
315      82
316      99
317      0
318      98
319      90
320      0
321      51
322      95
323      0
324      0
325      74
326      100
327      0
328      58
329      0
330      0
331      65
332      87
333      86
334      0
335      0
336      98
337      98
338      61
339      54
340      93
341      75
342      0
343      0
344      0
345      92
346      0
347      0
348      99
349      96
350      0
351      56
352      95
353      98
354      78
355      0
356      99
357      0
358      99
359      0
360      77
361      85
362      87
363      95
364      99
365      0
366      44
367      84
368      96
369      100
370      92
371      60
372      83
373      96
374      48
375      91
376      0
377      0
378      96
379      99
380      99
381      94
382      0
383      0
384      95
385      0
386      76
387      76
388      0
389      94
390      100
391      99
392      0
393      96
394      100
395      0
396      0
397      100
398      76
399      98
400      0
401      0
402      90
403      0
404      58
405      73
406      99
407      90
408      84
409      74
410      0
411      50
412      79
413      93
414      93
415      83
416      93
417      0
418      0
419      99
420      77
421      99
422      92
423      87
424      61
425      0
426      81
427      73
428      0
429      0
430      95
431      84
432      71
433      75
434      0
435      92
436      99
437      96
438      0
439      0
440      96
441      99
442      86
443      0
444      0
445      70
446      100
447      96
448      100
449      0
450      100
451      97
452      87
453      0
454      0
455      97
456      89
457      0
458      65
459      91
460      74
461      93
462      94
463      74
464      92
465      83
466      0
467      85
468      75
469      92
470      92
471      0
472      49
473      0
474      87
475      0
476      98
477      0
478      85
479      0
480      0
481      97
482      0
483      0
484      99
485      0
486      100
487      0
488      88
489      100
490      88
491      0
492      81
493      0
494      99
495      0
496      0
497      0
498      82
499      69
500      82
501      70
502      0
503      0
504      95
505      0
506      0
507      71
508      95
509      99
510      0
511      92
512      62
513      96
514      0
515      0
516      89
517      87
518      89
519      73
520      94
521      0
522      60
523      0
524      0
525      0
526      0
527      87
528      0
529      0
530      0
531      84
532      95
533      86
534      97
535      100
536      0
537      81
538      69
539      80
540      74
541      90
542      0
543      87
544      88
545      94
546      89
547      0
548      84
549      98
550      93
551      91
552      91
553      84
554      0
555      0
556      100
557      0
558      74
559      0
560      0
561      0
562      0
563      68
564      0
565      84
566      0
567      0
568      52
569      99
570      95
571      0
572      0
573      93
574      0
575      94
576      0
577      0
578      97
579      98
580      42
581      98
582      95
583      78
584      0
585      68
586      0
587      100
588      0
589      0
590      0
591      0
592      85
593      94
594      99
595      75
596      0
597      85
598      87
599      85
600      94
601      0
602      96
603      75
604      100
605      0
606      87
607      82
608      91
609      95
610      79
611      94
612      0
613      97
614      89
615      78
616      0
617      85
618      72
619      0
620      95
621      0
622      0
623      43
624      47
625      0
626      92
627      84
628      0
629      59
630      50
631      65
632      52
633      97
634      91
635      95
636      0
637      77
638      0
639      87
640      83
641      0
642      0
643      0
644      0
645      95
646      0
647      0
648      66
649      0
650      95
651      91
652      0
653      80
654      0
655      0
656      96
657      87
658      65
659      0
660      73
661      98
662      98
663      0
664      87
665      0
666      99
667      100
668      54
669      0
670      0
671      96
672      66
673      0
674      0
675      57
676      63
677      98
678      0
679      65
680      0
681      66
682      0
683      91
684      62
685      0
686      80
687      0
688      76
689      0
690      97
691      0
692      93
693      95
694      0
695      97
696      90
697      0
698      0
699      87
700      61
701      0
702      0
703      96
704      98
705      0
706      0
707      95
708      98
709      96
710      70
711      0
712      90
713      0
714      99
715      0
716      0
717      0
718      96
719      78
720      0
721      97
722      93
723      0
724      72
725      99
726      85
727      75
728      0
729      98
730      58
731      95
732      80
733      0
734      83
735      86
736      0
737      0
738      0
739      81
740      0
741      98
742      95
743      95
744      95
745      89
746      94
747      99
748      0
749      0
750      100
751      86
752      0
753      66
754      92
755      0
756      69
757      92
758      68
759      0
760      0
761      87
762      0
763      98
764      0
765      93
766      0
767      83
768      0
769      92
770      58
771      0
772      0
773      0
774      54
775      84
776      0
777      98
778      0
779      0
780      59
781      0
782      93
783      84
784      0
785      0
786      0
787      98
788      80
789      0
790      85
791      72
792      0
793      100
794      99
795      0
796      98
797      98
798      0
799      100
800      68
801      92
802      0
803      98
804      99
805      94
806      91
807      62
808      89
809      91
810      0
811      0
812      91
813      98
814      0
815      0
816      65
817      89
818      93
819      73
820      0
821      0
822      72
823      0
824      0
825      99
826      89
827      0
828      0
829      0
830      0
831      86
832      75
833      100
834      71
835      0
836      97
837      60
838      0
839      62
840      0
841      0
842      89
843      92
844      0
845      96
846      96
847      0
848      0
849      95
850      0
851      0
852      67
853      73
854      0
855      0
856      98
857      98
858      99
859      93
860      0
861      0
862      0
863      0
864      93
865      93
866      100
867      0
868      0
869      93
870      0
871      0
872      91
873      0
874      73
875      81
876      0
877      90
878      90
879      100
880      0
881      0
882      98
883      0
884      93
885      0
886      0
887      65
888      96
889      94
890      0
891      0
892      0
893      94
894      40
895      85
896      61
897      76
898      0
899      100
900      0
901      94
902      0
903      92
904      0
905      43
906      99
907      0
908      0
909      91
910      89
911      97
912      99
913      78
914      0
915      0
916      99
917      65
918      0
919      0
920      98
921      98
922      0
923      96
924      0
925      96
926      99
927      73
928      76
929      64
930      0
931      83
932      91
933      90
934      0
935      95
936      91
937      100
938      75
939      99
940      0
941      59
942      99
943      80
944      96
945      68
946      0
947      60
948      94
949      87
950      62
951      96
952      0
953      100
954      92
955      96
956      73
957      0
958      98
959      95
960      62
961      71
962      92
963      63
964      0
965      98
966      0
967      99
968      72
969      89
970      0
971      100
972      96
973      78
974      0
975      75
976      97
977      94
978      0
979      59
980      84
981      0
982      72
983      0
984      0
985      90
986      78
987      67
988      96
989      73
990      82
991      0
992      97
993      100
994      0
995      91
996      96
997      90
998      76
999      96
1000      86
1001      47
1002      0
1003      50
1004      0
1005      0
1006      75
1007      0
1008      51
1009      86
1010      92
1011      0
1012      100
1013      99
1014      0
1015      59
1016      88
1017      82
1018      91
1019      0
1020      85
1021      97
1022      96
1023      0
1024      95
1025      82
1026      57
1027      67
1028      91
1029      95
1030      37
1031      90
1032      0
1033      100
1034      96
1035      88
1036      80
1037      0
1038      75
1039      72
1040      87
1041      0
1042      91
1043      100
1044      0
1045      77
1046      0
1047      0
1048      94
1049      0
1050      0
1051      0
1052      84
1053      87
1054      92
1055      54
1056      99
1057      0
1058      58
1059      0
1060      0
1061      0
1062      61
1063      47
1064      93
1065      73
1066      0
1067      54
1068      34
1069      97
1070      87
1071      88
1072      0
1073      95
1074      0
1075      91
1076      100
1077      0
1078      0
1079      68
1080      0
1081      0
1082      0
1083      0
1084      91
1085      0
1086      0
1087      86
1088      0
1089      79
1090      81
1091      79
1092      59
1093      73
1094      95
1095      99
1096      0
1097      0
1098      70
1099      81
1100      100
1101      92
1102      93
1103      0
1104      92
1105      100
1106      0
1107      0
1108      87
1109      0
1110      0
1111      0
1112      0
1113      95
1114      0
1115      100
1116      90
1117      0
1118      0
1119      0
1120      44
1121      0
1122      89
1123      0
1124      92
1125      0
1126      71
1127      94
1128      0
1129      91
1130      45
1131      81
1132      100
1133      0
1134      0
1135      0
1136      67
1137      0
1138      98
1139      100
1140      0
1141      78
1142      98
1143      73
1144      94
1145      0
1146      95
1147      72
1148      0
1149      0
1150      79
1151      96
1152      0
1153      96
1154      0
1155      0
1156      91
1157      100
1158      71
1159      0
1160      0
1161      0
1162      98
1163      94
1164      86
1165      72
1166      0
1167      0
1168      0
1169      0
1170      73
1171      77
1172      93
1173      91
1174      97
1175      61
1176      82
1177      75
1178      0
1179      80
1180      83
1181      0
1182      83
1183      96
1184      97
1185      0
1186      98
1187      92
1188      63
1189      0
1190      84
1191      82
1192      0
1193      100
1194      0
1195      94
1196      100
1197      0
1198      76
1199      91
1200      89
1201      72
1202      100
1203      0
1204      96
1205      100
1206      0
1207      74
1208      0
1209      0
1210      92
1211      0
1212      78
1213      80
1214      98
1215      0
1216      80
1217      82
1218      99
1219      71
1220      87
1221      0
1222      68
1223      85
1224      0
1225      84
1226      100
1227      73
1228      96
1229      0
1230      0
1231      0
1232      0
1233      95
1234      94
1235      100
1236      95
1237      98
1238      81
1239      0
1240      56
1241      0
1242      96
1243      0
1244      84
1245      0
1246      0
1247      99
1248      98
1249      0
1250      93
1251      93
1252      92
1253      94
1254      92
1255      94
1256      97
1257      100
1258      93
1259      0
1260      0
1261      0
1262      76
1263      97
1264      89
1265      92
1266      0
1267      88
1268      0
1269      54
1270      94
1271      83
1272      0
1273      61
1274      100
1275      97
1276      98
1277      87
1278      92
1279      96
1280      93
1281      0
1282      0
1283      0
1284      92
1285      80
1286      0
1287      100
1288      58
1289      0
1290      85
1291      80
1292      0
1293      0
1294      51
1295      70
1296      0
1297      100
1298      97
1299      87
1300      97
1301      98
1302      0
1303      0
1304      71
1305      94
1306      0
1307      99
1308      0
1309      0
1310      96
1311      97
1312      0
1313      82
1314      0
1315      93
1316      0
1317      0
1318      0
1319      76
1320      91
1321      91
1322      96
1323      0
1324      87
1325      0
1326      75
1327      96
1328      99
1329      87
1330      66
1331      0
1332      0
1333      0
1334      87
1335      84
1336      0
1337      81
1338      91
1339      46
1340      79
1341      0
1342      0
1343      92
1344      0
1345      96
1346      49
1347      90
1348      0
1349      94
1350      0
1351      55
1352      70
1353      78
1354      61
1355      0
1356      0
1357      0
1358      0
1359      77
1360      98
1361      97
1362      81
1363      0
1364      0
1365      98
1366      87
1367      72
1368      94
1369      0
1370      98
1371      86
1372      98
1373      80
1374      87
1375      85
1376      91
1377      80
1378      0
1379      97
1380      0
1381      100
1382      0
1383      99
1384      76
1385      98
1386      92
1387      0
1388      0
1389      0
1390      91
1391      0
1392      76
1393      26
1394      52
1395      97
1396      0
1397      75
1398      0
1399      66
1400      76
1401      0
1402      89
1403      32
1404      0
1405      89
1406      0
1407      91
1408      92
1409      85
1410      67
1411      95
1412      62
1413      74
1414      98
1415      0
1416      87
1417      0
1418      0
1419      95
1420      100
1421      0
1422      94
1423      0
1424      96
1425      90
1426      76
1427      43
1428      0
1429      95
1430      61
1431      47
1432      80
1433      0
1434      98
1435      86
1436      67
1437      96
1438      0
1439      71
1440      98
1441      0
1442      79
1443      92
1444      78
1445      0
1446      0
1447      100
1448      85
1449      99
1450      99
1451      0
1452      90
1453      0
1454      0
1455      98
1456      93
1457      96
1458      0
1459      0
1460      97
1461      100
1462      96
1463      74
1464      53
1465      71
1466      100
1467      93
1468      88
1469      0
1470      0
1471      0
1472      0
1473      0
1474      92
1475      95
1476      0
1477      72
1478      95
1479      0
1480      0
1481      0
1482      0
1483      52
1484      94
1485      100
1486      98
1487      75
1488      76
1489      99
1490      0
1491      0
1492      0
1493      72
1494      0
1495      99
1496      0
1497      0
1498      0
1499      80
1500      90
1501      96
1502      98
1503      76
1504      56
1505      0
1506      98
1507      0
1508      78
1509      0
1510      95
1511      82
1512      97
1513      0
1514      72
1515      96
1516      0
1517      95
1518      53
1519      0
1520      76
1521      58
1522      93
1523      0
1524      94
1525      0
1526      62
1527      90
1528      0
1529      74
1530      38
1531      0
1532      0
1533      93
1534      0
1535      0
1536      79
1537      0
1538      0
1539      61
1540      0
1541      63
1542      95
1543      0
1544      64
1545      0
1546      77
1547      73
1548      0
1549      63
1550      95
1551      89
1552      0
1553      91
1554      0
1555      98
1556      0
1557      0
1558      44
1559      0
1560      0
1561      65
1562      92
1563      52
1564      0
1565      91
1566      0
1567      66
1568      100
1569      0
1570      0
1571      0
1572      99
1573      78
1574      0
1575      98
1576      91
1577      0
1578      92
1579      0
1580      0
1581      99
1582      68
1583      87
1584      0
1585      93
1586      0
1587      0
1588      87
1589      76
1590      81
1591      81
1592      0
1593      57
1594      85
1595      0
1596      0
1597      89
1598      96
1599      91
1600      88
1601      0
1602      0
1603      0
1604      57
1605      99
1606      92
1607      82
1608      100
1609      91
1610      46
1611      0
1612      75
1613      54
1614      97
1615      88
1616      82
1617      97
1618      96
1619      87
1620      89
1621      79
1622      90
1623      99
1624      65
1625      0
1626      97
1627      94
1628      79
1629      95
1630      0
1631      0
1632      0
1633      73
1634      96
1635      89
1636      0
1637      0
1638      92
1639      0
1640      58
1641      79
1642      99
1643      88
1644      96
1645      0
1646      98
1647      0
1648      0
1649      68
1650      97
1651      92
1652      0
1653      100
1654      92
1655      0
1656      0
1657      0
1658      0
1659      83
1660      0
1661      0
1662      54
1663      49
1664      76
1665      0
1666      0
1667      0
1668      79
1669      92
1670      97
1671      31
1672      94
1673      99
1674      0
1675      90
1676      0
1677      91
1678      92
1679      78
1680      27
1681      0
1682      99
1683      96
1684      74
1685      0
1686      0
1687      98
1688      0
1689      0
1690      0
1691      0
1692      96
1693      0
1694      48
1695      93
1696      85
1697      96
1698      91
1699      0
1700      0
1701      0
1702      0
1703      75
1704      0
1705      99
1706      81
1707      0
1708      63
1709      75
1710      80
1711      75
1712      0
1713      99
1714      0
1715      84
1716      99
1717      93
1718      0
1719      0
1720      93
1721      95
1722      91
1723      0
1724      99
1725      91
1726      43
1727      93
1728      87
1729      56
1730      0
1731      0
1732      99
1733      0
1734      78
1735      94
1736      0
1737      0
1738      92
1739      35
1740      76
1741      0
1742      0
1743      0
1744      0
1745      63
1746      90
1747      85
1748      92
1749      0
1750      0
1751      93
1752      84
1753      0
1754      92
1755      96
1756      0
1757      81
1758      90
1759      81
1760      50
1761      99
1762      100
1763      0
1764      0
1765      92
1766      83
1767      95
1768      0
1769      0
1770      92
1771      67
1772      0
1773      74
1774      68
1775      0
1776      93
1777      100
1778      0
1779      83
1780      0
1781      87
1782      0
1783      98
1784      0
1785      0
1786      95
1787      86
1788      87
1789      0
1790      80
1791      0
1792      95
1793      88
1794      0
1795      74
1796      0
1797      68
1798      90
1799      0
1800      74
1801      98
1802      74
1803      96
1804      69
1805      93
1806      66
1807      0
1808      100
1809      95
1810      82
1811      88
1812      89
1813      99
1814      75
1815      95
1816      100
1817      100
1818      0
1819      89
1820      93
1821      91
1822      62
1823      42
1824      0
1825      0
1826      79
1827      0
1828      0
1829      70
1830      96
1831      92
1832      72
1833      0
1834      34
1835      99
1836      86
1837      94
1838      0
1839      0
1840      0
1841      0
1842      82
1843      0
1844      0
1845      92
1846      77
1847      84
1848      75
1849      0
1850      59
1851      0
1852      93
1853      0
1854      0
1855      92
1856      77
1857      64
1858      80
1859      0
1860      95
1861      98
1862      88
1863      99
1864      0
1865      83
1866      0
1867      0
1868      84
1869      94
1870      84
1871      97
1872      94
1873      92
1874      0
1875      99
1876      76
1877      0
1878      0
1879      100
1880      96
1881      71
1882      91
1883      91
1884      64
1885      100
1886      86
1887      0
1888      94
1889      59
1890      73
1891      100
1892      0
1893      80
1894      91
1895      82
1896      42
1897      0
1898      0
1899      93
1900      0
1901      60
1902      0
1903      0
1904      62
1905      100
1906      93
1907      0
1908      0
1909      91
1910      0
1911      0
1912      0
1913      57
1914      0
1915      98
1916      82
1917      0
1918      89
1919      90
1920      99
1921      60
1922      90
1923      88
1924      0
1925      88
1926      0
1927      0
1928      81
1929      96
1930      0
1931      61
1932      0
1933      56
1934      79
1935      81
1936      100
1937      37
1938      98
1939      0
1940      100
1941      100
1942      0
1943      95
1944      88
1945      96
1946      93
1947      65
1948      94
1949      0
1950      89
1951      0
1952      76
1953      79
1954      0
1955      99
1956      85
1957      0
1958      0
1959      93
1960      83
1961      94
1962      0
1963      64
1964      0
1965      39
1966      86
1967      0
1968      0
1969      84
1970      86
1971      0
1972      0
1973      0
1974      84
1975      99
1976      55
1977      0
1978      0
1979      97
1980      83
1981      93
1982      100
1983      94
1984      87
1985      78
1986      0
1987      100
1988      94
1989      61
1990      87
1991      98
1992      0
1993      0
1994      65
1995      0
1996      100
1997      97
1998      67
1999      91
2000      0
2001      0
2002      0
2003      0
2004      0
2005      77
2006      46
2007      0
2008      99
2009      0
2010      86
2011      0
2012      0
2013      87
2014      98
2015      0
2016      58
2017      0
2018      0
2019      0
2020      98
2021      91
2022      0
2023      0
2024      0
2025      99
2026      86
2027      96
2028      97
2029      96
2030      97
2031      0
2032      64
2033      75
2034      0
2035      80
2036      91
2037      93
2038      83
2039      82
2040      92
2041      0
2042      91
2043      0
2044      68
2045      51
2046      95
2047      97
2048      47
2049      91
2050      0
2051      0
2052      99
2053      72
2054      0
2055      68
2056      85
2057      0
2058      99
2059      86
2060      54
2061      96
2062      87
2063      0
2064      70
2065      96
2066      0
2067      56
2068      83
2069      52
2070      100
2071      0
2072      90
2073      91
2074      0
2075      94
2076      98
2077      92
2078      0
2079      0
2080      85
2081      63
2082      0
2083      93
2084      95
2085      0
2086      0
2087      0
2088      56
2089      83
2090      0
2091      0
2092      86
2093      61
2094      57
2095      76
2096      96
2097      100
2098      99
2099      76
2100      92
2101      0
2102      0
2103      0
2104      0
2105      98
2106      98
2107      67
2108      99
2109      27
2110      89
2111      100
2112      100
2113      85
2114      72
2115      84
2116      0
2117      0
2118      0
2119      74
2120      0
2121      0
2122      59
2123      100
2124      66
2125      71
2126      0
2127      0
2128      0
2129      0
2130      70
2131      74
2132      0
2133      0
2134      70
2135      57
2136      66
2137      94
2138      93
2139      87
2140      97
2141      84
2142      95
2143      94
2144      0
2145      98
2146      70
2147      0
2148      100
2149      0
2150      71
2151      0
2152      73
2153      98
2154      80
2155      0
2156      95
2157      100
2158      79
2159      0
2160      72
2161      68
2162      90
2163      0
2164      65
2165      75
2166      0
2167      77
2168      94
2169      0
2170      0
2171      0
2172      0
2173      0
2174      99
2175      0
2176      0
2177      77
2178      73
2179      0
2180      0
2181      0
2182      67
2183      0
2184      54
2185      79
2186      71
2187      0
2188      0
2189      52
2190      89
2191      97
2192      0
2193      0
2194      94
2195      99
2196      0
2197      71
2198      96
2199      93
2200      71
2201      0
2202      0
2203      71
2204      0
2205      45
2206      0
2207      74
2208      55
2209      0
2210      100
2211      74
2212      0
2213      87
2214      0
2215      95
2216      85
2217      0
2218      96
2219      0
2220      0
2221      100
2222      69
2223      0
2224      83
2225      69
2226      89
2227      96
2228      57
2229      83
2230      93
2231      88
2232      75
2233      0
2234      97
2235      95
2236      0
2237      39
2238      0
2239      91
2240      0
2241      0
2242      92
2243      58
2244      75
2245      0
2246      96
2247      79
2248      0
2249      98
2250      52
2251      75
2252      0
2253      89
2254      0
2255      80
2256      99
2257      0
2258      95
2259      0
2260      0
2261      89
2262      96
2263      0
2264      58
2265      0
2266      0
2267      62
2268      92
2269      58
2270      62
2271      96
2272      91
2273      92
2274      88
2275      68
2276      87
2277      70
2278      0
2279      54
2280      98
2281      0
2282      0
2283      86
2284      0
2285      0
2286      0
2287      86
2288      0
2289      68
2290      0
2291      0
2292      65
2293      93
2294      74
2295      0
2296      0
2297      84
2298      0
2299      74
2300      74
2301      0
2302      83
2303      97
2304      0
2305      0
2306      96
2307      87
2308      0
2309      0
2310      0
2311      0
2312      100
2313      0
2314      99
2315      77
2316      0
2317      93
2318      98
2319      74
2320      98
2321      87
2322      0
2323      94
2324      0
2325      96
2326      96
2327      0
2328      100
2329      71
2330      70
2331      97
2332      0
2333      93
2334      96
2335      0
2336      0
2337      64
2338      70
2339      67
2340      93
2341      51
2342      65
2343      97
2344      70
2345      53
2346      85
2347      0
2348      0
2349      64
2350      97
2351      89
2352      97
2353      99
2354      99
2355      0
2356      0
2357      99
2358      0
2359      68
2360      54
2361      99
2362      71
2363      95
2364      75
2365      0
2366      98
2367      57
2368      0
2369      95
2370      71
2371      83
2372      0
2373      98
2374      93
2375      98
2376      99
2377      98
2378      99
2379      68
2380      0
2381      58
2382      87
2383      69
2384      66
2385      90
2386      0
2387      51
2388      100
2389      0
2390      0
2391      0
2392      41
2393      63
2394      0
2395      0
2396      89
2397      0
2398      0
2399      97
2400      76
2401      98
2402      96
2403      88
2404      0
2405      0
2406      92
2407      75
2408      0
2409      94
2410      0
2411      97
2412      91
2413      0
2414      0
2415      82
2416      96
2417      84
2418      94
2419      83
2420      91
2421      0
2422      0
2423      67
2424      0
2425      0
2426      99
2427      0
2428      0
2429      68
2430      92
2431      0
2432      79
2433      85
2434      74
2435      79
2436      65
2437      93
2438      0
2439      82
2440      0
2441      0
2442      0
2443      98
2444      97
2445      0
2446      65
2447      94
2448      84
2449      97
2450      91
2451      89
2452      0
2453      67
2454      88
2455      96
2456      0
2457      0
2458      42
2459      92
2460      98
2461      79
2462      78
2463      81
2464      76
2465      94
2466      81
2467      0
2468      97
2469      73
2470      84
2471      87
2472      0
2473      0
2474      78
2475      96
2476      72
2477      62
2478      0
2479      95
2480      83
2481      95
2482      73
2483      0
2484      80
2485      0
2486      84
2487      92
2488      96
2489      98
2490      0
2491      0
2492      0
2493      87
2494      86
2495      69
2496      66
2497      0
2498      0
2499      91
       82962.3
