0      89
1      100
2      64
3      100
4      0
5      0
6      100
7      100
8      65
9      96
10      95
11      0
12      93
13      83
14      0
15      0
16      0
17      0
18      0
19      66
20      0
21      89
22      0
23      44
24      0
25      97
26      73
27      86
28      89
29      69
30      98
31      61
32      100
33      99
34      68
35      57
36      0
37      0
38      68
39      100
40      100
41      98
42      100
43      87
44      50
45      100
46      0
47      80
48      100
49      99
50      100
51      100
52      55
53      95
54      0
55      44
56      100
57      96
58      0
59      94
60      90
61      80
62      100
63      0
64      97
65      86
66      0
67      0
68      100
69      0
70      97
71      53
72      95
73      100
74      99
75      0
76      69
77      69
78      0
79      0
80      0
81      64
82      0
83      0
84      87
85      0
86      100
87      0
88      0
89      0
90      97
91      0
92      100
93      0
94      99
95      60
96      100
97      0
98      0
99      75
100      0
101      0
102      100
103      100
104      99
105      0
106      0
107      84
108      74
109      0
110      94
111      0
112      80
113      0
114      0
115      75
116      71
117      0
118      99
119      100
120      99
121      100
122      99
123      0
124      56
125      70
126      0
127      100
128      100
129      0
130      99
131      98
132      0
133      61
134      59
135      51
136      98
137      97
138      76
139      97
140      0
141      99
142      63
143      72
144      0
145      100
146      0
147      0
148      66
149      53
150      0
151      0
152      66
153      70
154      91
155      73
156      0
157      78
158      0
159      0
160      100
161      100
162      99
163      0
164      0
165      72
166      0
167      98
168      0
169      52
170      59
171      0
172      40
173      0
174      92
175      95
176      100
177      0
178      100
179      99
180      70
181      97
182      99
183      99
184      0
185      100
186      81
187      65
188      98
189      100
190      36
191      95
192      94
193      99
194      92
195      83
196      0
197      89
198      0
199      97
200      0
201      100
202      0
203      0
204      96
205      65
206      0
207      64
208      0
209      0
210      0
211      87
212      100
213      0
214      72
215      54
216      100
217      0
218      0
219      100
220      81
221      70
222      68
223      74
224      0
225      0
226      90
227      99
228      98
229      88
230      98
231      94
232      0
233      58
234      72
235      99
236      97
237      86
238      99
239      99
240      99
241      74
242      84
243      0
244      100
245      99
246      97
247      96
248      91
249      79
250      0
251      0
252      0
253      0
254      65
255      100
256      100
257      0
258      100
259      94
260      0
261      0
262      70
263      60
264      78
265      100
266      0
267      65
268      52
269      98
270      100
271      0
272      77
273      100
274      0
275      100
276      0
277      0
278      88
279      0
280      98
281      92
282      0
283      0
284      0
285      98
286      43
287      91
288      98
289      96
290      0
291      100
292      62
293      100
294      45
295      83
296      100
297      0
298      0
299      65
300      49
301      0
302      81
303      71
304      99
305      98
306      96
307      100
308      98
309      0
310      0
311      0
312      97
313      0
314      100
315      100
316      0
317      0
318      100
319      0
320      100
321      93
322      100
323      98
324      82
325      100
326      0
327      83
328      0
329      0
330      96
331      90
332      100
333      62
334      0
335      0
336      61
337      79
338      0
339      100
340      98
341      0
342      0
343      98
344      0
345      0
346      0
347      54
348      86
349      100
350      100
351      48
352      70
353      0
354      100
355      0
356      80
357      99
358      0
359      100
360      80
361      0
362      0
363      67
364      94
365      0
366      0
367      0
368      98
369      0
370      0
371      69
372      73
373      63
374      87
375      89
376      56
377      0
378      100
379      100
380      0
381      0
382      0
383      99
384      0
385      0
386      0
387      97
388      99
389      100
390      99
391      97
392      98
393      84
394      32
395      72
396      64
397      53
398      0
399      0
400      0
401      0
402      80
403      59
404      88
405      0
406      0
407      100
408      100
409      91
410      0
411      99
412      96
413      0
414      0
415      0
416      100
417      97
418      0
419      60
420      91
421      0
422      0
423      100
424      0
425      89
426      0
427      0
428      0
429      100
430      0
431      100
432      100
433      98
434      98
435      67
436      92
437      100
438      98
439      73
440      54
441      99
442      96
443      81
444      100
445      91
446      95
447      91
448      0
449      94
450      0
451      66
452      0
453      99
454      100
455      100
456      0
457      94
458      0
459      96
460      71
461      73
462      100
463      0
464      0
465      80
466      63
467      81
468      0
469      67
470      70
471      99
472      100
473      98
474      99
475      98
476      94
477      90
478      0
479      99
480      67
481      99
482      0
483      79
484      100
485      0
486      0
487      94
488      100
489      0
490      93
491      0
492      85
493      72
494      0
495      96
496      94
497      98
498      86
499      0
       16143.4
