0      89
1      95
2      100
3      80
4      0
5      0
6      95
7      100
8      0
9      86
10      92
11      98
12      75
13      82
14      0
15      95
16      90
17      78
18      77
19      100
20      96
21      97
22      97
23      85
24      69
25      88
26      0
27      99
28      0
29      82
30      56
31      96
32      92
33      0
34      94
35      94
36      73
37      91
38      90
39      95
40      0
41      0
42      92
43      90
44      0
45      92
46      0
47      0
48      0
49      66
50      91
51      0
52      99
53      100
54      0
55      59
56      0
57      66
58      98
59      95
60      77
61      90
62      63
63      88
64      0
65      70
66      95
67      44
68      0
69      70
70      0
71      0
72      69
73      72
74      0
75      0
76      94
77      91
78      0
79      82
80      93
81      68
82      0
83      78
84      0
85      100
86      88
87      0
88      0
89      65
90      0
91      97
92      81
93      96
94      99
95      74
96      0
97      98
98      90
99      0
100      0
101      99
102      0
103      83
104      0
105      76
106      0
107      100
108      0
109      91
110      71
111      0
112      0
113      0
114      0
115      0
116      99
117      0
118      0
119      97
120      37
121      95
122      99
123      0
124      99
125      83
126      0
127      94
128      51
129      81
130      0
131      80
132      0
133      93
134      65
135      90
136      90
137      80
138      99
139      66
140      56
141      0
142      92
143      67
144      85
145      88
146      0
147      90
148      97
149      0
150      90
151      92
152      0
153      0
154      0
155      0
156      90
157      93
158      0
159      80
160      84
161      98
162      68
163      0
164      0
165      0
166      0
167      0
168      0
169      71
170      98
171      0
172      69
173      0
174      82
175      0
176      94
177      89
178      68
179      98
180      0
181      0
182      0
183      0
184      0
185      0
186      0
187      93
188      94
189      100
190      97
191      99
192      0
193      97
194      0
195      88
196      0
197      80
198      0
199      96
200      96
201      100
202      0
203      0
204      0
205      0
206      99
207      0
208      99
209      0
210      88
211      91
212      94
213      0
214      93
215      0
216      46
217      92
218      93
219      0
220      63
221      88
222      73
223      57
224      85
225      0
226      0
227      60
228      83
229      0
230      79
231      86
232      59
233      0
234      0
235      0
236      65
237      0
238      59
239      75
240      99
241      0
242      76
243      0
244      100
245      98
246      0
247      89
248      0
249      87
250      86
251      95
252      100
253      0
254      0
255      90
256      95
257      74
258      0
259      100
260      56
261      100
262      98
263      71
264      97
265      80
266      0
267      94
268      0
269      0
270      93
271      100
272      100
273      91
274      98
275      0
276      87
277      94
278      98
279      73
280      0
281      45
282      100
283      58
284      79
285      100
286      65
287      0
288      90
289      97
290      83
291      96
292      0
293      0
294      93
295      89
296      0
297      0
298      0
299      97
300      84
301      94
302      0
303      81
304      27
305      0
306      0
307      95
308      73
309      87
310      95
311      60
312      94
313      0
314      78
315      86
316      0
317      90
318      57
319      0
320      95
321      0
322      0
323      99
324      0
325      0
326      80
327      98
328      92
329      86
330      0
331      0
332      0
333      78
334      68
335      0
336      0
337      0
338      0
339      100
340      0
341      0
342      81
343      84
344      83
345      85
346      0
347      98
348      80
349      100
350      0
351      0
352      0
353      88
354      0
355      94
356      92
357      100
358      22
359      99
360      80
361      51
362      0
363      83
364      100
365      64
366      100
367      92
368      0
369      100
370      0
371      100
372      96
373      98
374      84
375      97
376      98
377      92
378      0
379      97
380      96
381      97
382      0
383      0
384      79
385      78
386      99
387      0
388      79
389      0
390      73
391      0
392      0
393      0
394      97
395      0
396      99
397      54
398      99
399      98
400      0
401      47
402      90
403      90
404      97
405      93
406      0
407      97
408      0
409      0
410      70
411      52
412      97
413      0
414      93
415      0
416      97
417      61
418      0
419      37
420      86
421      0
422      0
423      97
424      96
425      94
426      99
427      0
428      88
429      0
430      96
431      0
432      77
433      0
434      0
435      0
436      90
437      95
438      80
439      84
440      86
441      0
442      0
443      0
444      98
445      0
446      87
447      60
448      50
449      91
450      82
451      74
452      0
453      0
454      0
455      0
456      100
457      0
458      0
459      98
460      0
461      0
462      41
463      96
464      0
465      100
466      63
467      81
468      82
469      99
470      90
471      0
472      82
473      80
474      86
475      62
476      98
477      39
478      96
479      0
480      0
481      0
482      0
483      0
484      99
485      87
486      0
487      0
488      0
489      91
490      93
491      93
492      77
493      89
494      94
495      0
496      96
497      0
498      0
499      0
500      97
501      95
502      0
503      72
504      0
505      79
506      98
507      0
508      80
509      87
510      87
511      54
512      89
513      97
514      0
515      94
516      0
517      77
518      98
519      95
520      0
521      74
522      0
523      98
524      0
525      53
526      95
527      0
528      100
529      0
530      85
531      0
532      65
533      95
534      97
535      98
536      0
537      0
538      97
539      89
540      85
541      0
542      63
543      77
544      95
545      100
546      99
547      99
548      0
549      0
550      98
551      0
552      39
553      0
554      94
555      67
556      0
557      89
558      0
559      90
560      96
561      100
562      79
563      0
564      96
565      94
566      91
567      98
568      85
569      0
570      92
571      99
572      85
573      79
574      96
575      83
576      94
577      100
578      100
579      0
580      0
581      86
582      62
583      98
584      0
585      89
586      75
587      0
588      93
589      0
590      64
591      89
592      95
593      94
594      85
595      93
596      73
597      88
598      95
599      0
600      85
601      0
602      74
603      97
604      97
605      90
606      77
607      69
608      66
609      95
610      0
611      70
612      0
613      0
614      82
615      0
616      100
617      0
618      0
619      97
620      0
621      83
622      97
623      94
624      76
625      0
626      91
627      87
628      82
629      90
630      99
631      100
632      68
633      88
634      0
635      0
636      0
637      96
638      0
639      0
640      0
641      98
642      0
643      96
644      100
645      99
646      87
647      99
648      77
649      0
650      0
651      99
652      95
653      92
654      0
655      0
656      0
657      70
658      0
659      94
660      0
661      36
662      0
663      0
664      96
665      98
666      95
667      72
668      74
669      0
670      99
671      93
672      87
673      0
674      95
675      86
676      0
677      63
678      0
679      35
680      100
681      0
682      0
683      0
684      95
685      79
686      87
687      90
688      100
689      0
690      100
691      87
692      81
693      76
694      52
695      0
696      75
697      93
698      0
699      89
700      0
701      83
702      99
703      0
704      74
705      100
706      77
707      99
708      72
709      69
710      87
711      0
712      94
713      0
714      0
715      0
716      0
717      100
718      0
719      69
720      0
721      0
722      81
723      93
724      89
725      100
726      48
727      61
728      96
729      55
730      96
731      83
732      95
733      89
734      0
735      87
736      0
737      93
738      0
739      90
740      87
741      98
742      0
743      69
744      100
745      97
746      94
747      96
748      0
749      90
750      0
751      55
752      0
753      91
754      0
755      94
756      0
757      0
758      98
759      88
760      69
761      93
762      95
763      79
764      0
765      95
766      89
767      0
768      68
769      0
770      85
771      0
772      0
773      100
774      100
775      38
776      70
777      96
778      43
779      0
780      95
781      0
782      0
783      79
784      77
785      55
786      86
787      82
788      49
789      85
790      99
791      72
792      89
793      94
794      0
795      60
796      95
797      97
798      0
799      0
800      0
801      0
802      94
803      76
804      38
805      0
806      0
807      80
808      66
809      0
810      67
811      0
812      83
813      57
814      0
815      0
816      52
817      65
818      71
819      0
820      0
821      90
822      0
823      0
824      0
825      0
826      83
827      100
828      52
829      92
830      0
831      45
832      0
833      0
834      0
835      0
836      91
837      0
838      0
839      0
840      73
841      0
842      66
843      74
844      84
845      84
846      0
847      88
848      90
849      61
850      0
851      0
852      94
853      95
854      61
855      0
856      94
857      98
858      0
859      89
860      62
861      0
862      65
863      97
864      54
865      96
866      96
867      0
868      0
869      83
870      86
871      81
872      88
873      95
874      0
875      0
876      72
877      99
878      99
879      95
880      95
881      0
882      74
883      98
884      0
885      0
886      0
887      92
888      0
889      93
890      100
891      37
892      93
893      0
894      0
895      100
896      97
897      93
898      88
899      99
900      0
901      100
902      85
903      0
904      99
905      90
906      71
907      0
908      97
909      0
910      0
911      0
912      75
913      90
914      60
915      0
916      99
917      0
918      0
919      0
920      55
921      0
922      0
923      95
924      82
925      95
926      96
927      0
928      61
929      67
930      51
931      0
932      81
933      0
934      96
935      69
936      91
937      94
938      86
939      79
940      0
941      80
942      0
943      0
944      98
945      94
946      97
947      0
948      0
949      0
950      69
951      0
952      0
953      52
954      63
955      0
956      0
957      98
958      84
959      0
960      0
961      0
962      0
963      86
964      0
965      0
966      0
967      0
968      72
969      0
970      43
971      0
972      99
973      0
974      82
975      0
976      0
977      82
978      77
979      0
980      96
981      43
982      0
983      66
984      95
985      0
986      95
987      99
988      97
989      0
990      88
991      90
992      0
993      0
994      0
995      93
996      93
997      90
998      74
999      100
1000      78
1001      78
1002      0
1003      94
1004      73
1005      63
1006      85
1007      100
1008      0
1009      60
1010      0
1011      78
1012      0
1013      0
1014      96
1015      0
1016      65
1017      92
1018      65
1019      79
1020      92
1021      0
1022      96
1023      92
1024      94
1025      0
1026      83
1027      0
1028      100
1029      96
1030      0
1031      0
1032      0
1033      0
1034      99
1035      67
1036      98
1037      52
1038      0
1039      86
1040      0
1041      83
1042      0
1043      71
1044      61
1045      56
1046      0
1047      97
1048      64
1049      86
1050      87
1051      95
1052      70
1053      0
1054      0
1055      0
1056      81
1057      100
1058      34
1059      0
1060      93
1061      100
1062      75
1063      0
1064      0
1065      61
1066      89
1067      0
1068      71
1069      53
1070      0
1071      0
1072      0
1073      69
1074      87
1075      64
1076      97
1077      0
1078      100
1079      0
1080      99
1081      0
1082      97
1083      51
1084      66
1085      0
1086      0
1087      49
1088      94
1089      100
1090      93
1091      0
1092      0
1093      95
1094      0
1095      92
1096      0
1097      73
1098      91
1099      91
1100      91
1101      100
1102      93
1103      0
1104      80
1105      91
1106      35
1107      0
1108      0
1109      63
1110      97
1111      83
1112      0
1113      0
1114      0
1115      55
1116      0
1117      0
1118      80
1119      0
1120      91
1121      100
1122      0
1123      74
1124      65
1125      0
1126      96
1127      95
1128      0
1129      80
1130      92
1131      98
1132      0
1133      0
1134      81
1135      91
1136      0
1137      74
1138      68
1139      0
1140      55
1141      88
1142      90
1143      0
1144      0
1145      96
1146      100
1147      82
1148      75
1149      92
1150      0
1151      0
1152      0
1153      91
1154      99
1155      93
1156      96
1157      48
1158      0
1159      100
1160      87
1161      0
1162      79
1163      98
1164      97
1165      0
1166      98
1167      99
1168      0
1169      0
1170      0
1171      0
1172      76
1173      35
1174      0
1175      81
1176      98
1177      82
1178      0
1179      0
1180      80
1181      89
1182      93
1183      58
1184      72
1185      0
1186      63
1187      0
1188      99
1189      0
1190      82
1191      90
1192      96
1193      99
1194      59
1195      96
1196      85
1197      88
1198      75
1199      93
1200      0
1201      100
1202      0
1203      0
1204      0
1205      95
1206      70
1207      0
1208      97
1209      86
1210      0
1211      84
1212      83
1213      0
1214      0
1215      99
1216      92
1217      100
1218      0
1219      0
1220      81
1221      0
1222      0
1223      85
1224      98
1225      44
1226      98
1227      100
1228      94
1229      97
1230      0
1231      0
1232      89
1233      97
1234      50
1235      91
1236      100
1237      0
1238      0
1239      94
1240      100
1241      0
1242      79
1243      0
1244      0
1245      0
1246      0
1247      0
1248      0
1249      60
1250      64
1251      98
1252      0
1253      96
1254      95
1255      73
1256      0
1257      72
1258      0
1259      84
1260      84
1261      0
1262      97
1263      0
1264      80
1265      65
1266      0
1267      99
1268      92
1269      94
1270      65
1271      85
1272      94
1273      0
1274      99
1275      93
1276      0
1277      38
1278      97
1279      87
1280      98
1281      86
1282      0
1283      99
1284      97
1285      83
1286      99
1287      0
1288      54
1289      73
1290      94
1291      99
1292      97
1293      79
1294      76
1295      88
1296      90
1297      90
1298      85
1299      0
1300      0
1301      0
1302      100
1303      86
1304      72
1305      94
1306      92
1307      0
1308      0
1309      0
1310      0
1311      85
1312      0
1313      100
1314      90
1315      75
1316      0
1317      0
1318      0
1319      0
1320      87
1321      93
1322      0
1323      96
1324      0
1325      0
1326      95
1327      0
1328      0
1329      99
1330      73
1331      92
1332      93
1333      0
1334      45
1335      0
1336      0
1337      100
1338      93
1339      100
1340      76
1341      70
1342      84
1343      95
1344      70
1345      80
1346      100
1347      0
1348      64
1349      0
1350      95
1351      93
1352      81
1353      0
1354      78
1355      89
1356      100
1357      0
1358      84
1359      94
1360      0
1361      96
1362      0
1363      0
1364      90
1365      96
1366      0
1367      61
1368      96
1369      0
1370      0
1371      0
1372      87
1373      0
1374      63
1375      0
1376      84
1377      0
1378      0
1379      87
1380      0
1381      0
1382      86
1383      86
1384      0
1385      58
1386      0
1387      35
1388      0
1389      63
1390      0
1391      0
1392      59
1393      88
1394      97
1395      89
1396      0
1397      0
1398      85
1399      99
1400      95
1401      98
1402      97
1403      100
1404      86
1405      62
1406      0
1407      0
1408      0
1409      96
1410      0
1411      0
1412      0
1413      54
1414      67
1415      74
1416      0
1417      69
1418      0
1419      89
1420      95
1421      62
1422      0
1423      99
1424      96
1425      70
1426      0
1427      0
1428      99
1429      73
1430      98
1431      97
1432      95
1433      0
1434      82
1435      98
1436      99
1437      0
1438      99
1439      0
1440      98
1441      0
1442      92
1443      92
1444      0
1445      100
1446      35
1447      94
1448      0
1449      0
1450      98
1451      0
1452      92
1453      0
1454      0
1455      78
1456      0
1457      0
1458      92
1459      98
1460      98
1461      98
1462      80
1463      0
1464      88
1465      57
1466      75
1467      87
1468      87
1469      91
1470      97
1471      91
1472      71
1473      0
1474      80
1475      0
1476      0
1477      100
1478      99
1479      91
1480      100
1481      99
1482      0
1483      0
1484      0
1485      0
1486      92
1487      57
1488      0
1489      0
1490      87
1491      91
1492      78
1493      0
1494      93
1495      0
1496      0
1497      89
1498      96
1499      99
1500      92
1501      97
1502      88
1503      0
1504      98
1505      80
1506      87
1507      96
1508      0
1509      80
1510      0
1511      0
1512      99
1513      0
1514      0
1515      90
1516      98
1517      98
1518      71
1519      100
1520      98
1521      97
1522      57
1523      80
1524      97
1525      0
1526      0
1527      78
1528      0
1529      98
1530      78
1531      88
1532      84
1533      63
1534      0
1535      99
1536      73
1537      0
1538      90
1539      0
1540      59
1541      95
1542      99
1543      98
1544      97
1545      0
1546      100
1547      86
1548      61
1549      0
1550      47
1551      0
1552      98
1553      99
1554      0
1555      100
1556      93
1557      93
1558      91
1559      97
1560      0
1561      75
1562      88
1563      0
1564      48
1565      0
1566      83
1567      0
1568      94
1569      0
1570      100
1571      62
1572      90
1573      0
1574      61
1575      0
1576      98
1577      99
1578      86
1579      0
1580      64
1581      91
1582      94
1583      0
1584      90
1585      0
1586      0
1587      55
1588      0
1589      0
1590      86
1591      77
1592      0
1593      77
1594      0
1595      75
1596      0
1597      0
1598      0
1599      0
1600      69
1601      50
1602      0
1603      84
1604      84
1605      65
1606      86
1607      100
1608      94
1609      90
1610      87
1611      100
1612      0
1613      0
1614      0
1615      0
1616      78
1617      0
1618      91
1619      0
1620      82
1621      95
1622      0
1623      0
1624      94
1625      0
1626      88
1627      90
1628      0
1629      0
1630      0
1631      98
1632      67
1633      0
1634      96
1635      97
1636      99
1637      100
1638      89
1639      71
1640      62
1641      0
1642      0
1643      0
1644      0
1645      93
1646      80
1647      60
1648      97
1649      0
1650      59
1651      92
1652      92
1653      0
1654      0
1655      63
1656      100
1657      68
1658      0
1659      0
1660      0
1661      0
1662      0
1663      85
1664      0
1665      95
1666      90
1667      0
1668      0
1669      74
1670      97
1671      0
1672      78
1673      0
1674      0
1675      99
1676      0
1677      59
1678      0
1679      83
1680      92
1681      97
1682      0
1683      100
1684      98
1685      70
1686      70
1687      0
1688      0
1689      90
1690      91
1691      87
1692      0
1693      0
1694      0
1695      98
1696      77
1697      89
1698      0
1699      76
1700      0
1701      95
1702      0
1703      0
1704      0
1705      100
1706      0
1707      0
1708      80
1709      100
1710      0
1711      93
1712      89
1713      67
1714      84
1715      0
1716      0
1717      90
1718      96
1719      0
1720      91
1721      0
1722      93
1723      0
1724      97
1725      0
1726      0
1727      0
1728      82
1729      0
1730      0
1731      98
1732      0
1733      73
1734      99
1735      91
1736      0
1737      79
1738      64
1739      0
1740      65
1741      98
1742      0
1743      0
1744      68
1745      91
1746      90
1747      1
1748      52
1749      80
1750      71
1751      90
1752      0
1753      96
1754      100
1755      72
1756      0
1757      91
1758      94
1759      96
1760      97
1761      95
1762      0
1763      100
1764      41
1765      0
1766      99
1767      96
1768      52
1769      0
1770      0
1771      75
1772      0
1773      99
1774      67
1775      87
1776      0
1777      100
1778      41
1779      84
1780      0
1781      95
1782      79
1783      0
1784      0
1785      0
1786      98
1787      0
1788      94
1789      97
1790      0
1791      95
1792      89
1793      38
1794      86
1795      0
1796      0
1797      87
1798      85
1799      99
1800      0
1801      96
1802      68
1803      99
1804      0
1805      83
1806      87
1807      0
1808      99
1809      95
1810      0
1811      0
1812      65
1813      0
1814      57
1815      57
1816      91
1817      0
1818      0
1819      0
1820      97
1821      88
1822      85
1823      91
1824      0
1825      0
1826      0
1827      94
1828      0
1829      0
1830      0
1831      97
1832      95
1833      95
1834      0
1835      0
1836      99
1837      100
1838      99
1839      0
1840      78
1841      80
1842      70
1843      44
1844      72
1845      85
1846      0
1847      0
1848      0
1849      96
1850      73
1851      87
1852      0
1853      0
1854      93
1855      86
1856      0
1857      100
1858      97
1859      0
1860      0
1861      0
1862      63
1863      0
1864      0
1865      95
1866      0
1867      69
1868      0
1869      71
1870      61
1871      91
1872      0
1873      0
1874      97
1875      91
1876      80
1877      79
1878      65
1879      0
1880      76
1881      84
1882      97
1883      0
1884      0
1885      99
1886      37
1887      91
1888      56
1889      71
1890      0
1891      81
1892      49
1893      81
1894      99
1895      77
1896      95
1897      90
1898      0
1899      0
1900      74
1901      0
1902      81
1903      100
1904      0
1905      96
1906      66
1907      0
1908      0
1909      97
1910      0
1911      0
1912      0
1913      83
1914      0
1915      0
1916      97
1917      0
1918      100
1919      0
1920      66
1921      99
1922      0
1923      98
1924      79
1925      0
1926      0
1927      81
1928      90
1929      0
1930      0
1931      0
1932      89
1933      98
1934      100
1935      0
1936      62
1937      87
1938      0
1939      0
1940      95
1941      91
1942      89
1943      83
1944      0
1945      59
1946      58
1947      99
1948      0
1949      0
1950      0
1951      69
1952      39
1953      66
1954      63
1955      0
1956      96
1957      99
1958      91
1959      98
1960      84
1961      70
1962      87
1963      98
1964      98
1965      90
1966      91
1967      0
1968      93
1969      0
1970      97
1971      87
1972      0
1973      100
1974      87
1975      0
1976      97
1977      0
1978      100
1979      89
1980      99
1981      0
1982      61
1983      98
1984      82
1985      92
1986      0
1987      55
1988      93
1989      96
1990      0
1991      89
1992      87
1993      72
1994      99
1995      0
1996      0
1997      86
1998      77
1999      97
2000      89
2001      0
2002      94
2003      96
2004      78
2005      0
2006      61
2007      98
2008      59
2009      0
2010      91
2011      0
2012      99
2013      96
2014      98
2015      67
2016      0
2017      49
2018      90
2019      81
2020      52
2021      75
2022      56
2023      0
2024      97
2025      98
2026      0
2027      0
2028      0
2029      92
2030      96
2031      0
2032      100
2033      89
2034      0
2035      97
2036      0
2037      88
2038      62
2039      20
2040      0
2041      83
2042      0
2043      0
2044      88
2045      0
2046      0
2047      0
2048      0
2049      89
2050      96
2051      0
2052      0
2053      0
2054      67
2055      94
2056      83
2057      94
2058      93
2059      0
2060      88
2061      98
2062      60
2063      88
2064      0
2065      83
2066      0
2067      0
2068      0
2069      0
2070      0
2071      91
2072      0
2073      70
2074      80
2075      45
2076      98
2077      91
2078      0
2079      51
2080      92
2081      89
2082      97
2083      65
2084      0
2085      65
2086      77
2087      91
2088      0
2089      0
2090      0
2091      0
2092      100
2093      98
2094      56
2095      89
2096      79
2097      0
2098      98
2099      74
2100      89
2101      68
2102      89
2103      0
2104      0
2105      95
2106      91
2107      0
2108      100
2109      0
2110      0
2111      98
2112      0
2113      0
2114      90
2115      86
2116      81
2117      90
2118      0
2119      71
2120      0
2121      0
2122      0
2123      70
2124      98
2125      73
2126      0
2127      81
2128      97
2129      77
2130      90
2131      94
2132      0
2133      0
2134      72
2135      0
2136      90
2137      82
2138      96
2139      0
2140      0
2141      0
2142      68
2143      83
2144      94
2145      0
2146      0
2147      96
2148      97
2149      0
2150      74
2151      91
2152      95
2153      97
2154      86
2155      0
2156      0
2157      94
2158      94
2159      91
2160      87
2161      93
2162      98
2163      93
2164      87
2165      62
2166      62
2167      68
2168      0
2169      100
2170      99
2171      83
2172      0
2173      0
2174      78
2175      96
2176      99
2177      0
2178      96
2179      0
2180      0
2181      93
2182      97
2183      84
2184      100
2185      96
2186      80
2187      0
2188      88
2189      0
2190      77
2191      0
2192      0
2193      0
2194      94
2195      99
2196      0
2197      89
2198      96
2199      87
2200      0
2201      86
2202      0
2203      0
2204      0
2205      77
2206      58
2207      83
2208      68
2209      0
2210      92
2211      0
2212      97
2213      0
2214      90
2215      92
2216      99
2217      81
2218      99
2219      85
2220      0
2221      96
2222      86
2223      0
2224      93
2225      0
2226      67
2227      99
2228      97
2229      62
2230      100
2231      98
2232      98
2233      97
2234      67
2235      58
2236      0
2237      83
2238      96
2239      0
2240      96
2241      0
2242      0
2243      89
2244      0
2245      0
2246      74
2247      91
2248      0
2249      99
2250      0
2251      97
2252      98
2253      97
2254      0
2255      98
2256      100
2257      71
2258      96
2259      58
2260      0
2261      84
2262      0
2263      87
2264      78
2265      0
2266      0
2267      0
2268      88
2269      65
2270      0
2271      99
2272      91
2273      81
2274      0
2275      92
2276      94
2277      73
2278      60
2279      61
2280      0
2281      92
2282      98
2283      0
2284      93
2285      0
2286      67
2287      0
2288      93
2289      81
2290      72
2291      94
2292      0
2293      44
2294      0
2295      98
2296      0
2297      74
2298      93
2299      0
2300      97
2301      78
2302      82
2303      70
2304      82
2305      91
2306      0
2307      62
2308      78
2309      0
2310      85
2311      0
2312      95
2313      0
2314      0
2315      87
2316      82
2317      83
2318      82
2319      97
2320      0
2321      97
2322      0
2323      92
2324      0
2325      95
2326      86
2327      0
2328      93
2329      98
2330      96
2331      63
2332      94
2333      0
2334      80
2335      95
2336      82
2337      81
2338      62
2339      100
2340      0
2341      0
2342      98
2343      0
2344      0
2345      96
2346      97
2347      85
2348      82
2349      96
2350      0
2351      0
2352      100
2353      0
2354      70
2355      97
2356      0
2357      88
2358      95
2359      75
2360      100
2361      68
2362      0
2363      0
2364      69
2365      0
2366      92
2367      63
2368      0
2369      0
2370      0
2371      100
2372      86
2373      0
2374      96
2375      100
2376      78
2377      89
2378      98
2379      0
2380      0
2381      99
2382      0
2383      89
2384      100
2385      73
2386      100
2387      95
2388      99
2389      100
2390      97
2391      75
2392      98
2393      0
2394      0
2395      0
2396      72
2397      0
2398      0
2399      83
2400      0
2401      0
2402      0
2403      0
2404      100
2405      95
2406      0
2407      0
2408      63
2409      70
2410      0
2411      100
2412      0
2413      0
2414      91
2415      81
2416      96
2417      98
2418      92
2419      98
2420      98
2421      97
2422      100
2423      97
2424      95
2425      51
2426      0
2427      82
2428      0
2429      90
2430      92
2431      0
2432      68
2433      94
2434      94
2435      83
2436      87
2437      68
2438      81
2439      93
2440      94
2441      0
2442      0
2443      0
2444      100
2445      94
2446      97
2447      0
2448      0
2449      0
2450      93
2451      96
2452      70
2453      98
2454      95
2455      0
2456      0
2457      67
2458      0
2459      0
2460      60
2461      86
2462      0
2463      100
2464      82
2465      88
2466      0
2467      73
2468      0
2469      98
2470      45
2471      100
2472      83
2473      60
2474      0
2475      85
2476      91
2477      0
2478      0
2479      94
2480      0
2481      90
2482      0
2483      0
2484      0
2485      87
2486      0
2487      100
2488      0
2489      97
2490      70
2491      87
2492      93
2493      0
2494      79
2495      41
2496      93
2497      91
2498      96
2499      100
       79620.3
