0      100
1      0
2      0
3      0
4      99
5      64
6      60
7      57
8      99
9      100
10      59
11      90
12      69
13      69
14      0
15      100
16      0
17      59
18      99
19      100
20      100
21      100
22      72
23      0
24      0
25      100
26      98
27      100
28      0
29      100
30      0
31      100
32      100
33      0
34      100
35      0
36      100
37      98
38      99
39      57
40      94
41      92
42      100
43      0
44      62
45      0
46      75
47      73
48      94
49      0
50      0
51      0
52      0
53      0
54      82
55      0
56      0
57      100
58      100
59      0
60      0
61      76
62      0
63      100
64      0
65      0
66      98
67      48
68      100
69      100
70      73
71      67
72      0
73      0
74      100
75      100
76      0
77      66
78      0
79      78
80      0
81      80
82      47
83      0
84      100
85      99
86      100
87      100
88      100
89      80
90      74
91      0
92      74
93      95
94      0
95      100
96      90
97      100
98      100
99      71
100      0
101      98
102      0
103      98
104      98
105      0
106      100
107      45
108      0
109      99
110      0
111      52
112      100
113      0
114      100
115      100
116      73
117      0
118      98
119      92
120      90
121      44
122      100
123      0
124      0
125      74
126      100
127      0
128      73
129      0
130      96
131      0
132      54
133      100
134      97
135      99
136      0
137      83
138      100
139      100
140      100
141      100
142      0
143      96
144      100
145      98
146      56
147      0
148      100
149      66
150      53
151      0
152      0
153      59
154      0
155      0
156      84
157      100
158      52
159      52
160      0
161      0
162      0
163      0
164      0
165      0
166      0
167      49
168      54
169      93
170      94
171      85
172      100
173      77
174      76
175      0
176      99
177      100
178      97
179      0
180      100
181      0
182      94
183      100
184      0
185      100
186      68
187      0
188      100
189      100
190      100
191      0
192      100
193      0
194      60
195      100
196      97
197      100
198      86
199      61
       7337.89
