0      100
1      0
2      0
3      0
4      100
5      68
6      59
7      59
8      100
9      100
10      58
11      99
12      69
13      70
14      0
15      100
16      0
17      62
18      99
19      100
20      100
21      100
22      79
23      0
24      0
25      100
26      95
27      100
28      0
29      100
30      0
31      100
32      100
33      0
34      100
35      0
36      100
37      99
38      98
39      55
40      96
41      93
42      100
43      96
44      65
45      0
46      71
47      69
48      89
49      0
50      0
51      0
52      0
53      0
54      81
55      0
56      0
57      100
58      100
59      0
60      0
61      76
62      0
63      100
64      0
65      0
66      98
67      47
68      100
69      100
70      78
71      66
72      0
73      0
74      100
75      100
76      0
77      68
78      0
79      85
80      0
81      86
82      46
83      0
84      100
85      100
86      100
87      100
88      100
89      81
90      72
91      0
92      75
93      100
94      0
95      100
96      87
97      100
98      100
99      72
       3770.57
