0      0
1      100
2      0
3      0
4      85
5      100
6      0
7      100
8      100
9      0
10      0
11      77
12      0
13      100
14      0
15      0
16      100
17      52
18      100
19      100
20      81
21      69
22      0
23      0
24      100
25      100
26      0
27      75
28      67
29      90
30      0
31      92
32      50
33      100
34      100
35      100
36      100
37      100
38      100
39      84
40      78
41      0
42      82
43      100
44      0
45      100
46      80
47      100
48      100
49      76
       1645.22
