0      92
1      94
2      99
3      85
4      96
5      94
6      0
7      72
8      0
9      90
10      90
11      99
12      0
13      100
14      95
15      0
16      0
17      99
18      100
19      99
20      0
21      63
22      0
23      0
24      73
25      0
26      0
27      0
28      93
29      0
30      58
31      95
32      91
33      0
34      35
35      89
36      18
37      1
38      0
39      92
40      100
41      0
42      67
43      98
44      62
45      91
46      96
47      52
48      60
49      99
50      77
51      100
52      89
53      97
54      78
55      0
56      97
57      0
58      0
59      100
60      51
61      68
62      100
63      0
64      0
65      0
66      0
67      0
68      88
69      82
70      91
71      0
72      47
73      96
74      0
75      100
76      96
77      99
78      0
79      99
80      98
81      79
82      56
83      92
84      83
85      77
86      94
87      100
88      50
89      98
90      100
91      78
92      100
93      0
94      100
95      94
96      97
97      100
98      99
99      0
100      99
101      100
102      0
103      71
104      99
105      0
106      97
107      0
108      86
109      0
110      64
111      0
112      0
113      80
114      99
115      78
116      98
117      99
118      0
119      72
120      0
121      0
122      0
123      0
124      77
125      64
126      0
127      0
128      0
129      0
130      0
131      91
132      50
133      88
134      43
135      72
136      66
137      87
138      68
139      0
140      77
141      0
142      58
143      0
144      0
145      0
146      0
147      97
148      98
149      0
150      97
151      0
152      99
153      98
154      0
155      0
156      90
157      34
158      0
159      0
160      100
161      97
162      0
163      54
164      85
165      0
166      0
167      97
168      0
169      0
170      98
171      0
172      0
173      97
174      55
175      99
176      0
177      0
178      0
179      45
180      99
181      88
182      99
183      0
184      99
185      69
186      98
187      0
188      92
189      51
190      100
191      72
192      99
193      44
194      0
195      0
196      95
197      0
198      100
199      0
200      0
201      57
202      94
203      0
204      84
205      0
206      99
207      100
208      99
209      0
210      99
211      100
212      95
213      73
214      0
215      97
216      0
217      0
218      96
219      0
220      0
221      79
222      89
223      44
224      89
225      0
226      99
227      0
228      100
229      87
230      99
231      0
232      0
233      99
234      84
235      51
236      100
237      75
238      98
239      99
240      97
241      97
242      96
243      93
244      89
245      0
246      99
247      0
248      0
249      99
250      97
251      100
252      0
253      0
254      100
255      100
256      96
257      69
258      43
259      0
260      100
261      78
262      100
263      94
264      0
265      95
266      0
267      0
268      0
269      87
270      75
271      92
272      0
273      80
274      0
275      92
276      100
277      0
278      57
279      0
280      0
281      0
282      100
283      98
284      96
285      81
286      0
287      100
288      0
289      95
290      97
291      86
292      0
293      87
294      100
295      59
296      0
297      72
298      86
299      0
300      0
301      72
302      84
303      0
304      0
305      100
306      69
307      95
308      0
309      0
310      0
311      97
312      84
313      0
314      89
315      88
316      95
317      62
318      98
319      97
320      58
321      86
322      0
323      0
324      62
325      100
326      95
327      0
328      76
329      0
330      96
331      66
332      39
333      95
334      82
335      99
336      98
337      0
338      98
339      0
340      77
341      74
342      97
343      0
344      99
345      0
346      0
347      95
348      0
349      100
350      88
351      100
352      60
353      0
354      77
355      95
356      97
357      99
358      99
359      90
360      93
361      0
362      0
363      0
364      0
365      83
366      100
367      0
368      0
369      95
370      96
371      0
372      100
373      95
374      90
375      77
376      0
377      0
378      64
379      0
380      0
381      96
382      97
383      68
384      0
385      100
386      94
387      99
388      62
389      55
390      100
391      99
392      98
393      69
394      96
395      94
396      88
397      100
398      83
399      99
400      0
401      78
402      61
403      98
404      97
405      75
406      98
407      100
408      0
409      82
410      99
411      69
412      0
413      99
414      70
415      0
416      100
417      88
418      0
419      55
420      0
421      76
422      95
423      99
424      0
425      100
426      0
427      66
428      100
429      99
430      0
431      98
432      0
433      0
434      79
435      77
436      98
437      98
438      96
439      99
440      65
441      0
442      0
443      90
444      0
445      0
446      0
447      0
448      0
449      89
450      72
451      0
452      97
453      94
454      0
455      46
456      0
457      0
458      72
459      97
460      0
461      0
462      88
463      0
464      73
465      83
466      99
467      0
468      100
469      96
470      92
471      84
472      97
473      0
474      99
475      97
476      97
477      0
478      88
479      89
480      94
481      0
482      0
483      83
484      64
485      94
486      88
487      98
488      98
489      64
490      0
491      0
492      88
493      96
494      99
495      94
496      99
497      0
498      0
499      0
500      0
501      99
502      68
503      0
504      0
505      89
506      0
507      0
508      90
509      0
510      93
511      0
512      70
513      89
514      83
515      53
516      100
517      100
518      0
519      0
520      99
521      0
522      93
523      66
524      82
525      86
526      69
527      98
528      0
529      53
530      73
531      0
532      61
533      93
534      0
535      99
536      27
537      70
538      0
539      90
540      0
541      0
542      66
543      99
544      70
545      90
546      0
547      0
548      99
549      100
550      0
551      92
552      0
553      100
554      82
555      100
556      33
557      89
558      64
559      100
560      66
561      0
562      0
563      88
564      0
565      99
566      84
567      0
568      0
569      100
570      100
571      99
572      0
573      51
574      51
575      0
576      0
577      100
578      0
579      0
580      93
581      0
582      77
583      97
584      0
585      0
586      0
587      93
588      77
589      77
590      74
591      97
592      63
593      67
594      0
595      0
596      0
597      0
598      0
599      78
600      86
601      0
602      62
603      93
604      99
605      95
606      64
607      0
608      87
609      77
610      80
611      71
612      80
613      0
614      85
615      95
616      94
617      0
618      91
619      0
620      91
621      100
622      0
623      94
624      0
625      98
626      99
627      98
628      100
629      93
630      99
631      49
632      0
633      0
634      86
635      82
636      0
637      0
638      48
639      92
640      0
641      93
642      98
643      65
644      0
645      57
646      99
647      99
648      76
649      64
650      57
651      0
652      99
653      96
654      95
655      100
656      78
657      92
658      0
659      0
660      0
661      0
662      50
663      97
664      95
665      0
666      55
667      73
668      100
669      56
670      0
671      98
672      96
673      89
674      0
675      81
676      0
677      99
678      96
679      0
680      98
681      73
682      0
683      99
684      0
685      0
686      0
687      92
688      96
689      99
690      99
691      0
692      89
693      100
694      100
695      100
696      0
697      94
698      53
699      61
700      0
701      76
702      92
703      100
704      0
705      92
706      51
707      41
708      58
709      83
710      0
711      88
712      0
713      90
714      0
715      54
716      99
717      0
718      0
719      100
720      67
721      0
722      99
723      96
724      98
725      0
726      96
727      0
728      0
729      0
730      98
731      0
732      100
733      98
734      0
735      0
736      0
737      99
738      0
739      82
740      87
741      97
742      90
743      79
744      99
745      87
746      100
747      98
748      97
749      99
750      0
751      91
752      99
753      100
754      0
755      100
756      0
757      99
758      100
759      0
760      98
761      56
762      71
763      65
764      100
765      97
766      99
767      0
768      100
769      75
770      98
771      96
772      0
773      75
774      0
775      99
776      0
777      90
778      0
779      91
780      0
781      82
782      0
783      0
784      93
785      99
786      53
787      0
788      0
789      55
790      0
791      0
792      98
793      0
794      55
795      0
796      100
797      95
798      98
799      0
800      93
801      99
802      0
803      0
804      97
805      66
806      62
807      65
808      99
809      96
810      57
811      100
812      67
813      70
814      0
815      99
816      0
817      61
818      100
819      98
820      100
821      97
822      81
823      0
824      0
825      98
826      90
827      97
828      0
829      96
830      0
831      95
832      97
833      0
834      99
835      0
836      99
837      98
838      99
839      93
840      89
841      89
842      82
843      88
844      64
845      0
846      72
847      80
848      85
849      0
850      0
851      0
852      0
853      0
854      81
855      0
856      0
857      100
858      97
859      0
860      0
861      77
862      0
863      100
864      0
865      0
866      99
867      47
868      100
869      98
870      78
871      73
872      0
873      0
874      99
875      100
876      0
877      63
878      0
879      79
880      0
881      93
882      47
883      0
884      100
885      96
886      98
887      95
888      92
889      87
890      70
891      0
892      78
893      100
894      0
895      96
896      78
897      100
898      100
899      77
900      0
901      98
902      0
903      96
904      99
905      0
906      100
907      52
908      0
909      96
910      0
911      45
912      98
913      0
914      99
915      100
916      80
917      0
918      98
919      90
920      98
921      54
922      87
923      0
924      0
925      81
926      0
927      0
928      75
929      0
930      94
931      0
932      54
933      98
934      97
935      96
936      0
937      86
938      97
939      99
940      99
941      95
942      0
943      89
944      95
945      100
946      53
947      0
948      96
949      72
950      62
951      0
952      0
953      69
954      0
955      0
956      88
957      100
958      46
959      61
960      0
961      0
962      0
963      0
964      0
965      0
966      0
967      51
968      57
969      94
970      86
971      78
972      99
973      100
974      80
975      0
976      100
977      100
978      72
979      98
980      99
981      0
982      100
983      99
984      0
985      95
986      70
987      0
988      99
989      95
990      97
991      0
992      95
993      0
994      56
995      100
996      100
997      100
998      96
999      68
       33429.9
