0      100
1      99
2      0
3      54
4      100
5      100
6      86
7      56
8      76
9      75
10      74
11      0
12      0
13      98
14      0
15      0
16      97
17      0
18      93
19      50
20      100
21      85
22      0
23      100
24      0
25      100
26      0
27      0
28      53
29      62
30      0
31      0
32      92
33      100
34      82
35      0
36      100
37      0
38      99
39      99
40      68
41      73
42      0
43      90
44      71
45      99
46      0
47      94
48      58
49      99
50      0
51      0
52      100
53      0
54      86
55      90
56      100
57      76
58      91
59      0
60      100
61      0
62      0
63      0
64      100
65      0
66      0
67      99
68      100
69      93
70      100
71      100
72      100
73      87
74      99
75      60
76      63
77      100
78      72
79      95
80      74
81      48
82      0
83      83
84      99
85      94
86      69
87      59
88      0
89      0
90      93
91      0
92      100
93      88
94      0
95      69
96      83
97      0
98      83
99      0
100      82
101      100
102      58
103      99
104      0
105      0
106      100
107      97
108      66
109      100
110      99
111      0
112      96
113      93
114      0
115      0
116      0
117      0
118      0
119      66
120      0
121      71
122      0
123      47
124      0
125      100
126      75
127      80
128      83
129      69
130      99
131      54
132      100
133      100
134      70
135      58
136      0
137      100
138      76
139      100
140      98
141      93
142      100
143      81
144      53
145      100
146      0
147      79
148      100
149      99
150      100
151      99
152      59
153      100
154      0
155      36
156      100
157      81
158      0
159      91
160      88
161      0
162      99
163      0
164      84
165      88
166      99
167      0
168      100
169      0
170      100
171      47
172      90
173      100
174      100
175      0
176      64
177      54
178      0
179      0
180      0
181      67
182      0
183      0
184      88
185      0
186      100
187      0
188      100
189      0
190      100
191      0
192      100
193      0
194      100
195      66
196      93
197      0
198      0
199      78
       7149.39
