0      0
1      97
2      0
3      100
4      99
5      0
6      100
7      46
8      100
9      95
10      0
11      50
12      100
13      0
14      100
15      100
16      75
17      0
18      100
19      93
20      89
21      46
22      99
23      0
24      0
25      79
26      100
27      0
28      73
29      0
30      99
31      0
32      55
33      100
34      100
35      97
36      0
37      85
38      100
39      100
40      100
41      100
42      0
43      90
44      100
45      99
46      54
47      0
48      100
49      60
50      58
51      0
52      0
53      61
54      0
55      0
56      82
57      100
58      47
59      51
60      0
61      0
62      0
63      0
64      0
65      0
66      0
67      51
68      52
69      93
70      100
71      88
72      100
73      76
74      71
75      0
76      99
77      100
78      92
79      100
80      0
81      0
82      99
83      100
84      0
85      100
86      79
87      0
88      99
89      100
90      100
91      0
92      100
93      0
94      55
95      100
96      100
97      100
98      83
99      58
       3578.88
