0      55
1      0
2      100
3      100
4      73
5      100
6      83
7      96
8      0
9      0
10      0
11      0
12      47
13      100
14      92
15      0
16      55
17      75
18      100
19      44
20      0
21      100
22      100
23      82
24      0
25      72
26      0
27      100
28      97
29      0
30      84
31      62
32      0
33      91
34      0
35      0
36      0
37      98
38      88
39      100
40      100
41      0
42      100
43      100
44      100
45      100
46      0
47      95
48      58
49      64
       1638.3
