0      100
1      0
2      0
3      0
4      100
5      62
6      57
7      58
8      100
9      100
10      55
11      93
12      0
13      69
14      0
15      100
16      0
17      57
18      100
19      100
20      100
21      100
22      75
23      0
24      0
25      100
26      96
27      100
28      0
29      100
30      0
31      100
32      0
33      0
34      100
35      0
36      100
37      98
38      100
39      52
40      90
41      92
42      91
43      0
44      60
45      0
46      68
47      66
48      90
49      0
       2077.33
