0      100
1      0
2      44
3      93
4      100
5      100
6      66
7      0
8      88
9      76
10      88
11      68
12      77
13      0
14      95
15      94
16      100
17      0
18      85
19      0
20      89
21      100
22      0
23      93
24      0
25      100
26      100
27      91
28      100
29      92
30      100
31      51
32      0
33      0
34      69
35      77
36      0
37      0
38      48
39      99
40      0
41      100
42      99
43      64
44      0
45      63
46      0
47      100
48      52
49      65
50      55
51      0
52      100
53      99
54      71
55      100
56      83
57      96
58      0
59      0
60      0
61      0
62      44
63      100
64      95
65      0
66      51
67      73
68      100
69      46
70      0
71      100
72      100
73      81
74      0
75      68
76      0
77      99
78      95
79      0
80      83
81      63
82      0
83      85
84      0
85      0
86      0
87      98
88      86
89      100
90      100
91      0
92      95
93      100
94      100
95      100
96      0
97      94
98      57
99      65
100      0
101      68
102      64
103      100
104      0
105      93
106      52
107      36
108      62
109      74
110      0
111      89
112      0
113      98
114      0
115      68
116      100
117      0
118      0
119      100
120      65
121      0
122      100
123      100
124      98
125      0
126      91
127      0
128      0
129      0
130      90
131      0
132      100
133      99
134      0
135      0
136      0
137      100
138      100
139      79
140      80
141      88
142      72
143      84
144      100
145      93
146      99
147      100
148      97
149      100
150      0
151      93
152      96
153      99
154      0
155      100
156      0
157      100
158      100
159      0
160      97
161      56
162      0
163      74
164      100
165      100
166      100
167      0
168      100
169      83
170      99
171      100
172      0
173      76
174      0
175      100
176      0
177      91
178      0
179      99
180      0
181      83
182      0
183      0
184      97
185      100
186      40
187      0
188      0
189      61
190      0
191      0
192      100
193      0
194      44
195      0
196      100
197      83
198      99
199      0
       6651.08
