0      0
1      71
2      99
3      97
4      0
5      0
6      64
7      81
8      84
9      56
10      43
11      100
12      0
13      0
14      0
15      0
16      96
17      99
18      0
19      100
20      53
21      100
22      0
23      95
24      66
25      0
26      0
27      100
28      100
29      0
30      64
31      0
32      100
33      100
34      100
35      0
36      100
37      82
38      0
39      0
40      100
41      53
42      62
43      0
44      0
45      75
46      0
47      0
48      86
49      63
50      100
51      100
52      100
53      84
54      79
55      81
56      98
57      100
58      84
59      0
60      100
61      0
62      0
63      0
64      65
65      73
66      76
67      0
68      0
69      53
70      100
71      100
72      99
73      0
74      100
75      0
76      75
77      100
78      100
79      57
80      0
81      0
82      74
83      97
84      0
85      51
86      100
87      100
88      0
89      69
90      100
91      100
92      99
93      100
94      78
95      0
96      0
97      0
98      0
99      84
100      61
101      90
102      100
103      57
104      99
105      95
106      0
107      96
108      100
109      100
110      0
111      100
112      69
113      100
114      100
115      51
116      84
117      75
118      79
119      100
120      99
121      38
122      100
123      74
124      0
125      99
126      0
127      76
128      55
129      0
130      0
131      0
132      95
133      90
134      51
135      0
136      81
137      0
138      87
139      86
140      100
141      87
142      81
143      0
144      0
145      84
146      90
147      68
148      0
149      85
150      81
151      75
152      0
153      0
154      100
155      100
156      0
157      100
158      0
159      66
160      0
161      93
162      72
163      0
164      89
165      0
166      0
167      100
168      57
169      83
170      100
171      0
172      0
173      76
174      100
175      0
176      96
177      56
178      51
179      98
180      99
181      0
182      0
183      100
184      100
185      0
186      0
187      99
188      0
189      87
190      0
191      92
192      80
193      100
194      0
195      100
196      87
197      93
198      51
199      0
200      0
201      0
202      0
203      0
204      98
205      89
206      48
207      50
208      100
209      99
210      95
211      88
212      100
213      0
214      100
215      0
216      99
217      0
218      0
219      47
220      59
221      85
222      0
223      51
224      86
225      99
226      92
227      96
228      0
229      0
230      100
231      70
232      0
233      87
234      100
235      72
236      49
237      84
238      62
239      87
240      99
241      90
242      64
243      83
244      97
245      53
246      97
247      0
248      60
249      98
250      100
251      0
252      93
253      0
254      100
255      58
256      52
257      0
258      0
259      71
260      0
261      99
262      45
263      98
264      61
265      87
266      99
267      97
268      51
269      0
270      0
271      0
272      0
273      0
274      100
275      69
276      90
277      80
278      0
279      0
280      100
281      0
282      84
283      0
284      0
285      96
286      99
287      0
288      87
289      95
290      0
291      0
292      0
293      99
294      95
295      97
296      92
297      99
298      53
299      63
300      0
301      100
302      0
303      63
304      99
305      95
306      83
307      100
308      100
309      0
310      83
311      88
312      0
313      0
314      0
315      100
316      95
317      100
318      100
319      80
320      85
321      0
322      100
323      87
324      98
325      60
326      0
327      0
328      0
329      0
330      92
331      0
332      89
333      88
334      0
335      0
336      57
337      100
338      74
339      82
340      100
341      0
342      99
343      100
344      90
345      85
346      57
347      0
348      100
349      0
350      0
351      0
352      98
353      97
354      0
355      0
356      0
357      100
358      98
359      75
360      97
361      96
362      98
363      77
364      97
365      0
366      83
367      47
368      0
369      0
370      98
371      95
372      67
373      84
374      100
375      100
376      83
377      80
378      98
379      100
380      100
381      0
382      93
383      97
384      62
385      59
386      0
387      0
388      0
389      0
390      100
391      0
392      0
393      92
394      0
395      58
396      0
397      0
398      72
399      100
400      67
401      0
402      0
403      100
404      84
405      0
406      99
407      84
408      98
409      60
410      100
411      99
412      40
413      0
414      89
415      97
416      60
417      0
418      100
419      100
420      81
421      98
422      0
423      98
424      0
425      100
426      99
427      96
428      95
429      93
430      74
431      60
432      85
433      63
434      56
435      80
436      93
437      0
438      0
439      97
440      98
441      93
442      0
443      0
444      0
445      0
446      0
447      99
448      0
449      100
450      100
451      99
452      68
453      77
454      68
455      97
456      89
457      0
458      63
459      0
460      99
461      0
462      88
463      0
464      100
465      0
466      0
467      100
468      99
469      100
470      100
471      99
472      100
473      0
474      79
475      93
476      0
477      51
478      90
479      0
480      0
481      0
482      79
483      97
484      52
485      92
486      99
487      90
488      0
489      84
490      0
491      0
492      65
493      96
494      97
495      0
496      100
497      95
498      72
499      0
       18202.9
