0      0
1      86
2      95
3      0
4      0
5      88
6      0
7      0
8      100
9      0
10      0
11      71
12      0
13      0
14      0
15      0
16      59
17      0
18      50
19      100
20      74
21      43
22      0
23      60
24      100
25      100
26      0
27      100
28      88
29      90
30      99
31      0
32      100
33      65
34      99
35      83
36      71
37      100
38      100
39      0
40      0
41      85
42      42
43      0
44      100
45      56
46      100
47      98
48      100
49      0
50      52
51      100
52      100
53      88
54      100
55      100
56      74
57      99
58      99
59      76
60      68
61      100
62      100
63      80
64      86
65      0
66      100
67      100
68      0
69      100
70      58
71      100
72      100
73      0
74      0
75      100
76      0
77      87
78      100
79      0
80      44
81      0
82      100
83      75
84      63
85      63
86      0
87      0
88      0
89      91
90      100
91      98
92      0
93      61
94      59
95      0
96      99
97      100
98      99
99      100
100      54
101      82
102      72
103      68
104      0
105      0
106      0
107      0
108      92
109      0
110      84
111      100
112      84
113      28
114      100
115      0
116      0
117      76
118      100
119      0
120      100
121      100
122      100
123      98
124      100
125      0
126      100
127      0
128      68
129      76
130      70
131      0
132      100
133      70
134      100
135      0
136      73
137      97
138      79
139      67
140      0
141      0
142      100
143      0
144      0
145      67
146      0
147      95
148      78
149      100
150      100
151      0
152      100
153      57
154      98
155      100
156      0
157      0
158      96
159      0
160      99
161      67
162      0
163      99
164      92
165      83
166      0
167      61
168      63
169      70
170      100
171      83
172      0
173      100
174      61
175      98
176      100
177      51
178      0
179      77
180      0
181      99
182      0
183      77
184      0
185      0
186      99
187      71
188      0
189      56
190      100
191      90
192      0
193      95
194      100
195      100
196      0
197      90
198      100
199      96
       6756.23
