0      100
1      71
2      100
3      97
4      78
5      62
6      100
7      66
8      86
9      48
10      64
11      99
12      98
13      80
14      0
15      0
16      0
17      0
18      100
19      99
20      0
21      100
22      99
23      63
24      87
25      100
26      0
27      86
28      100
29      100
30      55
31      100
32      72
33      97
34      97
35      100
36      0
37      0
38      59
39      82
40      59
41      99
42      0
43      0
44      0
45      99
46      0
47      0
48      0
49      79
50      99
51      0
52      0
53      99
54      68
55      65
56      71
57      100
58      0
59      100
60      73
61      91
62      30
63      0
64      78
65      66
66      100
67      100
68      100
69      98
70      54
71      88
72      67
73      0
74      0
75      81
76      0
77      0
78      0
79      0
80      61
81      99
82      100
83      100
84      0
85      0
86      90
87      100
88      96
89      58
90      81
91      0
92      0
93      100
94      79
95      100
96      75
97      86
98      0
99      0
100      100
101      77
102      70
103      68
104      0
105      0
106      100
107      100
108      100
109      91
110      0
111      66
112      48
113      0
114      64
115      98
116      0
117      0
118      0
119      97
120      76
121      99
122      100
123      63
124      100
125      0
126      100
127      98
128      93
129      0
130      100
131      98
132      86
133      100
134      0
135      72
136      0
137      0
138      0
139      0
140      100
141      100
142      86
143      95
144      58
145      62
146      85
147      0
148      33
149      58
150      73
151      0
152      100
153      0
154      97
155      100
156      70
157      100
158      0
159      0
160      100
161      98
162      0
163      0
164      55
165      0
166      93
167      0
168      0
169      0
170      0
171      0
172      0
173      77
174      89
175      0
176      0
177      29
178      0
179      0
180      100
181      73
182      97
183      65
184      100
185      100
186      81
187      0
188      87
189      89
190      100
191      100
192      79
193      0
194      99
195      99
196      0
197      0
198      54
199      100
       7424.7
