0      49
1      0
2      82
3      71
4      100
5      100
6      97
7      100
8      100
9      0
10      0
11      0
12      100
13      0
14      100
15      94
16      0
17      0
18      100
19      0
20      100
21      100
22      96
23      100
24      74
25      100
26      0
27      79
28      0
29      0
30      100
31      91
32      99
33      59
34      0
35      0
36      56
37      81
38      99
39      100
40      100
41      0
42      0
43      100
44      0
45      0
46      0
47      56
48      87
49      100
50      100
51      52
52      79
53      0
54      100
55      0
56      77
57      91
58      0
59      99
60      78
61      0
62      0
63      73
64      99
65      0
66      0
67      0
68      100
69      0
70      0
71      67
72      69
73      60
74      78
75      86
76      46
77      100
78      100
79      100
80      0
81      0
82      0
83      98
84      0
85      0
86      0
87      100
88      100
89      100
90      100
91      100
92      100
93      86
94      38
95      79
96      60
97      49
98      0
99      0
       2738.28
