0      55
1      91
2      0
3      98
4      98
5      0
6      72
7      0
8      0
9      0
10      94
11      0
12      85
13      72
14      85
15      0
16      86
17      96
18      100
19      96
20      91
21      0
22      90
23      95
24      47
25      60
26      99
27      97
28      100
29      0
30      78
31      70
32      70
33      0
34      90
35      99
36      78
37      70
38      0
39      0
40      0
41      76
42      88
43      59
44      0
45      0
46      59
47      80
48      89
49      37
50      85
51      98
52      62
53      97
54      75
55      53
56      0
57      99
58      92
59      97
60      0
61      0
62      98
63      63
64      100
65      99
66      0
67      64
68      98
69      0
70      97
71      99
72      0
73      0
74      0
75      76
76      99
77      0
78      78
79      0
80      0
81      77
82      0
83      71
84      0
85      60
86      97
87      89
88      100
89      0
90      0
91      85
92      0
93      93
94      98
95      100
96      99
97      0
98      96
99      96
100      62
101      0
102      84
103      91
104      96
105      98
106      0
107      0
108      0
109      0
110      55
111      0
112      100
113      97
114      0
115      96
116      0
117      99
118      99
119      93
120      87
121      57
122      0
123      100
124      0
125      72
126      72
127      80
128      99
129      70
130      98
131      0
132      74
133      0
134      59
135      0
136      65
137      94
138      100
139      50
140      0
141      65
142      0
143      0
144      71
145      88
146      85
147      0
148      87
149      95
150      77
151      0
152      81
153      63
154      0
155      0
156      96
157      100
158      0
159      0
160      99
161      65
162      88
163      94
164      61
165      98
166      98
167      80
168      100
169      83
170      0
171      0
172      95
173      0
174      68
175      63
176      100
177      100
178      100
179      96
180      93
181      0
182      100
183      97
184      99
185      63
186      100
187      100
188      0
189      0
190      68
191      97
192      0
193      70
194      100
195      95
196      0
197      0
198      69
199      97
200      82
201      99
202      0
203      99
204      99
205      67
206      0
207      99
208      97
209      83
210      100
211      0
212      97
213      71
214      0
215      97
216      99
217      100
218      0
219      50
220      93
221      95
222      0
223      0
224      85
225      98
226      0
227      99
228      99
229      96
230      99
231      0
232      61
233      0
234      100
235      0
236      0
237      99
238      0
239      99
240      0
241      0
242      0
243      0
244      99
245      0
246      89
247      51
248      80
249      74
250      0
251      0
252      69
253      85
254      100
255      99
256      86
257      0
258      100
259      0
260      100
261      71
262      98
263      98
264      99
265      96
266      97
267      95
268      100
269      99
270      65
271      100
272      99
273      76
274      0
275      97
276      78
277      69
278      0
279      0
280      0
281      89
282      0
283      99
284      88
285      67
286      0
287      0
288      0
289      87
290      0
291      0
292      0
293      0
294      63
295      61
296      67
297      30
298      94
299      100
300      0
301      92
302      0
303      75
304      86
305      100
306      62
307      97
308      0
309      99
310      0
311      0
312      92
313      96
314      53
315      0
316      57
317      0
318      0
319      53
320      84
321      76
322      99
323      64
324      71
325      97
326      99
327      0
328      0
329      94
330      97
331      100
332      0
333      96
334      74
335      80
336      92
337      0
338      84
339      0
340      99
341      33
342      63
343      0
344      0
345      42
346      48
347      0
348      0
349      0
350      99
351      69
352      96
353      98
354      99
355      100
356      93
357      100
358      98
359      100
360      95
361      93
362      97
363      99
364      0
365      0
366      99
367      0
368      86
369      65
370      62
371      57
372      63
373      86
374      100
375      100
376      70
377      98
378      89
379      0
380      98
381      96
382      0
383      69
384      0
385      0
386      0
387      73
388      67
389      99
390      0
391      61
392      100
393      86
394      100
395      0
396      0
397      99
398      96
399      0
400      0
401      84
402      67
403      0
404      0
405      33
406      99
407      0
408      0
409      100
410      96
411      100
412      0
413      63
414      97
415      66
416      98
417      95
418      71
419      98
420      99
421      86
422      95
423      43
424      100
425      0
426      0
427      75
428      82
429      96
430      81
431      0
432      0
433      73
434      0
435      0
436      80
437      91
438      0
439      100
440      0
441      0
442      99
443      0
444      0
445      100
446      80
447      97
448      75
449      83
450      83
451      0
452      94
453      49
454      95
455      60
456      63
457      0
458      0
459      0
460      0
461      86
462      99
463      91
464      77
465      0
466      74
467      95
468      55
469      91
470      0
471      85
472      98
473      0
474      0
475      93
476      99
477      99
478      97
479      96
480      0
481      82
482      0
483      99
484      99
485      84
486      100
487      79
488      89
489      92
490      0
491      88
492      51
493      95
494      79
495      0
496      0
497      95
498      0
499      0
500      64
501      97
502      99
503      65
504      0
505      90
506      0
507      100
508      88
509      0
510      53
511      0
512      70
513      0
514      0
515      0
516      0
517      0
518      0
519      97
520      60
521      80
522      0
523      0
524      95
525      0
526      57
527      45
528      0
529      98
530      91
531      0
532      0
533      0
534      96
535      0
536      89
537      0
538      54
539      79
540      0
541      98
542      93
543      100
544      100
545      99
546      96
547      0
548      79
549      31
550      66
551      93
552      98
553      71
554      99
555      98
556      85
557      84
558      97
559      0
560      45
561      99
562      95
563      76
564      0
565      99
566      100
567      40
568      99
569      98
570      97
571      97
572      100
573      0
574      85
575      64
576      0
577      100
578      70
579      53
580      93
581      0
582      0
583      0
584      98
585      72
586      100
587      100
588      99
589      97
590      0
591      97
592      0
593      74
594      0
595      0
596      100
597      60
598      97
599      0
600      40
601      0
602      69
603      99
604      78
605      46
606      100
607      0
608      0
609      100
610      78
611      0
612      0
613      85
614      63
615      0
616      0
617      0
618      96
619      98
620      81
621      0
622      100
623      49
624      97
625      0
626      86
627      47
628      61
629      100
630      0
631      100
632      100
633      69
634      99
635      89
636      0
637      0
638      75
639      0
640      93
641      80
642      0
643      100
644      100
645      95
646      100
647      74
648      100
649      0
650      70
651      0
652      99
653      73
654      0
655      93
656      0
657      99
658      95
659      82
660      98
661      97
662      81
663      0
664      63
665      100
666      99
667      0
668      0
669      98
670      0
671      0
672      0
673      100
674      0
675      16
676      0
677      88
678      68
679      0
680      0
681      87
682      0
683      93
684      53
685      0
686      100
687      0
688      76
689      100
690      0
691      0
692      95
693      0
694      0
695      94
696      0
697      62
698      0
699      96
700      0
701      57
702      68
703      0
704      94
705      0
706      0
707      0
708      0
709      84
710      95
711      98
712      0
713      70
714      0
715      92
716      100
717      0
718      0
719      98
720      0
721      100
722      0
723      98
724      95
725      100
726      0
727      0
728      100
729      0
730      75
731      95
732      50
733      0
734      0
735      0
736      62
737      0
738      89
739      80
740      100
741      0
742      94
743      94
744      98
745      100
746      71
747      47
748      0
749      91
750      94
751      99
752      100
753      97
754      57
755      61
756      97
757      63
758      48
759      0
760      53
761      99
762      0
763      98
764      0
765      99
766      95
767      0
768      69
769      0
770      62
771      100
772      78
773      0
774      0
775      93
776      97
777      99
778      99
779      0
780      0
781      92
782      84
783      95
784      80
785      0
786      0
787      97
788      83
789      0
790      81
791      100
792      94
793      91
794      90
795      73
796      67
797      83
798      0
799      100
800      73
801      0
802      93
803      98
804      56
805      0
806      100
807      0
808      98
809      89
810      75
811      0
812      0
813      100
814      70
815      87
816      93
817      92
818      0
819      61
820      56
821      99
822      100
823      0
824      0
825      0
826      0
827      0
828      0
829      0
830      0
831      72
832      0
833      69
834      99
835      98
836      0
837      0
838      72
839      100
840      0
841      77
842      100
843      0
844      97
845      0
846      100
847      0
848      86
849      0
850      98
851      100
852      0
853      97
854      0
855      0
856      99
857      70
858      31
859      91
860      0
861      91
862      0
863      65
864      0
865      0
866      91
867      100
868      35
869      89
870      0
871      88
872      62
873      92
874      99
875      58
876      0
877      55
878      100
879      62
880      84
881      0
882      60
883      100
884      84
885      99
886      88
887      0
888      0
889      97
890      0
891      100
892      0
893      80
894      0
895      69
896      100
897      0
898      0
899      75
900      70
901      82
902      76
903      99
904      100
905      100
906      0
907      0
908      0
909      56
910      91
911      82
912      70
913      62
914      91
915      0
916      76
917      99
918      97
919      67
920      100
921      0
922      0
923      0
924      0
925      0
926      93
927      62
928      0
929      77
930      63
931      100
932      97
933      0
934      0
935      0
936      87
937      0
938      0
939      0
940      0
941      0
942      80
943      91
944      80
945      49
946      98
947      99
948      98
949      92
950      91
951      100
952      0
953      90
954      0
955      100
956      0
957      0
958      0
959      65
960      95
961      0
962      0
963      0
964      97
965      98
966      100
967      54
968      99
969      0
970      61
971      100
972      100
973      0
974      99
975      99
976      99
977      99
978      100
979      97
980      100
981      0
982      78
983      0
984      0
985      53
986      58
987      87
988      90
989      100
990      94
991      0
992      83
993      100
994      99
995      98
996      88
997      98
998      0
999      90
       34172.7
