0      99.2641
1      99.7813
2      99.688
3      94.2891
4      99.9002
5      97.8158
6      0
7      58.8066
8      0
9      80.5202
10      98.0041
11      99.938
12      0
13      99.8617
14      97.4066
15      0
16      99.5613
17      99.5924
18      98.895
19      96.7461
20      0
21      69.8875
22      0
23      0
24      82.1654
25      0
26      0
27      0
28      93.0747
29      0
30      53.5938
31      99.13
32      95.8358
33      0
34      43.0823
35      99.3873
36      15.991
37      0
38      0
39      83.0772
40      99.2561
41      0
42      66.911
43      98.6583
44      63.0037
45      96.4458
46      90.2328
47      41.0336
48      67.1295
49      99.9262
50      77.6362
51      99.9413
52      78.3434
53      99.9375
54      97.2871
55      0
56      84.1493
57      0
58      0
59      99.1342
60      49.4419
61      66.1682
62      99.7601
63      0
64      0
65      0
66      0
67      99.8645
68      83.8517
69      87.5573
70      98.8715
71      0
72      48.9447
73      98.3
74      0
75      99.2429
76      98.8862
77      99.6329
78      0.00295494
79      98.6434
80      98.226
81      80.6872
82      47.8485
83      99.7858
84      68.5276
85      72.4781
86      97.1326
87      99.9072
88      51.606
89      99.0261
90      99.7356
91      88.0777
92      99.7668
93      0
94      99.7634
95      99.6246
96      99.9384
97      99.7467
98      99.9199
99      0
100      99.7948
101      98.5397
102      0
103      74.3451
104      95.3528
105      0
106      99.4005
107      0
108      76.5217
109      0
110      66.2316
111      0
112      0
113      89.7614
114      93.1212
115      75.2357
116      97.6383
117      99.8249
118      0
119      76.117
120      0
121      0
122      0
123      0
124      81.3683
125      75.8804
126      0
127      0
128      0
129      0
130      0
131      98.6313
132      59.764
133      81.6177
134      54.2146
135      72.4681
136      69.3947
137      89.7984
138      70.4296
139      0
140      86.8598
141      0
142      61.4176
143      0
144      0
145      0
146      0
147      99.7401
148      99.7898
149      0
150      98.669
151      0
152      99.8177
153      98.8537
154      0
155      99.0386
156      74.2948
157      33.188
158      0
159      0
160      99.7936
161      96.5523
162      0
163      52.5228
164      90.4842
165      0.0131205
166      0
167      99.6845
168      0
169      0
170      97.6958
171      0
172      0
173      89.9106
174      50.3866
175      94.8738
176      0
177      0
178      0
179      46.4771
180      99.4814
181      81.7426
182      99.6533
183      0
184      99.8457
185      88.6004
186      99.4855
187      0
188      94.4239
189      56.7692
190      99.5364
191      65.0044
192      82.0733
193      47.8035
194      0
195      98.5287
196      98.7978
197      0
198      99.3602
199      0
       6070.21
