0      98.8917
1      99.5698
2      99.1242
3      61.5715
4      0
5      0
6      97.3634
7      99.7782
8      0
9      89.1216
10      98.9068
11      99.9116
12      80.7653
13      83.7683
14      0
15      93.01
16      70.2404
17      63.998
18      90.5049
19      87.8296
20      97.7872
21      92.678
22      99.7215
23      86.7626
24      98.2913
25      93.4748
26      99.3112
27      70.0529
28      0
29      86.8119
30      36.7334
31      67.0862
32      99.9575
33      0
34      99.1841
35      98.2126
36      83.9486
37      78.5242
38      99.8018
39      98.8359
40      0
41      0
42      98.8219
43      99.8271
44      99.0164
45      98.5353
46      0
47      0
48      0
49      75.3051
50      88.3722
51      0
52      98.7286
53      77.1093
54      0
55      55.1375
56      0
57      63.9538
58      43.8442
59      99.7832
60      68.5848
61      78.7053
62      66.9456
63      82.8121
64      0
65      75.8228
66      99.592
67      44.4564
68      0
69      63.8727
70      0
71      0
72      92.9688
73      73.9934
74      0
75      0
76      99.8944
77      94.899
78      0
79      96.2157
80      99.9782
81      63.647
82      0
83      72.4628
84      0.105471
85      98.5275
86      75.4672
87      0
88      0
89      74.9765
90      98.7836
91      96.172
92      76.463
93      97.3773
94      99.5784
95      93.0056
96      0
97      98.8628
98      96.1971
99      0
100      0
101      98.6001
102      0
103      83.7686
104      0
105      61.8018
106      0
107      94.9739
108      0
109      95.0433
110      83.9408
111      97.0428
112      0
113      0
114      0
115      0
116      0
117      0
118      0
119      97.957
120      52.6389
121      55.3557
122      97.1298
123      0
124      72.2255
125      0
126      0
127      99.2491
128      55.7263
129      62.5573
130      0
131      91.3404
132      0
133      95.3576
134      56.3081
135      88.984
136      62.6243
137      98.6281
138      99.2362
139      71.6531
140      71.2672
141      0
142      92.1374
143      39.6214
144      79.7108
145      97.0835
146      99.1087
147      97.6579
148      81.277
149      0
150      93.0315
151      98.5771
152      0
153      0
154      0
155      0
156      82.355
157      99.2943
158      0
159      63.8386
160      63.0613
161      82.9351
162      83.208
163      0
164      0
165      0
166      98.379
167      0
168      0
169      71.6433
170      95.3544
171      99.6526
172      78.0555
173      0
174      98.6009
175      0
176      99.4359
177      88.9002
178      56.4937
179      80.109
180      0
181      0
182      99.3632
183      0
184      0
185      0
186      0
187      99.7437
188      76.1955
189      98.7198
190      67.1941
191      94.6985
192      0
193      99.4489
194      0
195      89.6656
196      0
197      68.2369
198      0
199      96.0839
200      57.8211
201      78.5509
202      0
203      0
204      0
205      0
206      99.6657
207      0
208      99.8282
209      91.0609
210      93.9229
211      98.5556
212      99.9749
213      0
214      95.828
215      0
216      40.9795
217      98.638
218      98.5042
219      0
220      72.1333
221      99.8245
222      72.9781
223      66.0167
224      87.3911
225      0
226      0
227      66.0542
228      57.8729
229      0
230      81.7833
231      63.7927
232      64.1582
233      0
234      0
235      0
236      98.2635
237      0
238      46.7068
239      0
240      97.965
241      0
242      81.7121
243      0
244      99.2147
245      99.8955
246      0
247      99.7881
248      0
249      86.7349
250      98.3465
251      97.8807
252      91.1495
253      99.0063
254      0
255      89.5043
256      99.7248
257      92.2302
258      98.2181
259      80.7212
260      55.9967
261      0
262      91.1885
263      65.9675
264      72.1675
265      78.7342
266      0
267      99.2831
268      0
269      0
270      99.2552
271      99.7561
272      95.3883
273      97.7435
274      96.8561
275      0
276      98.6258
277      97.1266
278      99.9855
279      0
280      0
281      73.3859
282      97.2062
283      63.1054
284      71.7752
285      80.5544
286      69.0886
287      0
288      73.2948
289      97.0485
290      93.3482
291      99.9727
292      99.0297
293      0
294      98.3449
295      61.6702
296      98.5253
297      0
298      0
299      98.0179
300      88.5236
301      98.2444
302      0
303      94.8779
304      37.5376
305      0
306      0
307      98.346
308      99.2321
309      98.2539
310      98.9294
311      85.2797
312      92.6698
313      0
314      57.9625
315      64.1806
316      0
317      88.0713
318      61.5347
319      0
320      94.4154
321      0
322      0
323      74.6689
324      0
325      0
326      70.7502
327      99.4166
328      98.2085
329      95.28
330      0
331      0
332      0
333      90.1845
334      99.8043
335      0
336      0
337      0
338      0
339      99.133
340      0
341      0
342      97.7094
343      70.9055
344      81.6822
345      72.3093
346      0
347      99.8156
348      48.3696
349      99.0426
350      0
351      0
352      0
353      65.8863
354      0
355      99.3583
356      99.6214
357      99.402
358      0
359      99.6016
360      66.5559
361      50.6077
362      0
363      92.6382
364      0
365      50.6601
366      99.7796
367      99.7709
368      99.8557
369      99.4018
370      0
371      99.7688
372      80.0211
373      96.0435
374      74.2954
375      94.676
376      75.2698
377      94.4159
378      99.8086
379      99.1743
380      99.2127
381      90.2512
382      0
383      0
384      96.303
385      77.8773
386      98.9599
387      0
388      72.1289
389      0
390      85.3511
391      0
392      0
393      0
394      94.7383
395      0
396      89.7293
397      61.4733
398      99.3872
399      90.8855
400      0
401      57.7612
402      99.8437
403      97.3591
404      90.3296
405      99.6626
406      0
407      96.4954
408      0
409      0
410      81.4016
411      51.5593
412      99.9899
413      0
414      96.877
415      0
416      99.9005
417      46.3229
418      0
419      56.3913
420      91.8811
421      0
422      0
423      98.349
424      98.9317
425      98.3983
426      96.1435
427      0
428      50.7817
429      0
430      99.7246
431      0
432      70.2746
433      0
434      0
435      0
436      98.851
437      96.2279
438      58.7242
439      75.263
440      91.8496
441      20.1634
442      0
443      0
444      98.2357
445      0
446      94.7259
447      56.9616
448      50.8793
449      99.2519
450      67.4461
451      89.701
452      0
453      0
454      0
455      0
456      99.0826
457      0
458      0
459      0
460      0
461      0
462      47.0156
463      99.4431
464      0
465      98.197
466      62.9798
467      62.856
468      75.4202
469      66.8634
470      98.0426
471      0
472      87.2744
473      98.9875
474      95.5752
475      55.8328
476      98.039
477      51.2401
478      99.3757
479      0
480      0
481      0
482      0
483      0
484      78.0776
485      95.8937
486      0
487      0
488      0
489      95.7041
490      85.695
491      99.6995
492      92.5695
493      99.38
494      93.7573
495      0
496      77.229
497      0
498      99.5193
499      0
       16988.9
