0      99.6677
1      98.8974
2      73.552
3      96.7227
4      0
5      99.7587
6      87.6203
7      64.9806
8      99.8166
9      0
10      0
11      0
12      92.778
13      75.0148
14      66.7497
15      55.5182
16      52.6206
17      99.0867
18      99.8787
19      54.1566
20      72.5113
21      97.9018
22      92.4765
23      0
24      96.69
25      69.3485
26      74.8513
27      99.0523
28      0
29      68.9141
30      99.1636
31      97.5721
32      0
33      20.8188
34      99.6609
35      58.2319
36      66.5747
37      0
38      99.4712
39      0
40      0
41      0
42      0
43      39.0595
44      0
45      75.1632
46      0
47      88.9564
48      0
49      98.8268
50      62.2408
51      97.9366
52      92.5241
53      60.628
54      99.9543
55      0
56      0
57      63.8349
58      98.9623
59      82.1805
60      0
61      99.8825
62      71.5537
63      0
64      0
65      96.5944
66      0
67      99.7205
68      75.4162
69      98.3513
70      98.3538
71      0
72      87.7375
73      0
74      99.7281
75      99.8899
76      97.2222
77      40.2825
78      96.545
79      0
80      96.9768
81      94.2319
82      97.263
83      69.0947
84      97.9394
85      95.0633
86      99.1675
87      0
88      0
89      77.2206
90      97.1224
91      58.9492
92      82.405
93      97.7888
94      65.7752
95      0
96      70.5433
97      98.6931
98      0
99      98.7736
100      99.8446
101      53.8929
102      99.5446
103      91.4223
104      97.0845
105      88.8047
106      49.9292
107      57.1097
108      76.1176
109      0
110      0
111      0
112      79.4215
113      82.4377
114      0
115      99.8466
116      0
117      0
118      82.7216
119      0
120      93.6015
121      58.2968
122      54.7297
123      97.5888
124      0
125      98.1876
126      87.0698
127      99.1327
128      0
129      99.9385
130      0
131      0
132      99.1825
133      68.8868
134      0
135      70.9608
136      54.5139
137      63.675
138      0
139      0
140      78.7195
141      96.1048
142      71.1677
143      98.0344
144      0
145      96.6661
146      69.7694
147      0
148      0
149      59.0802
150      65.9532
151      78.964
152      99.0353
153      86.7139
154      0
155      0
156      95.1108
157      0
158      0
159      0
160      96.9863
161      0
162      99.0555
163      98.4651
164      0
165      99.178
166      99.1668
167      0
168      0
169      0
170      99.3857
171      0
172      0
173      0
174      98.9524
175      98.9398
176      73.7852
177      0
178      97.5259
179      95.7373
180      52.3423
181      99.5854
182      0
183      95.8282
184      97.1814
185      99.9749
186      0
187      0
188      0
189      65.3165
190      79.5079
191      42.547
192      0
193      72.3041
194      97.748
195      99.5315
196      61.2876
197      0
198      73.9252
199      0
200      79.8969
201      0
202      99.4983
203      93.7329
204      99.7895
205      0
206      55.044
207      0
208      0
209      96.1089
210      0
211      99.2728
212      99.4593
213      98.3479
214      0
215      94.6304
216      88.869
217      89.2393
218      94.9456
219      98.6909
220      99.8985
221      95.4659
222      47.9744
223      95.2452
224      69.2994
225      58.352
226      0
227      92.6507
228      98.5225
229      95.0336
230      0
231      0
232      0
233      0
234      90.9993
235      65.0655
236      51.5348
237      99.6097
238      98.9797
239      91.5647
240      35.354
241      0
242      89.2553
243      67.5073
244      99.867
245      0
246      97.7998
247      87.0825
248      99.7237
249      0
250      68.7186
251      0
252      99.8894
253      97.9404
254      95.5112
255      98.7917
256      22.0694
257      78.0412
258      96.5757
259      99.4952
260      0
261      89.5365
262      89.539
263      99.4027
264      99.9604
265      83.479
266      78.5804
267      99.5743
268      0
269      0
270      82.2782
271      91.7906
272      98.2252
273      0
274      48.4151
275      56.7425
276      0
277      74.9644
278      97.7643
279      86.8138
280      0
281      59.1456
282      99.793
283      90.8285
284      0
285      0
286      56.6454
287      0
288      85.8887
289      86.2287
290      0
291      62.3069
292      91.8067
293      97.6793
294      91.1623
295      98.9828
296      67.7075
297      0
298      0
299      86.1612
300      91.4302
301      0
302      70.4845
303      0
304      99.7173
305      97.6002
306      98.0081
307      93.8906
308      0
309      99.617
310      96.4098
311      98.9632
312      0
313      91.4249
314      88.7364
315      0
316      99.7369
317      0
318      0
319      0
320      99.5352
321      0
322      0
323      0
324      93.9043
325      0
326      99.5577
327      0
328      96.4314
329      85.7951
330      99.0894
331      0
332      98.3783
333      99.9634
334      77.8326
335      61.1628
336      0
337      98.8257
338      0
339      97.8861
340      99.9902
341      98.5704
342      99.9384
343      0
344      53.9321
345      0
346      0
347      71.8613
348      0
349      83.961
350      99.7866
351      97.7731
352      82.4255
353      0
354      0
355      99.7328
356      97.4509
357      76.1061
358      0
359      99.0745
360      70.4603
361      0
362      97.663
363      0
364      98.651
365      0
366      0
367      0
368      99.2616
369      98.8114
370      0
371      83.3915
372      75.4605
373      0
374      67.055
375      97.5412
376      0
377      0
378      61.6392
379      96.504
380      97.6567
381      63.1795
382      50.3913
383      0
384      0
385      66.3392
386      61.6598
387      0
388      99.1092
389      75.5414
390      0
391      99.5546
392      53.6931
393      92.1444
394      98.4321
395      63.4059
396      68.8741
397      99.9911
398      72.0452
399      0
400      0
401      84.4933
402      93.5917
403      0
404      0
405      89.748
406      0
407      0
408      99.3669
409      0
410      0
411      67.053
412      0
413      0
414      0
415      0
416      49.2258
417      0
418      55.6417
419      99.166
420      74.8512
421      38.8551
422      0
423      52.1766
424      99.8583
425      99.7251
426      0
427      96.4442
428      78.6078
429      82.5231
430      97.7519
431      0
432      99.7932
433      65.2339
434      94.5011
435      82.1208
436      69.686
437      0
438      99.5776
439      0
440      0
441      87.4032
442      0
443      0
444      99.6116
445      62.933
446      96.9952
447      97.4694
448      98.4627
449      0
450      54.0251
451      98.8615
452      98.9248
453      85.4681
454      96.5324
455      99.7545
456      76.8585
457      96.0796
458      86.5497
459      83.0847
460      81.5922
461      99.1834
462      98.9687
463      76.5341
464      84.0968
465      0
466      98.3906
467      98.2274
468      0
469      99.8957
470      62.2423
471      98.6515
472      97.6207
473      0
474      0
475      99.0922
476      0
477      89.0832
478      98.692
479      0
480      48.3555
481      0
482      98.9575
483      61.3155
484      70.9888
485      56.4496
486      0
487      0
488      0
489      0
490      98.1495
491      95.1093
492      0
493      0
494      68.2637
495      0
496      99.6619
497      95.5908
498      99.2661
499      98.9817
       17070.9
