0      0
1      99.9105
2      0
3      0
4      98.2798
5      53.8697
6      0
7      64.9944
8      0
9      0
10      0
11      84.0013
12      99.683
13      0
14      68.0753
15      56.7936
16      98.6454
17      0
18      0
19      99.4861
20      77.9499
21      64.9079
22      50.8966
23      78.4278
24      0
25      0
26      76.3319
27      97.3225
28      99.6794
29      90.8332
30      98.7731
31      97.4883
32      0
33      69.0381
34      74.2302
35      99.155
36      98.0044
37      88.3495
38      94.6323
39      99.9673
40      98.6305
41      65.8083
42      78.473
43      0
44      99.6608
45      99.7709
46      99.9617
47      99.7149
48      82.1047
49      80.8668
50      0
51      0
52      0
53      0
54      61.3405
55      99.8675
56      99.8912
57      99.9736
58      99.3417
59      91.2947
60      0
61      0
62      69.4188
63      53.0961
64      79.5454
65      99.6851
66      0
67      61.1925
68      57.3055
69      99.827
70      99.7417
71      0.0170622
72      80.0794
73      99.5102
74      0
75      99.4239
76      0
77      0
78      87.2755
79      0
80      98.7129
81      91.7227
82      0
83      0
84      0
85      99.994
86      46.3755
87      82.1469
88      99.9558
89      98.2391
90      0
91      99.6581
92      55.6566
93      99.4303
94      39.933
95      72.5421
96      99.9996
97      0
98      98.1189
99      65.8509
       3194.99
