0      99.0607
1      44.3683
2      87.6485
3      0
4      0
5      0
6      0
7      99.6864
8      0
9      82.8173
10      0
11      82.1057
12      53.4687
13      99.7346
14      0
15      99.1442
16      98.4238
17      77.0837
18      88.8874
19      82.3697
20      72.8601
21      0
22      73.0006
23      59.6835
24      0
25      88.049
26      98.4452
27      99.6937
28      99.7114
29      0
30      0
31      58.0386
32      97.5338
33      0
34      0
35      0
36      0
37      98.9378
38      0
39      58.1693
40      0
41      99.8655
42      95.2291
43      61.8273
44      80.7912
45      66.6334
46      99.8951
47      86.8444
48      0
49      0
50      0
51      95.9263
52      99.3947
53      83.4045
54      0
55      0
56      98.382
57      99.8425
58      0
59      23.6103
60      0
61      72.5197
62      88.2448
63      97.8979
64      97.8879
65      0
66      37.5118
67      98.0248
68      68.6813
69      0
70      44.2669
71      97.0049
72      0
73      94.3042
74      84.0348
75      97.9875
76      0
77      0
78      99.7687
79      0
80      0
81      0
82      0
83      96.7748
84      0
85      70.521
86      99.2427
87      0
88      0
89      0
90      0
91      99.5641
92      99.744
93      0
94      99.537
95      0
96      62.8662
97      0
98      73.5255
99      99.0356
100      0
101      67.8823
102      0
103      0
104      0
105      97.9559
106      0
107      0
108      0
109      98.2419
110      95.013
111      99.4252
112      74.1047
113      0
114      41.4559
115      72.008
116      80.4026
117      0
118      81.5996
119      0
120      68.8994
121      0
122      0
123      99.0464
124      99.0968
125      82.1522
126      87.3793
127      76.2128
128      99.9633
129      87.4047
130      0
131      97.9272
132      64.4404
133      0
134      67.7436
135      99.6818
136      97.105
137      60.2279
138      68.2455
139      0
140      0
141      92.8332
142      0
143      85.476
144      78.7281
145      98.1029
146      99.1475
147      98.8449
148      99.0258
149      84.3002
150      99.4121
151      0
152      58.7344
153      67.7155
154      0
155      91.9336
156      99.7548
157      71.1032
158      99.6328
159      85.6195
160      0
161      99.6029
162      0
163      60.348
164      0
165      82.3922
166      90.9068
167      98.8782
168      0
169      0
170      99.1113
171      43.0042
172      98.4639
173      0
174      69.8699
175      96.2699
176      0
177      95.3165
178      99.1287
179      0
180      98.3736
181      88.2538
182      98.3559
183      96.8271
184      0
185      0
186      98.7108
187      0
188      0
189      0
190      99.3079
191      97.639
192      0
193      0
194      77.6255
195      91.8494
196      98.8922
197      0
198      65.5351
199      96.7996
200      94.6464
201      66.0284
202      99.5262
203      0
204      85.2619
205      63.756
206      99.0659
207      69.9
208      86.437
209      48.2511
210      63.8976
211      99.6101
212      96.0669
213      91.7594
214      0
215      0
216      0
217      0
218      98.2511
219      92.9495
220      53.7461
221      97.1091
222      89.2367
223      64.0889
224      86.7814
225      98.6797
226      0
227      89.0165
228      0
229      99.0517
230      58.3499
231      98.9345
232      87.1163
233      98.4047
234      88.5672
235      98.4355
236      0
237      0
238      60.3398
239      88.7544
240      55.222
241      99.0466
242      0
243      0
244      0
245      89.1128
246      0
247      0
248      0
249      80.0837
250      99.1001
251      0
252      0
253      99.8241
254      65.4757
255      68.8369
256      70.405
257      99.7449
258      0
259      98.914
260      80.6501
261      91.8069
262      32.612
263      0.000576872
264      75.4921
265      66.3679
266      99.301
267      98.9871
268      99.3585
269      98.7824
270      60.9056
271      90.3364
272      66.1742
273      0
274      0
275      99.159
276      0
277      94.1156
278      0
279      0
280      57.6
281      96.163
282      99.4243
283      97.5848
284      0
285      0
286      98.6509
287      99.0822
288      87.7034
289      69.667
290      79.777
291      0
292      99.3126
293      0
294      81.7119
295      99.905
296      87.2917
297      59.039
298      0
299      73.0758
300      99.5238
301      68.7515
302      73.4357
303      72.5203
304      0
305      0
306      99.8051
307      95.581
308      99.8074
309      90.1168
310      0
311      73.3556
312      56.572
313      0
314      63.213
315      94.2455
316      0
317      0
318      0
319      99.4223
320      78.8549
321      94.5529
322      96.6291
323      61.2591
324      99.6587
325      0
326      98.2084
327      98.5712
328      98.8773
329      0
330      99.7251
331      97.0779
332      81.5528
333      99.525
334      0
335      66.6681
336      0
337      0
338      0
339      0
340      97.8881
341      97.1908
342      91.3628
343      99.9941
344      57.9597
345      59.912
346      83.8951
347      0
348      37.695
349      51.3452
350      75.4234
351      0
352      99.5619
353      0
354      98.2612
355      99.9757
356      81.3446
357      99.9816
358      0
359      0
360      95.564
361      98.0662
362      0
363      0
364      59.187
365      0
366      98.0258
367      72.2022
368      0
369      0
370      0
371      0
372      0
373      74.9759
374      90.7152
375      0
376      0
377      32.9979
378      0
379      79.0756
380      99.7277
381      79.3557
382      98.2049
383      66.6407
384      99.4344
385      95.7682
386      80.3375
387      0
388      92.0278
389      92.9034
390      99.6391
391      98.0726
392      81.0277
393      0
394      97.7457
395      99.069
396      0
397      0
398      54.8157
399      99.3831
400      98.5439
401      98.7332
402      0
403      55.4767
404      98.5329
405      98.4296
406      87.4866
407      51.2112
408      76.288
409      62.9105
410      76.5706
411      0
412      0
413      91.8032
414      0
415      0
416      95.6999
417      0
418      86.979
419      50.9838
420      99.6072
421      83.7427
422      0
423      99.2859
424      0
425      97.3101
426      0
427      0
428      60.4101
429      56.5404
430      0
431      0
432      95.6517
433      99.8137
434      79.7243
435      0
436      0
437      0
438      99.1809
439      95.3468
440      65.3641
441      75.1051
442      0
443      94.3791
444      71.6262
445      95.1465
446      0
447      93.3718
448      62.8349
449      93.5547
450      0
451      0
452      97.6812
453      0
454      87.6585
455      89.5118
456      98.7938
457      71.6418
458      89.6863
459      0
460      99.8442
461      0
462      0
463      0
464      99.5171
465      0
466      0
467      97.9713
468      99.524
469      90.9083
470      96.5166
471      99.5861
472      97.461
473      83.5862
474      99.2096
475      54.652
476      61.4363
477      99.6068
478      77.8627
479      85.8791
480      75.2099
481      49.0711
482      0
483      91.5256
484      97.6435
485      88.3145
486      70.9983
487      61.2402
488      0
489      0
490      97.7478
491      0
492      99.2727
493      91.9454
494      0
495      73.3064
496      88.6692
497      0
498      90.1997
499      0
       17354.7
