0      0
1      87.3018
2      99.3272
3      98.5669
4      0
5      99.9825
6      0
7      99.9248
8      99.9337
9      0
10      99.572
11      59.3206
12      79.8053
13      71.758
14      99.9197
15      99.8418
16      99.8583
17      99.9878
18      99.9293
19      87.1589
20      99.6621
21      99.8254
22      0
23      82.0607
24      0
25      99.9992
26      0
27      96.5464
28      0
29      99.9611
30      0
31      85.8323
32      0
33      0
34      99.9711
35      99.9423
36      45.1896
37      0
38      0
39      62.5432
40      99.8838
41      0
42      99.9592
43      0
44      46.3164
45      0
46      99.9042
47      83.601
48      99.9929
49      0
       1615.14
