0      79.1255
1      67.2405
2      98.9037
3      99.1965
4      62.0741
5      75.6638
6      88.291
7      99.1684
8      91.9664
9      72.4895
10      0
11      64.9206
12      0
13      0
14      71.6504
15      0
16      79.9189
17      98.9812
18      79.3977
19      52.669
20      97.076
21      0
22      88.825
23      93.6714
24      95.5553
25      0
26      99.6713
27      0
28      98.8775
29      99.6604
30      0
31      0
32      98.2572
33      0
34      99.2204
35      68.7536
36      73.3724
37      54.5959
38      0
39      99.9648
40      0
41      99.2584
42      0
43      69.0936
44      65.2547
45      69.6892
46      0
47      99.7481
48      66.8558
49      58.4451
50      95.4019
51      98.2224
52      63.6439
53      0
54      0
55      0
56      79.8182
57      99.5158
58      62.807
59      0
60      99.5581
61      99.1799
62      67.3194
63      0
64      0
65      69.1536
66      89.1123
67      0
68      62.5804
69      78.3117
70      0
71      0
72      0
73      90.2968
74      96.6749
75      68.5529
76      0
77      0
78      98.4189
79      0
80      86.6378
81      95.1016
82      63.198
83      56.7794
84      77.7965
85      0
86      0
87      56.1748
88      98.9775
89      84.138
90      99.5618
91      0
92      0
93      97.3154
94      99.9604
95      96.2766
96      0
97      50.8886
98      98.2787
99      99.9981
100      63.5723
101      77.9522
102      87.7394
103      0
104      94.7995
105      99.4254
106      60.9848
107      0
108      0
109      73.4363
110      96.8849
111      75.1251
112      0
113      0
114      0
115      62.8911
116      98.2192
117      0
118      46.9234
119      0
120      99.6484
121      61.4741
122      0
123      74.3925
124      70.4686
125      0
126      93.4528
127      99.9889
128      0
129      67.5558
130      95.6429
131      97.9314
132      0
133      0
134      88.3493
135      97.5279
136      99.5292
137      77.064
138      63.8409
139      0
140      59.6524
141      97.0166
142      88.8261
143      0
144      0
145      82.2026
146      97.5247
147      91.1728
148      79.793
149      98.6956
150      0
151      0
152      0
153      86.2091
154      99.3701
155      99.8982
156      99.0183
157      43.0026
158      0
159      99.0865
160      73.5435
161      0
162      53.8254
163      96.9373
164      97.3174
165      0
166      98.5098
167      99.0819
168      0
169      0
170      0
171      0
172      89.1339
173      35.8364
174      0
175      89.9239
176      99.4648
177      72.9077
178      99.9885
179      99.8881
180      72.0247
181      66.2382
182      99.2362
183      44.2133
184      47.8855
185      0
186      92.1053
187      0
188      78.7956
189      0
190      78.1815
191      89.5202
192      99.2548
193      99.7151
194      50.565
195      98.0712
196      93.1882
197      98.6831
198      85.1427
199      94.9425
200      0
201      71.7307
202      0
203      0
204      99.4537
205      99.1582
206      67.9392
207      0
208      0
209      51.9508
210      99.6335
211      97.3028
212      80.276
213      0
214      0
215      0
216      97.8599
217      98.5281
218      0
219      0
220      80.0053
221      0
222      0
223      97.0733
224      81.1512
225      55.8839
226      97.1668
227      99.6243
228      81.4549
229      97.0344
230      0
231      99.109
232      93.6733
233      95.702
234      48.0748
235      0
236      97.7058
237      0
238      0
239      99.2857
240      98.8653
241      98.9798
242      89.1823
243      0
244      99.606
245      0
246      0
247      0
248      0
249      94.9298
250      75.4909
251      97.9304
252      0
253      97.4605
254      99.6964
255      0
256      0
257      95.3433
258      98.1848
259      99.4658
260      63.4771
261      98.2664
262      99.6698
263      0
264      97.0474
265      63.6836
266      99.1442
267      96.6785
268      99.4765
269      98.009
270      66.6187
271      0
272      94.4775
273      0
274      93.5473
275      90.3065
276      0
277      46.2253
278      99.9327
279      96.9575
280      78.1172
281      66.5741
282      99.9048
283      0
284      76.3006
285      99.7172
286      99.8308
287      99.6668
288      48.6563
289      61.6553
290      97.9385
291      99.4187
292      98.7221
293      84.0021
294      66.3686
295      89.8398
296      97.7258
297      71.6182
298      90.8943
299      0
300      0
301      0
302      97.363
303      96.6455
304      64.4193
305      98.9325
306      98.9052
307      0
308      0
309      0
310      0
311      72.9757
312      0
313      99.9363
314      92.4834
315      98.4203
316      0
317      0
318      99.2699
319      0
320      81.0887
321      98.6983
322      0
323      89.6808
324      0
325      0
326      99.8403
327      0
328      0
329      87.8284
330      85.6828
331      99.1306
332      96.9279
333      0
334      0
335      0
336      0
337      81.6031
338      92.2281
339      98.0741
340      49.007
341      72.0029
342      98.7107
343      99.2615
344      54.28
345      80.9837
346      97.8647
347      0
348      91.6896
349      0
350      63.4225
351      98.47
352      95.193
353      0
354      72.2851
355      93.4075
356      83.738
357      0
358      99.9626
359      79.7988
360      0
361      69.3581
362      0
363      0
364      85.8785
365      99.6142
366      97.7115
367      30.3711
368      99.4908
369      0
370      0
371      0
372      99.6972
373      0
374      65.6218
375      0
376      77.9041
377      0
378      0
379      97.6507
380      0
381      0
382      65.1512
383      99.4989
384      0
385      61.7302
386      0
387      48.3516
388      0
389      77.3988
390      0
391      0
392      96.809
393      97.771
394      90.6031
395      98.8062
396      0
397      0
398      99.9885
399      98.8221
400      98.8598
401      98.6753
402      99.1979
403      98.6555
404      70.2266
405      90.6414
406      0
407      0
408      0
409      86.4998
410      0
411      0
412      0
413      49.8175
414      80.7586
415      87.9452
416      0
417      80.3336
418      0
419      98.1794
420      98.3528
421      84.7107
422      0
423      97.9507
424      98.9826
425      65.7794
426      0
427      0
428      86.7008
429      64.2603
430      95.0146
431      99.5952
432      99.407
433      0
434      99.2613
435      99.8241
436      98.8052
437      0
438      99.9494
439      0
440      93.2491
441      0
442      99.4558
443      95.577
444      99.8124
445      94.074
446      0
447      98.3784
448      0
449      0
450      98.4407
451      0
452      90.9159
453      0
454      89.9601
455      49.1815
456      0
457      0
458      70.9343
459      99.7616
460      98.4445
461      97.7068
462      69.6355
463      0
464      99.886
465      66.2833
466      85.7843
467      96.9009
468      95.6681
469      98.0244
470      89.3694
471      94.3717
472      70.769
473      0
474      82.6262
475      0
476      0
477      0
478      84.5973
479      85.9954
480      99.7113
481      95.1427
482      0
483      0
484      0
485      99.7552
486      99.2291
487      45.9483
488      0
489      99.8343
490      73.8997
491      95.0153
492      72.5666
493      98.4724
494      99.1039
495      0
496      0
497      98.8078
498      99.3456
499      99.5786
       16683
