0      0
1      0
2      99.6905
3      76.1252
4      99.8085
5      0
6      56.4722
7      51.5469
8      99.6437
9      99.5258
10      99.7588
11      99.693
12      99.2488
13      92.4758
14      88.6325
15      99.6132
16      99.6702
17      77.439
18      73.6219
19      99.7572
20      95.5158
21      0
22      0
23      99.7626
24      99.9555
25      84.3728
26      0
27      99.9894
28      61.9348
29      44.6875
30      99.3431
31      83.0176
32      39.8657
33      56.4643
34      0
35      0
36      0
37      0.000160947
38      0
39      98.1492
40      0
41      60.329
42      0
43      0
44      0
45      98.5281
46      63.1855
47      0
48      53.701
49      0
50      0
51      0
52      0
53      86.7867
54      56.6812
55      0
56      90.4663
57      43.6206
58      99.8277
59      99.1865
60      84.3389
61      0
62      78.3271
63      99.8469
64      0
65      0
66      99.6411
67      0
68      99.8734
69      0
70      0
71      0
72      98.19
73      0
74      89.5146
75      0
76      99.3714
77      97.334
78      70.1934
79      0
80      52.0283
81      85.6606
82      43.0284
83      99.1632
84      80.713
85      99.764
86      0
87      0
88      95.7479
89      79.7261
90      0
91      0
92      0
93      0
94      99.5053
95      63.1669
96      65.5672
97      85.8777
98      0
99      72.1584
100      53.0779
101      0
102      0
103      0
104      80.7898
105      99.1369
106      0
107      99.5378
108      94.7765
109      84.9091
110      94.4228
111      88.8665
112      99.996
113      99.1657
114      0
115      0
116      86.352
117      0
118      74.2813
119      0
120      0
121      92.465
122      99.7247
123      98.4168
124      0
125      0
126      99.6518
127      0
128      63.0724
129      99.8293
130      97.9333
131      0
132      99.2493
133      50.0459
134      99.8098
135      99.7485
136      0
137      98.8419
138      73.8188
139      0
140      0
141      99.7886
142      99.1896
143      94.5375
144      85.5988
145      98.3876
146      0
147      93.05
148      99.6654
149      0
150      93.6537
151      73.3507
152      80.5637
153      0
154      0
155      0
156      99.8112
157      0
158      99.9812
159      77.9882
160      0
161      98.672
162      92.8991
163      52.5032
164      0
165      75.448
166      0
167      0
168      93.5743
169      0
170      99.7838
171      97.2799
172      0
173      99.13
174      0
175      0
176      99.7316
177      50.2159
178      0
179      57.4359
180      99.606
181      96.8424
182      0
183      99.7152
184      99.6096
185      91.716
186      99.688
187      87.6195
188      37.9603
189      99.6935
190      54.932
191      91.0315
192      99.3401
193      99.9671
194      99.2625
195      0
196      98.2872
197      99.3198
198      99.9499
199      0
       6185.63
