0      57.2925
1      99.1893
2      87.003
3      69.2455
4      0
5      77.6373
6      0
7      91.4612
8      84.525
9      0
10      60.9055
11      0
12      66.5645
13      96.8523
14      0
15      0
16      0
17      0
18      88.1229
19      92.3053
20      80.188
21      87.149
22      0
23      86.0292
24      90.5761
25      0
26      73.0937
27      76.7478
28      0
29      95.3307
30      90.2259
31      98.4217
32      0
33      0
34      99.1183
35      0
36      80.9796
37      0
38      49.2911
39      62.6078
40      0
41      97.6577
42      82.9627
43      97.1879
44      96.9093
45      98.6725
46      90.8883
47      96.7345
48      75.7401
49      52.5521
50      68.218
51      74.9399
52      89.1645
53      68.5013
54      96.1657
55      97.8609
56      75.9572
57      78.1834
58      86.6053
59      0
60      38.3317
61      97.1772
62      82.7303
63      88.7084
64      0
65      80.2225
66      99.1883
67      22.2508
68      99.8115
69      98.3629
70      99.1221
71      99.1634
72      95.0735
73      0
74      97.3236
75      85.8393
76      0
77      87.7148
78      73.7922
79      57.726
80      90.965
81      0
82      0
83      0
84      0
85      90.7895
86      94.9488
87      98.7424
88      94.2498
89      94.3175
90      0
91      94.3325
92      0
93      79.8372
94      0
95      0
96      83.1568
97      72.9657
98      98.5764
99      0
100      51.926
101      0
102      62.7464
103      87.5558
104      96.4203
105      63.5548
106      78.4839
107      0
108      0
109      95.9177
110      67.7694
111      0
112      0
113      86.2861
114      81.5162
115      0
116      0
117      94.6223
118      93.0755
119      88.5228
120      86.3266
121      0
122      96.7621
123      0
124      0
125      0
126      57.0268
127      66.2565
128      69.4456
129      83.1589
130      0
131      72.2521
132      99.5288
133      60.676
134      95.854
135      87.5961
136      0
137      0
138      69.9374
139      0
140      88.1061
141      93.5306
142      0
143      99.7315
144      98.6686
145      0
146      0
147      65.1359
148      0
149      99.2694
150      88.6604
151      81.5328
152      99.317
153      90.9442
154      0
155      95.2436
156      0
157      89.129
158      96.4357
159      79.3706
160      93.3324
161      89.7593
162      72.116
163      0
164      61.6614
165      0
166      82.1376
167      0
168      0
169      85.489
170      0
171      0
172      0
173      84.7945
174      0
175      91.073
176      0
177      83.9433
178      71.7976
179      0
180      0
181      76.8404
182      0
183      98.9159
184      57.5658
185      97.149
186      97.7217
187      0
188      72.8808
189      95.9
190      0
191      0
192      0
193      0
194      0
195      99.7157
196      0
197      74.4378
198      0
199      93.6489
200      0
201      60.309
202      76.3469
203      0
204      87.6857
205      0
206      0
207      0
208      0
209      99.6876
210      74.2657
211      99.4048
212      0
213      72.7259
214      0
215      0
216      78.1726
217      0
218      0
219      95.1113
220      0
221      95.6481
222      0
223      99.8054
224      95.6217
225      94.5243
226      0
227      0
228      0
229      0
230      88.2822
231      95.3564
232      72.0298
233      0
234      0
235      0
236      89.5761
237      0
238      87.203
239      95.2068
240      96.7656
241      0
242      94.7971
243      99.9911
244      89.4355
245      97.778
246      70.3302
247      30.2064
248      0
249      86.2999
250      60.303
251      89.3656
252      99.3896
253      94.6838
254      49.533
255      55.4309
256      95.3925
257      66.1042
258      64.2289
259      0
260      59.3317
261      96.8588
262      0
263      0
264      0
265      96.9706
266      99.9189
267      0
268      91.6227
269      0
270      44.7054
271      97.2499
272      77.6663
273      0
274      0
275      94.6343
276      97.984
277      88.0045
278      99.8506
279      0
280      0
281      89.7719
282      92.1018
283      99.2303
284      92.0489
285      0
286      0
287      83.3546
288      72.6412
289      0
290      73.7084
291      0
292      88.3539
293      96.6977
294      98.2568
295      93.3072
296      80.6183
297      98.0901
298      0
299      83.0677
300      98.9936
301      0
302      95.487
303      97.265
304      87.4117
305      0
306      98.797
307      0
308      94.3895
309      94.3006
310      88.3529
311      0
312      98.7602
313      98.9528
314      71.6891
315      86.8334
316      98.0373
317      91.8704
318      0
319      48.2328
320      36.8812
321      98.0494
322      91.8669
323      97.5534
324      0
325      0
326      0
327      85.6854
328      0
329      0
330      0
331      79.4874
332      0
333      77.4274
334      0
335      91.4104
336      0
337      0
338      58.43
339      96.3964
340      0
341      84.4722
342      97.4087
343      0
344      98.4887
345      0
346      95.8223
347      0
348      75.7876
349      0
350      99.7318
351      94.5913
352      0
353      93.4279
354      0
355      0
356      91.2017
357      63.5037
358      35.4118
359      85.9425
360      0
361      84.5526
362      0
363      57.1762
364      0
365      0
366      90.3724
367      97.3218
368      74.639
369      98.118
370      0
371      86.9644
372      62.7173
373      97.0383
374      98.8444
375      54.869
376      0
377      78.0482
378      89.3528
379      75.0581
380      94.9929
381      0
382      75.7718
383      94.1259
384      93.9155
385      99.2763
386      98.0065
387      95.5191
388      0
389      74.5114
390      0
391      97.6342
392      0
393      89.8646
394      0
395      75.3689
396      98.3842
397      0
398      0
399      80.967
400      68.0621
401      98.3009
402      75.4168
403      95.5206
404      89.905
405      95.6724
406      0
407      0
408      0
409      58.0848
410      95.1033
411      94.981
412      91.5665
413      92.9109
414      82.1652
415      0
416      71.2282
417      96.2698
418      92.9213
419      69.8309
420      97.2792
421      0
422      0
423      0
424      0
425      0
426      80.9844
427      0
428      0
429      75.1859
430      83.1704
431      99.0064
432      94.6909
433      0
434      0
435      0
436      87.1774
437      74.8836
438      0
439      0
440      0
441      0
442      52.3934
443      87.3534
444      83.9059
445      47.7901
446      92.4488
447      0
448      96.2436
449      90.065
450      99.7828
451      0
452      0
453      89.352
454      0
455      88.3336
456      0
457      0
458      0
459      71.623
460      95.4504
461      0
462      0
463      0
464      96.2704
465      90.814
466      0
467      83.8609
468      88.3969
469      0
470      93.1853
471      98.2961
472      98.6613
473      0
474      99.2889
475      87.6032
476      97.6818
477      87.5873
478      91.3839
479      88.5541
480      99.3467
481      0
482      59.2597
483      0
484      97.9855
485      45.4158
486      60.2214
487      85.5916
488      89.9386
489      94.7654
490      88.8748
491      0
492      93.7939
493      0
494      84.3202
495      93.0449
496      86.3318
497      95.5726
498      0
499      84.9092
500      98.0447
501      97.0867
502      83.9153
503      93.599
504      87.5967
505      0
506      75.3266
507      88.306
508      97.8143
509      97.996
510      92.962
511      46.8117
512      96.973
513      87.9422
514      0
515      0
516      0
517      0
518      0
519      0
520      91.8947
521      91.3136
522      0
523      78.9679
524      63.681
525      75.1658
526      98.4741
527      76.3562
528      92.7638
529      99.5337
530      97.6022
531      0
532      75.0665
533      89.0535
534      99.3819
535      96.5779
536      0
537      90.0149
538      99.9873
539      88.8909
540      0
541      76.7242
542      92.5228
543      0
544      0
545      98.941
546      96.3279
547      0
548      97.1471
549      0
550      98.2879
551      82.6984
552      95.4983
553      0
554      96.2001
555      0
556      92.0938
557      48.0496
558      0
559      0
560      96.501
561      0
562      66.8568
563      97.2855
564      79.4735
565      0
566      0
567      97.3061
568      0
569      0
570      68.7307
571      64.3457
572      0
573      95.2711
574      61.9449
575      0
576      71.5615
577      88.6809
578      96.1697
579      89.8317
580      99.2898
581      81.7268
582      86.5168
583      53.6339
584      97.7015
585      0
586      0
587      0
588      65.8396
589      91.6302
590      94.7102
591      0
592      98.9914
593      72.5855
594      29.035
595      0
596      97.9998
597      0
598      89.9955
599      0
600      65.7028
601      85.1959
602      82.5347
603      95.1691
604      94.0344
605      98.1326
606      91.1425
607      97.3004
608      99.8236
609      99.7389
610      0
611      0
612      90.3422
613      0
614      94.6121
615      0
616      76.6785
617      93.5905
618      88.3513
619      0
620      0
621      0
622      88.1367
623      68.4398
624      99.365
625      97.7891
626      67.2999
627      95.1631
628      91.8788
629      0
630      0
631      98.8789
632      72.6403
633      0
634      88.9957
635      99.5923
636      95.5386
637      0
638      76.4183
639      0
640      36.625
641      0
642      82.848
643      87.1083
644      0
645      0
646      62.2178
647      79.3653
648      97.595
649      77.0312
650      99.427
651      0
652      90.96
653      96.0008
654      0
655      0
656      58.1198
657      63.7804
658      91.7601
659      91.6685
660      54.9515
661      0
662      0
663      0
664      68.6134
665      0
666      91.1158
667      95.7748
668      91.0003
669      96.1011
670      0
671      77.2517
672      0
673      54.0802
674      97.8402
675      0
676      61.118
677      96.7459
678      89.598
679      97.3368
680      92.3105
681      0
682      91.4127
683      89.797
684      97.0718
685      99.6399
686      65.8234
687      67.1206
688      80.5124
689      0
690      94.1108
691      98.4711
692      82.6037
693      86.4622
694      0
695      0
696      97.8135
697      80.9859
698      0
699      87.248
700      60.6648
701      83.648
702      84.8217
703      0
704      94.417
705      89.6002
706      0
707      68.6086
708      74.4507
709      95.8613
710      0
711      0
712      0
713      66.4689
714      0
715      0
716      97.5636
717      96.1332
718      77.1959
719      0
720      95.4627
721      46.7674
722      82.4418
723      90.0414
724      0
725      86.6433
726      77.9088
727      69.1554
728      87.8435
729      96.8837
730      92.1238
731      94.1864
732      82.648
733      94.8815
734      0
735      0
736      0
737      0
738      78.9321
739      93.5492
740      0
741      99.1488
742      52.3764
743      76.4752
744      0
745      99.5199
746      99.9112
747      0
748      99.0614
749      0
750      0
751      0
752      0
753      0
754      62.6522
755      88.4505
756      93.0664
757      55.3548
758      99.4732
759      0
760      97.5599
761      72.5319
762      0
763      85.8725
764      0
765      90.2017
766      99.4723
767      89.9891
768      0
769      71.4497
770      95.141
771      0
772      95.6428
773      0
774      93.5351
775      98.7984
776      97.8792
777      94.3753
778      0
779      0
780      98.9199
781      97.634
782      95.5231
783      58.6965
784      76.3091
785      99.8176
786      0
787      81.3344
788      0
789      0
790      33.1944
791      40.3933
792      98.3825
793      0
794      0
795      0
796      0
797      91.0384
798      82.6915
799      93.7419
800      98.5599
801      0
802      0
803      59.7651
804      97.0873
805      54.0794
806      0
807      86.7551
808      0
809      95.0105
810      0
811      0
812      0
813      0
814      91.0208
815      59.0867
816      0
817      96.6976
818      87.679
819      47.4536
820      92.8332
821      96.8901
822      96.2524
823      87.3551
824      50.5509
825      98.4165
826      71.4643
827      0
828      96.3599
829      71.6583
830      0
831      91.7793
832      67.8345
833      93.2512
834      96.5493
835      0
836      85.1076
837      81.9463
838      36.0382
839      0
840      54.0578
841      0
842      72.1505
843      0
844      0
845      0
846      65.9372
847      57.5719
848      98.4448
849      47.4704
850      46.0405
851      99.6857
852      0
853      90.2868
854      96.2967
855      0
856      73.5926
857      88.6317
858      64.9971
859      0
860      85.7742
861      74.7612
862      86.9369
863      0
864      0
865      99.178
866      64.1446
867      99.2533
868      65.891
869      94.2019
870      82.4776
871      93.499
872      0
873      83.6846
874      0
875      68.4127
876      98.0634
877      84.8739
878      90.2665
879      99.1163
880      96.5091
881      0
882      86.9115
883      94.9466
884      65.9109
885      92.053
886      0
887      75.3731
888      0
889      0
890      90.2932
891      97.4012
892      85.3031
893      0
894      0
895      86.9673
896      83.8108
897      96.8319
898      97.8826
899      97.4583
900      73.8803
901      0
902      0
903      0
904      0
905      85.0057
906      74.5533
907      65.194
908      95.496
909      94.4383
910      0
911      0
912      0
913      91.3397
914      0
915      94.6426
916      43.7438
917      0
918      0
919      91.2856
920      0
921      0
922      97.6859
923      94.6728
924      84.8451
925      99.1158
926      0
927      73.4796
928      0
929      88.698
930      95.2987
931      99.2336
932      61.5086
933      0
934      69.1062
935      0
936      73.615
937      0
938      0
939      88.3618
940      99.3671
941      0
942      98.0605
943      82.0798
944      99.2731
945      91.4136
946      97.604
947      0
948      98.781
949      0
950      99.2022
951      99.8026
952      86.139
953      0
954      82.4462
955      88.8142
956      0
957      93.7917
958      0
959      0
960      98.5375
961      0
962      0
963      92.5273
964      0
965      38.3846
966      0
967      80.9708
968      54.3656
969      0
970      0
971      0
972      61.2237
973      90.7382
974      0
975      99.0638
976      95.6007
977      81.3388
978      90.812
979      98.8096
980      0
981      72.1814
982      0
983      0
984      0
985      0
986      96.9032
987      98.1167
988      0
989      0
990      98.2882
991      88.1561
992      0
993      93.1128
994      97.3806
995      0
996      96.718
997      95.4849
998      0
999      58.9489
1000      97.0641
1001      55.7346
1002      52.5124
1003      0
1004      0
1005      84.6967
1006      68.5622
1007      69.9241
1008      92.2579
1009      97.8224
1010      91.4845
1011      95.4517
1012      89.6011
1013      54.6628
1014      0
1015      0
1016      98.892
1017      97.496
1018      0
1019      90.325
1020      0
1021      0
1022      0
1023      97.896
1024      95.5228
1025      91.0642
1026      95.8857
1027      97.8276
1028      73.1548
1029      68.453
1030      65.3272
1031      0
1032      0
1033      91.8467
1034      82.4604
1035      65.66
1036      99.3833
1037      0
1038      0
1039      88.6607
1040      90.8884
1041      96.6371
1042      73.9552
1043      87.407
1044      85.8909
1045      0
1046      82.2836
1047      0
1048      87.6543
1049      86.911
1050      0
1051      0
1052      0
1053      96.5178
1054      91.3138
1055      91.5254
1056      0
1057      0
1058      0
1059      65.404
1060      99.0621
1061      0
1062      0
1063      0
1064      0
1065      65.0494
1066      0
1067      80.5722
1068      0
1069      96.8628
1070      97.5439
1071      0
1072      0
1073      62.9755
1074      96.9281
1075      87.7244
1076      62.3485
1077      89.9266
1078      0
1079      0
1080      0
1081      76.6549
1082      0
1083      0
1084      0
1085      0
1086      98.7366
1087      70.6889
1088      0
1089      95.9833
1090      0
1091      97.6854
1092      0
1093      96.6616
1094      0
1095      99.9121
1096      94.1682
1097      0
1098      0
1099      51.4206
1100      98.0583
1101      0
1102      0
1103      98.1959
1104      99.6564
1105      0
1106      93.0188
1107      99.0399
1108      0
1109      97.7745
1110      95.8183
1111      98.8397
1112      85.0041
1113      94.9836
1114      84.7092
1115      93.8737
1116      98.651
1117      0
1118      0
1119      91.9266
1120      0
1121      58.6355
1122      0
1123      0
1124      83.4405
1125      0
1126      97.5972
1127      0
1128      87.0778
1129      0
1130      90.4683
1131      89.0152
1132      68.4449
1133      96.4601
1134      97.9357
1135      49.3925
1136      0
1137      91.9844
1138      0
1139      0
1140      0
1141      0
1142      70.3506
1143      61.1684
1144      95.5844
1145      0
1146      74.7681
1147      0
1148      97.1697
1149      0
1150      0
1151      95.4543
1152      0
1153      93.6713
1154      87.6085
1155      0
1156      91.2766
1157      0
1158      95.5008
1159      97.9737
1160      78.1284
1161      0
1162      90.8343
1163      97.316
1164      0
1165      71.0253
1166      49.3028
1167      71.1685
1168      0
1169      97.4476
1170      0
1171      96.9413
1172      96.3057
1173      82.2489
1174      0
1175      0
1176      0
1177      0
1178      95.2243
1179      0
1180      0
1181      85.3555
1182      99.0047
1183      69.2251
1184      0
1185      68.9149
1186      99.4805
1187      97.8686
1188      90.6316
1189      94.0176
1190      81.3541
1191      52.5315
1192      97.51
1193      95.861
1194      0
1195      93.9482
1196      97.0429
1197      92.7467
1198      90.5156
1199      70.7817
1200      98.1332
1201      85.7356
1202      0
1203      92.8916
1204      0
1205      73.485
1206      0
1207      0
1208      97.3387
1209      76.3204
1210      59.1817
1211      0
1212      76.1337
1213      99.8376
1214      67.5466
1215      0
1216      80.1225
1217      85.8389
1218      0
1219      63.199
1220      85.4002
1221      0
1222      84.303
1223      0
1224      97.8
1225      60.1283
1226      0
1227      89.5437
1228      0
1229      65.3183
1230      53.6998
1231      94.3349
1232      97.1505
1233      69.1229
1234      0
1235      99.7624
1236      0
1237      95.2147
1238      94.2895
1239      87.8888
1240      71.4193
1241      99.7255
1242      0
1243      0
1244      96.3658
1245      66.7052
1246      0
1247      96.2564
1248      96.2456
1249      0
1250      77.3085
1251      94.9496
1252      0
1253      92.3016
1254      94.6438
1255      98.5352
1256      68.4494
1257      64.3064
1258      99.6207
1259      96.0317
1260      91.012
1261      90.2168
1262      58.7446
1263      0
1264      96.7933
1265      90.6085
1266      95.7826
1267      0
1268      88.526
1269      0
1270      92.8984
1271      0
1272      0
1273      76.4863
1274      97.6652
1275      63.2702
1276      94.7201
1277      0
1278      0
1279      79.8662
1280      0
1281      96.5498
1282      0
1283      82.9957
1284      0
1285      0
1286      90.9954
1287      99.6435
1288      0
1289      83.5836
1290      0
1291      87.3647
1292      91.7217
1293      0
1294      0
1295      0
1296      0
1297      97.5085
1298      0
1299      78.2788
1300      86.8422
1301      0
1302      96.561
1303      99.4569
1304      70.4328
1305      0
1306      0
1307      90.6354
1308      60.2562
1309      0
1310      95.314
1311      0
1312      70.8517
1313      85.0603
1314      93.0226
1315      92.7311
1316      89.2349
1317      71.7444
1318      94.9683
1319      0
1320      91.0792
1321      0
1322      0
1323      0
1324      81.6906
1325      0
1326      0
1327      98.2793
1328      91.0895
1329      98.4581
1330      0
1331      82.8419
1332      87.4635
1333      99.0187
1334      0
1335      0
1336      92.2785
1337      0
1338      0
1339      94.9532
1340      82.6872
1341      95.0706
1342      81.1691
1343      72.8602
1344      93.6
1345      97.4804
1346      0
1347      95.5251
1348      0
1349      94.4965
1350      78.6426
1351      0
1352      98.885
1353      54.8231
1354      99.0549
1355      85.8452
1356      88.7189
1357      91.5274
1358      0
1359      86.2704
1360      95.071
1361      91.9495
1362      59.4994
1363      58.4786
1364      85.9868
1365      0
1366      93.2259
1367      91.2831
1368      39.9028
1369      66.0467
1370      93.0299
1371      0
1372      0
1373      0
1374      0
1375      94.9357
1376      96.6574
1377      0
1378      67.5153
1379      0
1380      0
1381      88.0244
1382      95.5229
1383      0
1384      0
1385      82.5988
1386      98.7163
1387      0
1388      89.9907
1389      67.9447
1390      89.9493
1391      99.9825
1392      0
1393      95.4614
1394      0
1395      0
1396      63.2999
1397      0
1398      0
1399      84.0342
1400      98.4245
1401      0
1402      0
1403      0
1404      89.9389
1405      83.6096
1406      99.5497
1407      99.0088
1408      84.9993
1409      88.0437
1410      81.3137
1411      61.8375
1412      67.7979
1413      91.9183
1414      60.4151
1415      0
1416      0
1417      0
1418      0
1419      0
1420      0
1421      89.3691
1422      0
1423      0
1424      59.3838
1425      0
1426      0
1427      85.0874
1428      95.1165
1429      0
1430      0
1431      0
1432      89.2033
1433      0
1434      87.6676
1435      93.0405
1436      0
1437      91.0307
1438      96.4225
1439      0
1440      99.6932
1441      82.7261
1442      0
1443      99.8682
1444      99.2984
1445      0
1446      0
1447      60.336
1448      0
1449      71.451
1450      67.5891
1451      92.7646
1452      92.6285
1453      85.1543
1454      0
1455      81.2022
1456      0
1457      96.5595
1458      0
1459      94.938
1460      0
1461      93.6512
1462      53.1371
1463      0
1464      68.0347
1465      99.932
1466      99.2523
1467      97.4341
1468      0
1469      0
1470      38.9592
1471      96.6688
1472      95.5107
1473      98.3503
1474      0
1475      98.7566
1476      98.8302
1477      0
1478      0
1479      0
1480      0
1481      0
1482      0
1483      94.9228
1484      0
1485      0
1486      0
1487      87.7448
1488      97.8282
1489      96.6985
1490      94.3496
1491      80.9999
1492      76.3304
1493      93.8527
1494      94.3504
1495      97.0347
1496      90.3145
1497      0
1498      96.7578
1499      86.1287
1500      85.9229
1501      78.2012
1502      90.7351
1503      95.6745
1504      0
1505      0
1506      0
1507      0
1508      84.5873
1509      77.0869
1510      98.9559
1511      56.9461
1512      0
1513      93.5201
1514      0
1515      82.8981
1516      91.1173
1517      0
1518      99.0045
1519      0
1520      0
1521      99.1618
1522      0
1523      49.0386
1524      44.2659
1525      0
1526      0
1527      0
1528      93.3035
1529      65.4463
1530      96.3623
1531      0
1532      83.6876
1533      89.1725
1534      0
1535      97.5941
1536      98.482
1537      98.438
1538      58.5519
1539      74.2516
1540      98.5401
1541      0
1542      0
1543      0
1544      0
1545      0
1546      0
1547      99.458
1548      64.2498
1549      98.8867
1550      61.8395
1551      0
1552      97.6142
1553      0
1554      0
1555      98.937
1556      91.0296
1557      0
1558      78.8625
1559      99.577
1560      0
1561      55.1703
1562      95.9245
1563      74.7217
1564      95.7671
1565      99.8805
1566      99.3363
1567      77.1634
1568      87.5948
1569      83.8259
1570      0
1571      0
1572      90.1237
1573      86.0126
1574      0
1575      0
1576      0
1577      94.9274
1578      98.1821
1579      81.8524
1580      92.8452
1581      98.6981
1582      95.0281
1583      88.7665
1584      89.3775
1585      85.5831
1586      81.0685
1587      97.796
1588      99.8613
1589      44.2448
1590      53.2371
1591      90.2853
1592      84.75
1593      0
1594      0
1595      0
1596      77.5744
1597      90.7092
1598      86.3958
1599      63.1367
1600      97.1288
1601      0
1602      0
1603      99.5903
1604      0
1605      0
1606      86.8712
1607      82.4669
1608      0
1609      98.7214
1610      80.6685
1611      0
1612      93.0752
1613      0
1614      98.1938
1615      0
1616      0
1617      0
1618      76.8502
1619      75.0805
1620      97.0966
1621      90.6163
1622      55.077
1623      95.2861
1624      0
1625      80.6331
1626      64.8392
1627      0
1628      0
1629      81.7518
1630      89.9256
1631      98.439
1632      0
1633      0
1634      90.6823
1635      67.1479
1636      80.0241
1637      59.4353
1638      97.3303
1639      94.4716
1640      0
1641      74.4582
1642      0
1643      80.5783
1644      0
1645      90.9083
1646      94.1508
1647      93.0038
1648      78.3343
1649      0
1650      96.1985
1651      77.7838
1652      93.2878
1653      98.4474
1654      99.1894
1655      0
1656      0
1657      94.5096
1658      95.1596
1659      96.7952
1660      0
1661      0
1662      76.1181
1663      61.1415
1664      0
1665      97.8557
1666      51.3544
1667      0
1668      0
1669      0
1670      99.0381
1671      0
1672      0
1673      56.86
1674      82.6731
1675      95.7928
1676      85.4654
1677      95.9189
1678      0
1679      60.1193
1680      95.9584
1681      90.0018
1682      99.3095
1683      96.9012
1684      0
1685      0
1686      92.0295
1687      0
1688      0
1689      98.9425
1690      69.1284
1691      69.6591
1692      55.6138
1693      88.7483
1694      74.2894
1695      0
1696      0
1697      54.3009
1698      0
1699      93.0811
1700      95.453
1701      0
1702      0
1703      0
1704      0
1705      0
1706      66.8811
1707      91.8026
1708      88.2942
1709      0
1710      0
1711      0
1712      0
1713      86.0319
1714      91.6573
1715      84.2694
1716      0
1717      53.8142
1718      96.5914
1719      0
1720      83.851
1721      98.3722
1722      97.1404
1723      94.4593
1724      79.514
1725      90.5242
1726      96.0073
1727      52.5332
1728      92.2705
1729      90.4957
1730      79.5448
1731      95.4704
1732      79.9023
1733      85.2979
1734      70.7482
1735      94.874
1736      60.7582
1737      0
1738      96.217
1739      82.6072
1740      0
1741      96.7357
1742      92.8911
1743      0
1744      0
1745      0
1746      97.7766
1747      0
1748      97.467
1749      0
1750      64.0519
1751      88.1928
1752      97.4457
1753      0
1754      85.7198
1755      94.1508
1756      98.1335
1757      0
1758      0
1759      79.7259
1760      99.636
1761      0
1762      0
1763      0
1764      0
1765      0
1766      88.2253
1767      91.9233
1768      99.0009
1769      0
1770      0
1771      84.7957
1772      96.5115
1773      93.9645
1774      67.1177
1775      91.2523
1776      94.4188
1777      96.7116
1778      0
1779      96.3039
1780      92.7209
1781      76.5134
1782      0
1783      0
1784      93.4099
1785      0
1786      0
1787      0
1788      94.7502
1789      66.0242
1790      0
1791      0
1792      96.1814
1793      0
1794      0
1795      0
1796      0
1797      0
1798      70.4204
1799      97.2394
1800      0
1801      97.3327
1802      89.2764
1803      74.6654
1804      96.4406
1805      71.724
1806      97.744
1807      67.9133
1808      95.8726
1809      73.7998
1810      93.1931
1811      92.6759
1812      61.7264
1813      89.7153
1814      66.465
1815      97.2232
1816      0
1817      64.4163
1818      89.9658
1819      0
1820      99.7332
1821      99.0474
1822      0
1823      79.7406
1824      97.3976
1825      0
1826      49.4752
1827      79.3931
1828      55.2782
1829      90.9585
1830      0
1831      0
1832      95.8755
1833      0
1834      0
1835      84.4763
1836      90.6935
1837      0
1838      98.1915
1839      91.2905
1840      82.1548
1841      0
1842      95.2806
1843      77.9508
1844      99.4605
1845      38.3328
1846      92.3805
1847      0
1848      64.6223
1849      0
1850      97.0842
1851      0
1852      0
1853      52.9285
1854      97.012
1855      0
1856      94.8305
1857      87.4891
1858      86.1652
1859      78.8044
1860      97.1797
1861      98.5978
1862      82.629
1863      0
1864      85.9634
1865      0
1866      97.2678
1867      0
1868      0
1869      74.6959
1870      88.0238
1871      90.7524
1872      73.4537
1873      0
1874      85.5356
1875      0.0144598
1876      0
1877      0
1878      0
1879      95.3842
1880      93.9807
1881      0
1882      92.1561
1883      78.6689
1884      0
1885      0
1886      0
1887      0
1888      0
1889      0
1890      71.7112
1891      0
1892      0
1893      85.8768
1894      67.3987
1895      97.0086
1896      91.8697
1897      89.7311
1898      91.2895
1899      93.3408
1900      0
1901      67.3228
1902      99.9144
1903      92.6714
1904      86.2291
1905      95.0902
1906      0
1907      88.5931
1908      89.141
1909      93.0893
1910      0
1911      91.0736
1912      84.6168
1913      97.5241
1914      77.3567
1915      97.812
1916      85.8514
1917      95.2918
1918      90.7548
1919      99.3071
1920      65.8786
1921      98.7784
1922      83.4348
1923      84.527
1924      0
1925      0
1926      0
1927      97.1953
1928      57.2818
1929      62.635
1930      0
1931      84.9887
1932      0
1933      78.0353
1934      87.0944
1935      61.4605
1936      0
1937      73.5323
1938      0
1939      95.8951
1940      97.4847
1941      61.9697
1942      96.4633
1943      96.7396
1944      66.3748
1945      93.8278
1946      98.595
1947      77.4581
1948      61.6832
1949      74.7231
1950      94.7659
1951      99.568
1952      91.3782
1953      0
1954      81.2161
1955      98.8215
1956      0
1957      96.7924
1958      0
1959      0
1960      91.9173
1961      0
1962      89.42
1963      45.7872
1964      59.7944
1965      97.1396
1966      58.6076
1967      98.1433
1968      88.8521
1969      67.291
1970      0
1971      0
1972      0
1973      69.674
1974      0
1975      0
1976      58.9979
1977      0
1978      83.6631
1979      80.4557
1980      0
1981      89.2387
1982      88.2131
1983      90.7137
1984      96.0727
1985      61.5857
1986      54.5671
1987      0
1988      0
1989      0
1990      0
1991      91.5927
1992      0
1993      90.9731
1994      95.6207
1995      0
1996      83.1612
1997      87.9078
1998      0
1999      0
2000      72.78
2001      0
2002      0
2003      98.1707
2004      0
2005      86.4452
2006      86.1308
2007      39.2906
2008      0
2009      89.6969
2010      84.7352
2011      0
2012      96.1972
2013      0
2014      88.0085
2015      92.3534
2016      0
2017      84.9699
2018      95.1186
2019      96.7583
2020      0
2021      95.3736
2022      95.0949
2023      95.1892
2024      85.6442
2025      87.4991
2026      77.6489
2027      94.5724
2028      82.3526
2029      99.6304
2030      0
2031      0
2032      46.2155
2033      0
2034      88.4026
2035      88.3229
2036      94.6857
2037      0
2038      79.064
2039      0
2040      89.682
2041      67.6285
2042      90.1527
2043      0
2044      81.5499
2045      76.2467
2046      86.6688
2047      66.31
2048      0
2049      94.9358
2050      0
2051      0
2052      94.1527
2053      0
2054      87.6147
2055      0
2056      71.0756
2057      89.3969
2058      72.4551
2059      97.8334
2060      92.8278
2061      0
2062      95.5442
2063      0
2064      90.4645
2065      81.1991
2066      93.0431
2067      55.5371
2068      99.2849
2069      96.878
2070      70.3706
2071      96.0647
2072      88.8322
2073      92.5155
2074      98.2431
2075      96.8511
2076      96.734
2077      90.6532
2078      0
2079      0
2080      98.4007
2081      90.8838
2082      65.2022
2083      89.6478
2084      68.7782
2085      97.1827
2086      98.122
2087      98.1443
2088      0
2089      93.1925
2090      98.9394
2091      99.8449
2092      85.0616
2093      96.0423
2094      0
2095      0
2096      0
2097      92.802
2098      57.0712
2099      94.6944
2100      98.9272
2101      89.1781
2102      0
2103      98.3128
2104      0
2105      18.8414
2106      0
2107      82.6235
2108      0
2109      0
2110      93.7461
2111      0
2112      0
2113      96.7899
2114      57.4986
2115      92.5215
2116      0
2117      98.0203
2118      96.8135
2119      0
2120      0
2121      97.1506
2122      0
2123      79.3773
2124      82.6332
2125      97.4397
2126      97.8822
2127      0
2128      95.105
2129      97.6369
2130      0
2131      84.9618
2132      80.3446
2133      92.8105
2134      73.6752
2135      87.6896
2136      0
2137      72.4531
2138      0
2139      0
2140      0
2141      42.291
2142      99.9065
2143      44.746
2144      75.7879
2145      0
2146      96.5092
2147      99.9722
2148      0
2149      99.3418
2150      0
2151      60.8436
2152      0
2153      94.1686
2154      81.4313
2155      60.0284
2156      91.2297
2157      0
2158      46.4472
2159      99.9196
2160      98.283
2161      69.2639
2162      0
2163      0
2164      0
2165      0
2166      64.8727
2167      89.5067
2168      0
2169      94.412
2170      90.1883
2171      76.3281
2172      91.0319
2173      89.8656
2174      0
2175      84.4677
2176      62.0762
2177      98.8637
2178      93.8734
2179      71.3151
2180      61.5419
2181      0
2182      85.4911
2183      0
2184      0
2185      77.6531
2186      93.9425
2187      97.003
2188      85.7098
2189      54.6846
2190      68.4972
2191      0
2192      0
2193      0
2194      85.8719
2195      0
2196      96.8782
2197      0
2198      0
2199      98.2575
2200      99.0209
2201      85.6733
2202      0
2203      0
2204      85.7356
2205      83.5125
2206      0
2207      0
2208      67.8055
2209      0
2210      83.9664
2211      84.2846
2212      0
2213      0
2214      98.8222
2215      0
2216      86.647
2217      98.6947
2218      0
2219      98.907
2220      0
2221      71.5434
2222      89.6809
2223      0
2224      0
2225      92.6228
2226      92.7727
2227      55.981
2228      0
2229      0
2230      94.8291
2231      99.8781
2232      83.8991
2233      88.5694
2234      84.4016
2235      0
2236      74.8963
2237      70.4782
2238      51.3823
2239      92.7063
2240      77.2432
2241      0
2242      92.2774
2243      97.0869
2244      0
2245      87.0831
2246      91.8388
2247      48.2361
2248      0
2249      86.6917
2250      0
2251      0
2252      75.0346
2253      95.3121
2254      98.3413
2255      98.8623
2256      0
2257      96.8985
2258      80.9592
2259      99.4703
2260      93.2026
2261      93.3307
2262      77.6447
2263      96.3281
2264      0
2265      0
2266      0
2267      0
2268      72.7891
2269      0
2270      99.763
2271      0
2272      0
2273      62.9419
2274      78.0434
2275      0
2276      0
2277      84.7331
2278      97.5617
2279      0
2280      96.0976
2281      79.397
2282      0
2283      81.8999
2284      34.9021
2285      71.9081
2286      79.1192
2287      0
2288      87.2371
2289      0
2290      0
2291      0
2292      0
2293      98.549
2294      73.7971
2295      0
2296      66.6254
2297      86.0573
2298      97.3608
2299      82.2382
2300      98.2703
2301      90.3465
2302      0
2303      90.6478
2304      0
2305      92.4531
2306      55.6492
2307      0
2308      93.9782
2309      70.3491
2310      0
2311      64.2895
2312      0
2313      0
2314      94.4347
2315      59.887
2316      62.611
2317      0
2318      78.8324
2319      94.7145
2320      0
2321      94.1475
2322      69.4133
2323      0
2324      90.3863
2325      0
2326      0
2327      97.3203
2328      0
2329      0
2330      91.6761
2331      0
2332      0
2333      71.7318
2334      83.6381
2335      0
2336      66.6668
2337      75.5945
2338      98.8508
2339      0
2340      99.7124
2341      0
2342      0
2343      98.5494
2344      0
2345      28.2772
2346      0
2347      83.1074
2348      76.0874
2349      84.1937
2350      0
2351      0
2352      99.3181
2353      0
2354      93.1573
2355      0
2356      91.4181
2357      95.2893
2358      64.0421
2359      77.1949
2360      90.1879
2361      0
2362      0
2363      98.9722
2364      0
2365      0
2366      98.343
2367      38.1791
2368      89.5319
2369      94.7867
2370      68.6826
2371      86.1038
2372      93.5507
2373      0
2374      0
2375      72.71
2376      0
2377      89.4407
2378      77.2775
2379      0
2380      92.1966
2381      73.9929
2382      0
2383      0
2384      81.1503
2385      0
2386      0
2387      89.3347
2388      98.2789
2389      91.9985
2390      0
2391      96.4683
2392      83.2615
2393      83.0809
2394      78.7189
2395      99.5812
2396      93.758
2397      59.7479
2398      54.0814
2399      95.8288
2400      0
2401      0
2402      0
2403      0
2404      80.7345
2405      89.1125
2406      0
2407      98.4222
2408      0
2409      0
2410      0
2411      0
2412      0
2413      50.0696
2414      0
2415      94.9366
2416      99.951
2417      90.5313
2418      0
2419      0
2420      99.5328
2421      99.0572
2422      82.0144
2423      0
2424      95.3998
2425      0
2426      65.7062
2427      0
2428      98.9221
2429      38.2167
2430      86.546
2431      92.0029
2432      97.6683
2433      68.273
2434      88.3595
2435      0
2436      86.926
2437      0
2438      0
2439      96.381
2440      0
2441      0
2442      99.5457
2443      0
2444      97.5732
2445      89.8915
2446      64.3686
2447      89.3741
2448      0
2449      56.0228
2450      93.6107
2451      0
2452      0
2453      77.1235
2454      60.3638
2455      91.0461
2456      96.7612
2457      94.0526
2458      90.2332
2459      97.272
2460      84.6074
2461      0
2462      92.2405
2463      99.6405
2464      75.6161
2465      99.7776
2466      72.1929
2467      0
2468      77.9742
2469      96.8453
2470      0
2471      89.0167
2472      80.629
2473      92.2544
2474      95.5798
2475      97.193
2476      88.5918
2477      87.8822
2478      90.8353
2479      85.351
2480      0
2481      99.1029
2482      0
2483      98.4167
2484      63.9248
2485      81.6939
2486      96.5802
2487      51.1213
2488      0
2489      44.4025
2490      0
2491      0
2492      0
2493      76.4098
2494      0
2495      0
2496      99.7048
2497      96.4307
2498      0
2499      66.1792
       79730.2
