0      98.8397
1      60.7444
2      78.3554
3      77.4714
4      0
5      99.4861
6      82.7
7      94.8438
8      93.3251
9      0
10      87.6224
11      0
12      0
13      99.4702
14      89.6589
15      0
16      89.3206
17      0
18      81.7903
19      99.8868
20      97.4216
21      0
22      90.4642
23      0
24      0
25      93.1858
26      92.5193
27      98.5418
28      0
29      0
30      0
31      86.4269
32      86.5535
33      92.2578
34      97.98
35      0
36      97.5227
37      0
38      85.8698
39      0
40      68.8741
41      51.9623
42      57.1559
43      99.6809
44      78.0166
45      0
46      0
47      99.3397
48      0
49      90.2792
50      0
51      52.9558
52      68.3088
53      95.3479
54      0
55      63.9746
56      92.9864
57      63.3246
58      91.4739
59      64.2108
60      49.2167
61      0
62      81.9972
63      0
64      0
65      83.3967
66      0
67      0
68      39.2573
69      0
70      99.6033
71      0
72      97.6009
73      88.4809
74      97.9088
75      97.5166
76      90.7474
77      96.8516
78      90.9337
79      97.0663
80      55.3826
81      0
82      98.3148
83      97.2313
84      0
85      79.6514
86      99.4101
87      0
88      96.1584
89      0
90      98.53
91      99.5517
92      66.2411
93      94.8266
94      83.8052
95      99.5747
96      94.9047
97      95.2272
98      89.6679
99      99.9284
100      69.1751
101      82.7702
102      0
103      80.8746
104      92.3631
105      0
106      99.6118
107      78.8403
108      99.6335
109      0
110      0
111      51.972
112      88.9396
113      0
114      42.1913
115      95.6073
116      99.7629
117      99.38
118      97.6867
119      0
120      0
121      83.0697
122      91.2486
123      56.7874
124      99.9986
125      99.9834
126      67.0108
127      21.5736
128      98.5802
129      99.9721
130      0
131      77.4987
132      0
133      0
134      0
135      68.0472
136      96.2594
137      94.5259
138      53.8378
139      92.3642
140      99.4005
141      0
142      98.6542
143      94.5877
144      0
145      99.4279
146      87.5897
147      0
148      60.3536
149      68.7485
150      98.5969
151      96.3445
152      84.8723
153      0
154      99.1282
155      81.9521
156      93.3472
157      98.1284
158      43.8964
159      77.581
160      0
161      88.5136
162      99.26
163      97.9323
164      93.5003
165      99.1671
166      95.3573
167      95.6122
168      98.7578
169      68.2555
170      0
171      62.2363
172      0
173      92.3503
174      83.6373
175      97.5505
176      0
177      0
178      0
179      95.6613
180      92.7111
181      91.7201
182      0
183      0
184      0
185      76.5494
186      63.6156
187      85.7852
188      61.0518
189      98.8621
190      0
191      91.5154
192      96.2116
193      98.3507
194      0
195      99.7092
196      98.8038
197      58.4755
198      95.4538
199      91.1302
200      96.3661
201      88.9339
202      0
203      0
204      51.8366
205      95.3209
206      99.6156
207      95.5185
208      79.8249
209      47.8459
210      81.9506
211      0
212      81.8068
213      0
214      97.9337
215      96.8846
216      58.9259
217      95.1338
218      0
219      0
220      96.6797
221      0
222      90.4126
223      64.7106
224      56.3175
225      90.6987
226      88.219
227      83.5073
228      99.503
229      0
230      96.9277
231      98.0054
232      0
233      0
234      51.8069
235      0
236      78.3016
237      0
238      85.8884
239      0
240      0
241      74.1586
242      98.9947
243      0
244      0
245      41.3585
246      99.0523
247      0
248      0
249      86.0566
250      89.4279
251      78.7309
252      70.9624
253      99.4136
254      89.5624
255      63.986
256      86.2934
257      0
258      97.9724
259      98.6877
260      0
261      0
262      97.6577
263      71.2771
264      82.5193
265      71.7534
266      79.2855
267      99.4974
268      71.3089
269      0
270      98.2171
271      0
272      86.8272
273      99.3312
274      82.913
275      97.9202
276      0
277      78.4412
278      99.8977
279      53.1322
280      98.1032
281      0
282      0
283      0
284      95.0357
285      0
286      89.4577
287      0
288      93.3232
289      85.854
290      99.3741
291      96.1852
292      82.2566
293      88.2433
294      99.3552
295      0
296      86.0724
297      85.7733
298      0
299      97.1509
300      60.7208
301      0
302      96.1699
303      94.6783
304      0
305      72.9001
306      0
307      95.8288
308      0
309      83.117
310      97.9342
311      98.7961
312      86.152
313      68.1552
314      0
315      91.5165
316      91.3073
317      0
318      80.9056
319      78.3338
320      60.4776
321      79.0429
322      0
323      81.3316
324      98.5627
325      98.9616
326      92.3699
327      0
328      98.1395
329      83.8877
330      0
331      76.9397
332      86.2523
333      0
334      90.4648
335      96.9131
336      0
337      98.1221
338      0
339      77.9078
340      0
341      75.681
342      0
343      0
344      99.737
345      0
346      68.8683
347      98.7605
348      0
349      98.153
350      0
351      68.3937
352      0
353      99.3611
354      69.4577
355      61.249
356      81.6786
357      98.4463
358      93.3975
359      71.4115
360      99.6707
361      0
362      0
363      97.7721
364      94.8155
365      99.7053
366      99.6517
367      92.6496
368      65.5723
369      0
370      85.1611
371      81.1706
372      0
373      91.0127
374      64.7556
375      56.0363
376      0
377      0
378      59.851
379      0
380      97.6559
381      85.7932
382      0
383      60.2901
384      97.9222
385      99.0165
386      98.7106
387      75.3326
388      72.2908
389      99.3025
390      99.4051
391      97.6441
392      98.9317
393      0
394      0
395      91.6353
396      0
397      0
398      0
399      82.536
400      96.6026
401      80.6288
402      99.2091
403      82.5004
404      0
405      0
406      0
407      99.9101
408      79.3021
409      96.9714
410      96.4344
411      0
412      99.8518
413      68.552
414      97.1183
415      95.1869
416      99.7537
417      96.5156
418      0
419      0
420      0
421      99.4794
422      0
423      98.1363
424      80.2575
425      99.6847
426      0
427      0
428      94.5128
429      0
430      0
431      63.7778
432      95.6434
433      0
434      83.5451
435      95.8693
436      86.6183
437      97.9918
438      35.1353
439      44.1784
440      96.1041
441      0
442      0
443      0
444      80.3594
445      0
446      70.0166
447      97.9302
448      76.2956
449      91.7309
450      0
451      0
452      95.2599
453      83.9857
454      99.5747
455      77.4758
456      58.6762
457      98.1815
458      95.7787
459      79.6068
460      96.446
461      99.005
462      98.0521
463      69.1951
464      94.4008
465      98.8799
466      98.0369
467      98.8858
468      98.7753
469      98.9236
470      96.1456
471      0
472      78.4238
473      93.9042
474      0
475      0
476      0
477      0
478      0
479      97.5762
480      99.5452
481      0
482      99.8049
483      99.6606
484      69.2852
485      98.8969
486      0
487      64.6032
488      98.8587
489      91.9146
490      83.7217
491      76.829
492      0
493      0
494      96.191
495      0
496      0
497      54.941
498      90.3215
499      57.1517
500      98.4572
501      0
502      61.9326
503      84.8791
504      55.6503
505      0
506      0
507      99.2399
508      93.6492
509      94.1251
510      77.2719
511      0
512      0
513      48.6203
514      0
515      96.9867
516      0
517      83.7483
518      0
519      87.6458
520      0
521      96.7151
522      54.8632
523      0
524      96.6858
525      45.2919
526      69.8455
527      0
528      99.4295
529      92.0218
530      0
531      0
532      59.3881
533      0
534      85.6064
535      99.1236
536      89.6436
537      83.8962
538      80.4927
539      92.5933
540      59.137
541      0
542      99.5396
543      57.261
544      0
545      99.4983
546      97.521
547      0
548      62.7429
549      68.3267
550      0
551      80.0115
552      97.8842
553      0
554      97.9747
555      39.7553
556      80.5748
557      0
558      72.0997
559      0
560      97.8094
561      53.2194
562      0
563      0
564      0
565      63.9771
566      84.5903
567      99.6244
568      95.3633
569      0
570      87.5872
571      96.8965
572      0
573      75.4515
574      99.0246
575      91.8159
576      96.4557
577      0
578      0
579      85.7348
580      95.5516
581      96.7616
582      94.5665
583      98.0032
584      83.1933
585      97.0124
586      96.6571
587      95.3571
588      0
589      95.9017
590      98.1176
591      98.5345
592      98.6707
593      95.3492
594      95.206
595      97.5391
596      70.6248
597      74.9041
598      88.5956
599      76.2585
600      45.3887
601      91.9523
602      99.345
603      77.7696
604      58.8656
605      45.0271
606      96.8309
607      90.658
608      0
609      0
610      0
611      85.7726
612      92.6176
613      0
614      81.5637
615      95.6439
616      0
617      94.6797
618      0
619      94.2623
620      67.3071
621      94.8824
622      95.8652
623      95.469
624      93.8711
625      0
626      0
627      86.774
628      96.5541
629      0
630      99.8907
631      0
632      93.9696
633      99.5544
634      0
635      96.5052
636      78.3968
637      57.4377
638      0
639      0
640      82.7397
641      97.2281
642      0
643      38.5703
644      43.8022
645      0
646      98.3316
647      58.36
648      96.0066
649      92.7829
650      0
651      58.2883
652      85.1066
653      0
654      99.9812
655      84.6286
656      0
657      99.3861
658      0
659      96.0601
660      86.1082
661      0
662      0
663      0
664      0
665      0
666      95.4785
667      89.316
668      0
669      0
670      99.9914
671      0
672      0
673      0
674      90.4342
675      0
676      85.2714
677      0
678      94.3075
679      0
680      0
681      99.4491
682      67.0408
683      0
684      0
685      0
686      0
687      98.0699
688      0
689      0
690      0
691      0
692      0
693      94.4442
694      62.126
695      98.9195
696      63.6929
697      0
698      0.00976557
699      97.7296
700      0
701      99.7687
702      86.2622
703      0
704      0
705      98.9293
706      94.2198
707      0
708      74.4478
709      0
710      95.6524
711      0
712      0
713      78.6165
714      0
715      0
716      0
717      83.4906
718      93.2183
719      0
720      0
721      63.2467
722      96.3747
723      0
724      91.1051
725      98.9326
726      0
727      0
728      53.6074
729      0
730      0
731      94.7007
732      0
733      0
734      0
735      92.1348
736      97.5111
737      79.5449
738      98.2582
739      47.296
740      0
741      97.3835
742      0
743      83.6077
744      88.014
745      73.8864
746      0
747      0
748      0
749      96.3044
750      0
751      0
752      0
753      83.872
754      0
755      90.3755
756      0
757      99.8773
758      0
759      70.1463
760      99.8194
761      0
762      98.8998
763      44.2322
764      0
765      99.5984
766      0
767      79.0563
768      0
769      96.6391
770      0
771      96.3375
772      76.8228
773      85.8232
774      0
775      0
776      0
777      0
778      99.7008
779      0
780      0
781      88.3682
782      78.3588
783      96.2829
784      84.31
785      0
786      0
787      99.2104
788      96.204
789      52.6579
790      0
791      99.8228
792      68.1105
793      97.3694
794      95.9091
795      82.644
796      88.4554
797      0
798      0
799      97.6119
800      85.9895
801      0
802      0
803      0
804      98.5017
805      91.7994
806      0
807      0
808      99.0782
809      0
810      99.3646
811      0
812      97.9387
813      78.3929
814      98.2728
815      0
816      0
817      0
818      0
819      92.4474
820      76.9695
821      0
822      96.4874
823      0
824      0
825      99.6651
826      98.9003
827      0
828      0
829      64.4015
830      98.1441
831      0
832      95.1795
833      0
834      86.5514
835      79.7939
836      0
837      98.6431
838      0
839      93.2391
840      0
841      90.7208
842      0
843      0
844      98.579
845      97.2295
846      99.8924
847      81.6901
848      52.015
849      96.8705
850      90.4013
851      0
852      0
853      96.8743
854      0
855      0
856      48.7773
857      99.9484
858      90.5255
859      0
860      76.8191
861      95.096
862      0
863      21.1465
864      99.0071
865      96.6497
866      99.0657
867      0
868      99.5807
869      53.0413
870      0
871      44.3702
872      91.1021
873      46.2594
874      0
875      92.8145
876      98.211
877      0
878      0
879      91.5723
880      65.5507
881      0
882      0
883      0
884      99.7923
885      99.6828
886      0
887      0
888      0
889      98.03
890      67.8495
891      64.6748
892      99.6714
893      87.3237
894      79.1928
895      0
896      97.7931
897      0
898      0
899      0
900      49.3516
901      97.638
902      0
903      0
904      73.2045
905      99.0247
906      88.2491
907      91.1705
908      97.6304
909      85.3074
910      92.1517
911      94.1891
912      98.5794
913      87.0592
914      95.8162
915      98.8124
916      0
917      0
918      93.8629
919      98.7189
920      0
921      86.898
922      0
923      0
924      0
925      78.6306
926      0
927      63.9437
928      0
929      76.2043
930      77.2025
931      0
932      0
933      87.4057
934      94.5301
935      0
936      96.5795
937      96.5363
938      0
939      89.2373
940      72.3167
941      0
942      97.8084
943      97.6191
944      87.0062
945      0
946      93.4696
947      60.7496
948      0
949      95.6165
950      93.8138
951      0
952      0
953      89.8034
954      0
955      0
956      96.3034
957      83.0348
958      98.3383
959      97.0632
960      97.203
961      97.061
962      0
963      89.4551
964      99.7633
965      72.2708
966      66.2958
967      54.2053
968      49.2332
969      94.7933
970      56.5937
971      92.4951
972      80.8457
973      90.622
974      0
975      84.218
976      96.6271
977      95.6739
978      0
979      71.9036
980      41.8855
981      91.6443
982      61.0364
983      59.5364
984      94.4279
985      98.9896
986      99.5577
987      99.9609
988      0
989      64.3631
990      0
991      93.7842
992      96.4647
993      0
994      97.5212
995      88.1772
996      62.1621
997      0
998      89.6767
999      0
       35590.4
