0      0
1      99.6161
2      61.7676
3      99.6328
4      99.8663
5      0
6      0
7      0
8      90.2897
9      0
10      91.5856
11      52.3666
12      96.8873
13      0
14      99.8414
15      98.626
16      0
17      84.5248
18      99.0268
19      80.9023
20      0
21      0
22      88.8997
23      99.9945
24      0
25      0
26      0
27      76.5847
28      0
29      98.8048
30      0
31      71.1165
32      0
33      0
34      97.5118
35      0
36      97.8635
37      0
38      99.8113
39      0
40      52.5683
41      0
42      99.7357
43      0
44      0
45      0
46      94.6315
47      99.8856
48      84.4483
49      0
50      0
51      99.6624
52      91.0377
53      99.3377
54      99.588
55      99.6586
56      99.5547
57      55.9239
58      73.8371
59      34.5579
60      79.0096
61      99.4343
62      75.4081
63      69.1895
64      0
65      99.4835
66      97.8966
67      99.8908
68      77.7285
69      0
70      80.5453
71      99.4164
72      99.9886
73      81.8835
74      99.97
75      96.1599
76      99.6926
77      77.3537
78      47.2689
79      0
80      98.6254
81      99.4525
82      89.1876
83      74.4896
84      0
85      94.1514
86      98.4539
87      86.228
88      99.8812
89      82.4635
90      0
91      99.2282
92      0
93      84.7483
94      83.4264
95      62.1381
96      94.0491
97      92.1511
98      94.984
99      0
100      0
101      0
102      68.8425
103      99.4248
104      99.9855
105      93.2733
106      0
107      0
108      70.9387
109      97.127
110      98.4144
111      96.7859
112      0
113      96.1334
114      99.9034
115      99.5043
116      67.9519
117      0
118      97.1544
119      82.8346
120      99.9526
121      61.121
122      66.7144
123      98.6806
124      83.2771
125      93.8741
126      65.9064
127      87.2456
128      98.9129
129      92.015
130      99.6985
131      0
132      99.4424
133      81.4413
134      0
135      99.785
136      99.8907
137      80.1486
138      95.9733
139      98.9955
140      97.3481
141      99.9616
142      46.9829
143      50.3135
144      0
145      0
146      0
147      61.8872
148      88.3555
149      0
150      0
151      65.7575
152      0
153      97.4088
154      97.3814
155      44.21
156      99.2897
157      99.8587
158      99.9195
159      74.7208
160      98.1983
161      99.6334
162      0
163      99.9959
164      68.673
165      99.9578
166      0
167      75.7717
168      0
169      0
170      0
171      0
172      64.5415
173      0
174      52.1377
175      0
176      99.7033
177      99.2374
178      50.0839
179      99.7422
180      0
181      93.939
182      89.2388
183      98.4145
184      96.1824
185      42.6107
186      94.6968
187      86.0031
188      99.9745
189      99.3824
190      0
191      0
192      76.2445
193      99.4453
194      97.2798
195      0
196      0
197      0
198      0
199      0
       6954.49
