0      91.9424
1      89.9147
2      62.4499
3      98.9207
4      55.0427
5      0
6      56.9467
7      0
8      0
9      96.2093
10      0
11      0
12      55.2457
13      80.8809
14      99.1661
15      95.0119
16      48.2188
17      98.7585
18      90.1664
19      0
20      82.6863
21      68.8758
22      79.0436
23      46.1589
24      0
25      97.849
26      99.801
27      92.6506
28      98.8427
29      99.4327
30      0
31      95.0064
32      99.1163
33      65.1942
34      82.3295
35      76.0841
36      98.7755
37      0
38      97.6748
39      0
40      42.8657
41      74.2796
42      0
43      0
44      98.9587
45      0
46      97.7056
47      0
48      99.6965
49      0
50      64.4629
51      46.553
52      69.2811
53      63.6305
54      99.1361
55      59.9485
56      0
57      98.1469
58      66.1071
59      0
60      0
61      98.3201
62      99.4876
63      0
64      86.2705
65      81.3233
66      92.2215
67      0
68      91.8622
69      56.654
70      99.3042
71      0
72      53.3199
73      96.7017
74      99.7944
75      89.3614
76      63.0159
77      94.13
78      0
79      0
80      95.9906
81      79.4378
82      99.196
83      0
84      54.0509
85      99.9096
86      89.187
87      98.5403
88      87.634
89      77.6337
90      93.7062
91      54.1754
92      0
93      99.9231
94      97.1986
95      79.5834
96      97.7471
97      0
98      0
99      81.3283
100      0
101      97.5033
102      98.5282
103      98.9855
104      0
105      0
106      0
107      74.5606
108      97.5966
109      99.2647
110      92.0324
111      84.2741
112      58.4483
113      82.1258
114      0
115      0
116      84.3229
117      99.9011
118      57.7264
119      0
120      0
121      50.8758
122      55.419
123      0
124      97.5948
125      98.5372
126      58.3556
127      0
128      0
129      0
130      98.7691
131      95.8966
132      99.9363
133      84.8305
134      96.6168
135      88.4063
136      84.6664
137      72.5532
138      76.1704
139      93.7319
140      0
141      98.6994
142      83.5244
143      95.4732
144      99.0827
145      0
146      81.3939
147      90.5783
148      0
149      74.734
150      78.5081
151      60.8154
152      0
153      0
154      66.1259
155      98.0407
156      0
157      75.8721
158      95.8498
159      0
160      91.419
161      94.9887
162      0
163      0
164      97.9073
165      0
166      39.8467
167      0
168      0
169      93.7435
170      98.5242
171      0
172      0
173      53.7774
174      0
175      75.7738
176      0
177      0
178      54.4964
179      0
180      57.4713
181      60.0349
182      0
183      93.1548
184      98.715
185      0
186      62.4146
187      0
188      73.8187
189      90.2199
190      99.9101
191      94.0593
192      52.3898
193      0
194      0
195      67.6049
196      99.4125
197      0
198      97.9951
199      94.4418
200      89.2281
201      96.6655
202      44.8243
203      78.1423
204      0
205      98.0408
206      56.2008
207      0
208      0
209      81.5748
210      91.5183
211      98.0817
212      0
213      91.357
214      80.2644
215      0
216      96.4682
217      98.1917
218      98.223
219      88.9268
220      88.4559
221      0
222      53.2176
223      84.8818
224      0
225      0
226      76.682
227      0
228      47.8547
229      99.9257
230      0
231      0
232      65.136
233      96.8788
234      99.0014
235      0
236      51.5445
237      79.599
238      56.7045
239      0
240      71.6548
241      0
242      93.9443
243      65.9063
244      95.5489
245      72.3393
246      0
247      70.6584
248      0
249      0
250      99.4785
251      89.5186
252      79.2518
253      98.8425
254      93.0104
255      99.6996
256      96.7356
257      0
258      98.9324
259      0
260      78.0526
261      0
262      98.2016
263      98.5896
264      67.5191
265      97.6756
266      0
267      94.7919
268      88.2385
269      74.5868
270      60.0854
271      0
272      0
273      99.7101
274      98.4384
275      0
276      0
277      0
278      0
279      65.8401
280      0
281      98.5401
282      76.4987
283      98.6072
284      94.721
285      0
286      0
287      0
288      0
289      0
290      0
291      0
292      69.805
293      84.8833
294      49.686
295      0
296      99.435
297      0
298      0
299      62.1373
300      96.8563
301      0
302      0
303      0
304      66.9248
305      97.4655
306      99.9799
307      99.848
308      81.2698
309      43.0993
310      0
311      62.1747
312      0
313      82.2942
314      96.4028
315      0
316      86.0205
317      93.0836
318      99.7601
319      99.3662
320      97.1361
321      78.1561
322      49.1132
323      97.7747
324      0
325      75.0146
326      98.541
327      0
328      52.0256
329      63.9013
330      0
331      96.8911
332      95.4626
333      83.5456
334      99.0238
335      94.746
336      46.0686
337      98.6104
338      97.4026
339      0
340      98.8233
341      87.0724
342      97.0528
343      89.9974
344      92.7393
345      0
346      0
347      98.9402
348      94.2158
349      0
350      98.8545
351      53.06
352      0
353      81.3907
354      98.9409
355      0
356      98.407
357      0
358      90.6466
359      0
360      0
361      83.5219
362      0
363      99.2092
364      0
365      96.8872
366      62.9025
367      92.9313
368      96.9776
369      0
370      99.4978
371      0
372      0
373      85.8035
374      95.331
375      0
376      0
377      83.507
378      0
379      0
380      98.3829
381      0
382      0
383      99.479
384      97.7703
385      0
386      0
387      98.3048
388      79.5658
389      0
390      89.197
391      91.3409
392      99.0563
393      96.7976
394      0
395      75.6323
396      95.7241
397      0
398      83.5372
399      98.0349
400      98.2592
401      88.0116
402      98.3101
403      0
404      0
405      81.1421
406      0
407      99.1703
408      98.0168
409      0
410      77.1453
411      98.938
412      98.9523
413      77.6476
414      96.8668
415      79.0497
416      97.44
417      0
418      97.3077
419      95.1328
420      95.3285
421      99.9048
422      0
423      0
424      66.5005
425      98.412
426      30.9589
427      0
428      0
429      37.127
430      79.2072
431      45.2845
432      61.3013
433      61.7946
434      49.8557
435      0
436      98.5938
437      99.1021
438      0
439      62.9551
440      99.8867
441      42.5585
442      0
443      0
444      0
445      0
446      95.9687
447      92.2352
448      0
449      97.5584
450      61.4337
451      51.6763
452      97.0191
453      98.4019
454      50.7528
455      0
456      34.0079
457      99.1848
458      77.325
459      0
460      83.2332
461      94.86
462      88.5322
463      97.933
464      86.1776
465      94.617
466      99.3904
467      63.5086
468      96.1809
469      0
470      98.6922
471      0
472      0
473      98.7043
474      91.4076
475      97.4745
476      0
477      0
478      86.805
479      63.0583
480      99.0691
481      0
482      0
483      97.9949
484      94.128
485      96.7436
486      90.197
487      0
488      71.2678
489      0
490      95.1584
491      96.1685
492      0
493      56.6222
494      98.4503
495      83.7064
496      81.2103
497      0
498      0
499      94.7933
500      73.6173
501      99.7328
502      87.417
503      89.2488
504      83.203
505      91.7051
506      0
507      98.9672
508      86.2168
509      0
510      98.2125
511      0
512      75.9593
513      77.8302
514      86.8575
515      83.1034
516      91.6845
517      0
518      0
519      0
520      0
521      42.2243
522      71.1599
523      94.1797
524      0
525      0
526      44.2757
527      97.6779
528      0
529      59.1341
530      73.9663
531      69.0725
532      97.5661
533      83.7657
534      68.5733
535      99.9271
536      0
537      85.988
538      0
539      87.5775
540      63.81
541      95.4619
542      99.6446
543      98.9904
544      0
545      72.3009
546      0
547      0
548      72.6537
549      59.1078
550      54.8491
551      82.8681
552      99.8025
553      78.6195
554      0
555      0
556      85.7605
557      95.4736
558      59.9455
559      0
560      0
561      97.5929
562      99.454
563      0
564      0
565      98.8866
566      0
567      81.7316
568      0
569      94.554
570      98.9423
571      80.9199
572      98.8708
573      99.4301
574      62.5451
575      99.1803
576      99.9343
577      80.1151
578      0
579      97.4063
580      0
581      82.6427
582      0
583      97.6983
584      99.7916
585      0
586      0
587      94.3642
588      85.1534
589      92.5862
590      0
591      99.7408
592      78.6812
593      0
594      95.5155
595      67.095
596      28.451
597      99.2854
598      0
599      62.2825
600      98.1876
601      0
602      97.6229
603      0
604      0
605      84.7727
606      90.133
607      62.8192
608      0
609      0
610      98.5208
611      66.0263
612      71.8995
613      0
614      0
615      0
616      96.2156
617      52.6222
618      72.6933
619      72.8646
620      0
621      70.6186
622      0
623      75.1021
624      0
625      99.9437
626      99.2723
627      0
628      49.0455
629      98.0318
630      88.7465
631      70.1695
632      0
633      0
634      79.8322
635      99.1101
636      94.4376
637      89.9422
638      0
639      97.3852
640      97.1174
641      0
642      99.2123
643      85.4076
644      97.4387
645      96.4713
646      75.7116
647      92.637
648      72.0465
649      92.071
650      0
651      73.0747
652      99.0037
653      0
654      88.6629
655      99.4456
656      80.7714
657      0
658      79.1618
659      86.1635
660      79.2365
661      0
662      56.6098
663      0
664      96.4965
665      0
666      86.6276
667      0
668      92.9881
669      0
670      87.9568
671      0
672      0
673      0
674      0
675      87.0453
676      0
677      78.6952
678      0
679      95.3174
680      0
681      58.3439
682      0
683      98.202
684      67.0811
685      0
686      0
687      89.2773
688      99.8576
689      97.4417
690      0
691      0
692      70.9299
693      0
694      91.8821
695      99.4009
696      0
697      73.1262
698      74.84
699      0
700      0
701      99.1585
702      62.9487
703      79.4495
704      99.1167
705      99.0283
706      93.0342
707      94.3171
708      0
709      0
710      0
711      99.9453
712      64.1074
713      62.7034
714      84.3804
715      0
716      0
717      72.3668
718      86.5336
719      90.3165
720      99.1321
721      90.6036
722      96.5849
723      97.5059
724      98.2585
725      95.2739
726      0
727      0
728      97.0437
729      55.2275
730      92.8572
731      99.4875
732      0
733      0
734      84.7476
735      97.6722
736      0
737      96.9093
738      22.2435
739      88.3557
740      0
741      0
742      0
743      44.6679
744      0
745      50.581
746      58.0834
747      0
748      0
749      94.9089
750      0
751      0
752      76.3726
753      97.496
754      89.7124
755      86.278
756      97.4138
757      0
758      99.8203
759      0
760      0
761      87.3735
762      69.9897
763      83.9395
764      98.1061
765      79.776
766      82.6165
767      86.5648
768      0
769      0
770      59.0976
771      0
772      95.029
773      86.9795
774      60.3235
775      77.4447
776      0
777      81.9545
778      0
779      99.8356
780      0
781      0
782      99.5222
783      0
784      71.2916
785      96.4142
786      0
787      0
788      98.9989
789      86.0935
790      89.551
791      87.8827
792      46.7875
793      0
794      0
795      0
796      66.893
797      66.2519
798      0
799      64.0876
800      0
801      0
802      99.2591
803      85.3623
804      66.9559
805      99.4251
806      74.9247
807      0
808      0
809      98.732
810      93.3272
811      99.109
812      0
813      87.0407
814      0
815      78.4503
816      0
817      97.2863
818      99.4697
819      0
820      0
821      71.2308
822      0
823      67.7032
824      0
825      0
826      0
827      0
828      0
829      97.379
830      0
831      88.9211
832      0
833      94.1564
834      99.234
835      99.4917
836      60.9538
837      0
838      97.6098
839      0
840      84.9043
841      99.1408
842      0
843      97.91
844      47.7817
845      99.4039
846      57.2777
847      96.3187
848      0
849      0
850      92.8462
851      0
852      94.8819
853      64.6865
854      99.3512
855      88.9711
856      85.3599
857      84.8972
858      76.9227
859      96.158
860      97.4238
861      99.0809
862      0
863      0
864      96.3781
865      96.7482
866      97.023
867      0
868      84.6586
869      97.2583
870      71.1003
871      92.7178
872      0
873      96.1749
874      63.4547
875      0
876      0
877      99.0953
878      0
879      92.7741
880      85.242
881      89.6271
882      73.6826
883      77.3371
884      0
885      99.9907
886      0
887      95.2934
888      0
889      0
890      0
891      69.7908
892      61.699
893      94.4742
894      94.091
895      0
896      0
897      97.9426
898      0
899      0
900      78.7595
901      67.0263
902      0
903      0
904      0
905      0
906      97.9151
907      0
908      99.7651
909      0
910      98.0783
911      0
912      53.9945
913      43.446
914      0
915      99.062
916      99.9802
917      89.7772
918      99.8657
919      0
920      0
921      99.4535
922      0
923      96.0729
924      0
925      93.4119
926      0
927      97.2022
928      80.6768
929      0
930      0
931      0
932      62.31
933      60.8471
934      92.9066
935      97.4999
936      97.4655
937      88.5054
938      98.1457
939      0
940      74.9797
941      73.989
942      99.9522
943      97.6906
944      0
945      0
946      0
947      78.6969
948      0
949      66.4483
950      0
951      78.5582
952      98.5454
953      98.3676
954      93.4225
955      95.0796
956      0
957      75.9943
958      98.8026
959      94.4132
960      98.4444
961      95.3771
962      0
963      31.1237
964      0
965      85.949
966      19.3001
967      98.84
968      0
969      96.7938
970      96.9988
971      95.5482
972      55.4411
973      0
974      0
975      94.4498
976      98.316
977      0
978      93.2011
979      89.9278
980      0
981      0
982      51.5499
983      99.8364
984      85.6791
985      0
986      0
987      0
988      99.8406
989      56.2676
990      0
991      0
992      22.5796
993      97.4405
994      0
995      92.6373
996      0
997      0
998      78.5334
999      80.4948
       34771.8
