0      98.6038
1      97.1487
2      0
3      52.8685
4      0
5      0
6      61.4066
7      94.5662
8      0
9      0
10      94.7739
11      0
12      68.1324
13      99.8204
14      92.6629
15      73.3818
16      0
17      80.7668
18      76.1274
19      0
20      0
21      83.9434
22      0
23      0
24      0
25      78.1896
26      82.8097
27      66.705
28      85.825
29      89.8019
30      0
31      0
32      99.763
33      0
34      90.9178
35      0
36      90.2112
37      97.2277
38      72.6914
39      94.1447
40      61.9801
41      88.2752
42      73.1687
43      0
44      0
45      86.8509
46      0
47      92.7598
48      94.8741
49      90.6522
50      98.6309
51      0
52      93.642
53      98.1732
54      0
55      0
56      58.7341
57      0
58      99.242
59      93.0938
60      99.746
61      80.452
62      0
63      0
64      0
65      69.6134
66      75.4937
67      80.7799
68      97.1205
69      91.5051
70      63.492
71      73.4121
72      92.9595
73      97.0407
74      0
75      0
76      97.7912
77      0
78      64.9174
79      76.3752
80      70.9512
81      90.7907
82      85.5808
83      86.9758
84      98.7261
85      0
86      97.568
87      0
88      98.5377
89      68.0132
90      98.1141
91      0
92      0
93      99.6992
94      0
95      90.9982
96      85.1269
97      0
98      94.5328
99      91.9587
100      97.9982
101      80.8036
102      97.6433
103      98.1609
104      0
105      99.8197
106      98.3498
107      79.8504
108      0
109      76.048
110      94.4601
111      0
112      93.0761
113      78.0541
114      99.955
115      87.3724
116      0
117      88.9337
118      74.7162
119      97.6089
120      0
121      97.7892
122      84.3511
123      95.5851
124      97.7818
125      84.924
126      0
127      90.0773
128      0
129      0
130      53.65
131      96.5893
132      0
133      80.9568
134      88.1961
135      0
136      83.71
137      76.57
138      0
139      0
140      55.4623
141      0
142      0
143      85.9603
144      74.2947
145      85.5873
146      78.733
147      99.4892
148      35.712
149      0
150      0
151      0
152      0
153      66.2439
154      0
155      0
156      56.4096
157      0
158      82.3607
159      91.0856
160      97.4724
161      83.0104
162      45.8384
163      0
164      0
165      79.9872
166      98.2357
167      97.8004
168      64.4777
169      0
170      0
171      90.026
172      92.3413
173      98.8225
174      0
175      0
176      0
177      0
178      91.9944
179      0
180      81.043
181      95.4724
182      0
183      0
184      67.0311
185      0
186      80.4018
187      83.0945
188      0
189      0
190      86.2806
191      0
192      0
193      0
194      0
195      93.9579
196      96.7518
197      98.0018
198      0
199      90.6366
200      71.404
201      0
202      80.2908
203      82.9836
204      59.2299
205      54.7669
206      91.1614
207      0
208      88.5371
209      88.8039
210      99.576
211      88.5577
212      77.4147
213      92.5947
214      70.1739
215      54.6541
216      91.7421
217      72.4219
218      0
219      82.5035
220      47.2482
221      0
222      0
223      98.9613
224      35.0993
225      93.7489
226      84.9727
227      76.55
228      0
229      93.6707
230      98.1917
231      0
232      98.575
233      97.7871
234      89.4604
235      0
236      0
237      97.5609
238      0
239      0
240      90.9934
241      93.1122
242      74.9106
243      0
244      0
245      0
246      54.4769
247      79.9871
248      86.423
249      74.1972
250      99.4953
251      0
252      98.3703
253      34.4113
254      0
255      0
256      82.1965
257      90.6247
258      0
259      81.0179
260      0
261      0
262      78.9386
263      87.7622
264      0
265      97.6532
266      0
267      92.626
268      94.7372
269      87.7984
270      81.0466
271      0
272      65.802
273      62.813
274      85.7926
275      92.6967
276      74.7407
277      69.0811
278      87.8624
279      90.7127
280      99.3869
281      98.3599
282      90.2904
283      0
284      95.1549
285      91.3796
286      87.7971
287      0
288      71.7259
289      0
290      0
291      97.7489
292      0
293      0
294      65.9602
295      0
296      0
297      57.2874
298      97.9624
299      76.4695
300      81.7849
301      0
302      85.3365
303      0
304      0
305      83.7528
306      30.4935
307      84.1706
308      0
309      0
310      98.0576
311      0
312      0
313      0
314      99.6931
315      99.943
316      0
317      60.9095
318      0
319      98.6838
320      95.9241
321      96.828
322      0
323      98.409
324      0
325      94.5279
326      0
327      89.3565
328      0
329      91.3591
330      74.5638
331      0
332      38.4675
333      84.8418
334      95.5552
335      93.184
336      93.9166
337      82.09
338      0
339      97.5887
340      91.8011
341      84.21
342      0
343      98.3311
344      0
345      84.8464
346      68.29
347      0
348      75.5073
349      96.9737
350      96.5488
351      85.9697
352      98.2381
353      66.4008
354      76.5728
355      82.4979
356      60.6244
357      0
358      0
359      0
360      99.9584
361      75.5499
362      98.4278
363      91.5398
364      93.4731
365      0
366      50.6288
367      96.3037
368      90.4223
369      99.4077
370      95.2503
371      90.9531
372      92.7013
373      94.7986
374      99.0419
375      95.596
376      80.2365
377      0
378      91.0764
379      47.8453
380      97.5182
381      93.0339
382      52.0168
383      80.6761
384      73.0775
385      69.8877
386      90.1984
387      0
388      0
389      73.1733
390      0
391      78.1984
392      92.1102
393      0
394      74.9112
395      98.9818
396      97.9888
397      0
398      63.4795
399      68.4108
400      0
401      78.7526
402      0
403      96.6066
404      73.744
405      96.1443
406      98.4588
407      94.2609
408      50.9554
409      0
410      75.112
411      97.0485
412      97.6383
413      93.5887
414      91.121
415      98.3142
416      92.5399
417      94.667
418      70.0467
419      99.9429
420      85.6789
421      99.7714
422      0
423      0
424      94.1786
425      0
426      71.6861
427      97.487
428      69.5316
429      38.7528
430      0
431      0
432      0
433      0
434      96.5771
435      95.5737
436      0
437      66.4452
438      0
439      0
440      98.1632
441      88.1685
442      98.3564
443      86.3319
444      64.5654
445      0
446      87.6016
447      99.9678
448      0
449      99.3551
450      0
451      0
452      0
453      77.7672
454      99.6095
455      88.5724
456      63.6632
457      0
458      0
459      0
460      0
461      98.213
462      91.7981
463      67.4354
464      92.4109
465      45.414
466      94.0999
467      0
468      93.8581
469      99.9834
470      0
471      97.4248
472      0
473      88.0603
474      88.1769
475      66.5082
476      0
477      90.4466
478      68.4186
479      80.124
480      52.1207
481      0
482      0
483      0
484      0
485      74.4938
486      0
487      0
488      80.9585
489      90.8202
490      99.8069
491      0
492      79.1782
493      68.497
494      98.1314
495      82.9738
496      63.6336
497      0
498      0
499      66.9639
500      92.3091
501      0
502      96.0695
503      98.1217
504      92.9628
505      0
506      49.5973
507      0
508      94.3208
509      86.9565
510      99.5481
511      0
512      87.6623
513      0
514      0
515      84.561
516      88.9814
517      0
518      83.7869
519      69.4354
520      74.264
521      92.9619
522      0
523      48.2359
524      97.9748
525      72.7455
526      94.8646
527      65.2116
528      87.4148
529      94.0062
530      74.4149
531      91.3962
532      88.4579
533      83.3369
534      42.323
535      93.7891
536      94.7593
537      0
538      98.4867
539      99.2185
540      0
541      65.6936
542      77.9641
543      0
544      99.5369
545      0
546      0
547      0
548      0
549      0
550      74.1836
551      0
552      0
553      0
554      0
555      98.8989
556      0
557      99.3434
558      97.9282
559      0
560      67.6259
561      84.6086
562      97.0824
563      59.1506
564      74.9317
565      96.861
566      95.0263
567      68.1995
568      63.0922
569      95.7712
570      0
571      0
572      96.8294
573      99.0406
574      80.7848
575      0
576      69.1382
577      59.976
578      0
579      72.8802
580      96.1899
581      47.2202
582      56.4804
583      94.4359
584      63.0061
585      88.0824
586      43.3344
587      73.3688
588      81.0101
589      60.8086
590      85.9918
591      97.2798
592      99.8349
593      0
594      0
595      0
596      88.3312
597      98.0523
598      0
599      80.682
600      0
601      0
602      88.0746
603      93.8784
604      0
605      0
606      0
607      0
608      72.4842
609      74.8215
610      0
611      62.8093
612      88.8685
613      70.5716
614      95.8668
615      94.2576
616      97.8286
617      91.0772
618      72.611
619      86.9617
620      57.9156
621      0
622      90.6945
623      91.0141
624      94.1196
625      0
626      0
627      93.0099
628      0
629      69.3109
630      0
631      0
632      0
633      86.4936
634      92.5013
635      41.6408
636      0
637      97.8434
638      90.5627
639      99.9518
640      0
641      0
642      68.5838
643      91.8496
644      0
645      36.2352
646      0
647      91.3676
648      88.1741
649      0
650      0
651      71.8226
652      0
653      93.2863
654      66.3584
655      96.8813
656      0
657      0
658      61.2477
659      0
660      80.8131
661      81.9149
662      97.4824
663      49.782
664      58.7214
665      0
666      98.3497
667      62.5155
668      0
669      0
670      0
671      99.9436
672      98.0982
673      74.3917
674      0
675      89.3614
676      69.9111
677      93.6121
678      0
679      0
680      93.6508
681      0
682      99.8852
683      86.4332
684      0
685      0
686      97.2345
687      0
688      0
689      98.5673
690      78.2686
691      91.982
692      96.2727
693      54.5216
694      0
695      90.8932
696      0
697      96.9988
698      0
699      0
700      83.0555
701      0
702      0
703      95.5116
704      95.9683
705      0
706      0
707      98.5933
708      99.454
709      0
710      0
711      0
712      63.3216
713      0
714      96.1358
715      0
716      0
717      93.1966
718      0
719      68.3136
720      95.257
721      0
722      81.1366
723      75.2077
724      83.9759
725      69.0132
726      93.6305
727      0
728      0
729      96.995
730      97.1051
731      69.8525
732      91.384
733      0
734      87.7792
735      66.3426
736      0
737      90.793
738      98.2792
739      96.0834
740      91.8668
741      40.7086
742      96.1174
743      82.7677
744      94.6571
745      97.9128
746      97.0586
747      75.6765
748      99.8033
749      99.7935
750      97.0346
751      0
752      0
753      99.1546
754      92.8809
755      0
756      97.6775
757      98.0473
758      0
759      0
760      0
761      77.2404
762      92.9835
763      0
764      0
765      0
766      82.1165
767      0
768      80.3589
769      67.6024
770      0
771      75.8732
772      87.1186
773      0
774      0
775      98.0833
776      0
777      0
778      82.9131
779      63.1095
780      92.2038
781      0
782      61.9047
783      0
784      0
785      0
786      70.5559
787      61.706
788      69.2223
789      46.0236
790      82.6643
791      77.2711
792      74.3907
793      94.5239
794      0
795      95.2859
796      99.3942
797      97.4247
798      0
799      0
800      95.6644
801      93.6647
802      0
803      72.6959
804      56.8413
805      63.9218
806      0
807      91.2901
808      0
809      0
810      51.0843
811      98.6571
812      0
813      0
814      37.5578
815      54.8749
816      0
817      0
818      93.9961
819      0
820      95.8333
821      73.7687
822      0
823      85.0922
824      59.358
825      0
826      94.5334
827      88.7737
828      87.0748
829      64.5614
830      0
831      80.234
832      95.9024
833      93.7471
834      0
835      0
836      92.1706
837      95.8443
838      98.4271
839      92.3499
840      0
841      0
842      98.0245
843      0
844      93.2272
845      57.291
846      82.2287
847      84.6918
848      93.7249
849      89.3817
850      96.2794
851      81.5377
852      0
853      82.6461
854      65.7087
855      97.9229
856      94.9844
857      0
858      0
859      96.0774
860      0
861      0
862      99.1856
863      0
864      96.847
865      0
866      78.0915
867      87.8887
868      0
869      0
870      0
871      0
872      89.7563
873      94.6615
874      54.7712
875      0
876      82.0536
877      0
878      94.3889
879      94.6835
880      95.0984
881      93.5667
882      99.8097
883      99.8506
884      0
885      99.3349
886      85.6221
887      84.0689
888      97.4643
889      73.1973
890      89.4307
891      83.6678
892      93.8968
893      0
894      93.3336
895      0
896      68.0466
897      86.1758
898      87.8853
899      0
900      97.0822
901      0
902      61.9083
903      94.9927
904      98.0981
905      95.9797
906      98.4531
907      0
908      86.9096
909      74.3558
910      94.5348
911      0
912      0
913      0
914      64.9876
915      65.7513
916      93.1682
917      56.7903
918      53.674
919      0
920      0
921      96.4731
922      96.5965
923      0
924      86.173
925      0
926      0
927      87.5914
928      94.5228
929      90.5099
930      0
931      87.4002
932      0
933      0
934      0
935      96.3047
936      0
937      72.7046
938      0
939      96.8972
940      0
941      84.6925
942      99.1814
943      85.5872
944      55.9122
945      0
946      62.1816
947      45.7629
948      0
949      90.2038
950      99.663
951      0
952      81.614
953      86.0149
954      0
955      80.7699
956      91.6234
957      72.6156
958      0
959      75.4876
960      99.2871
961      87.6512
962      0
963      99.7185
964      0
965      84.394
966      67.6095
967      72.0819
968      87.7668
969      98.3906
970      93.6528
971      90.9395
972      99.7855
973      98.4867
974      94.066
975      94.9306
976      0
977      94.1547
978      27.7952
979      57.9026
980      82.5815
981      93.1103
982      52.426
983      0
984      94.725
985      96.2534
986      87.0873
987      93.9115
988      0
989      99.0123
990      82.1269
991      0
992      95.8287
993      99.5737
994      84.7122
995      91.2038
996      92.4678
997      96.7087
998      0
999      95.0985
1000      57.2133
1001      98.7093
1002      96.099
1003      0
1004      40.3214
1005      97.6704
1006      51.6764
1007      98.8948
1008      83.7391
1009      89.7475
1010      94.6037
1011      0
1012      87.1445
1013      0
1014      62.4744
1015      83.5763
1016      91.847
1017      91.7083
1018      34.7609
1019      0
1020      0
1021      0
1022      0
1023      95.2138
1024      99.3952
1025      91.8211
1026      0
1027      97.1222
1028      50.8609
1029      92.8413
1030      90.1082
1031      74.8965
1032      83.4297
1033      49.1977
1034      0
1035      74.2214
1036      72.2512
1037      99.8724
1038      0
1039      67.8255
1040      0
1041      95.8399
1042      96.4858
1043      78.0105
1044      0
1045      68.107
1046      74.0821
1047      67.1724
1048      99.443
1049      91.8778
1050      81.1821
1051      0
1052      98.913
1053      0
1054      87.3288
1055      91.4189
1056      0
1057      0
1058      85.2629
1059      0
1060      0
1061      88.4692
1062      0
1063      81.9276
1064      77.5168
1065      89.042
1066      0
1067      98.0397
1068      99.0085
1069      89.4642
1070      84.889
1071      0
1072      0
1073      78.0053
1074      83.7287
1075      0
1076      95.4047
1077      88.6729
1078      0
1079      77.8403
1080      87.8281
1081      97.0402
1082      64.25
1083      0
1084      0
1085      0
1086      0
1087      96.1757
1088      87.1693
1089      68.0363
1090      67.9184
1091      76.5258
1092      0
1093      89.5385
1094      81.3904
1095      81.4039
1096      94.4092
1097      0
1098      63.8524
1099      0
1100      99.3543
1101      38.5218
1102      97.4498
1103      0
1104      87.8782
1105      64.5682
1106      0
1107      82.7758
1108      93.0312
1109      55.9522
1110      90.8638
1111      95.7808
1112      0
1113      94.2597
1114      77.7941
1115      0
1116      95.8055
1117      87.4247
1118      0
1119      0
1120      57.0741
1121      0
1122      95.6803
1123      0
1124      0
1125      81.7163
1126      0
1127      0
1128      89.0333
1129      95.9299
1130      0
1131      0
1132      88.4455
1133      95.0504
1134      99.0168
1135      83.2199
1136      0
1137      81.7379
1138      0
1139      75.8155
1140      94.5151
1141      59.7692
1142      97.4067
1143      0
1144      78.6097
1145      79.9679
1146      0
1147      73.8466
1148      82.729
1149      86.0077
1150      90.0102
1151      91.9722
1152      87.5007
1153      88.7268
1154      0
1155      86.1409
1156      92.2962
1157      98.1523
1158      45.3871
1159      77.2717
1160      46.0573
1161      0
1162      82.3445
1163      83.3299
1164      91.2979
1165      0
1166      0
1167      83.0768
1168      88.8029
1169      98.9754
1170      81.3933
1171      0
1172      0
1173      86.3211
1174      98.7905
1175      84.0424
1176      86.9842
1177      0
1178      0
1179      87.9116
1180      0
1181      50.9372
1182      83.2232
1183      68.1976
1184      0
1185      0
1186      25.1149
1187      94.5725
1188      55.1574
1189      0
1190      80.3491
1191      92.3734
1192      0
1193      0
1194      0
1195      87.258
1196      77.1154
1197      79.4986
1198      78.0372
1199      0
1200      75.4454
1201      90.2266
1202      88.3685
1203      0
1204      0
1205      0
1206      98.2201
1207      0
1208      90.0991
1209      0
1210      92.3212
1211      92.6865
1212      79.1257
1213      99.0491
1214      86.2809
1215      0
1216      97.7083
1217      68.939
1218      97.0289
1219      0
1220      39.419
1221      98.4784
1222      85.0125
1223      95.7646
1224      95.4567
1225      95.1196
1226      52.8445
1227      98.1925
1228      88.649
1229      0
1230      80.5467
1231      91.3969
1232      0
1233      82.7217
1234      0
1235      96.2637
1236      0
1237      93.3072
1238      0
1239      0
1240      98.8086
1241      0
1242      0
1243      83.8853
1244      0
1245      0
1246      66.9942
1247      0
1248      82.5982
1249      97.9316
1250      0
1251      0
1252      89.3109
1253      97.7398
1254      96.8414
1255      0
1256      98.1892
1257      0
1258      45.6014
1259      71.1547
1260      0
1261      97.9114
1262      96.7497
1263      61.3633
1264      93.6142
1265      88.5819
1266      0
1267      0
1268      77.3409
1269      0
1270      98.3223
1271      58.1865
1272      0
1273      0
1274      96.9704
1275      71.0909
1276      83.3807
1277      0
1278      0
1279      78.6398
1280      93.6599
1281      96.0083
1282      99.2082
1283      73.3591
1284      77.8067
1285      77.1846
1286      99.6904
1287      82.4044
1288      86.2042
1289      0
1290      66.9373
1291      52.0311
1292      89.3854
1293      93.8396
1294      87.9435
1295      0
1296      85.5913
1297      71.9647
1298      0
1299      0
1300      92.6863
1301      0
1302      0
1303      0
1304      83.6937
1305      72.2339
1306      0
1307      86.1075
1308      0
1309      0
1310      0
1311      97.9143
1312      99.5958
1313      84.7055
1314      0
1315      89.6677
1316      85.6428
1317      0
1318      64.786
1319      99.0843
1320      96.2328
1321      99.8044
1322      98.6278
1323      0
1324      95.263
1325      99.2314
1326      81.0552
1327      61.3586
1328      94.1887
1329      99.0186
1330      94.3567
1331      0
1332      96.6152
1333      65.2204
1334      65.5102
1335      90.969
1336      92.1304
1337      81.8489
1338      68.248
1339      99.5556
1340      74.3296
1341      93.3585
1342      99.0854
1343      0
1344      0
1345      93.2618
1346      72.5283
1347      97.9286
1348      0
1349      0
1350      90.5186
1351      95.8233
1352      88.0186
1353      70.8701
1354      0
1355      84.7203
1356      93.9944
1357      86.6126
1358      94.2091
1359      0
1360      0
1361      83.8809
1362      75.7199
1363      93.8874
1364      0
1365      92.8061
1366      0
1367      61.354
1368      0
1369      0
1370      98.0796
1371      89.8194
1372      96.6455
1373      0
1374      86.1476
1375      89.4045
1376      92.5563
1377      73.8011
1378      92.62
1379      92.6534
1380      0
1381      0
1382      0
1383      96.1194
1384      86.0814
1385      0
1386      98.4936
1387      0
1388      99.6342
1389      90.081
1390      94.6286
1391      0
1392      81.1581
1393      0
1394      95.9912
1395      0
1396      0
1397      42.2048
1398      99.5904
1399      97.3234
1400      82.3461
1401      99.5717
1402      98.0039
1403      0
1404      87.6956
1405      0
1406      94.3712
1407      0
1408      0
1409      85.3735
1410      80.4383
1411      95.1877
1412      0
1413      99.6334
1414      0
1415      62.5925
1416      0
1417      98.5103
1418      0
1419      0
1420      99.4976
1421      77.0013
1422      79.2476
1423      88.2167
1424      0
1425      0
1426      92.235
1427      0
1428      0
1429      74.0744
1430      0
1431      0
1432      0
1433      75.716
1434      0
1435      81.1416
1436      0
1437      0
1438      96.3232
1439      96.5392
1440      95.4683
1441      95.583
1442      95.251
1443      82.4893
1444      63.148
1445      95.026
1446      86.9512
1447      94.617
1448      71.5162
1449      87.0836
1450      96.4606
1451      95.8517
1452      97.0817
1453      89.9711
1454      85.4843
1455      86.4205
1456      86.4386
1457      87.3914
1458      90.558
1459      69.5599
1460      97.4556
1461      56.2904
1462      0
1463      92.6035
1464      0
1465      94.7584
1466      92.9865
1467      71.0207
1468      96.1865
1469      96.727
1470      0
1471      0
1472      67.858
1473      86.4059
1474      0
1475      0
1476      51.9097
1477      57.3666
1478      97.8443
1479      0
1480      84.2449
1481      99.1311
1482      62.6432
1483      0
1484      0
1485      98.8349
1486      90.6819
1487      0
1488      88.1436
1489      55.3879
1490      72.0207
1491      0
1492      96.24
1493      0
1494      0
1495      0
1496      51.7148
1497      88.2321
1498      87.9579
1499      90.9066
1500      72.7042
1501      95.5236
1502      91.9014
1503      0
1504      0
1505      0
1506      0
1507      98.19
1508      76.2365
1509      0
1510      88.0425
1511      0
1512      76.962
1513      0
1514      71.1814
1515      99.6599
1516      0
1517      92.9103
1518      0
1519      0
1520      99.7982
1521      0
1522      0
1523      99.475
1524      0
1525      0
1526      82.3697
1527      55.1128
1528      0
1529      98.094
1530      0
1531      0
1532      94.4186
1533      56.533
1534      99.571
1535      28.6906
1536      0
1537      0
1538      69.4835
1539      92.9785
1540      95.3367
1541      0
1542      94.792
1543      0
1544      96.7168
1545      87.5093
1546      99.4344
1547      67.2404
1548      97.6369
1549      0
1550      96.6775
1551      0
1552      69.1187
1553      81.8198
1554      88.4324
1555      94.0816
1556      0
1557      0
1558      0
1559      71.3363
1560      0
1561      0
1562      86.7739
1563      49.1635
1564      0
1565      0
1566      44.8908
1567      64.3532
1568      95.1071
1569      0
1570      87.3691
1571      97.3371
1572      72.452
1573      78.5665
1574      71.7186
1575      90.8226
1576      55.7311
1577      95.1296
1578      0
1579      0
1580      0
1581      94.2574
1582      0
1583      59.1637
1584      96.8325
1585      63.6109
1586      0
1587      0
1588      0
1589      93.1286
1590      0
1591      88.0148
1592      0
1593      69.9559
1594      81.8334
1595      0
1596      0
1597      0
1598      54.0276
1599      0
1600      84.3141
1601      0
1602      0
1603      98.2957
1604      0
1605      0
1606      78.3061
1607      0
1608      96.4238
1609      0
1610      99.285
1611      94.4715
1612      96.8885
1613      0
1614      97.7074
1615      0
1616      89.1728
1617      0
1618      95.7381
1619      57.921
1620      0
1621      88.7063
1622      92.8056
1623      0
1624      48.5615
1625      0
1626      71.4175
1627      91.6547
1628      0
1629      82.5542
1630      99.8323
1631      0
1632      89.5546
1633      59.0833
1634      0
1635      0
1636      94.1078
1637      72.3723
1638      82.266
1639      0
1640      80.5363
1641      82.0893
1642      98.1976
1643      0
1644      48.6657
1645      96.2544
1646      95.3819
1647      0
1648      0
1649      59.9715
1650      74.6002
1651      79.2905
1652      87.3115
1653      0
1654      0
1655      56.4114
1656      0
1657      97.1214
1658      51.9761
1659      0
1660      0
1661      98.4021
1662      0
1663      0
1664      86.7158
1665      52.3711
1666      78.0067
1667      65.1396
1668      0
1669      81.6867
1670      90.0377
1671      85.1962
1672      0
1673      0
1674      92.5547
1675      86.4237
1676      0
1677      68.6544
1678      63.911
1679      93.221
1680      0
1681      98.882
1682      0
1683      0
1684      94.1829
1685      0
1686      94.5348
1687      0
1688      0
1689      59.6788
1690      0
1691      88.0246
1692      93.949
1693      97.9056
1694      84.9033
1695      0
1696      0
1697      86.1669
1698      0
1699      0
1700      0
1701      99.4536
1702      98.9211
1703      97.4538
1704      0
1705      0
1706      0
1707      83.1942
1708      0
1709      98.3843
1710      84.3967
1711      91.7677
1712      92.5822
1713      0
1714      99.3358
1715      94.8589
1716      97.4511
1717      85.5636
1718      90.6094
1719      92.6877
1720      92.0202
1721      0
1722      95.6404
1723      75.2956
1724      90.7696
1725      0
1726      0
1727      0
1728      68.2464
1729      92.5817
1730      95.3969
1731      0
1732      0
1733      96.4227
1734      99.8897
1735      61.4841
1736      50.8734
1737      67.5895
1738      79.2687
1739      0
1740      0
1741      0
1742      71.8742
1743      63.7701
1744      79.3227
1745      99.8055
1746      99.4518
1747      64.889
1748      97.2398
1749      0
1750      0
1751      0
1752      0
1753      0
1754      0
1755      95.7919
1756      69.1046
1757      0
1758      88.3561
1759      0
1760      0
1761      0
1762      97.6811
1763      0
1764      93.5175
1765      64.8495
1766      0
1767      91.2597
1768      64.7551
1769      0
1770      81.7424
1771      92.0393
1772      0
1773      0
1774      50.119
1775      73.7838
1776      65.8002
1777      0
1778      0
1779      0
1780      96.8397
1781      99.7966
1782      0
1783      0
1784      74.1658
1785      0
1786      0
1787      90.6375
1788      84.686
1789      0
1790      87.1467
1791      98.4032
1792      0
1793      78.3525
1794      45.5665
1795      98.5597
1796      0
1797      0
1798      44.3937
1799      75.0889
1800      0
1801      94.2906
1802      98.7495
1803      0
1804      60.951
1805      0
1806      0
1807      76.2365
1808      0
1809      60.0429
1810      55.332
1811      93.6581
1812      0
1813      89.7299
1814      76.4385
1815      98.9863
1816      97.9427
1817      91.2304
1818      0
1819      0
1820      96.9191
1821      72.684
1822      45.0375
1823      43.1751
1824      0
1825      0
1826      87.2071
1827      56.1407
1828      85.1039
1829      86.2197
1830      87.1717
1831      0
1832      68.9713
1833      0
1834      0
1835      49.5529
1836      0
1837      81.6769
1838      0
1839      93.0963
1840      98.9479
1841      0
1842      0
1843      85.2699
1844      95.8457
1845      0
1846      89.8036
1847      0
1848      99.1162
1849      0
1850      0
1851      0
1852      0
1853      90.2297
1854      0
1855      65.4456
1856      98.2582
1857      0
1858      48.5476
1859      87.0388
1860      0
1861      95.0772
1862      88.0629
1863      94.9683
1864      75.8352
1865      0
1866      47.98
1867      85.6953
1868      94.2487
1869      86.4234
1870      67.4991
1871      0
1872      95.245
1873      91.2893
1874      80.3681
1875      99.7958
1876      76.7975
1877      93.1406
1878      98.647
1879      0
1880      92.6978
1881      0
1882      0
1883      95.6391
1884      95.6628
1885      69.9548
1886      0
1887      73.9775
1888      80.2068
1889      68.1479
1890      0
1891      0
1892      89.4625
1893      75.4842
1894      97.6248
1895      91.8295
1896      0
1897      99.5073
1898      97.6416
1899      85.7995
1900      0
1901      84.9354
1902      70.1
1903      93.9004
1904      86.1555
1905      97.6735
1906      97.4996
1907      0
1908      75.8872
1909      73.2715
1910      0
1911      0
1912      64.3033
1913      88.1487
1914      72.611
1915      0
1916      0
1917      0
1918      84.096
1919      90.6705
1920      93.5299
1921      94.0236
1922      85.1167
1923      0
1924      0
1925      90.9543
1926      98.2909
1927      86.6983
1928      78.7202
1929      82.2378
1930      0
1931      86.9048
1932      93.1914
1933      87.8074
1934      0
1935      0
1936      80.4726
1937      91.9214
1938      57.3239
1939      0
1940      0
1941      0
1942      64.5357
1943      0
1944      78.219
1945      85.5505
1946      83.4461
1947      60.0078
1948      91.1903
1949      0
1950      67.575
1951      97.5761
1952      88.8634
1953      81.5997
1954      67.3074
1955      55.3533
1956      97.6153
1957      69.6891
1958      96.4957
1959      87.9729
1960      0
1961      97.7032
1962      96.1484
1963      81.6349
1964      0
1965      83.7567
1966      0
1967      63.2222
1968      82.0251
1969      96.7058
1970      0
1971      0
1972      96.3327
1973      0
1974      99.1013
1975      70.6957
1976      76.1861
1977      95.7772
1978      0
1979      73.168
1980      96.1664
1981      87.5723
1982      0
1983      97.1688
1984      98.0569
1985      88.7239
1986      77.7042
1987      87.6223
1988      0
1989      0
1990      0
1991      74.4664
1992      99.4182
1993      97.5088
1994      72.662
1995      88.6616
1996      0
1997      93.338
1998      64.6217
1999      95.5628
2000      88.4704
2001      77.7242
2002      94.7234
2003      0
2004      60.3047
2005      82.7161
2006      98.0459
2007      97.9546
2008      0
2009      0
2010      74.1045
2011      93.9893
2012      99.5423
2013      80.7993
2014      0
2015      86.8102
2016      94.1264
2017      61.3493
2018      95.4278
2019      0
2020      0
2021      75.9008
2022      0
2023      98.5956
2024      89.3513
2025      67.6541
2026      0
2027      0
2028      92.351
2029      50.8673
2030      93.947
2031      95.488
2032      0
2033      95.0242
2034      0
2035      0
2036      98.9385
2037      0
2038      95.1995
2039      66.2396
2040      91.1051
2041      0
2042      82.7343
2043      0
2044      99.9614
2045      94.2213
2046      0
2047      83.3429
2048      0
2049      0
2050      91.63
2051      0
2052      53.8524
2053      96.2444
2054      77.3985
2055      0
2056      0
2057      0
2058      0
2059      96.0029
2060      81.8267
2061      95.6137
2062      0
2063      97.1284
2064      95.3682
2065      66.2188
2066      57.3807
2067      61.031
2068      98.5722
2069      99.4093
2070      0
2071      55.826
2072      0
2073      0
2074      0
2075      67.8703
2076      40.2955
2077      46.6002
2078      95.088
2079      0
2080      96.8376
2081      96.2814
2082      0
2083      46.5918
2084      99.7829
2085      0
2086      82.7789
2087      76.4785
2088      99.5834
2089      91.8688
2090      0
2091      94.7333
2092      91.9683
2093      70.7632
2094      82.8281
2095      85.2366
2096      0
2097      93.7823
2098      91.8901
2099      94.1024
2100      98.7175
2101      0
2102      70.4993
2103      0
2104      82.3894
2105      0
2106      80.7889
2107      89.788
2108      77.2404
2109      62.9466
2110      94.9101
2111      92.6493
2112      0
2113      0
2114      0
2115      79.2998
2116      0
2117      92.5509
2118      0
2119      0
2120      0
2121      85.814
2122      0
2123      97.1595
2124      80.4163
2125      91.7648
2126      0
2127      91.0875
2128      0
2129      90.5042
2130      79.9735
2131      89.0886
2132      0
2133      0
2134      97.8632
2135      69.9484
2136      81.3982
2137      90.3134
2138      0
2139      92.7805
2140      92.8293
2141      92.1813
2142      85.6901
2143      56.1305
2144      98.8248
2145      0
2146      99.5913
2147      97.0266
2148      70.5048
2149      0
2150      0
2151      0
2152      0
2153      0
2154      0
2155      98.4144
2156      77.1946
2157      0
2158      79.4483
2159      0
2160      0
2161      93.6853
2162      95.716
2163      0
2164      0
2165      0
2166      97.395
2167      88.1162
2168      81.9882
2169      0
2170      96.8302
2171      98.9908
2172      94.5642
2173      90.0827
2174      0
2175      0
2176      98.2919
2177      0
2178      96.1458
2179      52.8234
2180      0
2181      96.0711
2182      95.6681
2183      0
2184      95.5519
2185      94.82
2186      0
2187      99.7107
2188      0
2189      0
2190      92.9494
2191      68.5483
2192      0
2193      91.0779
2194      96.4494
2195      0
2196      98.6416
2197      0
2198      68.0539
2199      0
2200      95.8259
2201      94.3598
2202      0
2203      73.376
2204      0
2205      68.7468
2206      0
2207      82.1183
2208      96.6311
2209      96.9822
2210      0
2211      75.5564
2212      92.2939
2213      97.4906
2214      85.7122
2215      0
2216      0
2217      97.411
2218      89.3279
2219      0
2220      80.0864
2221      0
2222      90.0984
2223      98.1476
2224      77.9103
2225      99.8369
2226      0
2227      0
2228      0
2229      94.2836
2230      0
2231      93.5394
2232      89.0981
2233      90.8007
2234      87.8276
2235      95.9601
2236      97.3236
2237      96.3151
2238      96.011
2239      0
2240      0
2241      0
2242      80.0913
2243      0
2244      74.4628
2245      96.1815
2246      98.76
2247      0
2248      98.9396
2249      93.4909
2250      79.7335
2251      0
2252      83.1655
2253      78.922
2254      96.6089
2255      89.311
2256      97.2042
2257      0
2258      0
2259      97.4045
2260      55.865
2261      96.6316
2262      91.4367
2263      94.5194
2264      92.8239
2265      91.1085
2266      77.4223
2267      0
2268      90.6804
2269      0
2270      95.1902
2271      90.3133
2272      83.7793
2273      99.4071
2274      87.4867
2275      0
2276      0
2277      97.7331
2278      94.9389
2279      80.6577
2280      52.4969
2281      82.5243
2282      89.4049
2283      0
2284      74.9217
2285      99.6496
2286      91.2745
2287      0
2288      88.9505
2289      96.699
2290      79.3351
2291      0
2292      99.6761
2293      95.1894
2294      0
2295      0
2296      85.5404
2297      96.852
2298      70.0503
2299      92.8849
2300      98.1395
2301      0
2302      95.3759
2303      0
2304      0
2305      94.2792
2306      0
2307      0
2308      95.8585
2309      0
2310      0
2311      0
2312      59.3653
2313      97.2665
2314      92.7396
2315      74.6883
2316      94.9067
2317      46.9535
2318      0
2319      0
2320      0
2321      0
2322      98.8002
2323      70.1356
2324      0
2325      0
2326      0
2327      67.6069
2328      93.8146
2329      0
2330      77.2932
2331      74.6548
2332      0
2333      90.3164
2334      93.2185
2335      98.1638
2336      0
2337      95.7464
2338      98.0813
2339      0
2340      78.7704
2341      85.8743
2342      0
2343      81.1181
2344      0
2345      85.9309
2346      85.3109
2347      0
2348      83.9998
2349      0
2350      90.1897
2351      88.9503
2352      78.9803
2353      40.6528
2354      90.5645
2355      87.0185
2356      50.4165
2357      97.5237
2358      99.7189
2359      0
2360      56.2037
2361      0
2362      95.6691
2363      81.6397
2364      0
2365      70.0745
2366      0
2367      0
2368      0
2369      72.8626
2370      0
2371      83.2155
2372      97.9084
2373      61.3812
2374      99.8715
2375      0
2376      70.7883
2377      95.3582
2378      0
2379      94.2235
2380      0
2381      0
2382      0
2383      97.6412
2384      0
2385      93.5013
2386      0
2387      90.7287
2388      99.4397
2389      81.1037
2390      71.1653
2391      86.4554
2392      96.8217
2393      0
2394      91.2761
2395      95.9477
2396      80.2536
2397      52.3492
2398      0
2399      97.7894
2400      64.2331
2401      0
2402      0
2403      0
2404      0
2405      90.5361
2406      0
2407      92.441
2408      95.2048
2409      95.7714
2410      94.7799
2411      0
2412      67.7496
2413      0
2414      0
2415      52.5584
2416      89.4947
2417      99.0795
2418      99.9948
2419      83.6927
2420      83.7996
2421      0
2422      66.9186
2423      95.6636
2424      0
2425      67.7851
2426      0
2427      95.4742
2428      93.9172
2429      84.2156
2430      73.8508
2431      73.109
2432      79.3544
2433      0
2434      0
2435      0
2436      97.9801
2437      87.9424
2438      50.4462
2439      79.1065
2440      95.8901
2441      98.1152
2442      97.5416
2443      62.3969
2444      0
2445      0
2446      97.684
2447      0
2448      87.2531
2449      0
2450      98.2793
2451      99.208
2452      99.0797
2453      0
2454      0
2455      65.103
2456      0
2457      93.253
2458      0
2459      0
2460      94.9926
2461      74.6163
2462      76.0384
2463      0
2464      0
2465      78.6025
2466      0
2467      93.0277
2468      0
2469      87.7947
2470      73.369
2471      0
2472      91.3809
2473      0
2474      94.2939
2475      0
2476      98.7798
2477      97.599
2478      98.2425
2479      73.911
2480      0
2481      0
2482      72.15
2483      87.4572
2484      96.3646
2485      91.0326
2486      0
2487      0
2488      76.9177
2489      73.3615
2490      85.915
2491      70.0423
2492      95.2748
2493      0
2494      97.5423
2495      0
2496      0
2497      99.1211
2498      80.8876
2499      0
       79738
