0      76.8914
1      60.8687
2      99.4879
3      0
4      88.2347
5      0
6      98.9799
7      43.1362
8      0
9      67.7611
10      84.6613
11      0
12      99.8245
13      0
14      0
15      99.1568
16      46.7434
17      97.8247
18      0
19      98.9741
20      71.9806
21      95.7463
22      93.5877
23      95.2475
24      0
25      41.6552
26      0
27      0
28      72.9683
29      0
30      96.6432
31      99.0299
32      98.4199
33      0
34      99.2015
35      0
36      81.6642
37      97.5859
38      96.487
39      95.0887
40      0
41      0
42      0
43      0
44      67.835
45      98.3057
46      84.4618
47      99.0169
48      96.7177
49      97.8106
50      0
51      0
52      98.2176
53      0
54      0
55      91.3022
56      95.8341
57      98.5043
58      98.201
59      0
60      47.5765
61      0
62      97.7147
63      0
64      98.801
65      0
66      69.7756
67      99.2607
68      90.2934
69      75.4742
70      0
71      0
72      91.6246
73      97.3371
74      98.0264
75      96.1251
76      0
77      0
78      49.7982
79      70.7845
80      98.2292
81      0
82      66.2628
83      98.3918
84      90.593
85      99.7286
86      44.2375
87      52.404
88      81.7347
89      0
90      98.3459
91      95.4847
92      97.6278
93      82.2849
94      0
95      98.7427
96      63.9941
97      74.6995
98      99.2759
99      99.0281
100      91.6963
101      79.0725
102      71.0022
103      97.0258
104      0
105      96.0046
106      75.5561
107      0
108      78.7575
109      63.4336
110      0
111      93.1781
112      97.6191
113      91.1567
114      87.3151
115      0
116      73.5581
117      98.6006
118      73.0379
119      59.7839
120      90.6259
121      0
122      0
123      0
124      93.0959
125      0
126      96.1949
127      0
128      66.2565
129      91.2118
130      55.0737
131      99.9376
132      0
133      70.9554
134      97.0583
135      97.3916
136      88.8905
137      98.7053
138      92.8475
139      92.0402
140      31.3641
141      77.7012
142      99.9075
143      0
144      72.3169
145      97.6066
146      99.7744
147      0
148      0
149      99.0618
150      68.5289
151      83.2606
152      73.6283
153      96.941
154      67.2514
155      47.9197
156      0
157      0
158      98.914
159      0
160      92.6884
161      81.5665
162      94.8593
163      56.2061
164      89.6524
165      0
166      97.4579
167      0
168      93.8421
169      0
170      97.4478
171      0
172      97.0567
173      97.6347
174      64.3028
175      0
176      0
177      50.3727
178      98.779
179      97.6363
180      80.5366
181      51.798
182      0
183      0
184      99.3463
185      88.879
186      50.2472
187      0
188      89.6458
189      93.9757
190      0
191      93.3293
192      94.0802
193      81.1693
194      0
195      86.7409
196      93.7276
197      91.1225
198      0
199      99.0925
200      75.7684
201      0
202      0
203      0
204      0
205      89.2056
206      83.6412
207      96.5423
208      62.026
209      96.7663
210      0
211      89.7843
212      97.4058
213      99.6927
214      77.9789
215      77.2562
216      94.0044
217      95.9118
218      0
219      0
220      0
221      96.0612
222      0
223      0
224      99.5526
225      0
226      0
227      0
228      94.0712
229      97.2494
230      94.2908
231      97.0679
232      67.1513
233      0
234      99.2326
235      80.834
236      88.1735
237      93.7067
238      0
239      0
240      55.0919
241      0
242      0
243      0
244      51.9033
245      0
246      98.3706
247      78.6675
248      57.0444
249      66.8339
250      0
251      0
252      97.7293
253      76.0572
254      0
255      93.6758
256      0
257      0
258      0
259      92.8929
260      0
261      0
262      0
263      67.1195
264      63.3539
265      0
266      96.0375
267      99.5647
268      59.8072
269      95.1182
270      91.3409
271      89.8626
272      0
273      75.2794
274      65.3851
275      74.7346
276      0
277      92.7016
278      0
279      82.7749
280      0
281      99.3023
282      0
283      96.7574
284      81.5879
285      0
286      0
287      87.0537
288      0
289      0
290      99.0642
291      69.5496
292      99.1982
293      61.1403
294      0
295      97.3386
296      99.1166
297      99.8903
298      0
299      94.7936
300      36.836
301      71.0412
302      0
303      66.6551
304      98.384
305      98.9838
306      99.4294
307      0
308      0
309      94.1453
310      96.7008
311      0
312      89.811
313      0
314      63.0573
315      88.1508
316      0
317      85.12
318      0
319      81.3474
320      68.5613
321      95.9938
322      51.5448
323      84.0332
324      94.9024
325      0
326      97.4582
327      0
328      89.8211
329      95.3492
330      57.3746
331      0
332      56.5742
333      99.0095
334      97.6125
335      0
336      99.5709
337      0
338      97.9195
339      98.2831
340      93.4113
341      97.115
342      0
343      0
344      81.0772
345      60.3508
346      0
347      95.3316
348      97.6467
349      0
350      99.5961
351      0
352      0
353      98.9021
354      0
355      99.2954
356      99.2514
357      98.7217
358      96.3136
359      94.9205
360      99.1407
361      90.5636
362      89.5206
363      97.664
364      98.9503
365      69.2504
366      96.1819
367      0
368      99.8557
369      74.5878
370      98.3377
371      67.7588
372      67.6413
373      63.0626
374      86.4242
375      97.5942
376      81.7478
377      99.7759
378      0
379      90.8188
380      99.2723
381      95.0531
382      74.2607
383      99.3688
384      98.1385
385      0
386      0
387      0
388      98.5892
389      60.3372
390      76.9132
391      70.7178
392      97.7551
393      0
394      94.2324
395      0
396      0
397      98.4084
398      54.867
399      50.8285
400      0
401      83.1253
402      65.242
403      0
404      0
405      0
406      70.902
407      99.0786
408      98.0529
409      0
410      98.1461
411      79.3667
412      0
413      78.6925
414      0
415      0
416      94.7947
417      83.8376
418      72.2635
419      0
420      0
421      99.2163
422      0
423      0
424      0
425      97.8867
426      91.957
427      99.1868
428      70.5635
429      97.6004
430      0
431      97.4621
432      75.0035
433      0
434      63.7834
435      99.2122
436      0
437      0
438      78.4352
439      85.3294
440      79.1483
441      96.5066
442      0
443      0
444      0
445      81.1287
446      0
447      0
448      89.3621
449      0
450      0
451      0
452      0
453      78.8313
454      59.9574
455      98.0163
456      0
457      98.2004
458      99.4943
459      65.4498
460      0
461      97.9465
462      0
463      0
464      99.9079
465      86.7986
466      84.3939
467      98.4919
468      99.0643
469      96.5652
470      0
471      52.8816
472      99.6728
473      89.0431
474      92.6677
475      76.7342
476      78.3107
477      0
478      80.2131
479      65.488
480      0
481      81.4304
482      84.2749
483      76.6941
484      94.5545
485      54.4723
486      99.1021
487      95.8723
488      44.5364
489      98.2338
490      0
491      96.2141
492      0
493      99.3924
494      0
495      0
496      0
497      0
498      0
499      0
500      0
501      87.6497
502      95.5912
503      99.656
504      98.7128
505      0
506      75.0832
507      0
508      97.6419
509      0
510      0
511      0
512      0
513      99.5827
514      0
515      80.8894
516      67.6544
517      0
518      90.7654
519      95.0617
520      61.7783
521      86.6707
522      0
523      99.1048
524      88.9341
525      80.8358
526      99.8245
527      0
528      0
529      83.029
530      94.4411
531      99.8053
532      60.4187
533      0
534      89.3983
535      95.3495
536      71.8461
537      0
538      99.2331
539      99.466
540      74.7823
541      99.3719
542      95.0803
543      0
544      66.2848
545      0
546      0
547      0
548      0
549      0
550      0
551      97.3443
552      75.8248
553      91.5811
554      99.6183
555      96.4279
556      0
557      0
558      97.2443
559      96.9739
560      0
561      0
562      98.2303
563      94.281
564      0
565      85.4565
566      0
567      77.1843
568      0
569      78.461
570      95.9619
571      99.7483
572      68.5301
573      99.4412
574      0
575      98.1257
576      62.0542
577      0
578      78.4633
579      0
580      92.1575
581      0
582      97.3026
583      0
584      0
585      95.7686
586      0
587      97.5802
588      99.0801
589      0
590      0
591      0
592      61.8475
593      64.3588
594      98.4201
595      87.9724
596      99.7617
597      94.064
598      99.6167
599      0
600      99.9928
601      94.0942
602      94.2554
603      48.0895
604      99.2142
605      0
606      93.4209
607      0
608      0
609      0
610      88.7519
611      0
612      0
613      82.7274
614      87.3867
615      72.1548
616      68.6722
617      98.9089
618      0
619      0
620      43.6804
621      0
622      91.057
623      99.4084
624      50.7346
625      84.4791
626      99.5819
627      0
628      93.6143
629      0
630      98.6135
631      0
632      70.7463
633      0
634      58.7227
635      99.8873
636      0
637      73.9337
638      0
639      0
640      98.5111
641      98.7523
642      84.1718
643      97.2256
644      99.2739
645      0
646      94.3332
647      92.9864
648      0
649      0
650      0
651      72.2567
652      85.7421
653      0
654      96.5352
655      98.5885
656      99.3742
657      0
658      86.7687
659      99.1234
660      84.1365
661      97.1464
662      97.2418
663      94.5883
664      0
665      75.6714
666      38.1116
667      96.5774
668      44.1784
669      0
670      0
671      43.9788
672      98.8156
673      71.3715
674      98.5544
675      0
676      53.0305
677      0
678      90.7412
679      98.8748
680      0
681      87.7298
682      98.3423
683      97.7945
684      0
685      0
686      0
687      88.6848
688      0
689      99.4655
690      0
691      97.7784
692      90.4683
693      73.2691
694      99.5793
695      97.4756
696      0
697      68.0966
698      99.17
699      75.2693
700      0
701      99.7389
702      73.6307
703      98.3137
704      0
705      98.8046
706      99.2459
707      99.4793
708      0
709      93.3872
710      0
711      72.5107
712      98.3024
713      97.9432
714      0
715      59.0942
716      96.5418
717      93.0642
718      81.0427
719      0
720      94.003
721      59.0884
722      0
723      87.6568
724      80.8998
725      83.5406
726      0
727      93.1939
728      97.6414
729      95.4891
730      60.2876
731      99.4395
732      0
733      0
734      97.7081
735      92.7201
736      97.1898
737      75.8433
738      0
739      59.9014
740      78.9429
741      94.9324
742      92.3732
743      99.6082
744      98.2068
745      0
746      97.2473
747      0
748      71.6556
749      0
750      0
751      94.9897
752      86.1867
753      98.5756
754      0
755      85.3134
756      72.1024
757      89.0392
758      0
759      76.331
760      0
761      0
762      96.5277
763      96.7407
764      98.7426
765      95.8636
766      72.9139
767      0
768      90.164
769      92.9045
770      0
771      89.9374
772      99.999
773      97.2443
774      0
775      0
776      99.9821
777      91.1889
778      93.6403
779      99.8652
780      95.0253
781      0
782      92.0462
783      93.3768
784      91.3194
785      72.3851
786      98.4307
787      91.9654
788      85.6662
789      53.6539
790      54.3044
791      0
792      99.451
793      97.8364
794      0
795      0
796      97.007
797      83.0118
798      0
799      99.2837
800      65.8664
801      98.4399
802      0
803      0
804      0
805      98.7581
806      90.5482
807      0
808      0
809      98.3344
810      0
811      0
812      92.3918
813      97.2402
814      59.7032
815      97.8675
816      97.6859
817      0
818      98.9598
819      69.157
820      0
821      98.9312
822      95.4395
823      91.4215
824      0
825      98.0585
826      95.8706
827      0
828      67.9176
829      85.7315
830      0
831      68.7984
832      0
833      0
834      92.9103
835      89.4997
836      90.7101
837      91.8538
838      77.6811
839      0
840      69.2009
841      0
842      71.2887
843      99.1571
844      45.7889
845      0
846      84.5485
847      0
848      98.8217
849      0
850      0
851      96.9907
852      0
853      69.8367
854      93.9008
855      0
856      85.8539
857      88.5797
858      84.8422
859      88.0384
860      52.424
861      0
862      87.7655
863      0
864      95.5254
865      0
866      0
867      80.2612
868      58.061
869      0
870      0
871      56.6446
872      86.5317
873      9.00112
874      69.8963
875      98.8026
876      99.6035
877      0
878      0
879      84.7914
880      89.8891
881      99.6291
882      97.9982
883      82.8062
884      99.0322
885      0
886      84.9326
887      0
888      73.215
889      0
890      65.352
891      0
892      60.7158
893      74.6984
894      96.4798
895      0
896      92.723
897      85.5296
898      99.9165
899      96.2261
900      56.3345
901      78.6984
902      0
903      0
904      0
905      74.2148
906      0
907      83.1882
908      0
909      82.9225
910      0
911      0
912      94.9434
913      82.4867
914      97.8709
915      96.7469
916      98.7212
917      97.6199
918      0
919      84.7868
920      71.1748
921      0
922      80.9877
923      64.328
924      87.4036
925      99.889
926      63.5022
927      77.7451
928      71.9053
929      0
930      0
931      97.2144
932      98.9169
933      0
934      95.1291
935      50.5425
936      46.3596
937      98.6407
938      0
939      72.2349
940      0
941      94.9593
942      0
943      83.2663
944      93.649
945      89.4407
946      0
947      99.1477
948      99.1531
949      97.3199
950      98.814
951      80.2597
952      98.7128
953      98.6546
954      0
955      96.2132
956      98.104
957      93.1987
958      67.5717
959      0
960      98.5168
961      0
962      61.9105
963      58.1959
964      97.6357
965      68.3565
966      52.0424
967      0
968      0
969      0
970      97.0185
971      0
972      0
973      0
974      0
975      99.5135
976      99.9085
977      0
978      70.7242
979      0
980      98.4652
981      65.4874
982      89.453
983      75.5211
984      99.7856
985      62.87
986      0
987      0
988      61.5896
989      92.7762
990      0
991      68.5267
992      95.4187
993      0
994      0
995      70.3712
996      0
997      97.7781
998      0
999      77.8706
       32865.9
