0      0
1      99.5286
2      83.977
3      99.2087
4      0
5      0
6      0
7      0
8      82.7597
9      0
10      94.5541
11      51.9143
12      97.9905
13      0
14      99.9684
15      89.5436
16      0
17      78.4058
18      0
19      84.9567
20      0
21      0
22      66.0413
23      99.4852
24      0
25      0
26      0
27      75.5115
28      0
29      97.5945
30      0
31      68.1785
32      0
33      0
34      96.049
35      0
36      99.0405
37      0
38      97.1939
39      0
40      53.638
41      0
42      98.3866
43      0
44      0
45      0
46      0
47      98.7577
48      79.0141
49      0
50      0
51      99.1086
52      0
53      99.8848
54      99.1477
55      97.8035
56      99.778
57      58.3623
58      64.5417
59      34.0396
60      84.1285
61      97.1949
62      0
63      58.4246
64      0
65      99.9903
66      84.0326
67      97.6716
68      76.1176
69      0
70      85.53
71      97.756
72      98.3376
73      76.8846
74      99.8903
75      99.8804
76      99.7373
77      74.4419
78      43.4539
79      0
80      95.0406
81      98.751
82      79.0635
83      74.836
84      0
85      90.9204
86      99.873
87      87.2665
88      98.4575
89      94.0288
90      0
91      98.901
92      0
93      85.5052
94      90.1237
95      60.5627
96      88.5517
97      94.5416
98      92.2757
99      0
100      0
101      0
102      65.6294
103      0
104      95.8153
105      84.1155
106      0
107      0
108      70.6401
109      80.0549
110      99.674
111      99.6774
112      0
113      90.9354
114      99.2414
115      99.6246
116      75.7591
117      0
118      88.9215
119      79.9528
120      99.9103
121      61.3849
122      65.2971
123      97.291
124      86.6676
125      95.64
126      70.1616
127      84.3599
128      94.2104
129      0
130      98.8059
131      0
132      95.6817
133      77.042
134      0
135      98.5371
136      99.0133
137      84.4513
138      97.3393
139      99.7008
140      98.8979
141      99.8702
142      48.468
143      46.5919
144      0
145      0
146      0
147      66.079
148      89.8758
149      0
150      0.00188775
151      60.357
152      0
153      99.0168
154      96.4231
155      43.955
156      99.9932
157      99.8199
158      98.6233
159      69.4129
160      99.7539
161      95.3261
162      0
163      98.8547
164      64.1464
165      97.9908
166      0
167      82.1412
168      0
169      0
170      0
171      0
172      77.8392
173      0
174      0.0161687
175      0
176      97.5713
177      98.6242
178      52.0048
179      0
180      0
181      82.2159
182      83.3316
183      99.1579
184      92.1296
185      48.7058
186      91.0762
187      80.8587
188      98.728
189      99.2194
190      0
191      0
192      74.8605
193      97.5187
194      0
195      0
196      0
197      0
198      0
199      0
200      84.1664
201      0
202      99.1635
203      0
204      99.7541
205      0
206      99.2712
207      77.4601
208      0
209      0
210      98.1432
211      0
212      72.1889
213      0
214      99.9402
215      0
216      0
217      12.2954
218      94.0472
219      50.7789
220      56.3424
221      99.5518
222      0
223      0
224      98.5597
225      98.8118
226      0
227      86.4738
228      99.612
229      88.3543
230      0
231      96.0304
232      48.2276
233      58.7434
234      99.9811
235      77.2101
236      0
237      99.7414
238      0
239      81.4463
240      64.1425
241      86.1168
242      0
243      0
244      0
245      90.9287
246      99.88
247      77.9662
248      83.2884
249      96.4757
250      73.1026
251      62.6193
252      0
253      98.5738
254      84.4176
255      99.7863
256      0
257      99.8293
258      63.1969
259      0
260      0
261      56.3898
262      98.6158
263      74.4859
264      0
265      94.0123
266      0
267      98.341
268      96.5683
269      99.7204
270      99.7337
271      0
272      99.6123
273      95.2282
274      99.604
275      57.884
276      97.0726
277      76.049
278      79.3267
279      0
280      99.5113
281      0
282      98.9677
283      85.2539
284      99.6681
285      49.1288
286      74.808
287      0
288      86.6588
289      73.5234
290      99.0728
291      99.5995
292      95.9986
293      98.5377
294      0
295      96.7379
296      90.355
297      97.0766
298      0
299      72.6918
300      68.8142
301      0
302      95.6299
303      44.7652
304      99.9215
305      0
306      99.2403
307      83.0236
308      97.1427
309      98.612
310      98.2899
311      98.126
312      98.9273
313      68.8105
314      99.1252
315      99.0965
316      0
317      72.983
318      99.5528
319      88.8976
320      0
321      99.4851
322      78.4709
323      0
324      69.5066
325      94.324
326      0
327      81.5871
328      95.911
329      70.2503
330      95.8513
331      0
332      87.9294
333      0
334      96.808
335      0
336      99.7306
337      96.1403
338      98.6757
339      71.8358
340      0
341      98.9012
342      0
343      44.5687
344      0
345      64.8437
346      60.5908
347      0
348      99.0524
349      49.301
350      60.8699
351      86.2336
352      0
353      57.4569
354      52.1579
355      95.9707
356      86.6988
357      0
358      99.5869
359      82.6924
360      0
361      0
362      99.0242
363      92.5244
364      97.4724
365      69.3618
366      0
367      63.5503
368      62.142
369      97.9302
370      0
371      98.9295
372      88.1233
373      99.7745
374      0
375      99.4416
376      57.786
377      0
378      0
379      0
380      0
381      58.5905
382      94.5518
383      0
384      68.5584
385      97.5314
386      64.9903
387      64.433
388      95.3103
389      70.3062
390      66.4345
391      99.0965
392      0
393      84.0336
394      98.7581
395      96.9732
396      89.4272
397      0
398      60.1342
399      0
400      0
401      94.3667
402      60.3439
403      99.157
404      98.572
405      98.1372
406      0
407      99.1416
408      94.8317
409      70.352
410      0
411      0
412      0
413      96.7097
414      99.1206
415      98.7452
416      85.1203
417      0
418      78.7065
419      0
420      98.6666
421      96.962
422      0
423      99.8958
424      98.4816
425      0
426      99.5268
427      93.1135
428      97.9432
429      97.4956
430      0.245578
431      0
432      87.1623
433      80.2784
434      99.1813
435      87.7785
436      98.0255
437      0
438      91.3908
439      92.9423
440      63.9969
441      66.301
442      98.659
443      67.3622
444      90.6021
445      99.4599
446      99.6015
447      99.1789
448      94.7155
449      71.0175
450      0
451      0
452      0
453      97.8923
454      0
455      98.3539
456      99.3012
457      0
458      0
459      99.9264
460      0
461      97.6525
462      96.9815
463      92.9946
464      76.5251
465      97.6217
466      99.3652
467      99.8746
468      84.2926
469      0
470      48.7382
471      88.2273
472      94.8729
473      0
474      99.7596
475      85.0255
476      95.2233
477      80.1266
478      90.691
479      0
480      81.4278
481      35.1401
482      99.3133
483      99.1159
484      0
485      99.47
486      99.9627
487      88.4376
488      92.4029
489      89.8394
490      0
491      0
492      65.1177
493      99.4058
494      0
495      0
496      99.3368
497      98.539
498      88.256
499      86.1721
       17432.6
