0      95.5905
1      98.1331
2      0
3      62.9401
4      0
5      45.9126
6      93.1885
7      99.2689
8      99.7929
9      82.2149
10      73.301
11      52.8352
12      94.9422
13      99.4123
14      0
15      99.127
16      0
17      91.0389
18      88.0905
19      98.2701
20      0
21      78.33
22      0
23      97.771
24      0
25      49.3934
26      98.6936
27      0
28      99.1553
29      0
30      78.0113
31      96.3508
32      96.4799
33      99.4254
34      95.4656
35      94.294
36      0
37      0
38      83.5814
39      94.0708
40      99.9903
41      0
42      50.1431
43      51.002
44      98.2902
45      93.8644
46      96.7973
47      98.7935
48      0
49      0
50      98.9996
51      0
52      28.7384
53      0
54      96.239
55      49.2802
56      0
57      97.8175
58      0
59      97.1801
60      94.9738
61      99.0277
62      69.6996
63      0
64      98.7375
65      99.9933
66      98.1959
67      98.7144
68      62.0617
69      0
70      93.6534
71      99.9769
72      99.2549
73      56.0946
74      98.3427
75      64.1391
76      99.2872
77      99.8845
78      88.6941
79      0
80      0
81      65.7341
82      51.9139
83      97.8942
84      0
85      53.0255
86      90.8677
87      0
88      96.3449
89      0
90      0
91      97.9841
92      80.55
93      99.9111
94      84.5018
95      91.1646
96      99.2254
97      98.2214
98      92.3316
99      0
100      78.7975
101      0
102      88.0443
103      99.4443
104      97.8113
105      98.6803
106      89.4459
107      82.5374
108      98.4143
109      73.7703
110      0
111      74.4111
112      0
113      0
114      75.2208
115      0
116      0
117      0
118      0
119      96.6795
120      0
121      78.4998
122      99.2213
123      91.81
124      93.8744
125      0
126      98.4984
127      74.6846
128      92.3105
129      99.6277
130      98.4824
131      95.5112
132      68.5673
133      99.3805
134      0
135      0
136      0
137      87.0362
138      99.7751
139      0
140      0
141      97.4019
142      0
143      60.9802
144      99.5211
145      99.1036
146      99.4753
147      99.8816
148      98.5183
149      0
150      0
151      0
152      85.2843
153      96.0203
154      0
155      0
156      0
157      61.6602
158      98.0908
159      63.8949
160      0
161      43.4531
162      0
163      0
164      97.2222
165      80.3711
166      95.4445
167      96.032
168      80.7455
169      0
170      89.8357
171      91.6131
172      93.7168
173      0
174      98.5923
175      81.0198
176      0
177      52.5161
178      0
179      44.3664
180      97.4976
181      0
182      0
183      0
184      89.4754
185      96.378
186      75.9511
187      99.5691
188      98.0761
189      0
190      98.0951
191      97.3316
192      87.5123
193      83.2441
194      23.71
195      0
196      64.6548
197      99.3439
198      0
199      98.0275
200      0
201      75.9385
202      0
203      0.0343115
204      85.3186
205      43.559
206      0
207      97.6631
208      88.2961
209      95.9778
210      99.0359
211      0
212      90.8138
213      0
214      0
215      0
216      0
217      99.2654
218      0
219      49.6564
220      0
221      0
222      99.1614
223      92.5717
224      98.9242
225      97.1227
226      54.7926
227      84.3577
228      91.4113
229      61.5034
230      88.2107
231      69.5772
232      98.2638
233      73.6186
234      0
235      97.5771
236      0
237      98.2861
238      0
239      86.4787
240      98.939
241      78.673
242      0
243      72.3958
244      98.6911
245      99.5727
246      80.7663
247      99.9218
248      0
249      76.436
250      0
251      49.8306
252      0
253      99.9457
254      0
255      86.7614
256      0
257      0
258      88.0368
259      76.3902
260      81.0874
261      97.7814
262      99.3357
263      98.7959
264      0
265      96.8897
266      63.5893
267      0
268      59.3137
269      0
270      97.1746
271      0
272      0
273      99.7788
274      88.182
275      99.1896
276      77.9404
277      99.9121
278      36.9545
279      0
280      86.3198
281      0
282      0
283      82.5978
284      66.1324
285      99.9918
286      84.9616
287      93.1881
288      57.8825
289      67.2577
290      0
291      68.0186
292      57.2184
293      82.5988
294      0
295      86.3077
296      99.0042
297      99.067
298      0
299      0
300      0
301      99.5376
302      91.868
303      76.7895
304      30.8351
305      0
306      0
307      89.0265
308      82.6924
309      0
310      51.4413
311      0
312      96.4321
313      52.3617
314      0
315      0
316      61.9676
317      58.0933
318      58.4257
319      0
320      0
321      85.7878
322      0
323      0
324      0
325      98.7451
326      76.491
327      91.0501
328      76.06
329      90.7735
330      0
331      54.419
332      0
333      99.899
334      0
335      0
336      96.2121
337      0
338      0
339      0
340      80.8122
341      99.1005
342      95.2391
343      91.844
344      88.3533
345      58.2244
346      0
347      96.0628
348      88.9797
349      69.4406
350      0
351      0
352      68.6256
353      65.0291
354      63.4599
355      0
356      91.5249
357      99.2495
358      0
359      98.3944
360      97.919
361      0
362      75.1831
363      98.2111
364      74.8877
365      94.0214
366      99.7478
367      99.5388
368      0
369      72.5503
370      90.0763
371      81.4065
372      88.7209
373      72.9282
374      0
375      0
376      82.6419
377      99.8043
378      99.8022
379      95.5019
380      99.6003
381      0
382      71.5547
383      99.7852
384      99.1652
385      0
386      0
387      96.0442
388      0
389      98.1045
390      99.6327
391      52.6012
392      96.9375
393      99.4603
394      0
395      99.8522
396      98.3498
397      75.6695
398      74.0392
399      99.4871
400      0
401      97.3073
402      99.1749
403      0
404      91.9625
405      87.8385
406      0
407      0
408      98.9996
409      0
410      0
411      0
412      56.2576
413      99.7387
414      46.8926
415      0
416      96.1057
417      0
418      0
419      0
420      69.7024
421      0
422      0
423      88.4933
424      98.6908
425      99.7108
426      99.8422
427      0
428      67.8741
429      64.6291
430      0
431      0
432      86.6102
433      0
434      99.7156
435      80.8814
436      96.8232
437      99.9528
438      65.2658
439      82.4589
440      0
441      98.288
442      0
443      99.2238
444      99.6855
445      99.3753
446      97.8871
447      0
448      0
449      0
450      91.6788
451      0
452      0
453      69.6214
454      69.5953
455      0
456      0
457      67.5235
458      59.4989
459      0
460      0
461      0
462      0
463      75.5738
464      0
465      0
466      0
467      0
468      77.2722
469      0
470      48.4901
471      98.9428
472      97.2178
473      0
474      70.1721
475      0
476      0
477      93.9735
478      98.7617
479      0
480      89.2832
481      35.4631
482      0
483      79.3849
484      80.343
485      96.3343
486      99.7171
487      99.6436
488      94.1874
489      0
490      98.0992
491      93.4578
492      0
493      0
494      0
495      78.7941
496      95.4336
497      97.435
498      75.1413
499      99.9523
       16801.8
