0      0
1      56.6613
2      94.9649
3      84.2446
4      0
5      0
6      59.6798
7      70.1404
8      72.2638
9      53.5988
10      75.3896
11      95.4358
12      0
13      0
14      0
15      99.3796
16      95.6255
17      99.7522
18      83.093
19      98.9077
20      55.7507
21      97.0486
22      0
23      89.4348
24      75.1828
25      0
26      0
27      94.3664
28      97.6213
29      0
30      56.5798
31      0
32      87.6932
33      97.6289
34      83.9914
35      0
36      95.7982
37      83.621
38      0
39      0
40      99.3779
41      41.9241
42      76.5767
43      0
44      0
45      70.5172
46      0
47      0
48      71.823
49      64.8759
50      98.9594
51      98.8465
52      98.1409
53      76.1179
54      96.1711
55      66.0668
56      99.4253
57      0
58      80.9223
59      0
60      94.7152
61      0
62      0
63      0
64      62.1534
65      78.7985
66      82.5004
67      0
68      0
69      70.062
70      95.0142
71      93.8975
72      98.5725
73      0
74      99.7194
75      0
76      66.5464
77      94.1159
78      0
79      99.9349
80      0
81      0
82      64.4746
83      91.8551
84      0
85      55.6767
86      0
87      93.6832
88      0
89      56.6046
90      90.9868
91      97.2169
92      88.7415
93      82.5069
94      89.3631
95      0
96      92.676
97      0
98      0
99      74.7186
100      90.3422
101      85.0004
102      96.6168
103      65.3935
104      93.6762
105      91.404
106      0
107      0
108      85.9861
109      95.3697
110      96.2968
111      89.0186
112      61.9141
113      77.887
114      0
115      61.9201
116      87.9182
117      76.9858
118      91.6454
119      98.8824
120      96.6163
121      48.8238
122      89.519
123      92.163
124      0
125      93.2001
126      0
127      58.556
128      55.5049
129      0
130      0
131      0
132      92.4711
133      89.7532
134      65.1612
135      0
136      73.2485
137      0
138      59.8912
139      99.1768
140      88.8149
141      99.3129
142      83.8936
143      0
144      0
145      76.2413
146      85.8234
147      82.1005
148      0
149      89.7284
150      90.3086
151      86.15
152      0
153      0
154      89.108
155      96.7296
156      0
157      74.7902
158      0
159      70.2583
160      0
161      92.4286
162      70.5141
163      0
164      93.0169
165      0
166      0
167      88.259
168      64.5766
169      80.0925
170      95.7075
171      0
172      0
173      85.6428
174      99.6034
175      0
176      98.4032
177      83.8535
178      56.6645
179      0
180      98.5962
181      0
182      0
183      95.4114
184      91.453
185      0
186      0
187      79.1799
188      0
189      96.5781
190      0
191      88.3852
192      96.8137
193      92.9128
194      0
195      94.4395
196      94.799
197      89.2128
198      83.1315
199      0
200      0
201      0
202      0
203      0
204      98.2537
205      82.7553
206      75.4094
207      70.8845
208      93.7035
209      94.6565
210      98.8748
211      69.8395
212      96.8385
213      0
214      0
215      0
216      94.7941
217      0
218      0
219      61.141
220      92.8801
221      86.3078
222      0
223      59.4724
224      80.0589
225      89.9703
226      0
227      98.9287
228      0
229      44.2629
230      99.9905
231      72.4331
232      0
233      99.7726
234      97.1431
235      68.9862
236      26.2848
237      77.1699
238      61.5529
239      76.539
240      88.3345
241      72.0688
242      61.6644
243      91.5255
244      83.9844
245      74.4579
246      87.0699
247      0
248      65.3244
249      94.6623
250      99.891
251      0
252      81.1157
253      0
254      89.6521
255      62.3356
256      62.3458
257      0
258      0
259      92.5222
260      0
261      97.6549
262      0
263      96.2796
264      78.2555
265      80.4246
266      85.5875
267      93.4014
268      46.2656
269      0
270      0
271      0
272      0
273      0
274      92.51
275      79.4908
276      82.845
277      60.8355
278      0
279      0
280      98.8508
281      89.5775
282      80.6446
283      0
284      0
285      99.1968
286      99.5524
287      0
288      81.5745
289      91.6922
290      0
291      0
292      0
293      91.741
294      68.8947
295      99.8385
296      82.2812
297      94.6883
298      92.8439
299      63.9035
300      0
301      88.0314
302      0
303      79.4282
304      98.022
305      83.5787
306      79.1606
307      97.5576
308      99.9412
309      0
310      85.954
311      91.0345
312      0
313      0
314      0
315      93.7137
316      0
317      98.847
318      96.8521
319      89.9051
320      79.6033
321      0
322      97.1931
323      79.9992
324      99.5438
325      67.3874
326      0
327      0
328      0
329      0
330      98.6521
331      0
332      93.9696
333      89.2034
334      0
335      0
336      67.3405
337      87.6584
338      98.3885
339      93.1343
340      94.3019
341      0
342      95.8499
343      96.6978
344      82.4003
345      96.8548
346      85.3594
347      0
348      96.7592
349      0
350      0
351      0
352      93.1191
353      90.9147
354      0
355      0
356      0
357      96.4424
358      64.671
359      60.5425
360      91.2616
361      97.3594
362      91.1974
363      90.9118
364      97.6022
365      0
366      83.0382
367      47.1069
368      0
369      0
370      97.7483
371      87.055
372      61.8451
373      74.8091
374      98.5727
375      97.7681
376      89.4961
377      70.6285
378      83.9251
379      95.9366
380      95.1562
381      0
382      79.8404
383      99.2494
384      56.0794
385      72.8713
386      0
387      0
388      0
389      0
390      98.1049
391      0
392      0
393      82.7707
394      0
395      71.4882
396      0
397      0
398      62.7503
399      94.5148
400      75.0999
401      0
402      0
403      0
404      90.5217
405      0
406      96.1073
407      76.1006
408      95.9349
409      56.2282
410      97.0089
411      97.9749
412      46.4098
413      0
414      98.6883
415      94.4763
416      73.993
417      0
418      98.378
419      97.4193
420      78.2667
421      99.5877
422      53.0799
423      99.0357
424      0
425      89.0423
426      94.7433
427      93.512
428      96.1711
429      88.0944
430      76.9955
431      71.9667
432      93.7528
433      78.1787
434      60.548
435      84.4502
436      96.3105
437      0
438      0
439      91.9927
440      95.3322
441      80.8447
442      0
443      0
444      0
445      0
446      0
447      79.9819
448      0
449      0
450      93.9164
451      93.3235
452      84.4142
453      83.5147
454      77.7794
455      76.4274
456      94.8867
457      95.9075
458      79.1429
459      96.7085
460      95.4874
461      0
462      95.3684
463      0
464      98.2306
465      0
466      0
467      0
468      99.8068
469      88.2908
470      97.1037
471      94.4193
472      0
473      0
474      87.33
475      95.9165
476      0
477      56.901
478      74.2409
479      0
480      0
481      0
482      75.1414
483      0
484      78.9412
485      86.0463
486      89.3238
487      96.4514
488      51.0081
489      82.0326
490      0
491      0
492      59.903
493      88.3788
494      90.773
495      0
496      99.8176
497      88.2031
498      75.6199
499      0
500      93.3271
501      81.9955
502      93.1092
503      97.5426
504      68.773
505      0
506      73.2205
507      0
508      88.9031
509      93.038
510      92.201
511      98.1387
512      0
513      0
514      0
515      77.6187
516      0
517      63.2291
518      40.0641
519      45.0064
520      0
521      0
522      97.91
523      0
524      84.2017
525      96.853
526      0
527      79.2138
528      65.5004
529      73.4705
530      0
531      0
532      95.9941
533      73.3273
534      95.9943
535      0
536      76.7237
537      0
538      0
539      90.0385
540      0
541      0
542      43.6542
543      92.0265
544      0
545      73.0196
546      0
547      99.8786
548      0
549      94.6761
550      0
551      98.8237
552      57.6641
553      0
554      0
555      0
556      98.438
557      0
558      0
559      97.1225
560      90.5249
561      0
562      85.2738
563      32.1849
564      84.6904
565      78.6138
566      83.0775
567      0
568      88.9189
569      0
570      81.7269
571      95.9406
572      0
573      89.124
574      0
575      0
576      0
577      59.3268
578      58.7936
579      99.7251
580      78.3295
581      0
582      0
583      0
584      99.939
585      54.3857
586      83.8316
587      65.8633
588      0
589      37.2945
590      0
591      97.394
592      0
593      0
594      0
595      0
596      0
597      0
598      0
599      50.5542
600      78.9939
601      72.8753
602      98.5539
603      0
604      72.2875
605      94.8316
606      87.1059
607      0
608      0
609      58.9176
610      91.6828
611      99.7599
612      0
613      98.0802
614      99.9009
615      87.315
616      79.7767
617      91.5065
618      0
619      0
620      0
621      0
622      0
623      82.1276
624      0
625      0
626      0
627      0
628      80.985
629      95.3437
630      69.0551
631      0
632      70.6563
633      0
634      0
635      0
636      58.3311
637      0
638      99.2093
639      71.7628
640      80.3611
641      96.5162
642      88.1897
643      87.2994
644      75.6992
645      57.4521
646      0
647      99.1638
648      99.9442
649      0
650      94.4461
651      89.7868
652      96.8222
653      96.3447
654      0
655      61.1049
656      0
657      98.796
658      94.7632
659      0
660      89.7216
661      45.1773
662      97.2489
663      75.4969
664      62.5879
665      90.0235
666      73.4738
667      0
668      94.3503
669      95.1752
670      0
671      94.1327
672      0
673      83.4723
674      0
675      0
676      96.8624
677      0
678      0
679      0
680      80.8639
681      0
682      98.1855
683      38.2063
684      90.6608
685      96.2666
686      0
687      0
688      73.3484
689      93.6938
690      92.7694
691      90.4012
692      98.0686
693      73.6881
694      86.4423
695      94.3517
696      0
697      78.4012
698      0
699      91.0917
700      73.4268
701      0
702      0
703      55.4548
704      99.0937
705      0
706      0
707      96.7331
708      33.9368
709      59.4164
710      88.1425
711      86.1809
712      0
713      0
714      0
715      0
716      0
717      0
718      99.7137
719      99.0811
720      93.155
721      53.0256
722      93.2628
723      92.6009
724      0
725      99.9282
726      0
727      0
728      0
729      80.6093
730      85.5665
731      0
732      97.7715
733      96.2736
734      82.6344
735      99.4331
736      79.3907
737      73.6372
738      0
739      78.6404
740      0
741      0
742      99.1428
743      59.2015
744      96.3825
745      0
746      76.5765
747      88.7352
748      95.0297
749      0
750      85.1984
751      65.5676
752      54.9107
753      99.6287
754      0
755      0
756      80.8555
757      0
758      55.4173
759      0
760      95.5053
761      89.062
762      95.2429
763      0
764      98.1947
765      46.5845
766      73.7879
767      0
768      0
769      82.1368
770      84.3037
771      91.6533
772      93.7038
773      0
774      98.3505
775      0
776      99.7543
777      97.1406
778      0
779      87.8665
780      70.3482
781      0
782      92.1713
783      0
784      82.7289
785      0
786      61.9648
787      60.8825
788      66.0304
789      94.4915
790      84.755
791      84.9192
792      96.8913
793      68.6609
794      92.8193
795      88.7111
796      85.9818
797      93.2998
798      0
799      76.2315
800      89.0513
801      62.6045
802      88.7138
803      98.085
804      0
805      66.6339
806      0
807      99.1808
808      0
809      97.0567
810      0
811      0
812      58.1334
813      99.031
814      93.6258
815      70.6777
816      0
817      0
818      48.7357
819      0
820      71.4341
821      96.058
822      0
823      96.9818
824      98.0358
825      0
826      84.4143
827      90.4211
828      94.2459
829      86.2259
830      97.8674
831      0
832      0
833      0
834      99.3942
835      97.7376
836      0
837      52.0193
838      20.4502
839      90.8842
840      97.0519
841      55.5966
842      79.5729
843      0
844      80.9245
845      96.2803
846      86.4488
847      0
848      0
849      0
850      0
851      51.8952
852      0
853      99.1122
854      64.5861
855      98.8234
856      65.1469
857      0
858      89.0065
859      0
860      0
861      75.9814
862      90.2892
863      91.5479
864      0
865      0
866      0
867      64.6812
868      97.9267
869      88.4219
870      84.5448
871      98.3659
872      0
873      99.2656
874      0
875      95.8876
876      0
877      0
878      0
879      90.005
880      99.9708
881      96.3924
882      87.9646
883      92.6655
884      71.0164
885      0
886      0
887      81.9364
888      90.5065
889      0
890      0
891      81.6924
892      0
893      85.884
894      79.1168
895      91.5616
896      91.6562
897      86.5505
898      91.0459
899      26.8338
900      96.9009
901      97.4558
902      95.1446
903      0
904      67.9255
905      0
906      73.2691
907      0
908      51.3697
909      89.266
910      97.8541
911      87.2412
912      0
913      0
914      71.5234
915      92.501
916      51.84
917      91.236
918      73.2582
919      92.8499
920      0
921      0
922      30.4579
923      90.8306
924      0
925      90.8172
926      93.1795
927      99.0714
928      0
929      69.8093
930      0
931      95.2926
932      54.8504
933      79.8301
934      0
935      0
936      91.1011
937      75.8149
938      0
939      99.2382
940      0
941      0
942      96.9057
943      0
944      0
945      95.7037
946      0
947      0
948      92.8589
949      97.7478
950      0
951      0
952      98.7047
953      87.1824
954      0
955      95.582
956      0
957      0
958      92.658
959      94.768
960      97.6062
961      0
962      0
963      95.624
964      96.3325
965      89.5787
966      50.8491
967      0
968      0
969      99.7355
970      0
971      0
972      0
973      88.0457
974      77.501
975      94.148
976      0
977      0
978      88.717
979      0
980      90.5095
981      0
982      0
983      80.8736
984      98.6643
985      0
986      90.6655
987      79.6453
988      63.4032
989      79.8872
990      79.6138
991      55.0717
992      91.5924
993      0
994      0
995      49.9393
996      0
997      0
998      0
999      0
1000      80.4456
1001      94.5592
1002      60.1597
1003      90.1185
1004      65.9149
1005      94.639
1006      90.8284
1007      99.7809
1008      0
1009      96.8659
1010      0
1011      0
1012      59.5217
1013      69.7394
1014      99.4185
1015      82.978
1016      56.8331
1017      98.3209
1018      89.311
1019      97.1945
1020      91.0498
1021      82.606
1022      91.4862
1023      63.374
1024      0
1025      98.5306
1026      99.874
1027      99.8039
1028      97.6759
1029      93.9406
1030      0
1031      95.7695
1032      94.6195
1033      84.1345
1034      97.3351
1035      75.9594
1036      93.4511
1037      0
1038      94.5988
1039      0
1040      39.6895
1041      74.647
1042      0
1043      0
1044      86.0007
1045      97.4075
1046      85.421
1047      0
1048      95.3046
1049      0
1050      92.1962
1051      57.149
1052      78.2009
1053      58.7246
1054      97.5894
1055      47.7444
1056      0
1057      92.9432
1058      80.0407
1059      90.4156
1060      0
1061      94.0461
1062      97.5408
1063      0
1064      75.6242
1065      69.9715
1066      93.8517
1067      0
1068      95.5993
1069      63.1296
1070      94.6347
1071      0
1072      55.7748
1073      92.4906
1074      99.3377
1075      95.7517
1076      57.93
1077      96.9464
1078      0
1079      0
1080      96.5901
1081      86.0169
1082      93.2837
1083      0
1084      85.1867
1085      0
1086      73.6285
1087      0
1088      98.9426
1089      92.6541
1090      69.3529
1091      72.7691
1092      0
1093      91.8984
1094      94.4649
1095      75.6608
1096      95.8519
1097      0
1098      0
1099      98.4697
1100      0
1101      98.1238
1102      98.3917
1103      83.2606
1104      0
1105      0
1106      0
1107      76.0127
1108      95.8188
1109      88.145
1110      91.4209
1111      67.1918
1112      57.2486
1113      90.8332
1114      0
1115      0
1116      82.8015
1117      97.3895
1118      58.364
1119      0
1120      0
1121      62.4517
1122      59.7646
1123      0
1124      93.7516
1125      92.1136
1126      38.8908
1127      0
1128      0
1129      0
1130      95.4158
1131      98.8394
1132      91.899
1133      78.8007
1134      99.9717
1135      85.3431
1136      75.9262
1137      67.661
1138      85.5062
1139      97.2085
1140      0
1141      82.5532
1142      87.1629
1143      73.9149
1144      96.6478
1145      0
1146      93.1461
1147      99.4403
1148      0
1149      92.8831
1150      97.1221
1151      71.3084
1152      0
1153      0
1154      91.4145
1155      96.3567
1156      0
1157      64.5206
1158      97.7819
1159      0
1160      99.7386
1161      93.2144
1162      98.9899
1163      0
1164      91.9058
1165      0
1166      47.1172
1167      0
1168      0
1169      99.1471
1170      98.3509
1171      0
1172      0
1173      47.5956
1174      99.0273
1175      90.8308
1176      0
1177      0
1178      55.645
1179      0
1180      66.0708
1181      70.7448
1182      97.9725
1183      93.4562
1184      97.3996
1185      0
1186      58.0548
1187      0
1188      84.3995
1189      89.8124
1190      91.4197
1191      98.4825
1192      48.0311
1193      99.9522
1194      95.0166
1195      75.3421
1196      0
1197      0
1198      99.654
1199      96.788
1200      97.5126
1201      77.3597
1202      63.2781
1203      66.1288
1204      74.8803
1205      98.9996
1206      56.6452
1207      0
1208      0
1209      82.1829
1210      88.5644
1211      78.7889
1212      0
1213      95.7991
1214      97.7144
1215      0
1216      90.6173
1217      98.5317
1218      96.4039
1219      70.3766
1220      80.8998
1221      0
1222      47.6658
1223      79.3656
1224      0
1225      0
1226      78.1797
1227      0
1228      71.3367
1229      97.3552
1230      0
1231      0
1232      67.4398
1233      90.2995
1234      95.5642
1235      0
1236      78.203
1237      85.9219
1238      61.1245
1239      0
1240      89.9455
1241      0
1242      92.923
1243      83.5034
1244      88.2034
1245      77.2301
1246      0
1247      90.0451
1248      0
1249      0
1250      89.0262
1251      91.0024
1252      85.5014
1253      93.4334
1254      99.4106
1255      99.4348
1256      99.0573
1257      0
1258      0
1259      0
1260      73.0675
1261      0
1262      91.5791
1263      88.3276
1264      94.7828
1265      99.8755
1266      0
1267      93.5087
1268      94.394
1269      84.6633
1270      74.8835
1271      0
1272      0
1273      98.8519
1274      0
1275      0
1276      0
1277      0
1278      0
1279      65.1582
1280      0
1281      94.2002
1282      75.6173
1283      99.6098
1284      0
1285      0
1286      0
1287      0
1288      0
1289      83.6947
1290      0
1291      0
1292      73.0838
1293      93.0786
1294      83.2335
1295      0
1296      95.646
1297      0
1298      98.8395
1299      94.0708
1300      86.2221
1301      0
1302      0
1303      0
1304      71.4138
1305      99.976
1306      99.9917
1307      97.846
1308      93.1552
1309      39.0468
1310      0
1311      52.9456
1312      0
1313      73.4898
1314      93.265
1315      0
1316      93.5249
1317      96.4853
1318      0
1319      99.169
1320      87.9741
1321      77.9429
1322      64.4132
1323      98.9324
1324      0
1325      50.3351
1326      98.4279
1327      0
1328      75.3942
1329      97.1323
1330      0
1331      93.7713
1332      98.6535
1333      59.4488
1334      92.1251
1335      82.3673
1336      79.0831
1337      97.8186
1338      0
1339      0
1340      88.9444
1341      63.5509
1342      91.0536
1343      84.612
1344      85.0199
1345      0
1346      0
1347      97.6265
1348      88.3422
1349      0
1350      95.8022
1351      58.4984
1352      0
1353      83.076
1354      96.1413
1355      0
1356      96.5733
1357      0
1358      83.4553
1359      0
1360      93.914
1361      91.1033
1362      0
1363      96.6071
1364      0
1365      99.687
1366      72.8393
1367      96.5646
1368      99.0573
1369      0
1370      98.2204
1371      0
1372      99.2728
1373      98.316
1374      87.7331
1375      0
1376      0
1377      71.8495
1378      0
1379      0
1380      90.2961
1381      0
1382      0
1383      92.7571
1384      98.7914
1385      0
1386      0
1387      98.8583
1388      88.0928
1389      0.0823539
1390      91.5443
1391      95.5641
1392      98.0536
1393      89.3625
1394      0
1395      78.1856
1396      83.5181
1397      0
1398      77.238
1399      89.6716
1400      97.8328
1401      88.3401
1402      95.9824
1403      0
1404      0
1405      95.4368
1406      0
1407      94.659
1408      91.0494
1409      0
1410      85.1558
1411      93.2329
1412      94.1435
1413      89.1602
1414      79.9865
1415      83.7421
1416      67.5517
1417      0
1418      95.6463
1419      75.2974
1420      94.1261
1421      99.9839
1422      0
1423      0
1424      73.3144
1425      94.4181
1426      33.275
1427      96.0905
1428      0
1429      14.6647
1430      73.0138
1431      65.5735
1432      71.642
1433      55.0351
1434      48.2843
1435      0
1436      0
1437      95.6726
1438      0
1439      52.5458
1440      0
1441      78.8666
1442      0
1443      0
1444      0
1445      0
1446      91.7251
1447      86.312
1448      0
1449      70.0345
1450      49.6397
1451      80.5529
1452      97.8055
1453      99.741
1454      75.5517
1455      99.9181
1456      28.2899
1457      95.375
1458      68.5162
1459      0
1460      83.5801
1461      99.5517
1462      98.2421
1463      88.0095
1464      92.0818
1465      87.1324
1466      99.9216
1467      77.8719
1468      85.1738
1469      0
1470      95.4727
1471      0
1472      0
1473      99.727
1474      99.5336
1475      0
1476      0
1477      0
1478      91.6995
1479      0
1480      87.9713
1481      98.5597
1482      0
1483      93.3652
1484      96.5804
1485      91.9497
1486      92.8401
1487      0
1488      84.3439
1489      98.533
1490      97.1663
1491      97.6052
1492      0
1493      63.4751
1494      91.7074
1495      89.9775
1496      77.3372
1497      0
1498      0
1499      91.6779
1500      60.9513
1501      0
1502      95.3448
1503      79.9069
1504      91.4385
1505      76.6185
1506      87.0698
1507      0
1508      90.4463
1509      0
1510      85.1666
1511      0
1512      78.7697
1513      88.1443
1514      99.8631
1515      88.3437
1516      99.9144
1517      0
1518      0
1519      0
1520      0
1521      62.405
1522      73.4701
1523      78.383
1524      0
1525      0
1526      37.3264
1527      96.5288
1528      0
1529      55.2392
1530      78.7031
1531      68.8326
1532      91.1468
1533      84.6605
1534      69.3958
1535      92.6587
1536      0
1537      92.951
1538      0
1539      82.0414
1540      56.3017
1541      82.4
1542      99.8429
1543      93.9086
1544      0
1545      69.2229
1546      0
1547      0
1548      73.1314
1549      62.5156
1550      60.1339
1551      74.147
1552      99.9688
1553      79.3293
1554      0
1555      0
1556      88.8931
1557      95.2621
1558      50.188
1559      0
1560      0
1561      99.6449
1562      96.3745
1563      0
1564      0
1565      98.7485
1566      0
1567      92.3987
1568      0
1569      97.3748
1570      95.0777
1571      96.2272
1572      0
1573      94.0474
1574      94.3579
1575      97.948
1576      95.8698
1577      84.6918
1578      0
1579      95.548
1580      0
1581      77.4741
1582      0
1583      76.9833
1584      93.4466
1585      0
1586      0
1587      97.3015
1588      72.2874
1589      70.7201
1590      0
1591      95.373
1592      86.7923
1593      0
1594      83.9727
1595      56.9138
1596      49.423
1597      98.2908
1598      0
1599      78.8051
1600      89.3659
1601      0
1602      95.0969
1603      0
1604      0
1605      90.1881
1606      84.3856
1607      59.4553
1608      0
1609      0
1610      0
1611      61.059
1612      58.8782
1613      0
1614      0
1615      0
1616      89.1954
1617      62.5503
1618      66.5973
1619      86.5533
1620      0
1621      62.8192
1622      0
1623      56.8929
1624      0
1625      97.0513
1626      99.4712
1627      0
1628      84.2815
1629      88.1739
1630      87.7441
1631      72.2115
1632      0
1633      0
1634      74.3647
1635      95.8351
1636      96.3021
1637      99.9745
1638      0
1639      96.1865
1640      92.4724
1641      0
1642      91.5561
1643      86.497
1644      75.6803
1645      95.5737
1646      63.9434
1647      69.8238
1648      71.5209
1649      71.3025
1650      0
1651      49.5291
1652      96.1939
1653      0
1654      75.7585
1655      88.1395
1656      87.9394
1657      0
1658      78.8837
1659      87.4889
1660      77.2822
1661      0
1662      63.9139
1663      82.2671
1664      99.7884
1665      0
1666      86.5397
1667      0
1668      94.1972
1669      0
1670      86.2872
1671      0
1672      0
1673      0
1674      0
1675      99.258
1676      0
1677      59.4103
1678      0
1679      96.3672
1680      0
1681      71.4865
1682      0
1683      95.6283
1684      81.9083
1685      0
1686      0
1687      80.5993
1688      99.3815
1689      99.7789
1690      0
1691      0
1692      62.9721
1693      0
1694      91.7249
1695      96.5657
1696      0
1697      57.1942
1698      92.206
1699      0
1700      0
1701      95.3195
1702      63.6263
1703      74.996
1704      96.9964
1705      88.0055
1706      87.5649
1707      90.047
1708      0
1709      0
1710      0
1711      95.023
1712      67.5267
1713      83.4628
1714      61.1224
1715      0
1716      0
1717      88.9048
1718      78.7714
1719      92.4519
1720      96.0475
1721      83.7264
1722      99.6569
1723      67.6734
1724      95.7315
1725      71.1399
1726      0
1727      0
1728      98.1049
1729      60.7785
1730      92.013
1731      93.8218
1732      0
1733      0
1734      92.1364
1735      92.0069
1736      0
1737      91.0295
1738      14.4043
1739      92.3638
1740      0
1741      0
1742      0
1743      50.6299
1744      0
1745      56.2478
1746      65.8576
1747      0
1748      92.8814
1749      0
1750      0
1751      0
1752      87.015
1753      89.2435
1754      85.5465
1755      89.9774
1756      98.0952
1757      53.6621
1758      87.1433
1759      0
1760      0
1761      96.3695
1762      86.9429
1763      83.6294
1764      93.1158
1765      63.7126
1766      84.9092
1767      86.236
1768      0
1769      0
1770      58.4156
1771      0
1772      82.3301
1773      92.7643
1774      98.7587
1775      64.5641
1776      0
1777      82.7605
1778      0
1779      84.5585
1780      0
1781      0
1782      98.9996
1783      99.0795
1784      97.8174
1785      94.5886
1786      0
1787      66.2679
1788      94.0569
1789      77.467
1790      97.8568
1791      83.8283
1792      56.6314
1793      0
1794      0
1795      0
1796      59.0504
1797      75.2307
1798      0
1799      73.6141
1800      0
1801      0
1802      96.312
1803      87.3247
1804      70.6642
1805      93.7815
1806      76.2964
1807      0
1808      94.7925
1809      96.0459
1810      92.4472
1811      97.2989
1812      0
1813      93.1114
1814      0
1815      96.2616
1816      0
1817      86.6361
1818      99.9423
1819      0
1820      0
1821      84.9107
1822      0
1823      59.5171
1824      0
1825      0
1826      99.4256
1827      0
1828      0
1829      0
1830      0
1831      84.6327
1832      0
1833      90.3636
1834      96.127
1835      84.4304
1836      95.1457
1837      0
1838      93.6501
1839      0
1840      74.7967
1841      92.8641
1842      0
1843      81.7108
1844      41.0702
1845      96.155
1846      66.5605
1847      94.4704
1848      0
1849      0
1850      98.2262
1851      0
1852      97.4924
1853      93.6386
1854      90.0358
1855      92.522
1856      98.7962
1857      78.368
1858      92.0579
1859      0
1860      85.5029
1861      97.5976
1862      0
1863      0
1864      86.5443
1865      95.264
1866      0
1867      0
1868      92.7455
1869      97.6806
1870      91.7328
1871      92.3899
1872      0
1873      99.9148
1874      72.2535
1875      0
1876      0
1877      96.2496
1878      0
1879      96.9582
1880      77.9931
1881      96.3975
1882      79.6089
1883      78.2637
1884      0
1885      0
1886      0
1887      92.0913
1888      0
1889      0
1890      0
1891      67.1457
1892      89.1483
1893      90.1673
1894      0
1895      0
1896      97.1293
1897      86.5874
1898      0
1899      0
1900      76.4695
1901      95.9335
1902      0
1903      0
1904      0
1905      0
1906      92.847
1907      0
1908      94.8085
1909      0
1910      97.7966
1911      0
1912      79.0214
1913      38.179
1914      0
1915      98.2111
1916      97.4602
1917      83.1134
1918      91.5759
1919      0
1920      0
1921      94.4524
1922      0.567473
1923      86.1646
1924      0
1925      89.7371
1926      0
1927      94.7419
1928      71.7418
1929      0
1930      0
1931      0
1932      60.7792
1933      60.2179
1934      92.959
1935      98.7623
1936      99.027
1937      86.8236
1938      88.2404
1939      0
1940      94.2856
1941      82.2896
1942      99.9762
1943      96.9716
1944      0
1945      0
1946      0
1947      99.3401
1948      0
1949      80.2801
1950      0
1951      94.2732
1952      98.7756
1953      95.2582
1954      97.2483
1955      90.7401
1956      0
1957      74.0678
1958      86.9422
1959      86.6947
1960      93.4272
1961      87.5694
1962      0
1963      31.2547
1964      0
1965      82.9189
1966      0
1967      77.6386
1968      0
1969      94.0564
1970      83.3532
1971      65.2105
1972      70.2379
1973      0
1974      39.0077
1975      91.0233
1976      93.5175
1977      0
1978      87.2142
1979      96.7251
1980      0
1981      0
1982      99.3732
1983      82.8982
1984      96.3705
1985      98.2557
1986      0
1987      97.6376
1988      86.854
1989      64.464
1990      0
1991      96.8115
1992      15.4917
1993      90.469
1994      95.367
1995      94.8861
1996      0
1997      0
1998      90.326
1999      81.9705
2000      98.0623
2001      0
2002      0
2003      83.4572
2004      98.5735
2005      72.1555
2006      85.7416
2007      71.7618
2008      50.9777
2009      84.9363
2010      0
2011      92.5723
2012      93.0792
2013      55.8062
2014      88.3906
2015      91.5544
2016      81.4239
2017      81.2521
2018      58.5934
2019      87.3407
2020      92.8831
2021      87.0658
2022      49.4964
2023      84.433
2024      47.8093
2025      0
2026      99.859
2027      0
2028      81.853
2029      76.2998
2030      0
2031      91.103
2032      0
2033      0
2034      97.2402
2035      99.9074
2036      0
2037      0
2038      48.2578
2039      97.2289
2040      0
2041      71.0616
2042      88.0694
2043      93.3421
2044      0
2045      92.3122
2046      71.7905
2047      91.1314
2048      99.3106
2049      0
2050      0
2051      97.841
2052      97.5509
2053      84.8912
2054      0
2055      97.8459
2056      0
2057      0
2058      91.4189
2059      0
2060      61.7028
2061      69.4033
2062      0
2063      73.8657
2064      40.5618
2065      97.3211
2066      95.5864
2067      99.0382
2068      99.1345
2069      95.1947
2070      0
2071      0
2072      86.1677
2073      68.2697
2074      0
2075      92.3019
2076      68.4063
2077      0
2078      0
2079      96.8954
2080      86.225
2081      0
2082      0
2083      84.0635
2084      0
2085      99.1564
2086      97.4888
2087      0
2088      37.604
2089      63.3221
2090      0
2091      0
2092      66.4657
2093      95.1542
2094      0
2095      0
2096      78.4704
2097      98.6976
2098      92.0976
2099      95.2636
2100      94.928
2101      72.991
2102      97.9078
2103      96.6512
2104      96.5677
2105      91.134
2106      0
2107      51.5793
2108      73.8419
2109      89.3053
2110      78.6681
2111      99.7174
2112      97.354
2113      96.958
2114      84.3733
2115      89.8491
2116      87.5941
2117      94.6245
2118      0
2119      89.7615
2120      0
2121      0
2122      0
2123      0
2124      0
2125      0
2126      0
2127      0
2128      83.9086
2129      60.7798
2130      90.5369
2131      93.5827
2132      0
2133      85.2267
2134      91.7497
2135      0
2136      74.8893
2137      0
2138      0
2139      0
2140      0
2141      18.4839
2142      0
2143      42.4983
2144      0
2145      97.1659
2146      44.0124
2147      0
2148      99.4414
2149      0
2150      66.1736
2151      0
2152      0
2153      0
2154      0
2155      97.0335
2156      96.5362
2157      0
2158      97.4431
2159      0
2160      66.6983
2161      94.8798
2162      94.9529
2163      0
2164      0
2165      63.7072
2166      94.3187
2167      88.007
2168      95.268
2169      0
2170      99.0455
2171      0
2172      0
2173      92.0667
2174      98.0504
2175      99.5197
2176      99.7507
2177      59.9559
2178      97.0749
2179      87.1182
2180      78.342
2181      84.1712
2182      0
2183      99.5893
2184      89.1056
2185      0
2186      96.5682
2187      93.8192
2188      99.9674
2189      70.3141
2190      60.6672
2191      97.3793
2192      0
2193      0
2194      64.9527
2195      96.8441
2196      49.3244
2197      0
2198      92.4501
2199      0
2200      69.7456
2201      0
2202      96.6705
2203      98.6972
2204      0
2205      86.8345
2206      0
2207      0
2208      95.3535
2209      69.8557
2210      0
2211      74.5245
2212      76.3756
2213      97.7206
2214      85.648
2215      73.9962
2216      84.0559
2217      0
2218      82.8548
2219      88.746
2220      56.8417
2221      79.5461
2222      55.2329
2223      65.2789
2224      0
2225      82.5188
2226      88.0379
2227      0
2228      80.502
2229      89.7445
2230      78.9399
2231      0
2232      0
2233      66.4137
2234      63.2054
2235      0
2236      94.2293
2237      0
2238      98.7935
2239      92.1607
2240      96.203
2241      88.9754
2242      85.8447
2243      0
2244      0
2245      58.8855
2246      0
2247      0
2248      0
2249      80.5343
2250      69.8959
2251      62.213
2252      0
2253      98.9262
2254      91.7151
2255      0
2256      98.5107
2257      0
2258      70.2186
2259      96.8247
2260      57.0625
2261      84.1444
2262      0
2263      0
2264      0
2265      95.439
2266      0
2267      0
2268      0
2269      90.1833
2270      0
2271      0
2272      93.1513
2273      46.6876
2274      94.3986
2275      0
2276      92.2965
2277      98.1744
2278      53.6713
2279      91.3543
2280      0
2281      0
2282      95.6318
2283      95.1021
2284      0
2285      92.2582
2286      99.4833
2287      0
2288      92.6289
2289      98.7818
2290      0
2291      0
2292      0
2293      0
2294      68.9872
2295      0
2296      83.1957
2297      83.1567
2298      56.1271
2299      96.2224
2300      54.7863
2301      52.6194
2302      0
2303      0
2304      0
2305      0
2306      39.3749
2307      96.0284
2308      0
2309      80.668
2310      97.0565
2311      0
2312      75.2649
2313      95.7118
2314      73.836
2315      99.4955
2316      71.257
2317      85.8865
2318      0
2319      0
2320      68.4739
2321      0
2322      96.6434
2323      98.9926
2324      94.2986
2325      84.8577
2326      0
2327      59.3248
2328      0
2329      0
2330      97.3822
2331      90.7582
2332      0
2333      95.4552
2334      0
2335      64.8568
2336      94.6763
2337      70.6864
2338      60.5099
2339      92.3049
2340      61.8621
2341      0
2342      71.6971
2343      59.484
2344      0
2345      69.7337
2346      97.9679
2347      0
2348      0
2349      61.5382
2350      0
2351      79.3318
2352      69.6127
2353      95.0987
2354      55.8766
2355      98.067
2356      0
2357      96.3805
2358      92.9174
2359      0
2360      82.9875
2361      0
2362      0
2363      95.8136
2364      96.4482
2365      96.4373
2366      0
2367      0
2368      77.0611
2369      82.0681
2370      98.2562
2371      0
2372      0
2373      0
2374      72.8275
2375      79.869
2376      97.8662
2377      0
2378      97.9119
2379      0
2380      86.4598
2381      0
2382      96.3144
2383      82.6781
2384      90.7113
2385      55.2255
2386      0
2387      91.1644
2388      98.1687
2389      90.7537
2390      95.8598
2391      0
2392      0
2393      98.1956
2394      94.2029
2395      67.0387
2396      83.2433
2397      0
2398      46.3469
2399      0
2400      63.1625
2401      56.022
2402      58.104
2403      82.0358
2404      83.0845
2405      0
2406      92.9047
2407      84.9164
2408      0
2409      83.8192
2410      83.0012
2411      0
2412      82.8065
2413      0
2414      0
2415      0
2416      90.6179
2417      94.0639
2418      94.6535
2419      78.5467
2420      81.3594
2421      0
2422      92.8951
2423      0
2424      0
2425      66.7795
2426      70.4111
2427      0
2428      93.6405
2429      0
2430      79.9056
2431      80.7488
2432      60.1908
2433      0
2434      0
2435      0
2436      0
2437      61.2889
2438      78.9929
2439      67.4682
2440      99.2204
2441      0
2442      93.4326
2443      74.3451
2444      76.0183
2445      0
2446      89.3052
2447      71.7299
2448      0
2449      0
2450      79.0768
2451      87.4071
2452      0
2453      0
2454      95.4228
2455      0
2456      64.0269
2457      92.3517
2458      80.7977
2459      40.2187
2460      92.1723
2461      91.5628
2462      0
2463      95.2826
2464      0
2465      88.7462
2466      96.8412
2467      57.9091
2468      0
2469      0
2470      93.2199
2471      94.6088
2472      75.9904
2473      0
2474      0
2475      68.7155
2476      0
2477      0
2478      81.4789
2479      0
2480      0
2481      93.2933
2482      0
2483      99.2147
2484      0
2485      84.683
2486      79.6291
2487      95.7096
2488      0
2489      72.6964
2490      86.0068
2491      0.378511
2492      86.3571
2493      85.4518
2494      54.9078
2495      99.1299
2496      95.0932
2497      88.3456
2498      88.5983
2499      0
       83047.2
