0      99.0701
1      98.588
2      0
3      55.2652
4      99.7801
5      99.7128
6      86.4573
7      51.3167
8      69.2897
9      69.699
10      80.6958
11      0
12      0
13      99.1757
14      0
15      0
16      95.3309
17      0
18      81.3684
19      50.5369
20      99.6759
21      85.4647
22      0
23      99.6179
24      0
25      99.7164
26      0
27      0
28      49.0327
29      62.4498
30      0
31      0
32      86.9165
33      99.7485
34      82.9614
35      0
36      0
37      0
38      99.109
39      94.9894
40      66.9193
41      70.9948
42      0
43      92.9217
44      68.9014
45      97.1479
46      0
47      87.628
48      55.658
49      96.892
50      0
51      0
52      98.4645
53      0
54      84.1525
55      91.4501
56      99.0999
57      76.9846
58      88.3903
59      0
60      99.9729
61      0
62      0
63      0
64      99.9757
65      0
66      0
67      95.925
68      99.1578
69      86.0214
70      99.6318
71      99.7672
72      99.8869
73      75.6323
74      99.9344
75      54.308
76      59.7155
77      96.1137
78      0
79      91.7559
80      72.7169
81      48.9164
82      0
83      83.6831
84      99.9927
85      88.3477
86      69.9403
87      62.7306
88      0
89      0
90      90.1634
91      0
92      99.3476
93      84.5716
94      0
95      62.3687
96      84.3532
97      0
98      78.6424
99      0
       3734.71
