0      97.1354
1      43.9432
2      96.0448
3      97.0593
4      85.1293
5      97.5315
6      95.5169
7      0
8      0
9      84.0337
10      0
11      0
12      94.4457
13      0
14      0
15      90.1756
16      79.484
17      99.6507
18      74.9497
19      99.1387
20      95.4534
21      94.043
22      50.5218
23      92.1043
24      95.3417
25      0
26      0
27      87.9605
28      99.4915
29      97.4807
30      76.7485
31      93.5853
32      83.7792
33      70.4145
34      0
35      99.7448
36      66.7175
37      0
38      98.8777
39      0
40      68.886
41      97.8239
42      98.0311
43      0
44      96.2962
45      0.14645
46      89.8075
47      95.4718
48      57.9575
49      0
50      37.5348
51      0
52      83.293
53      98.4977
54      97.5865
55      97.8293
56      95.3847
57      97.5257
58      95.6501
59      98.2876
60      0
61      82.427
62      97.2015
63      97.037
64      51.9913
65      0
66      99.7038
67      0
68      98.9167
69      0
70      93.8252
71      74.8268
72      86.795
73      0
74      82.2013
75      0
76      99.6357
77      96.7495
78      98.3443
79      0
80      67.2402
81      56.8009
82      97.6451
83      0
84      89.5489
85      0
86      0
87      89.8954
88      0
89      0
90      96.7486
91      77.4537
92      0
93      0
94      89.9245
95      87.1193
96      0
97      0
98      0
99      0
100      46.5559
101      58.4834
102      0
103      68.2691
104      56.9079
105      96.595
106      89.6301
107      99.6043
108      94.174
109      99.485
110      58.6546
111      98.2701
112      82.8442
113      98.2028
114      0
115      0
116      74.3458
117      0
118      99.5219
119      0
120      96.9377
121      98.2175
122      0
123      94.2448
124      98.2699
125      0
126      95.1074
127      97.0066
128      0
129      0
130      0
131      91.0607
132      74.3193
133      0
134      99.2263
135      94.6113
136      96.548
137      93.708
138      83.9681
139      82.7147
140      76.2247
141      98.8297
142      0
143      0
144      99.6495
145      95.6166
146      87.034
147      74.5564
148      97.5186
149      96.4582
150      73.2184
151      99.8015
152      95.2715
153      0
154      0
155      0
156      99.3516
157      82.488
158      0
159      0
160      99.8893
161      0
162      98.7793
163      79.2368
164      0
165      96.0967
166      88.9609
167      0
168      0
169      73.0626
170      99.7439
171      0
172      96.1456
173      0
174      0
175      97.2985
176      0
177      58.3356
178      0
179      99.299
180      82.8553
181      96.2128
182      0
183      98.7487
184      98.9275
185      65.1197
186      0
187      0
188      0
189      90.6216
190      87.9925
191      99.0757
192      0
193      0
194      0
195      95.1756
196      0
197      67.5222
198      0
199      0
200      99.2543
201      93.2408
202      0
203      0
204      0
205      83.9873
206      0
207      0
208      93.9417
209      99.9709
210      0
211      98.0569
212      99.755
213      72.7701
214      60.2762
215      0
216      98.8066
217      47.0855
218      91.6597
219      0
220      94.9482
221      98.5808
222      93.3998
223      0
224      98.4674
225      0
226      0
227      93.4864
228      94.7555
229      0
230      0
231      96.6175
232      0
233      52.1192
234      95.0076
235      70.2531
236      0
237      56.0387
238      74.6252
239      0
240      62.254
241      97.3494
242      0
243      0
244      59.0525
245      98.8055
246      91.9089
247      95.434
248      72.4644
249      75.3792
250      76.2909
251      96.9436
252      0
253      94.2161
254      98.2962
255      69.702
256      0
257      98.2959
258      92.7393
259      95.527
260      95.5261
261      80.1856
262      0
263      91.7842
264      50.8829
265      0
266      91.4963
267      99.838
268      59.6535
269      0
270      0
271      50.8596
272      0
273      99.9757
274      77.7332
275      75.1788
276      0
277      98.1182
278      41.9168
279      83.8739
280      0
281      88.058
282      64.5155
283      0
284      0
285      0
286      69.0887
287      0
288      85.1877
289      98.3021
290      0
291      95.7929
292      97.9759
293      62.5336
294      66.0983
295      0
296      0
297      61.1968
298      97.6629
299      95.1886
300      0
301      54.2556
302      78.7638
303      99.4172
304      0
305      98.2701
306      91.0683
307      0
308      98.284
309      0
310      0
311      0
312      66.747
313      68.6422
314      63.9065
315      61.1156
316      99.9882
317      0
318      0
319      0
320      97.952
321      92.2244
322      97.5178
323      92.5124
324      0
325      0
326      0
327      93.6944
328      0
329      0
330      0
331      97.2953
332      98.7391
333      99.0277
334      0
335      0
336      92.1092
337      99.4949
338      82.3604
339      0
340      87.6871
341      81.3055
342      43.7494
343      30.3514
344      79.4948
345      79.9804
346      0
347      0
348      0
349      99.378
350      85.5659
351      99.2353
352      0
353      0
354      99.5097
355      91.8307
356      0
357      0
358      94.5244
359      0
360      0
361      0
362      80.5758
363      0
364      0
365      98.5872
366      0
367      49.9641
368      0
369      60.2225
370      68.4101
371      76.1834
372      0
373      0
374      99.82
375      99.9472
376      61.0493
377      85.0244
378      67.659
379      92.3193
380      72.3077
381      90.1948
382      95.5364
383      0
384      0
385      94.6756
386      39.2105
387      94.4097
388      49.9679
389      72.9163
390      0
391      88.7336
392      0
393      69.7035
394      97.5513
395      74.2596
396      76.8907
397      95.7579
398      98.3795
399      0
400      83.5783
401      0
402      86.9044
403      99.3212
404      0
405      78.9376
406      72.5734
407      0
408      0
409      98.5598
410      0
411      98.2297
412      0
413      67.9376
414      0
415      0
416      93.0765
417      0
418      88.7551
419      0
420      88.5037
421      98.5464
422      0
423      99.5592
424      83.5878
425      0
426      0
427      60.4217
428      94.3364
429      0
430      0
431      0
432      79.6865
433      0
434      99.5376
435      0
436      89.005
437      94.5678
438      0
439      0
440      97.1678
441      93.2333
442      98.8408
443      86.9839
444      0
445      62.0529
446      56.5763
447      98.6335
448      0
449      0
450      0
451      89.8677
452      57.1551
453      74.18
454      68.3483
455      0
456      95.1691
457      98.6448
458      78.5002
459      90.1545
460      99.691
461      86.7667
462      94.5349
463      96.9382
464      99.1025
465      76.5292
466      95.8603
467      0
468      97.1085
469      99.0165
470      93.2723
471      70.3986
472      0
473      99.1978
474      99.8592
475      0
476      0
477      0
478      99.6726
479      0
480      95.925
481      0
482      60.1067
483      98.3674
484      60.924
485      99.702
486      0
487      45.9272
488      98.2332
489      92.1707
490      0
491      56.0494
492      77.3034
493      90.5858
494      98.3568
495      0
496      0
497      65.8045
498      97.8794
499      99.5655
500      49.1407
501      0
502      64.9786
503      92.41
504      80.2123
505      0
506      66.2262
507      63.1433
508      82.9222
509      0
510      95.0629
511      0
512      91.5799
513      94.1634
514      97.7966
515      56.3664
516      0
517      67.0806
518      84.1385
519      98.4232
520      66.1707
521      82.2397
522      78.9764
523      0
524      98.3954
525      99.9865
526      0
527      96.6999
528      33.5266
529      92.9196
530      98.69
531      0
532      97.6618
533      98.107
534      0
535      97.7576
536      0
537      99.195
538      70.6712
539      55.5506
540      0
541      64.0989
542      99.722
543      0
544      83.3214
545      0
546      0
547      0
548      0
549      83.1633
550      92.6279
551      0
552      0
553      0
554      70.8823
555      65.1405
556      92.7644
557      96.1805
558      75.1614
559      0
560      62.8073
561      89.8665
562      67.0537
563      95.1355
564      0
565      81.982
566      0
567      0
568      0
569      0
570      0
571      90.725
572      0
573      73.0221
574      88.9846
575      47.6165
576      96.8991
577      89.1128
578      0
579      57.7351
580      99.7609
581      98.7594
582      99.3726
583      83.8025
584      0
585      61.433
586      76.8679
587      90.8305
588      0
589      0
590      0
591      0
592      90.3497
593      69.8211
594      52.3827
595      96.9194
596      99.6474
597      0
598      99.8575
599      94.857
600      96.4931
601      96.5502
602      97.3084
603      0
604      0
605      98.4206
606      98.0605
607      0
608      94.6935
609      34.6095
610      0
611      93.2832
612      0
613      95.6165
614      97.5764
615      83.9847
616      62.0577
617      95.9659
618      0
619      48.9895
620      0
621      97.6643
622      0
623      64.3194
624      65.339
625      63.8698
626      0
627      95.5728
628      90.2235
629      96.2132
630      98.1804
631      97.4162
632      0
633      0
634      70.4982
635      0
636      99.2505
637      95.9926
638      94.8954
639      0
640      0
641      0
642      76.7211
643      96.842
644      98.3968
645      0
646      0
647      81.5934
648      90.1341
649      0
650      80.5164
651      91.0623
652      87.0352
653      89.549
654      94.2849
655      0
656      96.9979
657      88.101
658      98.7936
659      95.6758
660      88.2005
661      74.1145
662      97.8582
663      99.5476
664      99.8303
665      77.6761
666      61.859
667      92.7652
668      0
669      96.5949
670      91.0346
671      63.5612
672      0
673      0
674      77.2622
675      99.8266
676      98.2334
677      0
678      99.6712
679      0
680      0
681      92.5728
682      73.738
683      85.7152
684      98.9693
685      96.7859
686      64.7181
687      0
688      97.7652
689      0
690      78.528
691      0
692      0
693      0
694      94.0152
695      91.2922
696      0
697      99.9449
698      62.001
699      86.0232
700      0
701      74.2871
702      0
703      99.35
704      0
705      66.3817
706      65.2594
707      73.9017
708      76.3055
709      73.2722
710      95.9913
711      0
712      96.5038
713      0
714      75.3819
715      0
716      99.8152
717      66.0613
718      98.3399
719      66.4395
720      0
721      96.9172
722      43.0845
723      98.2991
724      0
725      0
726      56.8551
727      99.3818
728      57.6409
729      78.4813
730      97.9955
731      70.3443
732      99.6734
733      98.3661
734      94.9111
735      70.0294
736      0
737      74.1205
738      0
739      0
740      98.0439
741      0
742      0
743      99.8449
744      0
745      0
746      96.4103
747      70.935
748      0
749      28.5584
750      0
751      98.3226
752      97.7664
753      0
754      0
755      92.5294
756      99.0624
757      85.1547
758      0
759      58.3717
760      98.2688
761      94.0228
762      0
763      94.5596
764      80.2566
765      0
766      0
767      0
768      95.6861
769      49.2478
770      0
771      92.1467
772      84.0537
773      95.237
774      0
775      97.7262
776      98.1824
777      89.6423
778      53.1765
779      55.632
780      0
781      98.8978
782      98.9052
783      0
784      97.5297
785      6.1275
786      55.3489
787      0
788      99.3361
789      91.5927
790      98.8529
791      95.2855
792      0
793      63.3452
794      0
795      99.9075
796      0
797      95.6772
798      81.4155
799      0
800      99.8296
801      96.5266
802      82.7493
803      78.704
804      63.1058
805      94.9218
806      0
807      66.0067
808      97.2321
809      0
810      90.7761
811      0
812      98.1566
813      0
814      0
815      82.8143
816      96.1654
817      81.3994
818      99.8628
819      91.9025
820      0
821      97.9568
822      0
823      0
824      0
825      97.4636
826      68.134
827      0
828      96.0257
829      94.1128
830      80.9791
831      51.9593
832      87.0764
833      0
834      95.585
835      97.0272
836      98.7738
837      95.7781
838      70.9374
839      94.9869
840      0
841      0
842      0
843      0
844      0
845      93.502
846      99.9294
847      99.7162
848      89.285
849      91.5875
850      0
851      0
852      99.2253
853      0
854      80.6463
855      96.5764
856      97.989
857      94.685
858      99.3355
859      92.4698
860      97.7157
861      59.0926
862      0
863      0
864      94.4683
865      0
866      99.8628
867      71.5672
868      0
869      0
870      0
871      99.8504
872      98.6674
873      0
874      88.5754
875      58.7856
876      68.9393
877      75.9109
878      99.9491
879      0
880      0
881      86.9733
882      99.0127
883      98.0234
884      92.658
885      84.3088
886      92.3091
887      99.1712
888      85.8061
889      98.8437
890      98.5083
891      0
892      85.9334
893      0
894      0
895      0
896      82.6862
897      0
898      0
899      98.2033
900      0
901      0
902      0
903      98.9075
904      98.0054
905      93.3033
906      0
907      0
908      76.1567
909      79.4141
910      0
911      70.4754
912      0
913      0
914      93.7626
915      73.9191
916      98.0734
917      76.0523
918      88.5936
919      99.4516
920      99.5516
921      97.1904
922      99.9689
923      99.0403
924      92.269
925      60.663
926      0
927      86.2833
928      0
929      98.7094
930      94.5921
931      98.9854
932      72.9655
933      97.9388
934      91.0143
935      98.2608
936      96.2736
937      61.8726
938      90.1401
939      78.7054
940      86.9613
941      0
942      0
943      0
944      66.7246
945      0
946      92.9353
947      0
948      0
949      0
950      94.2501
951      97.9291
952      53.9042
953      86.6962
954      0
955      0
956      0
957      67.4547
958      0
959      0
960      43.1453
961      93.9523
962      0
963      97.7824
964      79.5543
965      78.1452
966      89.8277
967      52.1451
968      0
969      99.7613
970      53.6684
971      81.4656
972      85.1208
973      79.4957
974      0
975      89.0705
976      98.4018
977      0
978      0
979      95.1053
980      0
981      99.0995
982      0
983      0
984      0
985      94.6573
986      0
987      97.5772
988      0
989      99.2005
990      81.2707
991      92.9641
992      87.7989
993      0
994      57.7089
995      77.9223
996      84.7403
997      99.5656
998      98.6106
999      95.9244
       33185.3
