0      65.9831
1      73.7821
2      82.255
3      99.989
4      99.225
5      97.3345
6      84.5707
7      99.823
8      0
9      83.4805
10      0
11      0
12      74.1555
13      74.9777
14      0
15      99.5195
16      81.3185
17      52.7618
18      88.482
19      0
20      99.9161
21      59.0828
22      88.7467
23      97.0035
24      99.9058
25      87.404
26      70.9715
27      99.749
28      67.6597
29      59.2056
30      81.5296
31      99.8642
32      0
33      99.7308
34      67.095
35      0
36      95.4376
37      0
38      99.5187
39      52.3779
40      0
41      99.2548
42      99.8287
43      0
44      0
45      78.1466
46      40.9009
47      56.1585
48      88.0643
49      85.042
50      99.9785
51      0
52      0
53      99.9336
54      90.9357
55      81.35
56      0
57      87.2848
58      62.2351
59      0
60      95.4493
61      0
62      0
63      0
64      54.0549
65      0
66      99.9606
67      94.3377
68      99.4733
69      73.5174
70      0
71      88.6407
72      0
73      99.2803
74      99.1544
75      99.6589
76      0
77      60.3614
78      90.9823
79      99.3752
80      89.2862
81      78.6597
82      75.3668
83      99.1726
84      99.868
85      0
86      0
87      89.4594
88      98.4849
89      0
90      99.4328
91      99.6012
92      0
93      70.228
94      0
95      80.4746
96      97.9894
97      72.1098
98      91.3064
99      97.3393
100      0
101      49.4213
102      99.3905
103      0
104      0
105      99.7657
106      0
107      85.4715
108      60.3089
109      57.406
110      75.0491
111      67.377
112      97.6747
113      50.094
114      99.708
115      98.1535
116      99.5675
117      0
118      96.9661
119      0
120      60.924
121      0
122      49.8284
123      0
124      86.0593
125      86.2692
126      0
127      99.9445
128      0
129      63.8827
130      0.0166738
131      81.266
132      79.5072
133      48.0132
134      0
135      0
136      96.361
137      97.5753
138      0
139      0
140      98.2612
141      92.0003
142      99.077
143      69.1526
144      0
145      0
146      99.4628
147      0
148      98.727
149      99.8527
150      52.1077
151      67.4658
152      0
153      99.0661
154      53.8774
155      94.4395
156      0
157      99.1171
158      0
159      89.0108
160      56.5673
161      0
162      0
163      0
164      0
165      44.1213
166      0
167      98.9047
168      0
169      99.8738
170      73.8591
171      99.5917
172      0
173      0
174      0
175      99.5947
176      0
177      0
178      98.5147
179      51.5573
180      73.8397
181      99.7367
182      97.9563
183      0
184      99.9463
185      99.5003
186      0
187      85.3056
188      0
189      0
190      80.5686
191      99.8484
192      91.1698
193      96.6004
194      50.171
195      79.9708
196      96.0515
197      98.5937
198      90.3315
199      56.8702
       7469.61
