0      98.5422
1      99.7172
2      86.0483
3      73.4901
4      98.0687
5      0
6      87.548
7      86.9026
8      0
9      98.9293
10      90.4802
11      43.3331
12      0
13      75.5187
14      0
15      0
16      0
17      0
18      0
19      0
20      94.5691
21      97.6917
22      0
23      82.7395
24      47.3809
25      93.7231
26      86.4577
27      69.2258
28      95.6667
29      97.9684
30      97.457
31      0
32      60.4539
33      93.0921
34      99.2862
35      98.1502
36      0
37      97.5312
38      95.0772
39      59.0759
40      0
41      83.0742
42      92.5219
43      0
44      0
45      98.6135
46      96.4902
47      0.00459364
48      97.1685
49      0
50      99.0722
51      78.8338
52      95.9396
53      0
54      0
55      0
56      95.9395
57      63.2899
58      0
59      0
60      99.9593
61      0
62      73.0316
63      99.8848
64      95.0614
65      0
66      0
67      75.0718
68      0
69      0
70      83.1041
71      66.5305
72      0
73      94.8401
74      75.818
75      0
76      85.5292
77      99.1076
78      92.2163
79      95.5314
80      95.2893
81      89.7512
82      97.6621
83      67.7356
84      98.9079
85      0
86      0
87      98.9407
88      66.3104
89      98.0173
90      95.9092
91      0
92      95.6506
93      92.9148
94      29.8949
95      0
96      99.7207
97      0
98      87.0715
99      0
100      59.0741
101      86.7376
102      39.9793
103      99.1039
104      98.7572
105      99.0871
106      99.8802
107      98.1058
108      99.0184
109      0
110      0
111      0
112      96.4116
113      0
114      92.7743
115      86.1833
116      66.8663
117      92.9536
118      71.5897
119      0
120      0
121      0
122      94.0207
123      83.1787
124      48.7577
125      96.7053
126      64.4239
127      99.9135
128      97.5711
129      0
130      0
131      91.1245
132      80.7562
133      0
134      76.0353
135      97.5487
136      90.6149
137      0
138      81.5798
139      0
140      0
141      0
142      69.7727
143      82.3198
144      0
145      0
146      79.0202
147      92.9029
148      96.1176
149      93.6732
150      79.6111
151      0
152      99.5787
153      98.4757
154      0
155      0
156      66.671
157      55.5823
158      94.5244
159      95.2994
160      56.0044
161      0
162      0
163      0
164      71.7183
165      99.2988
166      64.6774
167      95.401
168      96.596
169      98.1836
170      0
171      90.779
172      0
173      69.9568
174      99.3877
175      0
176      67.3299
177      97.9726
178      96.4732
179      99.6358
180      88.732
181      0
182      85.655
183      94.1435
184      98.618
185      91.0823
186      38.2981
187      46.892
188      99.5417
189      0
190      99.9283
191      99.468
192      99.073
193      90.7395
194      0
195      0
196      98.6602
197      85.4176
198      0
199      99.124
200      73.3303
201      78.8944
202      83.7621
203      0
204      99.081
205      99.3535
206      0
207      74.5719
208      86.3159
209      93.0834
210      0
211      0
212      0
213      56.5027
214      0
215      0
216      95.3839
217      97.1751
218      91.6479
219      0
220      95.994
221      49.3665
222      97.2198
223      99.9411
224      0
225      84.282
226      76.7942
227      91.2847
228      79.8032
229      96.3346
230      92.7043
231      99.8119
232      86.4489
233      93.307
234      0
235      0
236      0
237      0
238      81.3983
239      93.8265
240      0
241      0
242      65.587
243      85.6246
244      0
245      99.5171
246      98.0069
247      0
248      93.4854
249      0
250      0
251      0
252      0
253      0
254      79.4391
255      99.2668
256      98.5661
257      60.5223
258      89.0781
259      0
260      98.2919
261      75.8627
262      0
263      67.8608
264      0
265      96.174
266      96.1608
267      92.0807
268      0
269      90.7919
270      95.2661
271      97.7762
272      98.2713
273      0
274      97.0806
275      0
276      99.0786
277      0
278      0
279      0
280      97.3824
281      99.4755
282      97.4211
283      54.1445
284      70.6251
285      98.8068
286      0
287      77.2149
288      0
289      0
290      32.0883
291      35.5087
292      98.2704
293      0
294      0
295      0
296      0
297      59.129
298      99.118
299      97.7588
300      86.3723
301      0
302      0
303      55.9642
304      88.6019
305      69.4815
306      0
307      93.4518
308      0
309      93.9126
310      0
311      0
312      0
313      0
314      95.7955
315      73.9428
316      0
317      99.8091
318      68.454
319      64.4092
320      96.7109
321      96.2996
322      99.0771
323      75.6905
324      0
325      93.9136
326      60.4298
327      0
328      98.6206
329      78.2847
330      0
331      98.5393
332      64.6994
333      97.5243
334      97.4567
335      0
336      86.621
337      89.7891
338      63.8009
339      0
340      62.2387
341      0
342      86.5593
343      0
344      98.9963
345      0
346      83.7514
347      45.9563
348      95.6098
349      38.292
350      79.0848
351      94.7643
352      0
353      98.8079
354      59.8823
355      0
356      96.0842
357      87.1737
358      59.8993
359      0
360      90.3297
361      75.2368
362      97.3646
363      0
364      0
365      88.4839
366      77.9076
367      97.1577
368      54.0593
369      95.9066
370      85.3653
371      84.4097
372      0
373      96.4384
374      0
375      73.8659
376      98.9486
377      98.6899
378      98.0498
379      98.6161
380      99.8536
381      0
382      89.442
383      98.9009
384      92.6184
385      94.1569
386      0
387      48.2298
388      0
389      0
390      99.41
391      88.449
392      86.5324
393      0
394      0
395      65.0416
396      84.1379
397      98.9146
398      97.6718
399      94.2684
400      80.2607
401      0
402      0
403      0
404      0
405      86.5642
406      63.6728
407      70.8222
408      98.0758
409      99.7545
410      0
411      0
412      0
413      79.1488
414      99.2681
415      76.1246
416      44.5231
417      0
418      0
419      89.1565
420      0
421      0
422      97.1103
423      73.4857
424      78.3188
425      93.5931
426      0
427      84.0571
428      0
429      90.9082
430      99.3718
431      99.3958
432      74.618
433      0
434      66.7311
435      0
436      61.3505
437      0
438      0
439      76.0059
440      95.8965
441      0
442      98.8178
443      92.6815
444      84.0006
445      92.1586
446      98.7326
447      0
448      89.4658
449      92.3977
450      98.9383
451      0
452      95.534
453      95.9262
454      69.2026
455      97.9044
456      0
457      92.8929
458      0
459      0
460      98.418
461      0
462      0
463      98.6547
464      0
465      45.6225
466      0
467      92.4288
468      62.7506
469      0
470      0
471      94.3387
472      70.4769
473      95.977
474      0
475      97.499
476      91.3268
477      80.2826
478      97.1473
479      99.4643
480      0
481      62.9081
482      0
483      0
484      0
485      0
486      98.0299
487      90.6234
488      0
489      99.9967
490      93.4456
491      52.993
492      0
493      90.883
494      0
495      0
496      99.1174
497      99.7884
498      0
499      71.7805
500      98.4088
501      66.9105
502      58.3096
503      0
504      0
505      91.6071
506      50.8057
507      85.9313
508      94.3291
509      98.4826
510      99.8894
511      98.9394
512      92.6272
513      68.3558
514      0
515      97.9374
516      92.9803
517      88.2411
518      0
519      97.8974
520      0
521      0
522      0
523      88.1791
524      0
525      99.4582
526      99.8864
527      40.1257
528      89.1747
529      68.6873
530      68.8655
531      0
532      0
533      0
534      78.5318
535      78.7734
536      98.9916
537      99.9743
538      0
539      98.7418
540      94.0563
541      99.948
542      72.1366
543      99.408
544      91.584
545      0
546      96.2634
547      0
548      57.4115
549      0
550      0
551      0
552      0
553      77.4682
554      98.9142
555      98.1148
556      0
557      0
558      0
559      65.6392
560      95.7928
561      0
562      0
563      0
564      0
565      0
566      0
567      50.7012
568      99.4223
569      99.8208
570      98.3891
571      0
572      0
573      85.1203
574      97.1685
575      90.0782
576      95.7761
577      65.6306
578      0
579      0
580      0
581      48.502
582      0
583      0
584      0
585      0
586      97.847
587      77.8183
588      0
589      89.9332
590      0
591      96.2518
592      0
593      94.6164
594      98.1053
595      98.5179
596      99.9938
597      0
598      0
599      67.3415
600      97.0853
601      0
602      0
603      96.3885
604      99.8541
605      0
606      91.6822
607      97.9635
608      0
609      99.9501
610      96.596
611      99.7689
612      84.617
613      98.3198
614      96.7501
615      98.989
616      97.8165
617      0
618      97.4464
619      96.0847
620      99.5575
621      64.5564
622      0
623      0
624      85.444
625      0
626      99.4813
627      0
628      99.711
629      0
630      96.8121
631      99.9864
632      52.8349
633      95.0208
634      99.5713
635      52.4182
636      0
637      94.6651
638      0
639      0
640      0
641      0
642      85.3022
643      78.5538
644      83.8974
645      0
646      86.3373
647      0
648      98.9024
649      0
650      0
651      99.1642
652      0
653      99.8854
654      68.8679
655      0
656      99.4928
657      0
658      95.9939
659      91.064
660      75.1486
661      0
662      0
663      72.8709
664      0
665      52.2809
666      43.7198
667      61.8834
668      0
669      97.7149
670      0
671      99.8938
672      98.6967
673      78.2947
674      0
675      0
676      0
677      0
678      96.0305
679      0
680      0
681      91.1552
682      96.6036
683      94.9534
684      0
685      71.1012
686      97.7691
687      96.4657
688      98.8013
689      97.9403
690      77.1437
691      56.6294
692      94.1907
693      99.5836
694      0
695      97.8863
696      82.7655
697      97.917
698      81.6171
699      72.1719
700      99.4866
701      82.0174
702      0
703      89.8429
704      0
705      67.4683
706      0
707      0
708      94.3542
709      90.3543
710      48.1359
711      0
712      74.5542
713      92.1997
714      68.8991
715      0
716      75.1029
717      79.4188
718      0
719      0
720      78.7736
721      0
722      91.6022
723      0
724      97.3799
725      82.0729
726      0
727      95.6765
728      0
729      68.5752
730      38.7646
731      87.3526
732      90.41
733      83.1618
734      0
735      96.0703
736      0
737      93.288
738      96.5448
739      79.3908
740      73.3193
741      95.5196
742      0
743      0
744      92.0821
745      71.3904
746      98.6846
747      91.5392
748      99.0574
749      0
750      90.4793
751      97.4001
752      98.3399
753      87.4459
754      80.0089
755      99.926
756      81.9775
757      63.1816
758      98.0319
759      93.7508
760      78.3407
761      88.677
762      64.82
763      0
764      94.6757
765      95.6539
766      73.4974
767      0
768      82.6779
769      0
770      98.7615
771      0
772      0
773      81.6879
774      90.1006
775      80.4156
776      96.9516
777      0
778      0
779      87.8958
780      0
781      86.071
782      0
783      98.1062
784      0
785      0
786      98.5426
787      88.9904
788      92.2084
789      91.6984
790      0
791      87.7633
792      99.9799
793      97.9151
794      0
795      0
796      0
797      98.4567
798      0
799      95.2287
800      84.9599
801      0
802      95.9172
803      99.7507
804      43.6563
805      0
806      0
807      99.3564
808      68.1091
809      0
810      98.6887
811      97.3338
812      69.4565
813      99.449
814      98.0935
815      96.5195
816      93.1138
817      73.5625
818      99.5678
819      0
820      99.5908
821      0
822      0
823      0
824      90.541
825      0
826      0
827      81.5558
828      98.2793
829      97.0686
830      0
831      92.8138
832      95.9495
833      97.1181
834      0
835      0
836      99.2841
837      0
838      0
839      99.5954
840      80.1167
841      95.9546
842      90.0032
843      63.4044
844      98.4591
845      98.066
846      0
847      97.0679
848      93.8505
849      90.4435
850      94.0395
851      0
852      0
853      61.719
854      98.5171
855      97.2432
856      87.9676
857      97.9237
858      0
859      97.9404
860      0
861      80.184
862      75.9404
863      47.3178
864      67.3251
865      98.3358
866      99.9475
867      99.7789
868      42.2119
869      71.3641
870      99.6327
871      0
872      0
873      0
874      0
875      99.2022
876      93.3666
877      0
878      60.1938
879      0
880      0
881      89.7821
882      94.1789
883      0
884      0
885      65.6667
886      97.8327
887      0
888      81.5594
889      70.6566
890      86.0045
891      95.5031
892      0
893      99.2943
894      0
895      0
896      63.7722
897      0
898      0
899      95.2837
900      99.3689
901      99.3961
902      0
903      0
904      94.3325
905      94.8423
906      99.2746
907      98.7873
908      85.3208
909      76.3466
910      96.6319
911      51.5839
912      71.5243
913      79.1273
914      77.4516
915      0
916      99.3054
917      0
918      0
919      0
920      0
921      79.902
922      99.6271
923      0
924      0
925      0
926      0
927      82.6711
928      97.9521
929      0
930      0
931      0
932      97.536
933      98.1246
934      96.616
935      98.6013
936      0
937      97.9789
938      99.8713
939      0
940      99.9847
941      87.8442
942      0
943      95.5006
944      80.5835
945      99.8431
946      0
947      80.3233
948      0
949      86.0602
950      55.9379
951      76.8003
952      93.4214
953      85.2917
954      0
955      92.8256
956      0
957      97.2699
958      0
959      84.1394
960      0
961      93.2835
962      54.1701
963      0
964      68.0669
965      0
966      97.7141
967      97.7101
968      0
969      0
970      50.8674
971      99.4745
972      99.3124
973      95.2204
974      0
975      98.559
976      97.708
977      0
978      99.3976
979      0
980      0
981      95.6162
982      0
983      99.9262
984      0
985      99.4929
986      0
987      0
988      91.8238
989      97.1453
990      87.3203
991      79.1563
992      91.161
993      99.8633
994      93.4443
995      98.3545
996      84.756
997      0
998      97.6026
999      92.7545
       31799.6
