0      59.6403
1      48.854
2      0
3      99.9673
4      98.4454
5      98.4354
6      99.6885
7      99.0765
8      98.8982
9      0
10      64.0093
11      0
12      99.6591
13      99.6581
14      0
15      67.4878
16      99.6664
17      87.7872
18      0
19      57.9202
20      85.9643
21      99.4068
22      98.7385
23      96.3407
24      0
25      91.5601
26      99.1521
27      0
28      94.3643
29      0
30      73.0916
31      99.746
32      74.0572
33      0
34      0
35      77.7511
36      88.6418
37      0
38      0
39      95.4821
40      57.4656
41      98.7579
42      58.0432
43      96.5754
44      79.5873
45      80.144
46      0
47      99.1198
48      74.5896
49      0
50      0
51      96.3527
52      99.2788
53      0
54      99.554
55      0
56      39.1741
57      0
58      0
59      0
60      73.5365
61      0
62      90.3728
63      0
64      0
65      96.3982
66      99.8663
67      0
68      64.0547
69      0
70      97.8734
71      95.7841
72      99.7577
73      0
74      99.9307
75      71.0158
76      95.9181
77      92.1961
78      46.6347
79      70.4075
80      99.7951
81      66.3284
82      0
83      85.6372
84      71.9016
85      95.4581
86      94.4097
87      98.0975
88      80.4285
89      95.9326
90      97.687
91      95.8562
92      72.8154
93      83.7713
94      0
95      98.4686
96      97.3428
97      0
98      0
99      45.3358
100      59.9491
101      78.4245
102      80.5986
103      96.5831
104      97.1225
105      97.6877
106      88.3871
107      98.5319
108      0
109      85.0217
110      0
111      0
112      73.0914
113      85.1878
114      0
115      93.3248
116      80.782
117      52.7177
118      95.9993
119      0
120      97.3879
121      63.6331
122      83.2245
123      95.9967
124      99.4538
125      85.3786
126      74.8166
127      99.5174
128      70.4209
129      66.6983
130      74.6121
131      98.7731
132      0
133      97.4854
134      67.3268
135      0
136      99.2816
137      0
138      99.7472
139      45.5069
140      0
141      99.8931
142      97.7382
143      0
144      0
145      83.7157
146      35.6287
147      53.2373
148      91.366
149      91.7836
150      97.7709
151      0
152      0
153      97.0791
154      94.7659
155      89.0686
156      0
157      92.2302
158      72.4668
159      0
160      87.9003
161      0
162      0
163      0
164      53.5519
165      0
166      99.0119
167      93.8612
168      99.2247
169      74.8341
170      0
171      91.2618
172      0
173      95.6975
174      99.0023
175      99.9474
176      0
177      62.0859
178      95.2742
179      95.9128
180      88.1519
181      68.7393
182      78.1205
183      95.6007
184      98.1862
185      0
186      0
187      87.8417
188      98.9376
189      0
190      94.9152
191      96.7139
192      0
193      78.0752
194      0
195      85.2546
196      94.8415
197      69.9801
198      82.3446
199      96.969
200      0
201      45.6071
202      99.7353
203      0
204      0
205      0
206      0
207      84.7625
208      64.11
209      66.0523
210      78.6926
211      71.5342
212      86.8011
213      48.6229
214      99.5888
215      99.3798
216      97.8077
217      0
218      90.0381
219      0
220      55.5141
221      0
222      57.8964
223      0
224      75.139
225      92.4306
226      0
227      96.1729
228      0
229      59.5186
230      0
231      73.0163
232      79.1494
233      40.4533
234      0
235      0
236      99.1664
237      97.6116
238      0
239      0
240      98.3948
241      89.3352
242      99.9408
243      57.0197
244      86.5805
245      0
246      99.9191
247      0
248      98.634
249      99.3727
250      60.0262
251      64.9213
252      0
253      89.2398
254      62.0436
255      99.0806
256      0
257      99.7449
258      0
259      92.1733
260      67.1986
261      0
262      0
263      0
264      0
265      41.9515
266      0
267      97.9045
268      0
269      98.701
270      82.4385
271      95.535
272      0
273      0
274      0
275      98.0505
276      0
277      0
278      98.8433
279      60.858
280      75.2267
281      99.9876
282      98.6482
283      0
284      99.0963
285      0
286      0
287      83.8129
288      0
289      0
290      81.5927
291      99.8176
292      89.4957
293      94.5991
294      60.0586
295      78.2161
296      88.2397
297      95.7421
298      92.1989
299      72.1281
300      0
301      0
302      53.377
303      98.3726
304      98.1561
305      99.871
306      0
307      62.9106
308      99.8074
309      99.5608
310      98.9526
311      60.215
312      96.6229
313      0
314      96.9847
315      0
316      0
317      49.0822
318      98.0691
319      0
320      90.8883
321      54.0913
322      0
323      70.826
324      0
325      90.5778
326      96.4699
327      99.7503
328      90.656
329      84.652
330      53.9485
331      0
332      81.0093
333      0
334      94.5552
335      0
336      74.02
337      86.5124
338      69.3494
339      95.3622
340      0
341      98.3664
342      0
343      0
344      71.4239
345      94.087
346      58.6001
347      74.8024
348      0
349      84.9718
350      0
351      0
352      0
353      97.211
354      60.2196
355      0
356      68.5186
357      88.0684
358      97.7901
359      97.3086
360      0
361      80.5407
362      0
363      0
364      83.1373
365      56.1655
366      51.9322
367      0
368      0
369      0
370      98.921
371      0
372      0
373      88.1078
374      0
375      0
376      97.5812
377      99.7414
378      98.8984
379      0
380      60.8836
381      94.9459
382      97.0437
383      0
384      0
385      98.0136
386      78.7622
387      0
388      79.3454
389      81.3113
390      69.2304
391      97.087
392      87.8559
393      0
394      48.1715
395      0
396      0
397      93.0533
398      0
399      79.0289
400      81.543
401      85.8912
402      0
403      99.9349
404      84.9717
405      0
406      0
407      0
408      0
409      98.0972
410      84.6245
411      96.7515
412      69.9956
413      0
414      93.6685
415      0
416      98.6048
417      52.4423
418      97.2825
419      0
420      96.9285
421      82.1902
422      99.7864
423      0
424      78.4038
425      73.0028
426      52.6993
427      74.3906
428      68.9725
429      88.7041
430      99.675
431      97.0971
432      99.5597
433      66.887
434      75.9858
435      91.0417
436      0
437      99.726
438      93.7624
439      98.4779
440      0
441      65.231
442      99.5701
443      76.7602
444      0
445      84.2121
446      93.5245
447      96.1938
448      0
449      98.6963
450      0
451      64.7183
452      0
453      97.2181
454      94.4872
455      92.0833
456      64.0313
457      0
458      81.324
459      98.5001
460      99.2494
461      0
462      0
463      99.5237
464      99.2323
465      50.1455
466      0
467      93.184
468      78.9532
469      79.6591
470      57.02
471      76.2709
472      97.461
473      99.7799
474      96.1036
475      97.6604
476      0
477      97.1672
478      50.2769
479      0
480      96.4849
481      0
482      79.8763
483      83.0018
484      88.845
485      0
486      0
487      99.7416
488      96.4243
489      66.7619
490      85.3679
491      67.7458
492      60.574
493      99.3574
494      71.278
495      98.6448
496      98.445
497      0
498      0.000385763
499      87.8482
       18491.1
