0      93.5659
1      0
2      94.593
3      96.8145
4      0
5      0
6      74.7668
7      97.158
8      56.813
9      98.3136
10      99.7342
11      0
12      0
13      94.0993
14      88.1773
15      99.6995
16      97.6834
17      0
18      0
19      0
20      0
21      96.3979
22      99.6743
23      78.0203
24      0
25      98.2168
26      89.3719
27      97.2454
28      0
29      0
30      99.9461
31      0
32      91.8016
33      77.4821
34      97.0465
35      61.5878
36      86.7756
37      75.0192
38      85.868
39      0
40      95.9136
41      62.1753
42      92.447
43      96.4253
44      57.3362
45      74.9561
46      95.3299
47      0
48      97.3202
49      96.7804
50      75.9941
51      98.4183
52      94.4423
53      64.9451
54      94.7095
55      0
56      0
57      50.9145
58      99.6619
59      94.5674
60      79.2983
61      88.2228
62      82.218
63      94.3117
64      0
65      94.2497
66      0
67      92.4195
68      96.0286
69      0
70      18.8967
71      82.2845
72      0
73      92.1191
74      98.5034
75      82.5184
76      96.8768
77      0
78      95.3109
79      94.5318
80      0
81      0
82      0
83      0
84      0
85      0
86      0
87      93.4319
88      94.465
89      0
90      94.1693
91      99.3485
92      63.8065
93      90.7412
94      0
95      0
96      81.4918
97      0
98      46.092
99      95.4769
100      98.9256
101      0
102      0
103      84.6428
104      0
105      0
106      54.5425
107      90.8127
108      95.451
109      0
110      96.5696
111      0
112      0
113      95.5188
114      92.4606
115      72.9218
116      0
117      98.9345
118      0
119      91.3096
120      0
121      0
122      43.4023
123      72.5522
124      95.7387
125      93.6404
126      96.2938
127      96.9511
128      96.1488
129      0
130      92.9587
131      0
132      0
133      0
134      95.4211
135      97.4364
136      73.2425
137      0
138      84.0741
139      99.1143
140      89.98
141      0
142      92.417
143      80.3157
144      64.6257
145      88.6357
146      68.8398
147      67.3754
148      94.0151
149      85.6583
150      0
151      0
152      99.1974
153      87.0688
154      98.5924
155      98.5454
156      29.2642
157      0
158      83.9374
159      0
160      97.562
161      86.9064
162      0
163      0
164      98.1834
165      0
166      92.016
167      95.7452
168      51.1965
169      0
170      95.0903
171      87.2642
172      92.986
173      90.4497
174      0
175      70.6887
176      0
177      0
178      93.8774
179      96.2386
180      0
181      0
182      97.589
183      80.744
184      96.2005
185      82.4392
186      74.9115
187      92.29
188      0
189      0
190      97.2011
191      0
192      0
193      59.8459
194      0
195      73.0003
196      0
197      0
198      70.1999
199      98.2954
200      74.8982
201      0
202      0
203      0
204      82.8325
205      98.4643
206      92.0116
207      0
208      0
209      0
210      85.9745
211      39.4748
212      94.7671
213      95.073
214      82.7632
215      96.8719
216      86.9623
217      84.9389
218      66.9633
219      0
220      93.296
221      77.7565
222      88.6357
223      91.4857
224      0
225      61.133
226      0
227      0
228      99.9267
229      63.9555
230      66.8133
231      92.7459
232      0
233      77.2509
234      95.3494
235      71.4928
236      0
237      95.2553
238      83.4686
239      80.6191
240      0
241      99.4214
242      0
243      84.9246
244      96.0207
245      57.8267
246      0
247      0
248      98.57
249      0
250      0
251      98.2112
252      93.2039
253      87.9915
254      86.1337
255      0
256      75.5968
257      97.3237
258      88.6834
259      77.605
260      69.7106
261      0
262      97.8176
263      95.7585
264      99.3518
265      0
266      94.0761
267      96.6302
268      82.3419
269      90.3461
270      0
271      0
272      47.5264
273      79.5082
274      96.222
275      0
276      99.6539
277      0
278      86.6169
279      0
280      0
281      91.4862
282      90.0366
283      59.8431
284      67.8592
285      81.165
286      59.3696
287      71.3983
288      95.8798
289      73.38
290      74.6135
291      94.3127
292      98.7256
293      61.5816
294      93.6231
295      68.0243
296      0
297      63.9372
298      79.4184
299      76.753
300      98.1955
301      84.5397
302      0
303      99.0472
304      94.4227
305      0
306      0
307      83.2504
308      86.7752
309      97.2993
310      0
311      0
312      49.4265
313      86.5734
314      0
315      65.5574
316      68.5605
317      0
318      79.1759
319      0
320      0
321      68.2928
322      98.4785
323      94.764
324      0
325      0
326      72.8044
327      73.9821
328      90.9854
329      0
330      93.5387
331      0
332      0
333      71.6491
334      91.4358
335      88.5264
336      64.9029
337      0
338      55.8099
339      66.4854
340      0
341      74.1135
342      51.0894
343      0
344      63.9239
345      98.87
346      0
347      75.1519
348      91.7575
349      88.7375
350      0
351      90.0306
352      93.1596
353      99.8019
354      49.7942
355      0
356      60.5465
357      0
358      0
359      0
360      78.8079
361      0
362      0
363      65.5772
364      0
365      99.8449
366      98.5369
367      0
368      87.8224
369      75.2041
370      98.1977
371      0
372      91.6829
373      96.5149
374      93.9594
375      73.678
376      86.4853
377      94.0668
378      90.8355
379      0
380      79.7783
381      98.986
382      48.2631
383      26.0739
384      0
385      0
386      83.9487
387      0
388      0
389      96.353
390      74.4139
391      0
392      93.7129
393      94.7151
394      87.9427
395      92.3377
396      80.7574
397      0
398      91.2256
399      81.7005
400      71.215
401      0
402      75.4904
403      0
404      60.5382
405      98.2631
406      0
407      0
408      0
409      0
410      0
411      0
412      0
413      93.4053
414      93.7938
415      88.1935
416      87.1805
417      0
418      98.6654
419      79.8405
420      0
421      98.2911
422      97.4305
423      96.3298
424      0
425      59.9819
426      0
427      91.9341
428      98.9479
429      92.2722
430      97.8144
431      0
432      97.6778
433      73.2945
434      0
435      83.9427
436      99.7146
437      85.3595
438      0
439      93.3298
440      0
441      0
442      99.7621
443      0
444      54.503
445      79.113
446      88.3032
447      61.1961
448      0
449      97.8144
450      93.2198
451      97.2237
452      67.9493
453      0
454      89.4252
455      96.6383
456      70.968
457      0
458      70.298
459      0
460      95.2444
461      89.1135
462      82.553
463      0
464      0
465      0
466      69.8002
467      91.0107
468      95.0398
469      62.8432
470      0
471      95.0359
472      96.9193
473      97.2738
474      94.8638
475      80.7073
476      86.4862
477      95.7353
478      99.2254
479      44.4216
480      86.3466
481      82.8126
482      0
483      66.2983
484      79.433
485      0
486      93.1553
487      99.5533
488      0
489      0
490      98.5393
491      0
492      95.361
493      0
494      0
495      0
496      87.3465
497      0
498      0
499      90.1403
500      0
501      0
502      99.4566
503      98.3951
504      91.5833
505      0
506      52.2054
507      0
508      90.7591
509      98.8836
510      97.9993
511      63.4376
512      85.4879
513      0
514      91.9253
515      69.2257
516      88.6443
517      93.6097
518      90.805
519      74.3858
520      0
521      75.0436
522      94.0843
523      0
524      0
525      98.9346
526      0
527      0
528      99.4016
529      83.5012
530      0
531      0
532      93.3144
533      0
534      81.7901
535      0
536      0
537      95.7556
538      94.745
539      0
540      93.8208
541      0
542      0
543      97.027
544      81.2497
545      0
546      98.9391
547      88.6467
548      0
549      89.8858
550      91.4133
551      0
552      0
553      85.8082
554      0
555      90.183
556      92.9932
557      80.3185
558      68.9904
559      0
560      73.9353
561      0
562      98.4601
563      0
564      76.5376
565      99.448
566      88.0553
567      0
568      94.6477
569      66.2731
570      0
571      70.7582
572      74.8569
573      86.1958
574      0
575      0
576      0
577      91.7232
578      98.0856
579      48.0184
580      0
581      0
582      85.0589
583      68.8784
584      48.1649
585      0
586      99.5989
587      80.3475
588      79.2487
589      95.7682
590      95.677
591      0
592      0
593      99.2808
594      62.4327
595      92.117
596      98.578
597      60.7663
598      99.0939
599      0
600      70.9711
601      97.9915
602      80.5474
603      81.3755
604      0
605      94.2821
606      85.8437
607      71.1926
608      93.213
609      88.8202
610      0
611      89.6531
612      66.4678
613      83.8443
614      99.1143
615      0
616      85.0615
617      74.7696
618      75.3537
619      85.5545
620      0
621      62.1803
622      0
623      56.5407
624      0
625      0
626      88.5934
627      91.2952
628      64.245
629      97.1416
630      99.6606
631      90.5785
632      0
633      78.2362
634      0
635      98.7947
636      96.9556
637      0
638      80.9157
639      0
640      94.909
641      96.1205
642      99.1915
643      94.4345
644      0
645      73.8514
646      88.334
647      0
648      0
649      75.1531
650      88.1565
651      62.1188
652      60.8567
653      0
654      0
655      98.5904
656      0
657      38.1048
658      0
659      98.4478
660      61.8743
661      65.2356
662      99.1138
663      67.0537
664      78.7893
665      0
666      86.299
667      98.5247
668      95.6529
669      98.7514
670      94.9916
671      94.7955
672      0
673      91.4716
674      84.8567
675      95.1706
676      0
677      0
678      96.8932
679      95.843
680      0
681      96.0228
682      96.7774
683      50.1777
684      91.6306
685      0
686      99.1193
687      91.504
688      93.5642
689      59.884
690      0
691      0
692      81.4302
693      70.5553
694      0
695      0
696      0
697      52.129
698      0
699      54.0562
700      0
701      0
702      0
703      80.0083
704      99.8048
705      75.333
706      92.1135
707      0
708      28.1334
709      58.2692
710      99.9258
711      0
712      0
713      0
714      58.3262
715      76.7297
716      93.1868
717      0
718      89.0768
719      95.5884
720      90.2393
721      71.8716
722      99.7783
723      0
724      91.1807
725      94.3007
726      0
727      97.6368
728      63.0748
729      0
730      0
731      96.5659
732      98.4943
733      0
734      98.0274
735      65.5427
736      0
737      88.6709
738      89.7454
739      0
740      0
741      99.7847
742      86.3081
743      0
744      92.8715
745      0
746      92.9597
747      0
748      93.0317
749      76.1477
750      92.5129
751      98.0785
752      72.9972
753      0
754      76.4044
755      0
756      82.0702
757      0
758      0
759      97.2494
760      88.5921
761      0
762      0
763      85.0505
764      85.7916
765      73.1742
766      99.9141
767      0
768      0
769      0
770      91.713
771      96.5294
772      82.771
773      0
774      87.1464
775      74.5362
776      91.0913
777      88.5378
778      96.1157
779      57.4325
780      65.1171
781      96.838
782      98.7146
783      91.9893
784      77.3573
785      74.5287
786      79.6355
787      0
788      98.1238
789      0
790      99.5989
791      0
792      94.3371
793      98.2833
794      0
795      91.3813
796      86.9259
797      0
798      98.3376
799      82.616
800      0
801      97.4898
802      0
803      0
804      95.575
805      0
806      89.9185
807      98.2594
808      85.3677
809      0
810      68.0875
811      93.1637
812      0
813      69.2577
814      0
815      73.4379
816      0
817      73.0808
818      0
819      93.9933
820      99.0902
821      56.0705
822      92.0471
823      86.2103
824      98.9406
825      0
826      0
827      86.6696
828      0
829      92.733
830      98.4568
831      86.3854
832      98.5956
833      95.7599
834      95.8483
835      0
836      87.2689
837      0
838      0
839      65.641
840      79.0687
841      0
842      0
843      0
844      96.9187
845      98.7913
846      85.1742
847      94.306
848      98.711
849      82.3462
850      60.3751
851      99.0245
852      0
853      97.8834
854      0
855      75.3072
856      0
857      83.1873
858      99.1315
859      76.1267
860      93.2781
861      0
862      93.2666
863      89.5358
864      98.1124
865      0
866      0
867      50.3151
868      85.7363
869      99.7225
870      92.5579
871      0
872      67.6274
873      75.4841
874      0
875      84.0318
876      73.3101
877      0
878      0
879      0
880      82.607
881      0
882      0
883      91.0359
884      0
885      96.0586
886      76.672
887      0
888      95.863
889      92.2909
890      0
891      0
892      85.3335
893      93.2518
894      71.9388
895      0
896      86.7024
897      80.567
898      97.6828
899      88.2931
900      0
901      96.5145
902      97.9561
903      93.91
904      82.3826
905      0
906      0
907      81.8765
908      60.1365
909      91.0933
910      0
911      79.3011
912      99.6189
913      0
914      0
915      53.0837
916      0
917      0
918      93.6908
919      95.1878
920      0
921      98.7311
922      36.4697
923      0
924      54.2229
925      99.3506
926      97.0822
927      0
928      0
929      0
930      0
931      0
932      75.3638
933      94.536
934      54.6869
935      74.7181
936      0
937      88.4096
938      99.6883
939      95.2224
940      86.9738
941      94.4229
942      57.0727
943      57.7588
944      93.2117
945      0
946      83.6332
947      90.1123
948      75.3739
949      87.2706
950      95.5168
951      98.1941
952      95.6579
953      63.1098
954      88.9792
955      96.2476
956      35.8057
957      0
958      98.37
959      0
960      80.6017
961      49.6553
962      0
963      92.8366
964      0
965      98.6342
966      72.1934
967      61.3872
968      0
969      49.6244
970      89.2255
971      0
972      0
973      54.5983
974      99.5933
975      0
976      94.1191
977      89.0341
978      63.8373
979      84.414
980      77.713
981      0
982      78.6245
983      79.4518
984      0
985      0
986      0
987      58.7022
988      0
989      98.6319
990      0
991      55.9191
992      97.7053
993      0
994      0
995      82.3627
996      0
997      81.8088
998      53.6815
999      59.4869
1000      0
1001      67.594
1002      0
1003      0
1004      0
1005      89.4513
1006      0
1007      98.4614
1008      0
1009      74.102
1010      83.8195
1011      0
1012      0
1013      90.4332
1014      92.7823
1015      88.5957
1016      92.1875
1017      0
1018      75.5989
1019      0
1020      78.1327
1021      94.5056
1022      87.9473
1023      98.8385
1024      88.0409
1025      60.7438
1026      72.7444
1027      0
1028      80.9603
1029      64.41
1030      84.6781
1031      99.1981
1032      0
1033      57.1181
1034      0
1035      0
1036      89.9094
1037      96.8818
1038      85.0827
1039      98.8972
1040      96.9478
1041      90.0282
1042      0
1043      77.6496
1044      0
1045      90.3285
1046      93.7521
1047      87.7783
1048      90.8411
1049      85.1131
1050      77.853
1051      92.0525
1052      96.1034
1053      0
1054      92.795
1055      78.3614
1056      84.421
1057      0
1058      67.0658
1059      99.4658
1060      93.0932
1061      85.9284
1062      95.2575
1063      0
1064      99.7478
1065      94.0433
1066      0
1067      0
1068      0
1069      0
1070      93.1499
1071      57.1335
1072      56.7854
1073      0
1074      0
1075      0
1076      0
1077      82.25
1078      0
1079      97.1623
1080      76.2688
1081      63.3612
1082      0
1083      99.4266
1084      47.0698
1085      97.6403
1086      77.4762
1087      0
1088      70.4016
1089      66.4278
1090      94.3882
1091      0
1092      82.5206
1093      92.9168
1094      0
1095      0
1096      0
1097      0
1098      93.7926
1099      0
1100      0
1101      95.9414
1102      75.4105
1103      0
1104      0
1105      0
1106      99.6894
1107      0
1108      98.8131
1109      94.5896
1110      0
1111      69.9365
1112      77.0408
1113      0
1114      0
1115      0
1116      0
1117      0
1118      94.3527
1119      91.324
1120      99.1328
1121      93.8685
1122      65.6789
1123      0
1124      99.8614
1125      86.0238
1126      0
1127      96.1849
1128      83.7397
1129      90.5074
1130      5.22055
1131      97.867
1132      0
1133      0
1134      0
1135      0
1136      0
1137      0
1138      86.6315
1139      91.4473
1140      95.1833
1141      94.0978
1142      46.0549
1143      68.2327
1144      0
1145      99.49
1146      75.0665
1147      0
1148      98.834
1149      81.954
1150      0
1151      0
1152      79.212
1153      0
1154      74.5951
1155      82.7012
1156      85.311
1157      92.5755
1158      0
1159      90.7781
1160      0
1161      94.6576
1162      99.8267
1163      98.3185
1164      0
1165      0
1166      96.7982
1167      92.0661
1168      95.4858
1169      0
1170      97.1787
1171      91.8854
1172      99.5899
1173      82.4458
1174      0
1175      0
1176      89.1611
1177      0
1178      95.9685
1179      0
1180      92.5942
1181      0
1182      67.3687
1183      0
1184      0
1185      0
1186      0
1187      75.4935
1188      99.5488
1189      0
1190      96.0031
1191      0
1192      96.8765
1193      99.4526
1194      99.1171
1195      97.0388
1196      63.367
1197      78.139
1198      95.9658
1199      98.2876
1200      95.8584
1201      99.0482
1202      77.8428
1203      0
1204      0
1205      76.9281
1206      96.423
1207      99.9516
1208      0
1209      73.7095
1210      0
1211      0
1212      96.1513
1213      0
1214      69.3434
1215      0
1216      94.9008
1217      0
1218      92.9761
1219      61.7238
1220      94.4126
1221      96.49
1222      97.7577
1223      0
1224      99.1205
1225      74.8341
1226      99.297
1227      94.7832
1228      0
1229      0
1230      0
1231      73.8647
1232      86.8973
1233      0
1234      95.2434
1235      97.5422
1236      0
1237      0
1238      94.1442
1239      96.4274
1240      0
1241      76.9543
1242      95.1022
1243      97.2547
1244      80.7329
1245      0
1246      0
1247      0
1248      81.8623
1249      98.2558
1250      68.7755
1251      0
1252      0
1253      0
1254      98.7143
1255      79.3214
1256      90.3709
1257      99.6706
1258      76.5135
1259      95.2517
1260      80.7801
1261      0
1262      0
1263      62.6469
1264      86.1966
1265      60.9332
1266      98.0967
1267      0
1268      96.2533
1269      91.3704
1270      88.235
1271      0
1272      94.8471
1273      0
1274      0
1275      65.0201
1276      0
1277      0
1278      87.1706
1279      98.9619
1280      83.6582
1281      0
1282      97.1035
1283      59.4479
1284      78.8079
1285      0
1286      86.7541
1287      0
1288      97.7361
1289      69.9119
1290      46.6801
1291      99.6192
1292      0
1293      91.8407
1294      76.4931
1295      92.5503
1296      90.8865
1297      83.9499
1298      98.8842
1299      0
1300      32.0496
1301      56.5251
1302      78.1623
1303      0
1304      0
1305      55.0708
1306      97.6904
1307      77.2521
1308      0
1309      0
1310      95.6022
1311      78.3172
1312      98.6396
1313      0
1314      77.5822
1315      94.6489
1316      85.5665
1317      0
1318      69.2286
1319      95.9711
1320      0
1321      97.3693
1322      0
1323      84.5499
1324      0
1325      0
1326      89.7848
1327      0
1328      48.6935
1329      99.2167
1330      90.9156
1331      0
1332      98.5583
1333      67.7452
1334      98.6768
1335      88.1982
1336      89.9753
1337      83.6624
1338      0
1339      0
1340      80.0344
1341      97.4676
1342      0
1343      98.0385
1344      0
1345      63.1081
1346      96.7738
1347      0
1348      88.7432
1349      0
1350      0
1351      0
1352      99.7844
1353      98.6599
1354      98.5174
1355      0
1356      0
1357      81.9065
1358      59.2031
1359      0
1360      0
1361      0
1362      85.529
1363      86.4133
1364      97.1096
1365      0
1366      69.7883
1367      97.2136
1368      0
1369      53.2087
1370      0
1371      0
1372      0
1373      0
1374      0
1375      74.6824
1376      93.0691
1377      0
1378      43.952
1379      97.5448
1380      87.263
1381      75.4403
1382      0
1383      89.749
1384      65.1613
1385      0
1386      95.5601
1387      95.2901
1388      92.0932
1389      0
1390      57.4354
1391      0
1392      0
1393      0
1394      97.3813
1395      0
1396      82.1163
1397      89.0824
1398      0
1399      0
1400      0
1401      94.9731
1402      0
1403      91.441
1404      85.7231
1405      43.7514
1406      78.3569
1407      92.296
1408      99.6099
1409      0
1410      85.2711
1411      78.6719
1412      0
1413      0
1414      0
1415      0
1416      62.579
1417      92.4683
1418      0
1419      79.5112
1420      0
1421      77.2756
1422      0
1423      98.987
1424      0
1425      0
1426      0
1427      93.9302
1428      99.1064
1429      0
1430      95.4369
1431      0
1432      82.0112
1433      94.0389
1434      0
1435      0
1436      98.2802
1437      0
1438      70.4032
1439      0
1440      0
1441      0
1442      78.4667
1443      66.4509
1444      90.7734
1445      0
1446      86.7509
1447      0
1448      81.5108
1449      84.1596
1450      98.0951
1451      91.3466
1452      98.5458
1453      0
1454      97.1016
1455      99.4238
1456      52.4269
1457      0
1458      0
1459      58.3173
1460      99.1387
1461      92.8196
1462      96.6979
1463      96.5865
1464      0
1465      29.2051
1466      91.2619
1467      0
1468      93.8766
1469      82.6189
1470      91.704
1471      0
1472      87.0536
1473      84.4868
1474      56.366
1475      98.3339
1476      71.0116
1477      0
1478      0
1479      0
1480      99.3519
1481      0
1482      93.0136
1483      91.7991
1484      0
1485      0
1486      97.6486
1487      93.4218
1488      88.559
1489      97.7209
1490      80.9197
1491      94.7751
1492      60.0897
1493      90.1037
1494      94.8917
1495      0
1496      89.6829
1497      94.5982
1498      0
1499      75.1527
1500      97.5802
1501      0
1502      96.3573
1503      96.7662
1504      49.5303
1505      99.292
1506      0
1507      0
1508      0
1509      58.5391
1510      87.2391
1511      0
1512      63.6991
1513      46.1824
1514      0
1515      47.5276
1516      79.2301
1517      0
1518      61.0241
1519      96.96
1520      93.5499
1521      0
1522      94.5618
1523      68.7571
1524      99.0821
1525      0
1526      0
1527      88.1479
1528      78.0283
1529      0
1530      62.7459
1531      91.7366
1532      64.0754
1533      66.1712
1534      77.1555
1535      0
1536      0
1537      88.9146
1538      99.9869
1539      0
1540      0
1541      89.132
1542      0
1543      0
1544      91.33
1545      98.7138
1546      79.7804
1547      88.5541
1548      0
1549      89.707
1550      85.3184
1551      0
1552      89.6981
1553      0
1554      84.8572
1555      57.3716
1556      94.3263
1557      77.7751
1558      0
1559      0
1560      88.986
1561      0
1562      95.8525
1563      82.7543
1564      71.0175
1565      0
1566      63.7825
1567      0
1568      98.2236
1569      87.2782
1570      83.8303
1571      0
1572      53.386
1573      92.6198
1574      0
1575      92.6466
1576      53.9473
1577      86.8996
1578      71.6789
1579      60.6313
1580      0
1581      0
1582      99.7421
1583      97.3838
1584      0
1585      93.8407
1586      57.9042
1587      49.3239
1588      0
1589      0
1590      76.1889
1591      66.3136
1592      93.3784
1593      90.5979
1594      93.5233
1595      89.0147
1596      80.0058
1597      86.4002
1598      94.9698
1599      46.6534
1600      57.319
1601      0
1602      98.2564
1603      87.0111
1604      46.4336
1605      56.0621
1606      57.7338
1607      86.0523
1608      86.9576
1609      0
1610      75.6906
1611      89.0752
1612      80.0287
1613      0
1614      0
1615      56.4343
1616      96.7618
1617      97.5274
1618      66.7414
1619      0
1620      95.6067
1621      83.9482
1622      90.4049
1623      0
1624      97.054
1625      95.3978
1626      91.9211
1627      97.0183
1628      0
1629      0
1630      85.4479
1631      0
1632      0
1633      0
1634      97.0117
1635      87.4538
1636      88.9773
1637      97.7938
1638      59.7404
1639      69.5592
1640      68.8057
1641      99.4559
1642      98.4696
1643      89.1217
1644      57.8636
1645      0
1646      60.5242
1647      78.4395
1648      90.2737
1649      0
1650      81.6197
1651      58.42
1652      52.1242
1653      0
1654      0
1655      91.8836
1656      86.4775
1657      0
1658      90.4546
1659      93.0863
1660      93.3468
1661      0
1662      86.0666
1663      66.3749
1664      98.1518
1665      87.9502
1666      99.624
1667      87.2523
1668      0
1669      80.7126
1670      63.9021
1671      0
1672      97.2543
1673      78.9073
1674      0
1675      77.8621
1676      88.979
1677      0
1678      94.1098
1679      93.4485
1680      98.8864
1681      0
1682      0
1683      99.6956
1684      0
1685      94.9218
1686      95.7284
1687      94.8683
1688      0
1689      0
1690      88.5787
1691      70.4393
1692      81.2858
1693      72.2706
1694      0
1695      98.9241
1696      98.1473
1697      99.5445
1698      64.1483
1699      0
1700      95.9499
1701      0
1702      99.914
1703      61.9104
1704      0
1705      0
1706      0
1707      0
1708      0
1709      87.8213
1710      0
1711      0
1712      89.132
1713      0
1714      95.6635
1715      98.5361
1716      0
1717      95.3899
1718      92.8479
1719      0
1720      99.6778
1721      98.9626
1722      0
1723      93.7096
1724      56.3108
1725      97.1491
1726      0
1727      96.1676
1728      0
1729      0
1730      89.5285
1731      97.0642
1732      97.636
1733      58.6172
1734      62.4047
1735      0
1736      99.9243
1737      0
1738      0
1739      0
1740      96.5166
1741      0
1742      0
1743      0
1744      98.3039
1745      0
1746      0
1747      63.8984
1748      0
1749      80.631
1750      74.6481
1751      0
1752      81.9869
1753      95.3179
1754      0
1755      99.7082
1756      47.4122
1757      0
1758      99.9646
1759      0
1760      0
1761      94.3943
1762      95.3795
1763      94.006
1764      0
1765      83.4423
1766      0
1767      0
1768      66.4297
1769      81.4442
1770      0
1771      0
1772      68.7355
1773      0
1774      94.7154
1775      98.0028
1776      89.5357
1777      73.2276
1778      0
1779      0
1780      0
1781      63.8648
1782      0
1783      87.7133
1784      99.5412
1785      0
1786      0
1787      84.5269
1788      92.9863
1789      0
1790      98.8561
1791      85.9711
1792      0
1793      0
1794      90.6944
1795      0
1796      0
1797      96.3427
1798      92.5191
1799      71.8593
1800      95.5825
1801      95.0564
1802      0
1803      98.1432
1804      98.2271
1805      60.2629
1806      96.2618
1807      0
1808      66.1349
1809      81.5053
1810      86.3427
1811      97.6552
1812      79.9416
1813      0
1814      99.8003
1815      68.7596
1816      99.6767
1817      82.1102
1818      87.797
1819      81.8387
1820      94.6708
1821      93.1483
1822      93.6295
1823      91.6073
1824      76.5884
1825      0
1826      0
1827      95.1349
1828      67.3925
1829      0
1830      96.5311
1831      95.4309
1832      83.9653
1833      81.9277
1834      74.2549
1835      0
1836      97.95
1837      97.8115
1838      0
1839      56.9623
1840      77.8883
1841      54.8095
1842      0
1843      93.5083
1844      0
1845      0
1846      0
1847      92.3578
1848      94.8961
1849      68.7157
1850      96.6667
1851      96.9791
1852      96.5449
1853      99.6645
1854      99.6884
1855      92.1545
1856      96.1776
1857      99.467
1858      86.4523
1859      0
1860      86.2944
1861      96.3695
1862      0
1863      0
1864      0
1865      78.6473
1866      94.2517
1867      97.933
1868      57.4503
1869      97.5807
1870      92.5349
1871      0
1872      65.9857
1873      0
1874      0
1875      79.5899
1876      95.1025
1877      0
1878      0
1879      91.3773
1880      0
1881      54.8835
1882      86.0917
1883      45.5072
1884      96.9303
1885      0
1886      99.9432
1887      0
1888      50.3974
1889      99.1017
1890      0
1891      96.8926
1892      93.5
1893      76.198
1894      94.0754
1895      89.4237
1896      0
1897      0
1898      87.0917
1899      0
1900      97.162
1901      96.2468
1902      0
1903      77.0149
1904      99.8695
1905      59.4265
1906      98.0508
1907      85.985
1908      0
1909      94.1905
1910      0
1911      0
1912      0
1913      83.1526
1914      0
1915      78.1745
1916      0
1917      0
1918      0
1919      98.4721
1920      0
1921      0
1922      57.6611
1923      0
1924      98.814
1925      0
1926      90.6299
1927      94.291
1928      0
1929      92.9769
1930      96.9329
1931      99.2179
1932      0
1933      79.0654
1934      0
1935      96.0463
1936      94.3582
1937      63.3572
1938      68.1626
1939      0
1940      91.9328
1941      98.0798
1942      96.1571
1943      0
1944      96.0788
1945      0
1946      99.187
1947      97.8605
1948      0
1949      82.2839
1950      0
1951      0
1952      73.7017
1953      80.9801
1954      98.099
1955      48.3958
1956      82.1776
1957      63.0367
1958      0
1959      0
1960      0
1961      95.0472
1962      61.397
1963      0
1964      93.4278
1965      78.7075
1966      0
1967      94.509
1968      95.6699
1969      0
1970      91.8756
1971      0
1972      89.0486
1973      94.7039
1974      0
1975      0
1976      0
1977      91.0283
1978      88.5565
1979      0
1980      0
1981      0
1982      0
1983      99.1022
1984      94.7931
1985      99.5721
1986      0
1987      97.1031
1988      85.4684
1989      54.3219
1990      0
1991      64.9483
1992      91.5733
1993      96.689
1994      60.7895
1995      62.4599
1996      98.7597
1997      96.5398
1998      96.2576
1999      0
2000      90.3108
2001      0
2002      0
2003      92.6664
2004      88.6246
2005      81.0323
2006      0
2007      93.4669
2008      94.2201
2009      93.4659
2010      0
2011      0
2012      98.5208
2013      72.5459
2014      0
2015      92.9309
2016      0
2017      0
2018      95.1081
2019      98.9712
2020      91.6809
2021      72.5172
2022      0
2023      66.5994
2024      99.6791
2025      76.4267
2026      0
2027      67.0395
2028      99.9602
2029      0
2030      89.3381
2031      85.7353
2032      0
2033      99.3389
2034      0
2035      71.346
2036      0
2037      93.1631
2038      94.7888
2039      0
2040      82.07
2041      98.045
2042      88.7371
2043      0
2044      23.1302
2045      99.9615
2046      77.1742
2047      0
2048      96.4664
2049      86.6922
2050      0
2051      86.1908
2052      42.5601
2053      75.117
2054      63.4625
2055      0
2056      88.0082
2057      80.8737
2058      0
2059      96.3094
2060      0
2061      0
2062      62.245
2063      51.9038
2064      77.1447
2065      0
2066      96.4804
2067      93.6553
2068      0
2069      50.9473
2070      77.5429
2071      70.0549
2072      76.3192
2073      0
2074      90.8803
2075      0
2076      98.43
2077      98.7604
2078      0
2079      70.9934
2080      83.679
2081      65.0191
2082      0
2083      0
2084      0
2085      0
2086      51.4579
2087      87.1515
2088      84.2494
2089      0
2090      0
2091      0
2092      0
2093      70.0933
2094      82.5474
2095      97.0796
2096      97.7525
2097      67.7361
2098      95.586
2099      92.6074
2100      62.8428
2101      98.4699
2102      90.2255
2103      0
2104      0
2105      86.0962
2106      99.7187
2107      0
2108      99.8415
2109      0
2110      99.8782
2111      81.3827
2112      0
2113      0
2114      76.2406
2115      94.2484
2116      95.2807
2117      93.4236
2118      86.1965
2119      0
2120      85.8932
2121      0
2122      99.2875
2123      92.269
2124      71.9868
2125      0
2126      96.1871
2127      66.9389
2128      57.5632
2129      0
2130      83.3354
2131      94.7475
2132      99.4603
2133      99.7148
2134      48.7462
2135      0
2136      0
2137      88.6145
2138      67.1488
2139      94.6631
2140      95.7772
2141      0
2142      84.6917
2143      80.2409
2144      0
2145      58.6263
2146      60.2349
2147      83.2292
2148      72.2614
2149      98.9411
2150      0
2151      94.4246
2152      0
2153      0
2154      84.0507
2155      95.3077
2156      96.4054
2157      0
2158      0
2159      73.8712
2160      69.6554
2161      93.8879
2162      0
2163      66.1753
2164      98.3558
2165      69.931
2166      59.8991
2167      92.1252
2168      69.939
2169      95.2346
2170      0
2171      90.355
2172      78.1735
2173      94.1658
2174      48.6761
2175      96.0748
2176      0
2177      98.3606
2178      66.9796
2179      65.6189
2180      0
2181      0
2182      98.9228
2183      84.0395
2184      81.5027
2185      0
2186      60.5545
2187      0
2188      92.7906
2189      0
2190      98.869
2191      99.1229
2192      94.704
2193      0
2194      0
2195      55.2177
2196      97.0312
2197      0
2198      92.9599
2199      65.4659
2200      96.5465
2201      0
2202      93.0371
2203      90.7939
2204      0
2205      0
2206      98.3326
2207      87.3491
2208      85.6233
2209      0
2210      0
2211      0
2212      99.9769
2213      0
2214      0
2215      94.6834
2216      87.1754
2217      59.4464
2218      80.2509
2219      89.5188
2220      90.3085
2221      99.602
2222      77.6286
2223      95.3727
2224      0
2225      99.0386
2226      0
2227      98.1987
2228      70.2526
2229      0
2230      90.8315
2231      0
2232      0
2233      84.4523
2234      95.6726
2235      94.8111
2236      0
2237      66.4856
2238      0
2239      85.7297
2240      0
2241      99.0964
2242      0
2243      0
2244      0
2245      0
2246      0
2247      56.5942
2248      96.2296
2249      0
2250      89.3373
2251      0
2252      96.4985
2253      95.3716
2254      60.5032
2255      61.4451
2256      91.9172
2257      0
2258      0
2259      0
2260      0
2261      75.4204
2262      88.9411
2263      0
2264      71.3988
2265      0
2266      98.6787
2267      0
2268      99.1474
2269      0
2270      0
2271      64.5638
2272      68.5607
2273      0
2274      0
2275      97.9236
2276      0
2277      77.8417
2278      99.8986
2279      0
2280      71.8467
2281      0
2282      0
2283      94.1158
2284      0
2285      83.4433
2286      93.3849
2287      97.1917
2288      0
2289      0
2290      87.8651
2291      0
2292      0
2293      79.8374
2294      77.0762
2295      0
2296      72.5944
2297      0
2298      65.3145
2299      81.7785
2300      0
2301      92.4801
2302      91.6282
2303      94.2785
2304      93.967
2305      0
2306      0
2307      0
2308      99.925
2309      78.8485
2310      76.3183
2311      95.9148
2312      0
2313      99.8407
2314      0
2315      89.6332
2316      96.7281
2317      88.2126
2318      97.8814
2319      60.6221
2320      97.8745
2321      57.9933
2322      96.4176
2323      93.6834
2324      0
2325      96.7009
2326      0
2327      65.7384
2328      0
2329      0
2330      66.8621
2331      66.2464
2332      0
2333      95.0992
2334      67.3276
2335      71.0968
2336      35.8269
2337      98.1492
2338      73.4356
2339      76.5039
2340      87.4063
2341      95.5824
2342      99.1618
2343      90.4601
2344      0
2345      46.2357
2346      94.9975
2347      80.2262
2348      0
2349      0
2350      0
2351      67.8632
2352      0
2353      0
2354      0
2355      0
2356      0
2357      89.8697
2358      72.4688
2359      0
2360      71.6452
2361      72.083
2362      79.3755
2363      47.3969
2364      0
2365      88.6674
2366      89.6083
2367      0
2368      99.5128
2369      92.1247
2370      82.2304
2371      0
2372      0
2373      74.035
2374      0
2375      90.6016
2376      98.556
2377      0
2378      82.5335
2379      97.3406
2380      61.9452
2381      0
2382      99.0263
2383      97.1399
2384      99.6785
2385      89.9678
2386      95.1873
2387      80.421
2388      0
2389      0
2390      0
2391      82.1611
2392      0
2393      0
2394      91.0717
2395      99.4408
2396      97.8727
2397      77.2636
2398      0
2399      73.4876
2400      94.7694
2401      98.5381
2402      0
2403      96.8928
2404      97.8192
2405      85.7097
2406      85.1376
2407      92.3993
2408      0
2409      98.5904
2410      95.4739
2411      0
2412      96.4701
2413      95.9432
2414      97.1017
2415      0
2416      94.487
2417      95.3056
2418      92.6217
2419      92.7105
2420      89.245
2421      97.5704
2422      0
2423      0
2424      0
2425      0
2426      0
2427      93.3873
2428      99.2434
2429      79.6721
2430      94.4585
2431      88.2923
2432      69.4489
2433      77.1229
2434      87.0539
2435      97.5908
2436      94.9926
2437      84.1565
2438      81.551
2439      76.8805
2440      83.6086
2441      0
2442      79.9126
2443      82.5933
2444      99.3289
2445      91.0874
2446      0
2447      0
2448      0
2449      70.283
2450      88.7119
2451      0
2452      95.9028
2453      90.9499
2454      83.8737
2455      0
2456      39.941
2457      0
2458      0
2459      99.5576
2460      99.0996
2461      0
2462      0
2463      0
2464      95.9691
2465      0
2466      97.3175
2467      97.5054
2468      0
2469      71.8307
2470      0
2471      0
2472      0
2473      71.3415
2474      0
2475      0
2476      0
2477      0
2478      0
2479      88.2721
2480      94.7359
2481      97.1843
2482      82.9042
2483      66.9025
2484      0
2485      74.9704
2486      94.3814
2487      0
2488      94.2942
2489      97.1823
2490      0
2491      0
2492      92.6103
2493      89.02
2494      0
2495      0
2496      84.4405
2497      0
2498      0
2499      0
       78882.2
