0      99.7211
1      0
2      0
3      0
4      99.7478
5      64.8723
6      58.4751
7      62.864
8      99.8645
9      99.0518
10      53.112
11      96.6636
12      68.0729
13      69.2118
14      0
15      99.6144
16      0
17      60.7641
18      99.4889
19      99.9789
20      99.9894
21      99.6548
22      77.5336
23      0
24      0
25      99.6818
26      94.6875
27      99.9328
28      0
29      99.9497
30      0
31      99.9979
32      99.7379
33      0
34      99.1296
35      0
36      99.4551
37      97.6614
38      99.9604
39      57.1277
40      85.9034
41      94.2165
42      89.6351
43      93.4947
44      69.3893
45      0
46      70.9561
47      66.2775
48      93.4246
49      0
50      0
51      0
52      0
53      0
54      84.9572
55      0
56      0
57      99.4748
58      99.7302
59      0
60      0
61      75.4833
62      0
63      99.5032
64      0
65      0
66      99.9229
67      45.3065
68      99.4938
69      99.7202
70      74.5866
71      63.602
72      0
73      0
74      99.6665
75      99.5879
76      0
77      70.3165
78      0
79      79.9538
80      0
81      87.2957
82      48.8541
83      0
84      99.8326
85      99.1168
86      99.8924
87      99.985
88      99.9282
89      75.2746
90      78.5726
91      0
92      77.4698
93      95.2115
94      0
95      98.9856
96      70.5365
97      99.7268
98      99.9959
99      71.6503
       3757.58
