0      99.9175
1      47.8805
2      97.821
3      91.5127
4      86.2878
5      0
6      81.4691
7      87.313
8      83.4457
9      0
10      0
11      0
12      98.0801
13      0
14      94.8411
15      0
16      99.6266
17      86.1001
18      0
19      50.6629
20      48.8485
21      0
22      0
23      88.3516
24      76.1175
25      72.3314
26      0
27      0
28      99.8898
29      95.8356
30      82.2994
31      96.8107
32      69.5876
33      0
34      0
35      94.1238
36      83.9575
37      0
38      71.6332
39      0
40      94.9245
41      99.4665
42      89.1766
43      99.8988
44      0
45      60.739
46      0
47      93.013
48      96.6828
49      95.3549
50      92.7888
51      0
52      0
53      96.2135
54      67.5415
55      90.9448
56      90.2749
57      96.3109
58      0
59      88.001
60      80.7863
61      77.8015
62      98.6164
63      70.681
64      0
65      98.7133
66      96.8424
67      93.7983
68      0
69      52.7338
70      0
71      51.9947
72      57.9331
73      0
74      94.1543
75      99.9428
76      51.8584
77      0
78      49.3484
79      82.2864
80      95.4174
81      98.4737
82      93.0056
83      92.9574
84      67.202
85      0
86      97.6157
87      80.498
88      68.6183
89      76.642
90      99.2756
91      51.8607
92      90.0807
93      62.4673
94      98.8452
95      0
96      65.1599
97      83.0495
98      0
99      85.9697
100      93.7335
101      0
102      0
103      0
104      71.6265
105      0
106      96.6027
107      99.4225
108      0
109      0
110      74.2433
111      74.7501
112      87.346
113      0
114      0
115      74.4812
116      0
117      91.2737
118      89.2271
119      96.022
120      97.8966
121      93.9163
122      98.2729
123      88.9599
124      98.1561
125      0
126      82.0211
127      98.0527
128      97.7317
129      97.6025
130      52.4506
131      82.0105
132      91.7468
133      0
134      72.0767
135      75.5328
136      95.5564
137      0
138      92.2806
139      62.9308
140      0
141      0
142      92.0507
143      0
144      0
145      93.2955
146      96.0189
147      84.8107
148      78.4195
149      88.6689
150      81.8939
151      99.8072
152      79.2954
153      81.3822
154      96.9745
155      0
156      90.222
157      50.7565
158      46.4259
159      93.5628
160      62.7522
161      98.4925
162      97.4693
163      63.3432
164      94.5485
165      91.3889
166      0
167      86.7817
168      76.8915
169      0
170      86.3277
171      54.1266
172      90.3376
173      0
174      0
175      0
176      70.2982
177      0
178      96.886
179      85.1555
180      93.3532
181      65.6484
182      97.2427
183      82.0126
184      28.2261
185      97.3956
186      84.3025
187      0
188      0
189      0
190      99.0352
191      0
192      92.0366
193      95.8123
194      95.8661
195      98.4993
196      0
197      95.2582
198      96.7291
199      92.5913
200      90.4694
201      96.6617
202      0
203      62.0756
204      89.499
205      97.6369
206      80.2265
207      48.2103
208      90.8707
209      0
210      0
211      0
212      93.6105
213      73.6477
214      95.3635
215      0
216      0
217      0
218      44.1036
219      0
220      94.1225
221      0
222      96.943
223      0
224      85.9024
225      0
226      66.3809
227      0
228      0
229      0
230      92.2867
231      82.6818
232      69.358
233      96.9431
234      0
235      77.5385
236      99.8571
237      0
238      77.8689
239      64.5079
240      0
241      63.5746
242      85.8999
243      0
244      99.2958
245      78.9136
246      0
247      59.5481
248      96.2222
249      97.8547
250      0
251      0
252      92.086
253      95.7454
254      0
255      77.0453
256      94.9548
257      0
258      0
259      97.6877
260      94.1564
261      0
262      93.059
263      53.6645
264      97.899
265      99.9089
266      99.3136
267      95.7681
268      78.7165
269      85.3997
270      89.1765
271      95.2218
272      99.6812
273      0
274      0
275      95.9608
276      0
277      88.283
278      91.1388
279      75.5038
280      70.741
281      0
282      98.8051
283      92.0322
284      0
285      94.4817
286      74.6203
287      71.1665
288      0
289      0
290      0
291      87.6434
292      0
293      79.4774
294      91.0374
295      67.8621
296      88.3946
297      85.524
298      0
299      90.0308
300      69.5274
301      90.3339
302      0
303      90.5793
304      0
305      92.3207
306      0
307      81.7008
308      98.3733
309      55.8421
310      32.2034
311      0
312      0
313      45.6073
314      94.5188
315      90.771
316      93.4381
317      0
318      93.7133
319      48.6744
320      0
321      75.5393
322      0
323      98.9977
324      0
325      49.1386
326      0
327      99.0366
328      72.9472
329      81.1365
330      0
331      99.6211
332      95.3824
333      0
334      77.4163
335      88.0162
336      85.9108
337      0
338      0
339      0
340      76.9612
341      98.374
342      98.5041
343      87.9328
344      0
345      64.2443
346      74.351
347      90.8243
348      0
349      99.8783
350      0
351      0
352      80.2022
353      83.0611
354      61.8434
355      99.5218
356      0
357      95.3307
358      79.7809
359      89.8722
360      0
361      0
362      98.263
363      82.5809
364      83.9475
365      88.4466
366      74.8934
367      39.692
368      95.3069
369      59.0441
370      56.975
371      0
372      86.2046
373      67.4349
374      97.4227
375      82.3699
376      94.9982
377      0
378      93.6798
379      0
380      0
381      42.5678
382      82.6845
383      91.3127
384      88.8045
385      74.8799
386      0
387      95.9118
388      0
389      94.5208
390      92.0867
391      0
392      97.4851
393      71.7417
394      0
395      81.0345
396      94.6744
397      83.8851
398      0
399      98.94
400      0
401      0
402      0
403      0
404      94.5722
405      99.0298
406      0
407      88.9657
408      0
409      0
410      87.5207
411      89.1224
412      0
413      85.2133
414      97.5842
415      95.1775
416      0
417      97.1941
418      0
419      0
420      90.6571
421      92.3458
422      0
423      0
424      0
425      65.8021
426      0
427      91.8167
428      97.3681
429      97.0533
430      89.25
431      98.1897
432      0
433      96.1003
434      0
435      0
436      53.3838
437      88.9903
438      71.0962
439      0
440      0
441      77.4928
442      89.2406
443      97.7455
444      97.3613
445      0
446      0
447      93.6309
448      82.8958
449      0
450      88.7419
451      0
452      59.2664
453      0
454      88.5417
455      0
456      90.451
457      77.1079
458      0
459      0
460      80.5848
461      0
462      0
463      85.1278
464      62.6211
465      57.4245
466      79.2221
467      83.8018
468      96.174
469      65.2783
470      88.6197
471      93.1975
472      89.2087
473      88.8645
474      99.2083
475      0
476      0
477      0
478      96.5008
479      96.9147
480      89.0183
481      97.07
482      0
483      0
484      0
485      0
486      0
487      0
488      50.7775
489      93.6565
490      93.3199
491      0
492      0
493      88.7546
494      0
495      0
496      0
497      0
498      83.5593
499      43.4936
500      0
501      89.7838
502      98.106
503      0
504      0
505      83.2067
506      55.6205
507      0
508      85.5399
509      99.0799
510      0
511      82.3883
512      79.4935
513      67.4421
514      99.3195
515      78.0099
516      82.1003
517      63.9785
518      84.9446
519      0
520      0
521      81.8927
522      74.5048
523      0
524      0
525      93.722
526      88.2548
527      56.7881
528      63.4909
529      64.351
530      0
531      0
532      0
533      0
534      83.6204
535      52.6179
536      99.6127
537      88.2064
538      0
539      92.4396
540      55.2057
541      0
542      93.3689
543      72.7006
544      92.32
545      0
546      97.2657
547      94.4732
548      78.4143
549      37.0508
550      98.5356
551      97.9662
552      0
553      95.6071
554      45.0969
555      99.4169
556      93.7021
557      0
558      0
559      0
560      89.3273
561      98.5062
562      85.6495
563      80.3615
564      0
565      0
566      96.2421
567      86.2519
568      96.1143
569      97.0473
570      89.0755
571      0
572      96.4171
573      0
574      0
575      0
576      0
577      0
578      86.4165
579      89.871
580      99.0197
581      85.048
582      0
583      37.3236
584      0
585      80.2717
586      83.6233
587      93.6723
588      0
589      48.0054
590      50.2504
591      94.9648
592      0
593      0
594      95.6657
595      96.1379
596      0
597      0
598      97.4786
599      98.5368
600      95.4213
601      89.6361
602      99.8109
603      96.5871
604      94.1556
605      88.8109
606      95.381
607      0
608      0
609      75.367
610      98.1203
611      81.4678
612      0
613      91.1858
614      0
615      0
616      84.7303
617      83.9902
618      0
619      96.2394
620      65.9459
621      0
622      99.204
623      38.1791
624      90.9797
625      0
626      90.8435
627      0
628      76.5555
629      0
630      0
631      94.0709
632      0
633      0
634      79.7082
635      0
636      65.299
637      90.2583
638      0
639      76.7385
640      99.0628
641      68.9804
642      98.8118
643      0
644      94.5539
645      91.3221
646      0
647      97.0892
648      89.3463
649      97.6822
650      77.6024
651      70.127
652      0
653      90.4119
654      90.5016
655      0
656      0
657      0
658      0
659      0
660      97.6232
661      95.4771
662      76.8136
663      99.1525
664      94.4165
665      73.4732
666      99.9142
667      99.5551
668      95.5282
669      74.3762
670      91.0116
671      0
672      0
673      82.1719
674      0
675      60.6429
676      58.4706
677      0
678      0
679      72.9872
680      99.4557
681      95.8905
682      97.189
683      98.801
684      98.3726
685      97.2141
686      97.4201
687      74.4282
688      72.0658
689      64.7319
690      0
691      0
692      90.9697
693      0
694      90.6339
695      0
696      87.0683
697      0
698      0
699      87.5923
700      78.5063
701      92.3364
702      92.7545
703      68.1851
704      0
705      72.4758
706      0
707      97.8229
708      0
709      0
710      71.8889
711      71.6764
712      74.6911
713      0
714      55.554
715      47.142
716      92.5315
717      84.4404
718      65.6537
719      94.366
720      0
721      98.7558
722      0
723      0
724      58.9732
725      47.1196
726      90.5325
727      0
728      0
729      0
730      94.1492
731      76.8551
732      0
733      76.9417
734      99.3109
735      0
736      56.1095
737      0
738      0
739      94.9043
740      98.1151
741      95.9534
742      84.8437
743      0
744      0
745      90.8349
746      80.6958
747      0
748      98.3028
749      0
750      89.4639
751      0
752      90.9853
753      89.9032
754      0
755      75.6317
756      86.7854
757      0
758      98.1254
759      95.066
760      76.1683
761      78.1724
762      93.3147
763      70.4001
764      86.9282
765      61.9708
766      89.702
767      99.3941
768      0
769      98.2432
770      95.2429
771      92.4203
772      89.7738
773      96.5274
774      96.4547
775      87.3449
776      89.3432
777      90.7227
778      59.1914
779      0
780      81.1781
781      96.3327
782      96.1229
783      93.9883
784      84.9194
785      0
786      88.7764
787      96.5742
788      0
789      86.4873
790      79.8945
791      89.6898
792      86.9522
793      96.5924
794      0
795      83.8066
796      53.9598
797      96.1681
798      0
799      91.3097
800      69.2017
801      0
802      45.8467
803      97.6887
804      78.8541
805      0
806      88.8793
807      95.9672
808      93.3066
809      92.3078
810      0
811      91.2025
812      96.6642
813      98.372
814      96.9982
815      94.9714
816      98.2321
817      92.9191
818      89.735
819      74.2629
820      99.3091
821      76.408
822      93.1022
823      94.1746
824      95.1198
825      98.9392
826      99.2807
827      88.5295
828      94.9655
829      70.5573
830      91.3681
831      85.216
832      92.6411
833      0
834      97.8257
835      0
836      79.3051
837      83.6278
838      63.8848
839      0
840      0
841      66.4775
842      93.7399
843      0
844      86.3213
845      90.6123
846      0
847      0
848      96.0615
849      62.0734
850      97.1857
851      0
852      66.914
853      54.9641
854      0
855      93.8542
856      0
857      74.8185
858      60.3512
859      81.9382
860      0
861      46.7963
862      0
863      0
864      90.4861
865      98.5391
866      0
867      98.8051
868      52.7854
869      60.4534
870      82.8825
871      96.5826
872      0
873      83.9587
874      94.8434
875      51.8183
876      0
877      93.4486
878      38.1813
879      0
880      95.3264
881      95.9903
882      94.024
883      60.4563
884      63.3474
885      99.196
886      0
887      0
888      0
889      0
890      0
891      0
892      0
893      0
894      51.6137
895      97.5436
896      96.9187
897      88.2044
898      0
899      98.9462
900      82.9552
901      93.5292
902      91.8798
903      95.4058
904      96.6195
905      96.1913
906      97.9269
907      98.7375
908      0
909      0
910      0
911      81.0669
912      74.8987
913      96.4333
914      75.8145
915      81.7312
916      94.6175
917      96.7316
918      99.2329
919      99.1022
920      98.1482
921      97.8458
922      34.4159
923      0
924      90.1835
925      95.4085
926      97.0525
927      0
928      82.8793
929      51.7001
930      60.7667
931      92.2813
932      95.9471
933      99.6145
934      89.3009
935      0
936      96.1124
937      48.6852
938      91.967
939      0
940      91.0882
941      81.6395
942      94.8933
943      99.8495
944      0
945      97.5381
946      80.31
947      94.4639
948      0
949      68.1898
950      94.3657
951      0
952      58.119
953      0
954      77.0693
955      42.1535
956      0
957      62.5527
958      0
959      66.9724
960      75.7928
961      90.044
962      0
963      0
964      0
965      0
966      0
967      0
968      99.4567
969      85.7974
970      89.5754
971      54.4078
972      35.9249
973      70.6732
974      96.5081
975      93.6531
976      99.0833
977      0
978      95.2443
979      99.3933
980      0
981      81.9153
982      51.6788
983      97.7146
984      98.6536
985      0
986      96.3561
987      93.2527
988      96.0467
989      47.3734
990      0
991      82.5202
992      0
993      62.069
994      0
995      75.9213
996      96.1927
997      0
998      51.619
999      98.0645
1000      0
1001      0
1002      0
1003      96.1037
1004      0
1005      81.5246
1006      0
1007      47.7241
1008      82.7107
1009      0
1010      58.1412
1011      82.5087
1012      0
1013      0
1014      0
1015      61.1612
1016      0
1017      79.1747
1018      0
1019      83.2885
1020      0
1021      93.7236
1022      79.5365
1023      49.6779
1024      95.9803
1025      0
1026      51.7454
1027      0
1028      0
1029      0
1030      0
1031      0
1032      91.9145
1033      93.5374
1034      93.2717
1035      94.281
1036      98.819
1037      96.7433
1038      0
1039      77.4384
1040      97.946
1041      84.1212
1042      75.7319
1043      0
1044      98.0295
1045      0
1046      0
1047      99.1414
1048      0
1049      0
1050      74.5916
1051      70.5083
1052      96.6742
1053      95.6839
1054      78.0721
1055      0
1056      93.3197
1057      98.3028
1058      90.1711
1059      99.8503
1060      85.1187
1061      70.3536
1062      90.8923
1063      94.847
1064      0
1065      75.2188
1066      0
1067      0
1068      0
1069      99.5414
1070      0
1071      0
1072      75.3354
1073      0
1074      99.1572
1075      0
1076      99.7796
1077      0
1078      99.3468
1079      0
1080      74.5196
1081      97.1485
1082      0
1083      96.9412
1084      0
1085      99.57
1086      0
1087      89.1775
1088      96.2338
1089      98.2657
1090      70.1322
1091      65.6443
1092      85.0306
1093      78.4438
1094      0
1095      0
1096      99.8422
1097      94.858
1098      95.2203
1099      0
1100      87.2765
1101      0
1102      75.8417
1103      89.7107
1104      61.5861
1105      91.5467
1106      82.1203
1107      77.0918
1108      60.861
1109      0
1110      0
1111      94.7663
1112      99.7888
1113      0
1114      94.6517
1115      0
1116      61.805
1117      0
1118      0
1119      0
1120      99.0358
1121      0
1122      98.8299
1123      95.3199
1124      80.9435
1125      90.8396
1126      95.4297
1127      91.099
1128      87.2283
1129      0
1130      79.3002
1131      73.8171
1132      90.0567
1133      96.8641
1134      99.1856
1135      97.5826
1136      0
1137      93.7487
1138      0
1139      0
1140      88.7719
1141      0
1142      66.0714
1143      0
1144      62.341
1145      96.3789
1146      93.3354
1147      0
1148      0
1149      55.0551
1150      65.6361
1151      54.0672
1152      0
1153      0
1154      0
1155      64.687
1156      0
1157      0
1158      0
1159      81.1271
1160      71.4572
1161      57.8923
1162      0
1163      88.4533
1164      0
1165      0
1166      94.7775
1167      80.7855
1168      0
1169      89.6425
1170      90.8526
1171      51.0428
1172      92.6305
1173      0
1174      91.8461
1175      96.3383
1176      85.1943
1177      92.7729
1178      72.5892
1179      0
1180      69.8235
1181      99.6779
1182      97.0437
1183      67.2602
1184      0
1185      97.8233
1186      96.8801
1187      0
1188      0
1189      0
1190      0
1191      93.3613
1192      74.8074
1193      0
1194      97.9498
1195      81.8368
1196      99.7595
1197      92.6903
1198      0
1199      99.6336
1200      83.6263
1201      83.2598
1202      88.9879
1203      91.829
1204      98.5654
1205      73.456
1206      99.7274
1207      98.1418
1208      75.885
1209      75.6985
1210      96.9791
1211      0
1212      0
1213      24.0209
1214      0
1215      68.0146
1216      99.8838
1217      91.9807
1218      0
1219      0
1220      82.0037
1221      96.8144
1222      98.1049
1223      0
1224      99.1044
1225      0
1226      89.9068
1227      91.8441
1228      94.1788
1229      98.3871
1230      0
1231      99.9567
1232      99.1184
1233      85.1102
1234      81.5562
1235      99.6541
1236      0
1237      79.3579
1238      84.3189
1239      76.7873
1240      0
1241      73.1333
1242      72.4028
1243      84.3933
1244      0
1245      54.9246
1246      96.4341
1247      85.0363
1248      83.6134
1249      68.6793
1250      92.0265
1251      67.5619
1252      99.2874
1253      92.595
1254      99.5768
1255      0
1256      58.048
1257      62.6066
1258      95.7544
1259      64.4026
1260      0
1261      0
1262      0
1263      0
1264      0
1265      0
1266      0
1267      95.9364
1268      0
1269      0
1270      77.032
1271      58.7395
1272      96.4612
1273      94.1622
1274      86.2889
1275      0
1276      78.4766
1277      91.9695
1278      0
1279      93.9535
1280      85.2441
1281      77.5962
1282      98.1401
1283      99.1387
1284      0
1285      76.4133
1286      90.1672
1287      42.0726
1288      99.6678
1289      99.0498
1290      0
1291      81.9951
1292      0
1293      0
1294      98.095
1295      0
1296      80.4222
1297      85.9297
1298      95.4366
1299      98.1229
1300      94.2241
1301      0
1302      97.4547
1303      62.7107
1304      0
1305      0
1306      66.9961
1307      0
1308      87.0297
1309      0
1310      89.9331
1311      80.3424
1312      0
1313      64.3542
1314      90.0515
1315      0
1316      0
1317      0
1318      0
1319      0
1320      0
1321      0
1322      99.6973
1323      71.9709
1324      0
1325      81.5561
1326      0
1327      68.0228
1328      0
1329      97.7221
1330      0
1331      96.1522
1332      94.2519
1333      0
1334      7.86162
1335      83.7934
1336      0
1337      70.3069
1338      83.0711
1339      66.7814
1340      0
1341      0
1342      77.8468
1343      87.1211
1344      0
1345      0
1346      0
1347      75.8288
1348      0
1349      0
1350      0
1351      54.0251
1352      49.4771
1353      98.7866
1354      94.0234
1355      86.0819
1356      0
1357      0
1358      88.2877
1359      72.9802
1360      75.0171
1361      0
1362      91.72
1363      56.9228
1364      0
1365      96.8369
1366      0
1367      94.829
1368      38.6442
1369      84.4706
1370      97.2033
1371      93.7681
1372      88.793
1373      94.4744
1374      98.2041
1375      0
1376      40.2638
1377      91.7581
1378      75.1669
1379      96.7616
1380      99.2991
1381      69.0245
1382      0
1383      0
1384      0
1385      80.1896
1386      75.5249
1387      0
1388      99.1216
1389      0
1390      0
1391      93.5266
1392      0
1393      77.548
1394      0
1395      89.575
1396      69.3168
1397      0
1398      0
1399      99.9479
1400      71.665
1401      82.9147
1402      90.7112
1403      84.3327
1404      97.833
1405      95.3804
1406      0
1407      95.3796
1408      0
1409      62.0452
1410      0
1411      0
1412      0
1413      0
1414      72.0702
1415      0
1416      0
1417      0
1418      99.346
1419      97.2081
1420      0
1421      0
1422      0
1423      0
1424      0
1425      0
1426      0
1427      93.4199
1428      94.6695
1429      57.3035
1430      0
1431      87.553
1432      99.2347
1433      97.3059
1434      0
1435      0
1436      0
1437      88.651
1438      98.5231
1439      56.5157
1440      67.153
1441      97.0837
1442      79.1268
1443      95.7574
1444      0
1445      0
1446      0
1447      0
1448      36.5844
1449      0
1450      0
1451      0
1452      84.52
1453      0
1454      0
1455      85.0438
1456      52.4383
1457      0
1458      75.1352
1459      99.0772
1460      0
1461      0
1462      84.7273
1463      77.6232
1464      0
1465      95.8121
1466      78.1516
1467      0
1468      0
1469      0
1470      83.3982
1471      0
1472      95.296
1473      97.2773
1474      93.2006
1475      96.9675
1476      84.3953
1477      0
1478      97.7572
1479      0
1480      96.3195
1481      94.2802
1482      96.5015
1483      83.6998
1484      91.3729
1485      54.6659
1486      0
1487      87.9154
1488      98.409
1489      57.5752
1490      0
1491      70.2803
1492      93.8077
1493      0
1494      89.8332
1495      99.9398
1496      93.5308
1497      0
1498      0
1499      94.4305
1500      0
1501      94.9308
1502      0
1503      76.3981
1504      83.0961
1505      0
1506      81.9183
1507      70.3739
1508      81.1666
1509      98.1493
1510      86.4137
1511      88.9976
1512      64.3724
1513      43.088
1514      84.4163
1515      83.7131
1516      91.8566
1517      81.7848
1518      0
1519      94.0778
1520      0
1521      64.9811
1522      0
1523      85.2384
1524      0
1525      0
1526      93.4149
1527      82.6467
1528      95.8221
1529      88.8531
1530      0
1531      0
1532      98.7905
1533      0
1534      0
1535      98.8036
1536      58.9198
1537      63.5556
1538      0
1539      41.2574
1540      95.4169
1541      90.5085
1542      49.624
1543      0
1544      87.3771
1545      99.8536
1546      80.0542
1547      0
1548      90.0009
1549      62.6528
1550      0
1551      90.3874
1552      75.3003
1553      81.1451
1554      86.6136
1555      97.6103
1556      97.7997
1557      0
1558      79.2825
1559      0
1560      99.9804
1561      98.0909
1562      94.7509
1563      58.3318
1564      86.4721
1565      0
1566      99.2368
1567      95.1054
1568      0
1569      95.1284
1570      96.9698
1571      42.4325
1572      97.5577
1573      91.9969
1574      76.1487
1575      98.4616
1576      93.3524
1577      94.9664
1578      45.3457
1579      0
1580      91.3545
1581      0
1582      0
1583      93.598
1584      97.333
1585      99.6283
1586      0
1587      75.567
1588      94.3864
1589      91.7244
1590      99.9231
1591      99.8343
1592      98.4011
1593      91.2502
1594      95.1534
1595      0
1596      82.4332
1597      86.7617
1598      78.732
1599      0
1600      0
1601      46.6925
1602      93.483
1603      90.1547
1604      0
1605      0
1606      42.7524
1607      83.7429
1608      85.0276
1609      0
1610      89.1445
1611      0
1612      99.2848
1613      0
1614      0
1615      94.1103
1616      94.3686
1617      95.5366
1618      97.2196
1619      0
1620      0
1621      75.967
1622      67.3708
1623      96.179
1624      89.7863
1625      49.2183
1626      88.457
1627      16.8804
1628      86.2517
1629      99.476
1630      94.0095
1631      88.7278
1632      96.7885
1633      0
1634      87.3166
1635      76.8064
1636      62.6101
1637      98.4226
1638      91.6902
1639      92.319
1640      0
1641      98.6878
1642      0
1643      73.4314
1644      92.0844
1645      0
1646      0
1647      48.102
1648      92.3401
1649      97.1702
1650      95.7271
1651      96.5855
1652      0
1653      0
1654      84.2101
1655      89.7442
1656      69.0363
1657      86.9865
1658      71.3406
1659      67.908
1660      0
1661      0
1662      0
1663      98.5111
1664      0
1665      0
1666      0
1667      94.5516
1668      0
1669      0
1670      79.4768
1671      95.4384
1672      97.4764
1673      72.0938
1674      97.0769
1675      84.6192
1676      98.9161
1677      99.5657
1678      0
1679      98.85
1680      48.7771
1681      97.8898
1682      96.4279
1683      79.7009
1684      95.2967
1685      91.931
1686      93.6506
1687      67.8266
1688      0
1689      0
1690      78.5445
1691      0
1692      0
1693      50.9011
1694      50.5114
1695      0
1696      81.296
1697      97.2036
1698      0
1699      0
1700      85.3329
1701      48.0734
1702      0
1703      0
1704      0
1705      97.5962
1706      0
1707      98.6902
1708      76.7531
1709      0
1710      95.3824
1711      92.8459
1712      97.4377
1713      97.7104
1714      96.9848
1715      82.7096
1716      0
1717      0
1718      0
1719      0
1720      67.1526
1721      0
1722      98.2684
1723      0
1724      98.3595
1725      39.2329
1726      99.0084
1727      0
1728      79.119
1729      0
1730      0
1731      0
1732      98.2805
1733      82.2305
1734      93.3867
1735      0
1736      97.2584
1737      96.5127
1738      91.9083
1739      95.49
1740      0
1741      0
1742      96.4294
1743      85.294
1744      95.2556
1745      0
1746      0
1747      0
1748      64.3117
1749      45.8903
1750      0
1751      0
1752      0
1753      65.6485
1754      0
1755      0
1756      74.8166
1757      94.1439
1758      92.9944
1759      0
1760      52.7517
1761      91.5878
1762      0
1763      0
1764      79.4304
1765      69.8116
1766      73.8096
1767      0
1768      66.9623
1769      0
1770      75.1654
1771      0
1772      99.4996
1773      77.2307
1774      0
1775      60.0474
1776      90.8512
1777      64.2213
1778      95.9725
1779      0
1780      95.8192
1781      0
1782      0
1783      0
1784      20.4032
1785      0
1786      83.3975
1787      0
1788      95.2719
1789      97.3677
1790      82.1477
1791      95.8788
1792      85.1023
1793      0
1794      99.2362
1795      81.924
1796      0
1797      0
1798      0
1799      0
1800      93.6605
1801      0
1802      0
1803      98.3072
1804      88.0831
1805      97.439
1806      0
1807      47.8882
1808      91.8949
1809      95.0098
1810      0
1811      92.8074
1812      0
1813      0
1814      97.5968
1815      99.6277
1816      0
1817      0
1818      0
1819      54.4532
1820      77.8555
1821      92.5938
1822      0
1823      73.682
1824      0
1825      0
1826      83.263
1827      82.9796
1828      99.7416
1829      90.0777
1830      41.6157
1831      58.7071
1832      91.7544
1833      98.1407
1834      79.657
1835      93.938
1836      0
1837      98.8317
1838      35.368
1839      70.6074
1840      0
1841      64.256
1842      86.8659
1843      61.1124
1844      60.1392
1845      0
1846      91.0087
1847      0
1848      73.6147
1849      0
1850      0
1851      95.9305
1852      0
1853      94.0643
1854      87.4957
1855      56.9093
1856      0
1857      0
1858      73.4262
1859      91.7146
1860      72.446
1861      72.4576
1862      0
1863      0
1864      98.51
1865      0
1866      0
1867      83.173
1868      0
1869      94.5625
1870      63.3273
1871      79.9953
1872      85.7399
1873      0
1874      0
1875      83.8387
1876      0
1877      62.3988
1878      98.0108
1879      0
1880      0
1881      0
1882      97.0308
1883      0
1884      0
1885      0
1886      87.893
1887      98.4745
1888      0
1889      73.7079
1890      0
1891      92.3893
1892      96.8039
1893      79.0436
1894      98.8471
1895      0
1896      0
1897      74.2828
1898      99.7476
1899      89.929
1900      97.5767
1901      83.8733
1902      91.9719
1903      0
1904      84.6598
1905      82.0339
1906      0
1907      95.9459
1908      92.348
1909      94.9625
1910      59.6368
1911      85.6609
1912      0
1913      71.051
1914      90.1743
1915      0
1916      71.2951
1917      0
1918      0
1919      68.2236
1920      0
1921      97.2404
1922      0
1923      57.4562
1924      95.7355
1925      96.9892
1926      43.9089
1927      60.4866
1928      82.7532
1929      0
1930      71.0767
1931      84.5282
1932      73.8794
1933      0
1934      0
1935      94.0362
1936      91.9759
1937      58.8565
1938      97.0501
1939      0
1940      83.7492
1941      77.8581
1942      81.6971
1943      85.7344
1944      92.0642
1945      96.5419
1946      0
1947      90.9926
1948      73.1562
1949      93.2527
1950      0
1951      98.0049
1952      94.8603
1953      0
1954      0
1955      57.6922
1956      89.0895
1957      0
1958      0
1959      87.0187
1960      0
1961      69.6564
1962      59.2121
1963      0
1964      87.7879
1965      0
1966      0
1967      0
1968      0
1969      97.7487
1970      0
1971      88.4026
1972      59.7744
1973      0
1974      0
1975      99.6164
1976      0
1977      89.6065
1978      84.4654
1979      0
1980      97.6002
1981      0
1982      96.7627
1983      92.9632
1984      0
1985      59.6095
1986      98.2144
1987      87.5199
1988      0
1989      95.4916
1990      83.8531
1991      98.2666
1992      0
1993      0
1994      99.9566
1995      0
1996      96.5164
1997      0
1998      67.9716
1999      0
2000      95.8918
2001      0
2002      99.7575
2003      81.4534
2004      96.4414
2005      82.1403
2006      89.9366
2007      95.0962
2008      93.6815
2009      0
2010      0
2011      0
2012      67.8038
2013      97.5936
2014      0
2015      99.8607
2016      0
2017      59.4344
2018      70.7393
2019      96.7747
2020      0
2021      0
2022      0
2023      96.8607
2024      99.4101
2025      88.4843
2026      0
2027      0
2028      0
2029      91.1268
2030      94.2813
2031      95.518
2032      58.8112
2033      51.4568
2034      98.3816
2035      78.3133
2036      75.4527
2037      88.1121
2038      99.2065
2039      80.4902
2040      91.5877
2041      97.3589
2042      98.4362
2043      87.4632
2044      84.6487
2045      0
2046      0
2047      93.977
2048      0
2049      98.0569
2050      89.2175
2051      0
2052      0
2053      84.0753
2054      0
2055      0
2056      75.372
2057      85.8727
2058      0
2059      70.6185
2060      94.0991
2061      0
2062      0
2063      88.1109
2064      0
2065      0
2066      91.7473
2067      0
2068      0
2069      86.5268
2070      0
2071      80.0042
2072      0
2073      56.8096
2074      95.0941
2075      0
2076      0
2077      0
2078      0
2079      95.2897
2080      89.9756
2081      92.2358
2082      78.0107
2083      80.7118
2084      92.5517
2085      95.1328
2086      95.9326
2087      89.9004
2088      0
2089      50.8909
2090      60.5098
2091      98.6478
2092      0
2093      0
2094      0
2095      99.4795
2096      0
2097      0
2098      0
2099      92.7687
2100      0
2101      98.1218
2102      96.5845
2103      81.8728
2104      99.1718
2105      81.583
2106      0
2107      95.343
2108      74.3147
2109      0
2110      0
2111      0
2112      99.4419
2113      0
2114      95.0176
2115      93.908
2116      0
2117      98.5307
2118      0
2119      83.0532
2120      41.6912
2121      0
2122      97.6614
2123      0
2124      94.0019
2125      43.7018
2126      94.7767
2127      78.738
2128      91.4953
2129      0
2130      95.7329
2131      0
2132      91.775
2133      0
2134      0
2135      97.3704
2136      50.5599
2137      0
2138      93.4641
2139      97.9202
2140      56.4733
2141      96.0792
2142      0
2143      95.1605
2144      92.7242
2145      0
2146      94.606
2147      0
2148      0
2149      0
2150      0
2151      71.2026
2152      87.8732
2153      93.3298
2154      0
2155      61.6034
2156      99.4762
2157      99.8435
2158      89.839
2159      77.6845
2160      96.5852
2161      96.967
2162      0
2163      0
2164      0
2165      86.6451
2166      50.8307
2167      0
2168      0
2169      77.9055
2170      0
2171      66.3316
2172      98.6375
2173      94.2962
2174      0
2175      97.5458
2176      98.4611
2177      90.8681
2178      0
2179      89.6272
2180      84.4082
2181      0
2182      0
2183      99.6682
2184      52.4479
2185      0
2186      91.3622
2187      0
2188      0
2189      0
2190      0
2191      0
2192      99.923
2193      88.0688
2194      0
2195      0
2196      48.6027
2197      0
2198      0
2199      99.8667
2200      95.5332
2201      95.0367
2202      0
2203      0
2204      73.7991
2205      50.592
2206      93.4862
2207      94.7027
2208      96.2929
2209      72.5575
2210      58.9171
2211      48.1968
2212      0
2213      65.6435
2214      82.2933
2215      99.2758
2216      90.3729
2217      85.1237
2218      0
2219      0
2220      71.9653
2221      98.2104
2222      97.7579
2223      0
2224      93.6808
2225      0
2226      0
2227      95.1167
2228      0
2229      0
2230      0
2231      65.3685
2232      98.6409
2233      97.1164
2234      51.9699
2235      95.6223
2236      87.9468
2237      97.1802
2238      97.1298
2239      57.2507
2240      0
2241      95.3316
2242      85.3855
2243      0
2244      0
2245      76.2595
2246      0
2247      82.7272
2248      84.5665
2249      79.955
2250      69.4618
2251      72.1643
2252      0
2253      79.94
2254      83.3973
2255      0
2256      0
2257      0
2258      49.5064
2259      50.5064
2260      0
2261      91.06
2262      0
2263      0
2264      94.0114
2265      33.9872
2266      83.0771
2267      0
2268      65.7463
2269      79.2991
2270      76.7625
2271      97.6104
2272      83.9957
2273      89.8858
2274      0
2275      94.0496
2276      91.9724
2277      0
2278      0
2279      91.7726
2280      98.2606
2281      0
2282      88.7869
2283      0
2284      74.1808
2285      86.8085
2286      0
2287      87.3567
2288      0
2289      0
2290      99.3369
2291      99.6332
2292      68.9881
2293      0
2294      55.0858
2295      87.6077
2296      0
2297      68.5293
2298      71.7193
2299      0
2300      92.5254
2301      0
2302      95.7557
2303      0
2304      95.761
2305      99.8413
2306      95.5084
2307      0
2308      0
2309      0
2310      87.5665
2311      0
2312      99.9356
2313      0
2314      0
2315      0
2316      93.3375
2317      71.2929
2318      97.7599
2319      86.231
2320      0
2321      71.9832
2322      97.0293
2323      0
2324      0
2325      0
2326      71.9705
2327      90.1292
2328      0
2329      92.5355
2330      0
2331      0
2332      67.98
2333      85.9517
2334      78.065
2335      0
2336      57.794
2337      92.1531
2338      63.1357
2339      0
2340      0
2341      94.4108
2342      0
2343      0
2344      0
2345      0
2346      84.9968
2347      64.1373
2348      0
2349      96.9569
2350      83.5036
2351      0
2352      92.4631
2353      0
2354      0
2355      0
2356      55.2815
2357      88.2899
2358      99.5841
2359      93.3431
2360      77.5217
2361      62.6213
2362      91.0791
2363      0
2364      66.3012
2365      89.9307
2366      0
2367      0
2368      90.3282
2369      81.9384
2370      86.64
2371      81.807
2372      0
2373      0
2374      64.619
2375      96.2241
2376      88.6525
2377      0
2378      88.6443
2379      78.8545
2380      0
2381      89.4201
2382      73.1024
2383      0
2384      0
2385      0
2386      0
2387      0
2388      62.3469
2389      98.7528
2390      97.5358
2391      0
2392      94.2344
2393      0
2394      85.368
2395      84.3367
2396      59.4662
2397      0
2398      0
2399      81.1817
2400      99.2885
2401      0
2402      96.371
2403      0
2404      0
2405      96.2589
2406      0
2407      0
2408      75.3996
2409      99.8037
2410      97.8197
2411      0
2412      0
2413      94.7685
2414      87.6551
2415      68.6963
2416      97.2931
2417      90.3389
2418      0
2419      85.2331
2420      0
2421      0
2422      0
2423      74.3687
2424      0
2425      97.5181
2426      0
2427      99.0724
2428      74.453
2429      0
2430      98.4413
2431      0
2432      0
2433      71.9985
2434      73.7453
2435      95.4259
2436      96.6523
2437      89.5334
2438      97.2375
2439      0
2440      99.7854
2441      88.238
2442      0
2443      65.775
2444      99.6124
2445      42.0712
2446      78.1783
2447      0
2448      55.0928
2449      57.0763
2450      95.1572
2451      98.0275
2452      83.3051
2453      83.6408
2454      99.6745
2455      0
2456      0
2457      0
2458      84.3941
2459      0
2460      0
2461      0
2462      86.4301
2463      97.2779
2464      0
2465      0
2466      0
2467      0
2468      79.573
2469      0
2470      0
2471      0
2472      72.745
2473      0
2474      82.2361
2475      98.9138
2476      97.7834
2477      99.8394
2478      99.0205
2479      59.9604
2480      72.9448
2481      99.1781
2482      38.0709
2483      87.4142
2484      95.5837
2485      75.0813
2486      0
2487      0
2488      68.7432
2489      96.8676
2490      95.4776
2491      88.9107
2492      0
2493      0
2494      0
2495      83.158
2496      91.3173
2497      98.9321
2498      76.2619
2499      97.7032
       81659.2
