0      0
1      0
2      0
3      96.3174
4      84.3225
5      0
6      90.5059
7      0
8      0
9      96.6768
10      99.5566
11      90.9144
12      99.941
13      0
14      0
15      0
16      48.481
17      0
18      87.0624
19      64.4045
20      95.9036
21      0
22      0
23      93.3798
24      0
25      65.0477
26      72.3855
27      77.591
28      0
29      91.9369
30      99.5736
31      0
32      0
33      0
34      0
35      97.168
36      0
37      93.1502
38      0
39      0
40      98.6489
41      0
42      0
43      97.6387
44      0
45      0
46      97.7347
47      0
48      99.6121
49      90.2225
50      87.6055
51      96.7492
52      56.8573
53      0
54      0
55      98.9248
56      95.2845
57      94.3608
58      96.6756
59      94.5542
60      0
61      0
62      68.7284
63      0
64      64.7305
65      73.7823
66      73.455
67      0
68      0
69      0
70      79.2096
71      0
72      86.4499
73      72.4933
74      93.2715
75      0
76      94.1656
77      81.5088
78      72.2833
79      0
80      94.9523
81      0
82      0
83      93.5773
84      0
85      0
86      96.7183
87      0
88      0
89      0
90      0
91      0
92      79.1392
93      85.9272
94      0
95      92.9246
96      94.97
97      86.4847
98      96.8545
99      91.1232
100      0
101      0
102      96.7547
103      96.8293
104      94.161
105      62.1733
106      0
107      86.7577
108      0
109      92.5438
110      0
111      57.6647
112      80.0819
113      53.4874
114      0
115      0
116      66.8385
117      94.3977
118      85.0923
119      0
120      0
121      0
122      0
123      0
124      97.066
125      88.8409
126      94.7826
127      98.7375
128      0
129      0
130      0
131      82.3918
132      0
133      47.0464
134      73.9203
135      0
136      76.9004
137      92.7596
138      0
139      82.5803
140      67.9839
141      91.7107
142      98.9012
143      91.5976
144      81.094
145      98.1545
146      92.0637
147      0
148      0
149      0
150      0
151      0
152      99.6707
153      72.2837
154      60.7372
155      0
156      91.2115
157      95.7249
158      98.8747
159      0
160      0
161      75.4924
162      69.1535
163      85.3108
164      94.9135
165      95.2837
166      98.1333
167      0
168      0
169      99.2318
170      93.9108
171      98.7008
172      85.2188
173      70.797
174      0
175      0
176      0
177      0
178      88.8603
179      91.7078
180      0
181      97.6905
182      75.2896
183      81.829
184      86.4214
185      81.5929
186      94.1619
187      0
188      0
189      0
190      0
191      77.9694
192      66.2315
193      0
194      92.7884
195      0
196      94.8699
197      0
198      61.6908
199      95.8858
200      76.8494
201      0
202      92.3366
203      0
204      89.5363
205      0
206      88.8713
207      96.2761
208      92.5512
209      56.9145
210      88.0453
211      96.7357
212      83.8633
213      94.5094
214      0
215      84.078
216      0
217      0
218      93.3742
219      99.96
220      65.0382
221      0
222      95.6698
223      0
224      0
225      71.3325
226      69.1862
227      92.6959
228      90.8227
229      57.4913
230      69.2855
231      0
232      94.652
233      48.7769
234      87.1523
235      95.0196
236      0
237      90.5092
238      90.4638
239      80.3353
240      86.1699
241      62.4186
242      0
243      0
244      60.673
245      0
246      0
247      0
248      97.9003
249      99.407
250      88.6549
251      97.2291
252      99.9337
253      66.2212
254      98.0005
255      0
256      0
257      95.6804
258      93.5278
259      99.4366
260      0
261      99.5365
262      95.2467
263      94.126
264      0
265      87.2593
266      0
267      96.7401
268      99.6086
269      0
270      0
271      87.4632
272      0
273      61.9681
274      95.6289
275      0
276      0
277      0
278      86.1458
279      93.9119
280      91.3373
281      0
282      0
283      57.3705
284      96.1103
285      0
286      0
287      22.403
288      43.1466
289      0
290      47.7337
291      85.7824
292      92.662
293      0
294      0
295      95.1691
296      0
297      93.5237
298      61.8151
299      0
300      93.1304
301      97.7706
302      41.5586
303      86.6076
304      0
305      82.2248
306      71.224
307      68.1911
308      87.6233
309      88.8824
310      66.8964
311      0
312      0
313      86.9885
314      97.8997
315      92.9956
316      0
317      0
318      0
319      91.8646
320      67.8076
321      72.9963
322      0
323      87.955
324      0
325      0
326      83.2201
327      53.7783
328      0
329      73.4072
330      0
331      0
332      91.2954
333      99.921
334      90.5734
335      96.4944
336      0
337      91.4192
338      99.6337
339      97.6516
340      94.6789
341      0
342      0
343      99.3275
344      81.5214
345      0
346      52.1289
347      0
348      87.7125
349      50.2405
350      0
351      79.5076
352      84.2935
353      95.4184
354      39.6298
355      33.2357
356      75.1008
357      93.3818
358      92.8175
359      98.032
360      83.995
361      99.2888
362      99.9295
363      99.3139
364      97.1375
365      0
366      97.7302
367      98.0602
368      90.7853
369      83.3309
370      85.7316
371      85.7212
372      0
373      0
374      96.7855
375      0
376      0
377      93.5992
378      93.4305
379      0
380      58.8074
381      97.9446
382      0
383      80.2395
384      83.0372
385      89.7879
386      81.4702
387      0
388      75.2911
389      98.4508
390      96.9171
391      84.7635
392      0
393      0
394      0
395      85.2265
396      0
397      74.3197
398      0
399      90.0483
400      90.7975
401      94.81
402      96.8053
403      0
404      0
405      92.4184
406      95.2242
407      0
408      78.4933
409      99.8632
410      0
411      89.3216
412      0
413      90.5616
414      60.3822
415      92.4998
416      88.024
417      0
418      95.9622
419      0
420      66.0774
421      88.5075
422      0
423      97.1488
424      64.0362
425      98.7239
426      0
427      0
428      94.2057
429      96.8581
430      0
431      99.5844
432      0
433      0
434      71.1427
435      82.5201
436      0
437      99.9432
438      97.591
439      97.7829
440      0
441      0
442      91.9296
443      0
444      97.393
445      97.6748
446      48.053
447      84.1923
448      0
449      92.3871
450      90.5037
451      0
452      0
453      0
454      89.3749
455      64.4255
456      0
457      99.8447
458      89.8581
459      0
460      97.8054
461      76.683
462      65.3525
463      88.7493
464      0
465      0
466      98.5533
467      0
468      88.3865
469      0
470      96.6558
471      0
472      99.1749
473      0
474      85.0817
475      90.4329
476      92.1548
477      0
478      0
479      83.2144
480      98.9138
481      0
482      97.8566
483      97.2628
484      96.8106
485      91.4
486      99.0423
487      0
488      91.1862
489      94.8498
490      0
491      94.8384
492      85.6584
493      79.2783
494      86.157
495      83.847
496      93.3284
497      99.9033
498      72.6607
499      0
500      0
501      0
502      95.5378
503      0
504      0
505      0
506      0
507      0
508      52.0262
509      96.1723
510      63.1858
511      97.287
512      0
513      59.2353
514      83.5842
515      0
516      99.5608
517      99.5496
518      68.1095
519      47.3352
520      0
521      0
522      94.7236
523      0
524      69.5148
525      0
526      88.1556
527      89.093
528      67.8846
529      0
530      0
531      98.1312
532      51.6956
533      94.3509
534      98.4629
535      0
536      0
537      91.332
538      94.1635
539      81.8042
540      94.2866
541      0
542      87.425
543      92.9535
544      0
545      95.5666
546      88.2499
547      99.5785
548      87.047
549      0
550      44.8609
551      0
552      95.4576
553      97.0727
554      0
555      0
556      97.1061
557      93.6362
558      0
559      97.3019
560      0
561      95.8824
562      97.5839
563      99.9027
564      60.6556
565      0
566      0
567      95.4
568      86.643
569      0
570      97.1049
571      64.6499
572      0
573      0
574      80.5118
575      85.9533
576      77.9937
577      66.748
578      0
579      61.3094
580      98.9248
581      76.715
582      92.8227
583      89.495
584      86.1027
585      81.3797
586      92.4493
587      0
588      0
589      78.0803
590      0
591      99.8421
592      93.9216
593      98.6947
594      96.9255
595      88.947
596      66.0143
597      0
598      95.3266
599      56.0258
600      88.5942
601      0
602      92.6621
603      68.7856
604      88.7093
605      95.5722
606      96.5182
607      0
608      85.7232
609      92.7062
610      80.0301
611      0
612      75.9245
613      86.8603
614      0
615      0
616      0
617      91.9486
618      98.6996
619      83.6153
620      0
621      98.7184
622      0
623      86.524
624      99.7484
625      0
626      0
627      0
628      93.2107
629      0
630      72.6547
631      0
632      0
633      0
634      72.0505
635      82.6136
636      0
637      88.9342
638      86.3349
639      88.5082
640      0
641      99.6433
642      97.6767
643      99.4009
644      88.0875
645      0
646      67.3698
647      0
648      98.2693
649      83.9709
650      97.9893
651      85.1922
652      91.5364
653      0
654      99.943
655      78.8599
656      95.3848
657      0
658      0
659      91.9509
660      0
661      0
662      91.8735
663      91.3732
664      91.5166
665      0
666      96.7005
667      98.6467
668      98.6251
669      88.6308
670      0
671      82.6798
672      54.1018
673      0
674      94.4364
675      98.7169
676      99.5036
677      0
678      72.396
679      0
680      81.3714
681      62.9182
682      0
683      64.8961
684      0
685      0
686      84.4506
687      97.7184
688      51.4583
689      99.1807
690      0
691      79.8246
692      0
693      94.3854
694      96.3391
695      58.5425
696      0
697      73.9658
698      87.7136
699      0
700      0
701      0
702      0
703      98.9203
704      0
705      74.7124
706      96.5498
707      99.4736
708      0
709      53.6974
710      0
711      0
712      92.5327
713      0
714      0
715      0
716      96.2411
717      0
718      0
719      0
720      88.8424
721      98.0702
722      0
723      61.4056
724      0
725      0
726      80.9256
727      96.7661
728      80.6141
729      97.4273
730      79.9552
731      0
732      81.7936
733      96.8708
734      78.4755
735      0
736      76.6329
737      99.5665
738      0
739      0
740      95.3381
741      95.0395
742      71.6577
743      93.048
744      93.1482
745      67.2677
746      80.4161
747      94.1322
748      95.8272
749      0
750      99.8862
751      97.4282
752      98.6068
753      94.5432
754      98.7739
755      93.912
756      90.1249
757      70.219
758      94.0092
759      94.2008
760      0
761      0
762      97.2564
763      96.7341
764      94.1809
765      51.0543
766      0
767      0
768      98.0903
769      95.3888
770      0
771      0
772      0
773      0
774      96.8901
775      0
776      92.9992
777      83.2126
778      91.9238
779      90.8744
780      90.5245
781      0
782      83.0731
783      0
784      0
785      0
786      87.9109
787      0
788      79.2712
789      99.0884
790      80.1058
791      96.5223
792      82.9432
793      73.4269
794      92.3916
795      51.5354
796      91.3552
797      95.0659
798      96.9256
799      0
800      89.7555
801      0
802      93.1891
803      69.1855
804      36.2807
805      0
806      67.5347
807      0
808      99.8255
809      93.0762
810      71.8067
811      0
812      98.5542
813      99.8926
814      0
815      62.7273
816      95.9599
817      93.3332
818      97.3491
819      51.8453
820      94.0384
821      95.7681
822      90.4039
823      0
824      88.0591
825      87.6362
826      94.4136
827      94.808
828      0
829      48.9493
830      77.2065
831      78.9911
832      57.2885
833      89.6344
834      52.1207
835      0
836      77.6071
837      72.2865
838      95.2783
839      95.0547
840      34.2638
841      85.6563
842      77.9806
843      87.3505
844      90.503
845      98.6014
846      80.1143
847      0
848      90.9739
849      0
850      98.2774
851      95.9662
852      94.1076
853      34.5589
854      0
855      72.389
856      0
857      0
858      0
859      85.726
860      97.8536
861      0
862      78.6176
863      0
864      77.3459
865      94.3399
866      0
867      79.4689
868      78.7559
869      94.7539
870      98.9495
871      83.1982
872      99.6581
873      0
874      0
875      0
876      98.3653
877      31.3321
878      0
879      59.0594
880      97.5966
881      65.5648
882      0
883      88.7906
884      56.0608
885      78.8735
886      0
887      97.474
888      93.8475
889      74.3141
890      0
891      99.8797
892      86.1335
893      98.0868
894      0
895      96.3913
896      0
897      96.126
898      57.2577
899      0
900      0
901      72.1726
902      0
903      86.7076
904      0
905      91.4245
906      0
907      0
908      0
909      61.1903
910      0
911      44.7929
912      66.2643
913      99.6622
914      60.7745
915      95.5236
916      0
917      0
918      0
919      96.0731
920      61.0224
921      94.5686
922      0
923      0
924      0
925      93.6275
926      98.8743
927      79.4668
928      0
929      64.8798
930      0
931      98.7336
932      95.1692
933      95.2055
934      88.6471
935      97.1912
936      0
937      67.4119
938      66.1176
939      0
940      0
941      95.0842
942      98.6035
943      88.8729
944      0
945      77.9106
946      88.19
947      0
948      0
949      86.746
950      87.8863
951      0
952      0
953      0
954      83.467
955      95.1665
956      0
957      0
958      89.3352
959      93.3783
960      71.6412
961      98.9592
962      0
963      64.5584
964      72.5359
965      53.3571
966      99.9036
967      92.6257
968      98.1852
969      0
970      98.7817
971      88.4804
972      95.845
973      77.8936
974      53.3329
975      89.057
976      90.5988
977      0
978      0
979      89.2592
980      0
981      77.5622
982      69.4234
983      97.4467
984      87.276
985      0
986      99.131
987      99.8994
988      98.0988
989      0
990      0
991      0
992      83.277
993      0
994      0
995      87.2376
996      87.9413
997      0
998      97.1804
999      0
1000      77.2743
1001      94.6828
1002      0
1003      96.4212
1004      94.6263
1005      74.2961
1006      83.9917
1007      94.0226
1008      64.5021
1009      96.8823
1010      59.5477
1011      95.4701
1012      77.4912
1013      0
1014      87.9487
1015      78.1501
1016      97.083
1017      95.2746
1018      89.7494
1019      95.9964
1020      0
1021      0
1022      51.7454
1023      0
1024      76.9779
1025      96.4106
1026      0
1027      0
1028      99.7446
1029      92.4636
1030      99.1442
1031      95.6344
1032      0
1033      82.9198
1034      0
1035      99.9426
1036      0
1037      98.9627
1038      87.0753
1039      94.314
1040      57.2023
1041      98.8632
1042      92.7085
1043      83.7881
1044      93.6573
1045      52.8382
1046      0
1047      0
1048      0
1049      95.3373
1050      0
1051      0
1052      84.6882
1053      63.1687
1054      0
1055      0
1056      0
1057      44.7113
1058      94.1489
1059      0
1060      97.8499
1061      98.9686
1062      95.7815
1063      75.3176
1064      97.6051
1065      89.6533
1066      89.2573
1067      0
1068      72.9287
1069      90.876
1070      91.9614
1071      96.417
1072      48.1078
1073      72.78
1074      49.2682
1075      67.4028
1076      76.1551
1077      0
1078      80.3199
1079      87.5051
1080      74.9153
1081      98.7651
1082      90.917
1083      91.2476
1084      0
1085      0
1086      95.1326
1087      0
1088      98.7527
1089      61.7883
1090      0
1091      99.4169
1092      89.8469
1093      0
1094      82.0078
1095      69.5797
1096      79.5558
1097      82.6493
1098      91.6671
1099      65.5919
1100      99.3421
1101      0
1102      88.111
1103      0
1104      0
1105      94.5596
1106      0
1107      55.1096
1108      97.7823
1109      0
1110      60.6918
1111      96.4673
1112      93.2732
1113      82.8612
1114      98.945
1115      95.6312
1116      92.0919
1117      0
1118      94.7651
1119      85.8412
1120      57.4799
1121      65.0303
1122      81.6548
1123      0
1124      72.6393
1125      88.5408
1126      0
1127      81.9609
1128      0
1129      0
1130      44.3276
1131      0
1132      96.6319
1133      95.1666
1134      52.5771
1135      0
1136      48.8483
1137      0
1138      88.9259
1139      76.4458
1140      86.8985
1141      0
1142      99.1345
1143      0
1144      0
1145      96.4082
1146      45.0568
1147      0
1148      96.7902
1149      98.5037
1150      98.3988
1151      95.1904
1152      94.9366
1153      0
1154      97.3868
1155      90.8623
1156      92.8221
1157      0
1158      93.242
1159      90.2753
1160      0
1161      0
1162      79.5633
1163      98.1121
1164      72.2587
1165      0
1166      0
1167      84.1633
1168      94.3321
1169      91.6656
1170      80.1672
1171      86.8559
1172      97.5379
1173      0
1174      0
1175      92.5755
1176      86.5891
1177      93.7974
1178      0
1179      71.3496
1180      0
1181      94.0997
1182      99.0471
1183      0
1184      0
1185      0
1186      98.4906
1187      43.9133
1188      99.201
1189      88.8679
1190      99.9803
1191      0
1192      97.9185
1193      90.7094
1194      86.8717
1195      88.7826
1196      90.2527
1197      99.6787
1198      90.5238
1199      87.6704
1200      97.1729
1201      0
1202      0
1203      76.666
1204      93.6142
1205      0
1206      0
1207      0
1208      0
1209      99.9576
1210      0
1211      96.6655
1212      65.3886
1213      97.7516
1214      62.0124
1215      98.6185
1216      94.018
1217      93.2931
1218      62.1986
1219      91.833
1220      94.7725
1221      69.1169
1222      90.6327
1223      0
1224      93.1966
1225      0
1226      90.2766
1227      96.0032
1228      99.4482
1229      81.8993
1230      0
1231      0
1232      97.0258
1233      79.546
1234      95.5912
1235      0
1236      97.8704
1237      81.7626
1238      84.132
1239      0
1240      99.9421
1241      92.915
1242      97.8376
1243      89.2078
1244      0
1245      83.0808
1246      96.97
1247      0
1248      98.6989
1249      0
1250      93.4136
1251      75.0198
1252      66.005
1253      0
1254      92.0059
1255      97.723
1256      96.711
1257      98.4727
1258      89.1292
1259      73.4023
1260      51.3998
1261      92.6512
1262      93.9503
1263      78.9581
1264      0
1265      0
1266      98.5242
1267      0
1268      0
1269      96.4506
1270      0
1271      88.4679
1272      77.1531
1273      0
1274      98.6035
1275      99.7821
1276      0
1277      0
1278      0
1279      0
1280      92.498
1281      0
1282      0
1283      99.0022
1284      0
1285      90.4619
1286      98.6797
1287      94.4166
1288      0
1289      0
1290      0
1291      0
1292      0
1293      91.8596
1294      0
1295      95.1972
1296      51.852
1297      79.6994
1298      71.6375
1299      0
1300      95.1155
1301      99.3294
1302      95.7515
1303      0
1304      64.6241
1305      90.7565
1306      91.1087
1307      0
1308      82.6026
1309      63.0068
1310      0
1311      52.5765
1312      0
1313      57.4067
1314      90.9944
1315      0
1316      90.3372
1317      96.7509
1318      98.5938
1319      85.0607
1320      0
1321      98.1844
1322      94.4314
1323      74.5342
1324      66.8692
1325      97.6799
1326      0
1327      97.8926
1328      80.7885
1329      0
1330      91.6926
1331      0
1332      99.8935
1333      78.1723
1334      95.6419
1335      0
1336      0
1337      47.147
1338      47.5012
1339      98.4811
1340      0
1341      97.6357
1342      92.8541
1343      98.6834
1344      98.0024
1345      78.9361
1346      84.1207
1347      0
1348      89.5189
1349      91.8648
1350      0
1351      91.2152
1352      71.3665
1353      0
1354      58.3856
1355      99.1719
1356      94.4335
1357      0
1358      0
1359      77.37
1360      84.4017
1361      99.8992
1362      57.7455
1363      94.2104
1364      72.0112
1365      62.2082
1366      42.5257
1367      53.6278
1368      91.2655
1369      99.3626
1370      95.0749
1371      99.7344
1372      72.199
1373      98.6113
1374      98.2891
1375      88.455
1376      98.9564
1377      0
1378      96.2941
1379      98.7456
1380      81.5038
1381      85.2751
1382      97.1956
1383      81.7301
1384      93.2322
1385      54.4762
1386      0
1387      88.8631
1388      75.5283
1389      79.6489
1390      0
1391      0
1392      0
1393      0
1394      95.4133
1395      92.1542
1396      0
1397      0
1398      0
1399      75.4798
1400      73.8114
1401      0
1402      0
1403      95.186
1404      99.0355
1405      0
1406      0
1407      0
1408      0
1409      0
1410      0
1411      0
1412      0
1413      0
1414      96.7297
1415      98.794
1416      0
1417      85.9048
1418      96.9046
1419      92.7564
1420      96.4436
1421      0
1422      71.9587
1423      90.5837
1424      0
1425      0
1426      0
1427      63.6602
1428      96.6746
1429      98.0922
1430      87.9255
1431      0
1432      36.4812
1433      0
1434      0
1435      0
1436      90.5749
1437      66.3069
1438      95.7416
1439      0
1440      97.8838
1441      0
1442      90.8172
1443      0
1444      0
1445      88.3934
1446      90.8219
1447      89.3273
1448      96.1525
1449      0
1450      99.4813
1451      0
1452      99.3064
1453      82.4585
1454      0
1455      0
1456      95.2512
1457      0
1458      86.2803
1459      90.1125
1460      66.3665
1461      0
1462      91.1473
1463      0
1464      0
1465      0
1466      42.8593
1467      87.2551
1468      0
1469      82.7078
1470      99.8085
1471      98.4539
1472      92.5065
1473      0
1474      0
1475      39.8757
1476      0
1477      70.0678
1478      0
1479      98.8807
1480      91.6095
1481      95.9019
1482      97.402
1483      0
1484      89.9617
1485      96.2356
1486      0
1487      0
1488      89.1282
1489      88.0913
1490      92.7839
1491      46.0364
1492      74.3289
1493      91.5955
1494      84.2815
1495      90.0355
1496      67.0321
1497      78.4298
1498      74.0179
1499      0
1500      95.8626
1501      43.076
1502      70.1376
1503      80.7237
1504      92.6109
1505      94.6669
1506      0
1507      97.2625
1508      0
1509      81.0451
1510      93.5972
1511      94.2472
1512      87.6123
1513      67.1139
1514      72.934
1515      91.3797
1516      83.6239
1517      59.0155
1518      61.1086
1519      0
1520      97.4972
1521      0
1522      83.5167
1523      97.8278
1524      96.2856
1525      56.7235
1526      92.2784
1527      67.0863
1528      95.2657
1529      88.8526
1530      96.0909
1531      96.1573
1532      91.6144
1533      76.5624
1534      93.4745
1535      96.5286
1536      98.6848
1537      99.6556
1538      98.1854
1539      98.2697
1540      96.7876
1541      0
1542      72.6795
1543      75.5499
1544      66.2356
1545      0
1546      82.5637
1547      69.3673
1548      80.2661
1549      96.9336
1550      0
1551      0
1552      39.0827
1553      0
1554      0
1555      80.9141
1556      0
1557      0
1558      99.8073
1559      95.5038
1560      0
1561      82.0121
1562      95.8109
1563      84.0117
1564      94.2253
1565      0
1566      90.5077
1567      0
1568      0
1569      99.7576
1570      0
1571      94.7838
1572      81.4084
1573      61.0349
1574      0
1575      0
1576      87.0056
1577      0
1578      97.543
1579      0
1580      0
1581      97.9557
1582      71.5825
1583      75.7347
1584      0
1585      98.5199
1586      91.0682
1587      88.94
1588      0
1589      97.0225
1590      96.8567
1591      77.0531
1592      0
1593      0
1594      99.0304
1595      98.4545
1596      95.7604
1597      86.2126
1598      0
1599      92.5852
1600      98.1498
1601      87.3791
1602      92.3366
1603      0
1604      68.1456
1605      88.3462
1606      0
1607      0
1608      0
1609      57.2743
1610      84.6101
1611      0
1612      98.6885
1613      95.0413
1614      90.3945
1615      0
1616      84.3232
1617      68.292
1618      0
1619      99.0638
1620      0
1621      71.7232
1622      0
1623      96.1627
1624      97.2177
1625      92.2101
1626      0
1627      74.542
1628      0
1629      0
1630      79.1055
1631      41.7282
1632      0
1633      0
1634      51.8147
1635      73.6706
1636      98.7571
1637      63.6449
1638      88.1772
1639      98.0222
1640      70.2328
1641      93.3979
1642      91.0947
1643      66.2352
1644      0
1645      94.9415
1646      0
1647      98.9873
1648      0
1649      95.491
1650      63.6031
1651      56.7036
1652      0
1653      64.8668
1654      0
1655      0
1656      94.8072
1657      97.3142
1658      81.5448
1659      93.0839
1660      99.9589
1661      97.7535
1662      0
1663      0
1664      95.4099
1665      0
1666      96.9557
1667      0
1668      94.9716
1669      0
1670      81.7042
1671      98.2175
1672      83.8799
1673      96.27
1674      0
1675      86.8686
1676      0
1677      0
1678      96.9067
1679      85.5405
1680      0
1681      96.9817
1682      88.1382
1683      0
1684      56.194
1685      0
1686      0
1687      89.2937
1688      69.1579
1689      0
1690      0
1691      97.2119
1692      90.219
1693      0
1694      0
1695      0
1696      0
1697      0
1698      53.809
1699      87.9242
1700      86.4791
1701      0
1702      0
1703      71.8978
1704      0
1705      82.6046
1706      87.4614
1707      0
1708      0
1709      0
1710      0
1711      80.5241
1712      99.2011
1713      0
1714      92.8395
1715      0
1716      0
1717      96.4202
1718      0
1719      97.8355
1720      0
1721      94.811
1722      82.46
1723      99.6757
1724      56.6715
1725      83.7869
1726      94.4914
1727      85.864
1728      76.2932
1729      0
1730      98.0766
1731      86.6808
1732      73.5897
1733      0
1734      86.1345
1735      0
1736      87.102
1737      0
1738      66.3983
1739      0
1740      89.7026
1741      95.8367
1742      98.9385
1743      0
1744      0
1745      90.8246
1746      70.1403
1747      83.9812
1748      97.9914
1749      94.7077
1750      55.12
1751      83.8532
1752      97.3581
1753      84.1672
1754      0
1755      0
1756      44.0282
1757      0
1758      0
1759      0
1760      74.6427
1761      0
1762      92.2206
1763      98.084
1764      0
1765      59.7496
1766      98.0202
1767      96.7468
1768      82.0398
1769      92.979
1770      0
1771      92.3185
1772      55.8635
1773      0
1774      70.5001
1775      0
1776      97.0749
1777      0
1778      91.9521
1779      92.1583
1780      0
1781      59.9529
1782      90.8971
1783      78.5262
1784      89.2623
1785      0
1786      0
1787      86.0132
1788      97.4958
1789      85.2901
1790      0
1791      94.801
1792      0
1793      0
1794      72.3982
1795      79.848
1796      0
1797      97.4204
1798      0
1799      94.2576
1800      93.4769
1801      0
1802      0
1803      86.262
1804      72.1582
1805      91.7779
1806      45.7595
1807      0
1808      85.519
1809      95.2578
1810      99.6617
1811      93.3503
1812      72.2424
1813      0
1814      98.0917
1815      64.1149
1816      0
1817      0
1818      97.2746
1819      97.0648
1820      85.2093
1821      89.5851
1822      91.5853
1823      0
1824      0
1825      89.1946
1826      92.7672
1827      0
1828      99.0713
1829      0
1830      75.0986
1831      0
1832      0
1833      59.9796
1834      0
1835      91.2797
1836      0
1837      0
1838      99.0657
1839      71.6501
1840      98.1222
1841      98.4208
1842      0
1843      85.3451
1844      97.1688
1845      91.1774
1846      86.1717
1847      0
1848      0
1849      86.6949
1850      0
1851      83.4139
1852      0
1853      90.9448
1854      96.5546
1855      98.3233
1856      88.0777
1857      98.3458
1858      0
1859      0
1860      0
1861      75.8788
1862      0
1863      73.1399
1864      0
1865      48.8135
1866      73.3177
1867      0
1868      0
1869      79.7819
1870      0
1871      90.5727
1872      0
1873      0
1874      97.8491
1875      92.3665
1876      53.8009
1877      81.1422
1878      96.3866
1879      0
1880      69.885
1881      66.9769
1882      0
1883      90.6503
1884      0
1885      0
1886      98.3316
1887      82.7841
1888      0
1889      69.3768
1890      0
1891      88.6948
1892      0
1893      84.7942
1894      0
1895      0
1896      0
1897      98.6524
1898      0
1899      0
1900      83.5393
1901      0
1902      87.1236
1903      76.8669
1904      95.7132
1905      0
1906      0
1907      95.677
1908      71.5438
1909      68.3855
1910      69.1674
1911      85.7332
1912      0
1913      96.021
1914      0
1915      77.4219
1916      89.8709
1917      0
1918      95.6612
1919      70.1497
1920      76.4826
1921      0
1922      72.3844
1923      75.7426
1924      94.0126
1925      93.5005
1926      98.788
1927      71.3217
1928      93.4781
1929      80.5133
1930      64.073
1931      67.02
1932      76.3831
1933      96.5602
1934      99.9896
1935      74.8548
1936      95.4783
1937      0
1938      78.0349
1939      86.6464
1940      82.0287
1941      0
1942      0
1943      0
1944      91.7301
1945      0
1946      0
1947      98.5294
1948      86.9202
1949      96.5269
1950      83.3689
1951      85.4772
1952      83.3372
1953      91.2884
1954      0
1955      60.606
1956      89.2041
1957      82.6049
1958      82.7715
1959      85.0283
1960      0
1961      95.7338
1962      93.8453
1963      0
1964      45.5649
1965      94.8832
1966      0
1967      91.9602
1968      0
1969      45.0501
1970      0
1971      89.1121
1972      48.4675
1973      51.0078
1974      88.9966
1975      98.8425
1976      0
1977      94.2669
1978      0
1979      94.8439
1980      0
1981      0
1982      95.3897
1983      0
1984      0
1985      0
1986      67.6719
1987      0
1988      88.6384
1989      43.929
1990      96.9796
1991      0
1992      0
1993      82.8055
1994      0
1995      67.233
1996      0
1997      55.857
1998      0
1999      93.238
2000      94.1653
2001      92.4394
2002      89.4706
2003      83.5087
2004      78.5383
2005      0
2006      0
2007      95.5587
2008      76.1176
2009      0
2010      82.5836
2011      92.1755
2012      99.3199
2013      85.1167
2014      91.2782
2015      47.3499
2016      95.9359
2017      89.5681
2018      89.3111
2019      72.7727
2020      0
2021      0
2022      0
2023      0
2024      0
2025      84.4655
2026      0
2027      96.0263
2028      70.9077
2029      99.4079
2030      0
2031      97.6
2032      93.5291
2033      0
2034      68.1652
2035      86.061
2036      97.6544
2037      39.3413
2038      0
2039      0
2040      0
2041      89.0721
2042      0
2043      95.9228
2044      85.6054
2045      0
2046      0
2047      0
2048      78.8051
2049      92.7717
2050      0
2051      0
2052      63.7113
2053      88.7418
2054      0
2055      0
2056      94.6657
2057      98.97
2058      80.6461
2059      0
2060      0
2061      52.9214
2062      0
2063      87.557
2064      0
2065      93.3048
2066      91.6997
2067      89.2446
2068      85.3491
2069      88.2254
2070      0
2071      69.1581
2072      62.2751
2073      95.7005
2074      95.8335
2075      0
2076      81.1019
2077      96.4912
2078      92.2472
2079      89.2878
2080      77.6483
2081      97.2756
2082      92.5374
2083      95.8446
2084      0
2085      66.9903
2086      93.9918
2087      0
2088      0
2089      98.5597
2090      76.2402
2091      0
2092      0
2093      98.0191
2094      0
2095      92.1844
2096      95.085
2097      0
2098      97.9319
2099      0
2100      52.3625
2101      58.0723
2102      0
2103      0
2104      99.4756
2105      72.4717
2106      95.3521
2107      93.0497
2108      95.905
2109      96.194
2110      85.7113
2111      0
2112      77.9577
2113      83.7463
2114      58.981
2115      99.5698
2116      99.8478
2117      88.5311
2118      94.423
2119      0
2120      0
2121      0
2122      85.9943
2123      98.7664
2124      22.2509
2125      0
2126      97.966
2127      88.3127
2128      0
2129      96.9895
2130      0
2131      0
2132      0
2133      0
2134      0
2135      94.5164
2136      0
2137      98.2687
2138      67.3315
2139      79.6689
2140      78.7354
2141      90.084
2142      79.549
2143      0
2144      96.3186
2145      98.6716
2146      0
2147      56.1429
2148      69.9732
2149      94.3802
2150      77.2903
2151      80.3142
2152      75.6513
2153      0
2154      97.1063
2155      40.0718
2156      78.8909
2157      96.8909
2158      77.3776
2159      0
2160      99.6357
2161      83.3506
2162      76.382
2163      0
2164      0
2165      84.4563
2166      97.7012
2167      78.7575
2168      90.7636
2169      86.0758
2170      99.9172
2171      92.3519
2172      0
2173      0
2174      0
2175      52.4195
2176      0
2177      0
2178      0
2179      0
2180      92.1507
2181      0
2182      88.9653
2183      0
2184      73.8821
2185      0
2186      91.5493
2187      97.4324
2188      79.6178
2189      0
2190      0
2191      71.6154
2192      0
2193      95.1312
2194      0
2195      94.6525
2196      0
2197      61.9343
2198      62.9444
2199      87.7136
2200      0
2201      0
2202      68.1478
2203      0
2204      74.9767
2205      62.1368
2206      87.9302
2207      97.0063
2208      98.242
2209      77.994
2210      75.804
2211      72.8198
2212      0
2213      79.6564
2214      0
2215      92.476
2216      92.5813
2217      83.1267
2218      69.2421
2219      88.8976
2220      0
2221      77.9952
2222      57.7604
2223      0
2224      90.4355
2225      80.8915
2226      66.9719
2227      77.9952
2228      0
2229      93.7462
2230      79.1496
2231      0
2232      98.9334
2233      95.6146
2234      0
2235      87.8011
2236      99.3991
2237      0
2238      0
2239      0
2240      98.537
2241      94.7031
2242      81.3372
2243      98.0212
2244      70.4506
2245      97.0916
2246      0
2247      83.9012
2248      98.9547
2249      0
2250      95.7179
2251      0
2252      92.0767
2253      71.1667
2254      0
2255      98.6404
2256      90.2268
2257      60.1272
2258      81.469
2259      99.2052
2260      88.553
2261      43.1949
2262      67.1961
2263      0
2264      99.3498
2265      62.9185
2266      68.245
2267      0
2268      67.882
2269      0
2270      96.133
2271      87.8119
2272      99.8977
2273      83.6621
2274      0
2275      0
2276      90.41
2277      0
2278      85.302
2279      0
2280      0
2281      93.632
2282      0
2283      0
2284      97.1817
2285      93.1679
2286      98.9424
2287      99.5328
2288      0
2289      97.7235
2290      0
2291      89.0429
2292      0
2293      78.0117
2294      68.0406
2295      0
2296      0
2297      77.2111
2298      0
2299      91.0442
2300      96.5691
2301      0
2302      0
2303      93.0612
2304      65.9832
2305      0
2306      97.088
2307      66.0518
2308      0
2309      99.4547
2310      59.8398
2311      92.5758
2312      0
2313      66.6392
2314      35.8881
2315      0
2316      82.4262
2317      0
2318      35.7231
2319      69.4504
2320      0
2321      0
2322      0
2323      92.5325
2324      74.4421
2325      84.5666
2326      81.8485
2327      0
2328      0
2329      74.5339
2330      0
2331      0
2332      95.1184
2333      97.9662
2334      0
2335      94.8795
2336      0
2337      0
2338      72.2278
2339      98.6904
2340      0
2341      89.2072
2342      66.5333
2343      70.1928
2344      97.2605
2345      0
2346      0
2347      93.5784
2348      0
2349      87.8867
2350      75.8588
2351      0
2352      97.2452
2353      96.6358
2354      0
2355      69.7923
2356      93.1361
2357      0
2358      84.9632
2359      72.9933
2360      83.3888
2361      0
2362      97.2534
2363      77.8478
2364      74.3325
2365      98.1442
2366      0
2367      0
2368      0
2369      0
2370      0
2371      65.8718
2372      68.4761
2373      0
2374      98.6514
2375      94.4082
2376      99.4531
2377      92.6837
2378      0
2379      95.2286
2380      92.6211
2381      0
2382      84.3033
2383      99.4365
2384      92.4286
2385      89.1437
2386      0
2387      98.9733
2388      0
2389      89.236
2390      97.6162
2391      0
2392      93.4225
2393      0
2394      0
2395      83.9394
2396      96.0485
2397      92.0059
2398      86.8857
2399      83.8311
2400      0
2401      78.1217
2402      65.7777
2403      0
2404      93.1237
2405      91.5169
2406      80.6981
2407      0
2408      91.4439
2409      71.2217
2410      91.9589
2411      48.0379
2412      0
2413      0
2414      65.7134
2415      0
2416      0
2417      0
2418      0
2419      89.5003
2420      71.3159
2421      82.9542
2422      91.4164
2423      0
2424      63.1814
2425      98.6325
2426      0
2427      0
2428      68.8491
2429      87.0237
2430      55.9342
2431      89.0752
2432      90.255
2433      0
2434      0
2435      0
2436      78.7571
2437      0
2438      0
2439      70.4697
2440      0
2441      0
2442      83.5776
2443      0
2444      0
2445      62.062
2446      55.2519
2447      92.7777
2448      55.9379
2449      79.9251
2450      0
2451      93.4569
2452      0
2453      95.0329
2454      0
2455      98.3348
2456      0
2457      61.2024
2458      0
2459      86.9482
2460      94.7981
2461      95.0778
2462      73.5942
2463      93.1245
2464      0
2465      94.7583
2466      83.5976
2467      96.3586
2468      93.001
2469      99.6538
2470      0
2471      0
2472      73.9096
2473      29.3536
2474      74.5292
2475      0
2476      91.3848
2477      36.5062
2478      0
2479      0
2480      0
2481      0
2482      99.2885
2483      0
2484      96.7614
2485      94.346
2486      98.2694
2487      93.0374
2488      99.6268
2489      59.3839
2490      86.5169
2491      83.841
2492      98.6259
2493      89.8117
2494      79.0629
2495      70.0582
2496      60.4391
2497      79.5321
2498      0
2499      0
       81476.1
