0      92.7243
1      98.3674
2      94.4715
3      92.46
4      95.6125
5      90.2553
6      0
7      73.6767
8      0
9      78.7478
10      97.9485
11      0
12      0
13      90.722
14      95.2527
15      0
16      95.4268
17      0
18      96.7399
19      86.7982
20      0
21      76.7767
22      0
23      0
24      87.5699
25      0
26      99.8058
27      0
28      61.5402
29      0
30      54.2979
31      84.7597
32      79.5092
33      0
34      44.9939
35      99.4999
36      33.0622
37      0
38      0
39      83.6305
40      93.6132
41      0
42      63.0333
43      87.5691
44      55.3906
45      87.3826
46      91.9146
47      65.2988
48      59.1241
49      98.3067
50      76.7163
51      97.7189
52      86.4319
53      96.2962
54      91.5279
55      0
56      72.8799
57      0
58      96.5044
59      0
60      33.4161
61      70.7491
62      99.4661
63      0
64      0
65      0
66      0
67      0
68      91.5182
69      76.3342
70      98.5626
71      0
72      68.4772
73      92.4624
74      0
75      0
76      93.4631
77      99.4392
78      0
79      97.6499
80      94.8924
81      96.7531
82      50.5799
83      95.7364
84      73.2519
85      82.0737
86      94.9281
87      99.6259
88      38.3944
89      92.3996
90      92.0195
91      88.065
92      0
93      0
94      99.6838
95      96.0287
96      90.7322
97      88.653
98      74.1616
99      0
100      91.427
101      89.1852
102      0
103      67.5896
104      99.0884
105      0
106      0
107      0
108      88.2518
109      0
110      75.0092
111      0
112      0
113      66.9692
114      81.1586
115      93.6705
116      96.5191
117      84.4458
118      0
119      72.1986
120      0
121      0
122      0
123      0
124      76.9547
125      87.754
126      0
127      0
128      0
129      99.6781
130      0
131      95.2858
132      66.027
133      93.3036
134      86.9112
135      88.1651
136      91.9847
137      94.0536
138      66.8126
139      0
140      93.5348
141      0
142      60.1418
143      0
144      0
145      0
146      0
147      92.2789
148      91.3922
149      0
150      98.2386
151      0
152      95.2277
153      89.14
154      0
155      0
156      98.3084
157      42.8636
158      0
159      0
160      92.3684
161      85.0399
162      0
163      69.6989
164      79.4728
165      0
166      0
167      98.7131
168      0
169      0
170      90.0389
171      0
172      0
173      92.9625
174      96.1152
175      91.7735
176      0
177      0
178      0
179      84.2704
180      96.834
181      97.0619
182      95.1844
183      0
184      97.641
185      90.9982
186      99.7497
187      96.5798
188      73.8298
189      61.5247
190      99.0557
191      97.8092
192      85.9573
193      54.7814
194      0
195      0
196      97.4146
197      0
198      0
199      0
200      0
201      64.0674
202      94.8025
203      0
204      93.1935
205      0
206      78.8165
207      98.1812
208      96.3434
209      0
210      88.37
211      97.1605
212      93.6522
213      76.8453
214      0
215      96.5825
216      98.2331
217      0
218      96.126
219      0
220      0
221      79.4372
222      92.7428
223      56.717
224      95.9539
225      0
226      99.2268
227      0
228      93.3962
229      80.4487
230      95.9816
231      0
232      97.92
233      97.8682
234      90.3186
235      47.1869
236      0
237      76.5057
238      91.4839
239      0
240      76.5364
241      87.2006
242      77.2148
243      94.775
244      78.6002
245      0
246      90.4845
247      0
248      0
249      87.2219
250      69.5281
251      97.58
252      0
253      0
254      98.3471
255      0
256      86.5306
257      85.1599
258      50.4709
259      0
260      0
261      72.1137
262      0
263      87.4906
264      0
265      77.8011
266      0
267      0
268      0
269      97.2975
270      91.7527
271      92.5425
272      0
273      87.2608
274      0
275      88.4346
276      78.6837
277      0
278      57.4955
279      0
280      0
281      0
282      97.5154
283      92.7266
284      89.0763
285      99.4635
286      98.7017
287      90.0433
288      65.2975
289      86.7175
290      87.6632
291      87.3269
292      0
293      95.4558
294      89.7657
295      68.9174
296      0
297      73.7256
298      91.3115
299      97.982
300      0
301      92.4081
302      66.7394
303      0
304      0
305      99.919
306      64.3996
307      94.116
308      0
309      0
310      82.2923
311      89.6351
312      87.0186
313      0
314      66.2322
315      93.7671
316      99.0846
317      81.4314
318      96.5889
319      88.7924
320      49.4353
321      57.454
322      0
323      0
324      88.7316
325      95.8503
326      88.3866
327      0
328      64.0658
329      0
330      98.9449
331      66.7173
332      56.1407
333      88.4892
334      70.7291
335      98.7757
336      96.7787
337      0
338      91.4763
339      0
340      92.8978
341      99.4982
342      87.1965
343      0
344      93.9411
345      0
346      99.3694
347      90.4389
348      0
349      86.5022
350      86.2609
351      99.3767
352      61.0292
353      98.8085
354      92.1831
355      87.2859
356      98.7704
357      95.3536
358      92.1375
359      83.7086
360      65.4177
361      0
362      0
363      0
364      0
365      79.2362
366      97.9546
367      0
368      0
369      96.1238
370      0
371      0
372      98.3015
373      71.0799
374      89.782
375      89.0792
376      0
377      0
378      97.9517
379      0
380      96.3739
381      95.6345
382      90.2147
383      62.4673
384      0
385      90.7803
386      88.2494
387      97.8076
388      84.7176
389      77.6422
390      96.1899
391      98.8493
392      92.6734
393      78.4816
394      91.8479
395      99.9932
396      93.3948
397      0
398      84.3585
399      99.2263
400      0
401      70.6594
402      61.8219
403      93.2929
404      93.1668
405      76.5634
406      99.494
407      0
408      0
409      95.3769
410      93.4493
411      68.797
412      0
413      96.4507
414      64.8081
415      0
416      89.0139
417      94.1331
418      0
419      81.4464
420      0
421      71.3934
422      94.0793
423      75.5506
424      0
425      97.1581
426      0
427      78.8234
428      94.7595
429      93.7651
430      0
431      99.8385
432      99.9067
433      0
434      89.1469
435      69.8688
436      83.6722
437      91.579
438      94.9869
439      89.2835
440      54.6836
441      0
442      0
443      91.632
444      0
445      0
446      0
447      0
448      0
449      93.4116
450      87.802
451      0
452      97.0245
453      99.4956
454      0
455      68.4584
456      0
457      0
458      72.0358
459      96.1696
460      0
461      0
462      93.6629
463      0
464      77.5786
465      87.6787
466      0
467      77.1369
468      92.3262
469      96.0121
470      91.014
471      90.6806
472      99.9195
473      0
474      0
475      91.722
476      89.528
477      0
478      96.6596
479      84.701
480      98.4835
481      0
482      0
483      98.6933
484      73.4824
485      95.5104
486      75.2228
487      99.0169
488      97.1245
489      55.8064
490      0
491      0
492      93.6062
493      88.9101
494      94.8774
495      92.8343
496      92.4105
497      0
498      0
499      0
500      0
501      95.3127
502      67.0296
503      0
504      0
505      86.6039
506      0
507      0
508      96.9882
509      0
510      94.5767
511      0
512      78.3115
513      89.1549
514      92.2811
515      72.8455
516      99.769
517      0
518      0
519      0
520      93.7339
521      0
522      98.5093
523      81.8763
524      68.1332
525      79.0189
526      85.6213
527      97.2354
528      0
529      76.7636
530      74.1391
531      0
532      72.2167
533      78.877
534      0
535      94.7456
536      36.3165
537      77.1823
538      0
539      73.3997
540      0
541      0
542      71.3317
543      97.2527
544      77.5143
545      88.3581
546      0
547      0
548      99.3216
549      97.4783
550      0
551      87.9258
552      0
553      0
554      99.9834
555      97.3756
556      40.1691
557      88.5246
558      59.6767
559      99.4012
560      50.1255
561      0
562      0
563      74.8957
564      0
565      92.9431
566      84.9363
567      0
568      98.3902
569      97.8151
570      95.3755
571      96.2027
572      0
573      77.372
574      88.8958
575      0
576      0
577      97.8743
578      0
579      0
580      80.473
581      0
582      82.2293
583      90.1184
584      0
585      0
586      0
587      95.4404
588      66.5295
589      81.856
590      84.3209
591      95.399
592      59.3174
593      65.801
594      0
595      0
596      0
597      0
598      0
599      81.1639
600      72.9605
601      0
602      82.4567
603      83.6742
604      92.1747
605      94.9507
606      87.6613
607      0
608      93.9212
609      81.5639
610      95.8147
611      68.4132
612      92.0369
613      0
614      86.6723
615      91.7075
616      91.5278
617      0
618      90.7347
619      0
620      83.8265
621      98.9963
622      0
623      74.946
624      0
625      94.489
626      98.0268
627      94.5239
628      92.1637
629      78.6401
630      0
631      79.3927
632      0
633      0
634      74.4173
635      71.9741
636      0
637      0
638      54.9497
639      97.9359
640      0
641      91.9161
642      0
643      87.5024
644      0
645      54.8577
646      0
647      98.148
648      47.8275
649      86.1066
650      0
651      0
652      99.9672
653      88.2106
654      65.4083
655      96.5849
656      96.1286
657      96.4294
658      0
659      0
660      0
661      0
662      63.051
663      84.8091
664      89.9958
665      0
666      73.0126
667      74.9095
668      92.4081
669      45.775
670      0
671      97.0035
672      99.2046
673      89.5901
674      0
675      62.1552
676      93.4171
677      95.1671
678      94.6265
679      0
680      89.0265
681      74.9948
682      0
683      71.2161
684      0
685      0
686      0
687      90.2277
688      73.1573
689      93.5724
690      96.0328
691      0
692      83.2752
693      96.0798
694      91.4934
695      91.9445
696      0
697      91.7159
698      86.4718
699      72.9228
700      0
701      61.7197
702      74.2114
703      0
704      0
705      85.4233
706      50.2703
707      25.2652
708      48.729
709      75.7228
710      0
711      91.1941
712      0
713      90.761
714      0
715      48.9713
716      83.9575
717      0
718      0
719      90.0534
720      96.2096
721      0
722      91.7537
723      99.9395
724      87.3389
725      0
726      96.481
727      0
728      0
729      0
730      93.9597
731      0
732      97.5516
733      87.4398
734      0
735      0
736      0
737      87.9826
738      0
739      82.6002
740      94.6756
741      94.8621
742      80.5182
743      88.4788
744      86.8864
745      88.576
746      99.6051
747      97.1387
748      95.9968
749      86.9773
750      0
751      56.8831
752      88.522
753      99.3517
754      0
755      99.1726
756      0
757      97.7445
758      96.1056
759      0
760      92.3678
761      51.5456
762      76.7531
763      79.3041
764      98.5812
765      93.7235
766      99.7657
767      0
768      90.5968
769      80.8112
770      94.4066
771      99.5644
772      0
773      74.26
774      0
775      94.1212
776      0
777      82.8089
778      0
779      99.2864
780      0
781      84.1798
782      0
783      0
784      99.2403
785      97.9594
786      56.0124
787      0
788      0
789      61.0552
790      0
791      0
792      92.9387
793      0
794      59.0616
795      0
796      0
797      84.2248
798      74.6594
799      0
800      79.3769
801      0
802      0
803      54.0918
804      0
805      92.4684
806      65.8992
807      60.877
808      96.8628
809      99.2057
810      50.9415
811      94.3523
812      59.8089
813      75.6176
814      0
815      98.5798
816      0
817      72.0296
818      94.5205
819      97.2555
820      97.9157
821      95.4418
822      87.5961
823      0
824      0
825      94.2178
826      99.7554
827      0
828      0
829      91.1643
830      0
831      98.3809
832      99.6723
833      0
834      94.2212
835      0
836      0
837      94.9532
838      99.6154
839      83.1106
840      90.9095
841      99.4544
842      78.6346
843      90.5341
844      65.8334
845      0
846      80.1144
847      66.4068
848      86.6814
849      0
850      0
851      0
852      0
853      0
854      78.8196
855      0
856      0
857      98.331
858      0
859      0
860      0
861      70.5568
862      0
863      98.1966
864      0
865      0
866      96.2407
867      42.3547
868      93.6453
869      81.5539
870      86.7835
871      83.7983
872      0
873      0
874      88.6786
875      96.8809
876      0
877      83.7149
878      62.4086
879      95.6026
880      0
881      80.9586
882      55.3882
883      0
884      98.491
885      97.0901
886      98.2157
887      89.5418
888      71.8776
889      80.433
890      81.6225
891      0
892      65.2296
893      87.1261
894      0
895      94.3312
896      93.1785
897      92.2605
898      95.7855
899      80.3287
900      0
901      93.9798
902      0
903      97.1079
904      97.5886
905      0
906      94.2355
907      56.3463
908      0
909      88.3898
910      0
911      62.5904
912      0
913      0
914      99.9399
915      0
916      68.2871
917      0
918      89.0347
919      94.0152
920      84.5459
921      58.6754
922      87.5077
923      0
924      0
925      68.8555
926      0
927      0
928      81.5845
929      0
930      95.8897
931      0
932      51.4474
933      98.0915
934      87.6298
935      90.8226
936      90.2843
937      83.6099
938      94.9446
939      95.9911
940      98.039
941      96.2626
942      0
943      93.0581
944      96.5013
945      93.3293
946      84.1035
947      0
948      95.6974
949      76.8588
950      60.772
951      0
952      0
953      74.5848
954      0
955      0
956      80.8508
957      98.7764
958      51.0747
959      59.9186
960      0
961      0
962      0
963      0
964      0
965      0
966      0
967      58.9326
968      47.2717
969      84.3545
970      96.9757
971      99.1788
972      99.4491
973      99.8192
974      85.2217
975      0
976      93.2816
977      99.231
978      78.7035
979      0
980      99.0672
981      0
982      98.4951
983      0
984      0
985      93.2355
986      92.2341
987      53.5838
988      99.3165
989      84.1907
990      96.4857
991      0
992      95.3388
993      0
994      68.2263
995      93.6629
996      96.3365
997      97.8725
998      85.9953
999      79.3559
1000      91.3717
1001      70.535
1002      94.3017
1003      76.0655
1004      0
1005      96.7984
1006      0
1007      89.4555
1008      0
1009      88.1325
1010      0
1011      87.9643
1012      63.4256
1013      98.8
1014      0
1015      84.2438
1016      0
1017      79.7746
1018      90.8724
1019      82.5252
1020      64.6069
1021      0
1022      83.7718
1023      59.1416
1024      64.8653
1025      87.075
1026      99.0396
1027      94.2807
1028      97.9655
1029      0
1030      0
1031      62.0544
1032      95.3612
1033      0
1034      94.6681
1035      0
1036      0
1037      92.5094
1038      0
1039      58.3752
1040      0
1041      92.4277
1042      97.5033
1043      73.8008
1044      72.3726
1045      99.5253
1046      94.0746
1047      77.614
1048      96.0843
1049      0
1050      67.3129
1051      85.7717
1052      97.0663
1053      72.0574
1054      0
1055      0
1056      96.2948
1057      97.9478
1058      0
1059      13.1333
1060      0
1061      91.4862
1062      90.6191
1063      0
1064      0
1065      61.0393
1066      42.9455
1067      90.0462
1068      71.6562
1069      0
1070      50.9817
1071      96.8954
1072      0
1073      87.7698
1074      70.139
1075      90.733
1076      0
1077      0
1078      97.1302
1079      0
1080      0
1081      0
1082      0
1083      73.0871
1084      0
1085      86.9681
1086      85.1219
1087      0
1088      0
1089      0
1090      0
1091      98.319
1092      97.9966
1093      0
1094      0
1095      0
1096      74.2279
1097      99.888
1098      87.072
1099      88.9301
1100      0
1101      75.6054
1102      0
1103      0
1104      0
1105      95.2161
1106      0
1107      0
1108      0
1109      96.0389
1110      99.3007
1111      0
1112      97.016
1113      0
1114      58.454
1115      89.9118
1116      74.8881
1117      0
1118      83.8689
1119      0
1120      76.0655
1121      0
1122      0
1123      98.3196
1124      99.4192
1125      91.3127
1126      91.3266
1127      70.3961
1128      95.7601
1129      90.3443
1130      0
1131      84.5796
1132      72.1459
1133      83.5636
1134      71.4603
1135      98.1016
1136      93.9761
1137      83.3317
1138      71.0732
1139      0
1140      0
1141      95.5589
1142      0
1143      88.3167
1144      73.1828
1145      0
1146      81.6749
1147      97.8684
1148      93.5815
1149      94.9586
1150      94.3456
1151      0
1152      72.9371
1153      93.0557
1154      0
1155      79.0917
1156      99.5143
1157      90.253
1158      91.053
1159      94.576
1160      96.4945
1161      95.9407
1162      99.4726
1163      63.247
1164      0
1165      93.0365
1166      78.053
1167      97.8255
1168      0
1169      0
1170      94.5431
1171      37.7215
1172      0
1173      81.0522
1174      79.6565
1175      92.9798
1176      0
1177      97.7995
1178      97.2691
1179      0
1180      92.667
1181      92.2982
1182      0
1183      98.7911
1184      71.9841
1185      0
1186      79.5302
1187      0
1188      0
1189      0
1190      96.0544
1191      0
1192      0
1193      0
1194      92.2431
1195      86.2951
1196      99.402
1197      0
1198      89.5326
1199      94.3198
1200      89.344
1201      90.2874
1202      97.1327
1203      92.7864
1204      93.7755
1205      68.7237
1206      91.6138
1207      89.7799
1208      88.989
1209      62.7958
1210      90.7193
1211      94.0497
1212      99.0178
1213      93.1265
1214      0
1215      0
1216      0
1217      0
1218      96.3232
1219      0
1220      47.8761
1221      90.458
1222      96.0376
1223      66.6896
1224      98.6742
1225      99.0471
1226      0
1227      96.1488
1228      96.0398
1229      94.3205
1230      89.4159
1231      85.6186
1232      77.0798
1233      90.4399
1234      96.7335
1235      88.0471
1236      0
1237      0
1238      61.0561
1239      91.4095
1240      86.9435
1241      99.1426
1242      0
1243      0
1244      0
1245      98.5353
1246      0
1247      0
1248      0
1249      94.1514
1250      90.1839
1251      0
1252      0
1253      0
1254      79.0435
1255      75.8326
1256      77.3597
1257      99.3583
1258      0
1259      74.2974
1260      98.0606
1261      83.06
1262      36.2886
1263      70.6448
1264      93.6686
1265      61.2478
1266      98.2096
1267      98.5963
1268      0
1269      81.3377
1270      76.2356
1271      96.3548
1272      80.4485
1273      0
1274      0
1275      99.325
1276      0
1277      86.0913
1278      0
1279      0
1280      80.8105
1281      80.3237
1282      87.8994
1283      94.2143
1284      0
1285      0
1286      92.7173
1287      0
1288      95.2164
1289      70.7807
1290      82.1646
1291      0
1292      95.3666
1293      0
1294      84.8112
1295      89.5607
1296      99.3106
1297      64.4721
1298      0
1299      77.1052
1300      96.8499
1301      85.1539
1302      94.1767
1303      80.3081
1304      0
1305      0
1306      91.7808
1307      0
1308      97.3196
1309      88.9357
1310      41.4466
1311      67.3726
1312      81.1862
1313      0
1314      75.8784
1315      87.1421
1316      0
1317      0
1318      76.7859
1319      87.0168
1320      76.5089
1321      0
1322      0
1323      76.2351
1324      92.44
1325      0
1326      0
1327      99.4091
1328      88.6311
1329      0
1330      0
1331      92.5706
1332      88.8064
1333      0
1334      0
1335      78.9837
1336      0
1337      61.9511
1338      0
1339      0
1340      91.2327
1341      97.3484
1342      90.5124
1343      88.5637
1344      49.2304
1345      71.1911
1346      73.8627
1347      0
1348      40.773
1349      64.8685
1350      67.9562
1351      0
1352      95.0623
1353      0
1354      98.592
1355      89.723
1356      95.9546
1357      88.1519
1358      0
1359      0
1360      94.4196
1361      96.6332
1362      0
1363      0
1364      94.8148
1365      0
1366      81.2134
1367      85.226
1368      0
1369      0
1370      0
1371      0
1372      0
1373      96.5038
1374      92.469
1375      0
1376      0
1377      35.1579
1378      0
1379      85.8739
1380      96.4515
1381      72.1196
1382      92.2251
1383      58.7831
1384      98.1884
1385      92.746
1386      99.862
1387      0
1388      78.6606
1389      95.2353
1390      84.8375
1391      95.1321
1392      86.851
1393      94.8158
1394      90.8365
1395      95.4522
1396      0
1397      0
1398      84.4289
1399      94.3764
1400      91.793
1401      99.1153
1402      0
1403      65.6308
1404      99.7997
1405      96.9858
1406      86.2247
1407      60.2338
1408      84.0859
1409      92.9783
1410      87.2082
1411      0
1412      0
1413      98.5298
1414      0
1415      0
1416      96.7099
1417      0
1418      89.6098
1419      44.5515
1420      98.641
1421      80.6825
1422      0
1423      97.3558
1424      0
1425      96.1354
1426      0
1427      0
1428      95.0026
1429      54.9912
1430      0
1431      0
1432      85.5158
1433      99.0582
1434      84.2214
1435      0
1436      0
1437      0
1438      93.2251
1439      92.9991
1440      88.1039
1441      79.4544
1442      0
1443      94.3881
1444      77.5507
1445      77.4973
1446      0
1447      82.5201
1448      90.4385
1449      92.6299
1450      0
1451      0
1452      90.734
1453      0
1454      75.9062
1455      92.7293
1456      79.4666
1457      99.4732
1458      84.0335
1459      0
1460      0
1461      0
1462      96.6725
1463      0
1464      95.9486
1465      0
1466      0
1467      97.1267
1468      98.3727
1469      84.0445
1470      91.5874
1471      98.7598
1472      76.7431
1473      68.7271
1474      0
1475      75.3136
1476      53.9982
1477      94.4239
1478      69.4149
1479      75.0726
1480      85.7235
1481      47.9371
1482      0
1483      87.5401
1484      0
1485      98.9688
1486      67.0811
1487      74.2174
1488      0
1489      0
1490      84.1841
1491      0
1492      95.7016
1493      91.7535
1494      0
1495      69.4571
1496      89.6465
1497      0
1498      98.0596
1499      0
1500      79.8041
1501      80.9727
1502      79.4851
1503      95.6944
1504      0
1505      0
1506      98.3923
1507      93.3006
1508      80.6501
1509      94.216
1510      89.6564
1511      0
1512      98.0656
1513      78.0762
1514      0
1515      0
1516      0
1517      0
1518      0
1519      64.3604
1520      0
1521      89.7459
1522      0
1523      39.0663
1524      0
1525      96.5734
1526      97.6895
1527      84.5031
1528      78.4607
1529      58.7674
1530      97.676
1531      55.8326
1532      98.1354
1533      95.3475
1534      97.539
1535      79.741
1536      0
1537      0
1538      81.9253
1539      0
1540      97.8958
1541      95.6555
1542      94.8705
1543      67.6126
1544      71.9489
1545      99.9241
1546      0
1547      81.7334
1548      99.3722
1549      93.8512
1550      97.8998
1551      94.7759
1552      63.8052
1553      79.5832
1554      0
1555      59.6176
1556      99.5658
1557      65.5053
1558      0
1559      84.7323
1560      97.5142
1561      80.0733
1562      85.5779
1563      0
1564      75.8565
1565      84.2714
1566      99.062
1567      0
1568      95.7131
1569      0
1570      99.4916
1571      74.3733
1572      80.1808
1573      0
1574      97.1881
1575      0
1576      66.9288
1577      66.9936
1578      0
1579      0
1580      0
1581      70.1793
1582      0
1583      0
1584      86.0349
1585      0
1586      93.9684
1587      0
1588      0
1589      0
1590      97.9012
1591      0
1592      98.8137
1593      0
1594      96.923
1595      51.9966
1596      78.5257
1597      40.7844
1598      0
1599      92.8894
1600      0
1601      0
1602      99.7183
1603      99.2062
1604      99.4221
1605      0
1606      0
1607      80.0612
1608      69.6612
1609      0
1610      85.7786
1611      0
1612      84.5716
1613      0
1614      0
1615      52.3118
1616      71.6348
1617      0
1618      94.192
1619      95.1906
1620      96.8777
1621      89.8512
1622      85.6661
1623      0
1624      62.5893
1625      89.9228
1626      0
1627      89.9054
1628      98.3978
1629      0
1630      98.4522
1631      96.9974
1632      0
1633      92.0939
1634      66.4772
1635      71.6879
1636      0
1637      92.5916
1638      95.1245
1639      95.5135
1640      0
1641      99.6474
1642      87.0285
1643      69.7537
1644      0
1645      88.3496
1646      0
1647      0
1648      91.3475
1649      86.0254
1650      0
1651      0
1652      87.964
1653      65.414
1654      76.3112
1655      98.0792
1656      0
1657      83.6873
1658      0
1659      0
1660      98.7682
1661      95.2134
1662      99.7659
1663      0
1664      0
1665      87.4083
1666      0
1667      97.0279
1668      0
1669      51.9626
1670      17.45
1671      0
1672      62.5314
1673      0
1674      99.0129
1675      87.0599
1676      98.5375
1677      0
1678      0
1679      92.2569
1680      54.4028
1681      96.8811
1682      98.5673
1683      0
1684      0
1685      92.6365
1686      99.0839
1687      72.7214
1688      0
1689      97.1367
1690      31.8052
1691      95.4169
1692      96.1373
1693      92.8587
1694      81.4051
1695      69.0219
1696      0
1697      71.5354
1698      0
1699      99.3988
1700      0
1701      97.4874
1702      0
1703      0
1704      99.491
1705      47.7743
1706      0
1707      76.301
1708      0
1709      0
1710      0
1711      82.1023
1712      97.6154
1713      0
1714      67.9839
1715      53.9329
1716      94.2478
1717      0
1718      0
1719      79.3391
1720      84.42
1721      62.4088
1722      75.07
1723      74.2323
1724      0
1725      0
1726      67.3975
1727      97.9169
1728      87.9592
1729      83.2222
1730      81.799
1731      86.005
1732      0
1733      65.5848
1734      73.7198
1735      93.4344
1736      98.6372
1737      88.0104
1738      82.9121
1739      88.9345
1740      91.6351
1741      86.5246
1742      84.9825
1743      0
1744      0
1745      92.4032
1746      94.7003
1747      98.8678
1748      46.8136
1749      95.9838
1750      0
1751      0
1752      0
1753      0
1754      60.8939
1755      98.7745
1756      97.3172
1757      0
1758      99.5982
1759      84.0929
1760      0
1761      0
1762      61.9584
1763      71.1799
1764      94.2394
1765      93.616
1766      0
1767      95.17
1768      59.5774
1769      99.2526
1770      99.0923
1771      0
1772      99.3856
1773      99.7827
1774      0
1775      97.4502
1776      0
1777      0
1778      88.935
1779      0
1780      89.812
1781      81.2193
1782      0
1783      0
1784      0
1785      97.4508
1786      96.3725
1787      84.5734
1788      97.6425
1789      99.1
1790      0
1791      98.0038
1792      67.9834
1793      93.6469
1794      39.0448
1795      99.565
1796      88.2188
1797      0
1798      0
1799      81.4911
1800      51.014
1801      0
1802      88.8642
1803      44.9636
1804      98.3448
1805      93.829
1806      97.1645
1807      0
1808      97.5253
1809      0
1810      0
1811      0
1812      99.7828
1813      0
1814      94.0227
1815      89.4722
1816      0
1817      0
1818      0
1819      0
1820      0
1821      86.9783
1822      84.0048
1823      98.5736
1824      85.8388
1825      91.5293
1826      0
1827      87.1241
1828      0
1829      0
1830      94.5656
1831      89.7854
1832      99.4529
1833      58.5081
1834      0
1835      0
1836      63.9231
1837      90.1585
1838      98.1527
1839      95.2901
1840      99.5298
1841      0
1842      0
1843      84.6256
1844      0
1845      0
1846      0
1847      45.7642
1848      84.2481
1849      99.305
1850      0
1851      56.1149
1852      91.6657
1853      0
1854      98.757
1855      0
1856      85.7494
1857      77.7429
1858      0
1859      89.3692
1860      91.5261
1861      0
1862      0
1863      69.5461
1864      99.8669
1865      0
1866      0
1867      0
1868      93.4809
1869      0
1870      0
1871      80.8266
1872      65.1783
1873      71.7024
1874      90.3483
1875      83.7938
1876      47.7628
1877      0
1878      99.1555
1879      97.4708
1880      0
1881      0
1882      0
1883      90.209
1884      0
1885      0
1886      0
1887      99.2403
1888      96.3047
1889      98.3554
1890      95.2184
1891      88.8942
1892      93.5921
1893      71.0511
1894      56.0136
1895      70.7514
1896      64.6679
1897      43.4535
1898      0
1899      0
1900      99.044
1901      0
1902      75.0001
1903      89.1765
1904      85.8343
1905      0
1906      0
1907      91.6586
1908      95.846
1909      91.1187
1910      0
1911      82.8924
1912      0
1913      0
1914      0
1915      0
1916      96.3294
1917      99.2049
1918      61.7973
1919      67.1984
1920      92.3842
1921      0
1922      0
1923      99.4994
1924      0
1925      80.8673
1926      0
1927      0
1928      0
1929      91.8631
1930      0
1931      99.6137
1932      90.7991
1933      77.9421
1934      92.4074
1935      82.8199
1936      92.3603
1937      97.6119
1938      89.3531
1939      84.9827
1940      56.6295
1941      98.5077
1942      97.8411
1943      94.0203
1944      0
1945      96.6451
1946      99.9008
1947      92.7578
1948      0
1949      99.0011
1950      0
1951      61.3689
1952      0
1953      0
1954      78.9349
1955      98.2035
1956      0
1957      93.6664
1958      0
1959      94.7278
1960      87.8198
1961      85.5672
1962      94.0138
1963      0
1964      0
1965      81.5333
1966      62.1781
1967      80.6691
1968      0
1969      81.0308
1970      69.2378
1971      0
1972      0
1973      89.3235
1974      95.2935
1975      87.7146
1976      94.3639
1977      90.9129
1978      0
1979      77.185
1980      86.4778
1981      90.2929
1982      0
1983      96.49
1984      97.8842
1985      0
1986      0
1987      90.333
1988      98.0606
1989      0
1990      98.3896
1991      0
1992      75.2287
1993      88.2383
1994      0
1995      88.0426
1996      90.4409
1997      82.5093
1998      99.2558
1999      0
2000      0
2001      96.0516
2002      60.8996
2003      97.424
2004      0
2005      0
2006      0
2007      0
2008      79.3789
2009      0
2010      98.7678
2011      36.4268
2012      72.7412
2013      0
2014      90.0336
2015      93.2338
2016      0
2017      87.4169
2018      0
2019      91.1454
2020      0
2021      0
2022      86.4726
2023      98.4757
2024      0
2025      0
2026      0
2027      76.2358
2028      0
2029      0
2030      0
2031      76.8641
2032      0
2033      0
2034      95.8873
2035      0
2036      95.0711
2037      0
2038      76.9822
2039      0
2040      68.4448
2041      0
2042      96.8611
2043      0
2044      0
2045      0
2046      76.2069
2047      95.8352
2048      76.726
2049      0
2050      0
2051      97.9803
2052      95.4279
2053      94.4198
2054      86.8431
2055      95.6463
2056      98.9932
2057      46.299
2058      60.6661
2059      52.116
2060      91.142
2061      90.3484
2062      0
2063      54.4012
2064      0
2065      0
2066      77.776
2067      98.9334
2068      84.4352
2069      0
2070      55.6789
2071      97.6139
2072      99.1433
2073      58.8183
2074      94.6982
2075      96.8982
2076      97.8751
2077      99.9335
2078      87.5776
2079      0
2080      97.8421
2081      97.3837
2082      77.3646
2083      65.7747
2084      0
2085      83.4262
2086      0
2087      74.9985
2088      97.2708
2089      85.9784
2090      0
2091      0
2092      0
2093      70.9606
2094      68.5494
2095      72.4765
2096      90.8126
2097      86.0443
2098      92.2587
2099      0
2100      0
2101      0
2102      70.9504
2103      0
2104      99.4715
2105      93.5124
2106      0
2107      0
2108      80.8042
2109      70.2748
2110      99.3339
2111      94.6032
2112      0
2113      88.8608
2114      0
2115      96.9397
2116      69.2055
2117      0
2118      89.1229
2119      64.0863
2120      93.8654
2121      65.7464
2122      65.0715
2123      99.086
2124      86.0727
2125      86.846
2126      91.8736
2127      90.5906
2128      96.9497
2129      75.9313
2130      99.8718
2131      0
2132      72.6608
2133      91.8879
2134      0
2135      94.6769
2136      96.9892
2137      75.639
2138      94.25
2139      97.0645
2140      91.0948
2141      99.791
2142      56.4125
2143      48.1908
2144      0
2145      0
2146      0
2147      56.9241
2148      89.6707
2149      0
2150      0
2151      59.6338
2152      0
2153      0
2154      93.7836
2155      49.2806
2156      0
2157      89.0878
2158      96.2589
2159      65.8467
2160      95.2158
2161      93.3083
2162      0
2163      97.5482
2164      91.5011
2165      99.8435
2166      0
2167      80.398
2168      0
2169      0
2170      0
2171      0
2172      86.831
2173      0
2174      0
2175      0
2176      86.5357
2177      78.1285
2178      49.2597
2179      0
2180      0
2181      90.3965
2182      68.5457
2183      99.4703
2184      93.2804
2185      35.437
2186      89.6516
2187      89.4495
2188      97.6502
2189      99.5569
2190      0
2191      0
2192      73.9683
2193      97.0586
2194      0
2195      0
2196      0
2197      0
2198      0
2199      0
2200      87.2485
2201      0
2202      0
2203      0
2204      91.2705
2205      0
2206      99.7765
2207      74.0003
2208      0
2209      0
2210      89.8968
2211      0
2212      70.4083
2213      0
2214      0
2215      0
2216      0
2217      11.1335
2218      92.819
2219      49.2541
2220      76.5592
2221      99.3541
2222      0
2223      0
2224      89.5704
2225      80.1626
2226      0
2227      94.833
2228      95.6402
2229      96.164
2230      0
2231      97.3347
2232      42.6559
2233      47.0303
2234      88.824
2235      75.4915
2236      0
2237      99.84
2238      0
2239      76.7933
2240      65.2442
2241      90.4358
2242      0
2243      0
2244      0
2245      83.7029
2246      95.7302
2247      70.1539
2248      77.5822
2249      99.0392
2250      68.4106
2251      52.13
2252      62.8237
2253      97.374
2254      95.5258
2255      95.9896
2256      0
2257      99.8416
2258      67.0001
2259      0
2260      0
2261      58.1344
2262      97.6709
2263      81.1475
2264      0
2265      93.4996
2266      0
2267      97.7623
2268      91.9233
2269      94.2417
2270      97.8262
2271      0
2272      95.7248
2273      91.1994
2274      93.4465
2275      60.3996
2276      87.6406
2277      93.124
2278      90.5665
2279      0
2280      93.3573
2281      0
2282      97.8446
2283      84.7736
2284      88.0409
2285      59.4753
2286      71.4242
2287      0
2288      82.6213
2289      74.809
2290      89.4302
2291      90.3346
2292      91.5342
2293      96.9115
2294      0
2295      96.4281
2296      73.9122
2297      74.8314
2298      0
2299      63.4501
2300      71.3016
2301      0
2302      89.7129
2303      47.8236
2304      87.9256
2305      0
2306      90.4827
2307      89.3745
2308      94.9806
2309      92.3418
2310      97.8616
2311      81.4124
2312      97.7185
2313      46.8303
2314      86.9372
2315      84.2064
2316      0
2317      72.8173
2318      0
2319      85.6126
2320      0
2321      0
2322      75.3249
2323      0
2324      47.1085
2325      87.3117
2326      0
2327      80.8151
2328      92.2888
2329      69.8906
2330      94.881
2331      0
2332      86.2093
2333      0
2334      93.0882
2335      0
2336      99.5256
2337      0
2338      0
2339      67.8501
2340      0
2341      0
2342      0
2343      38.6758
2344      0
2345      65.654
2346      74.0886
2347      0
2348      90.1839
2349      47.2854
2350      75.8119
2351      94.961
2352      0
2353      93.4707
2354      54.3126
2355      96.7815
2356      88.2333
2357      0
2358      92.1157
2359      84.6116
2360      0
2361      0
2362      90.4299
2363      72.9512
2364      99.1418
2365      78.7015
2366      0
2367      94.9335
2368      64.8718
2369      90.9847
2370      0
2371      95.6203
2372      87.5346
2373      84.7709
2374      0
2375      81.1178
2376      69.3427
2377      0
2378      0
2379      98.8213
2380      0
2381      90.0608
2382      85.7208
2383      99.3481
2384      40.0208
2385      0
2386      70.6527
2387      91.2244
2388      84.951
2389      88.1038
2390      70.555
2391      86.4582
2392      0
2393      76.6169
2394      92.864
2395      98.7012
2396      78.6393
2397      0
2398      71.2057
2399      0
2400      29.3749
2401      96.3949
2402      50.9208
2403      95.1302
2404      99.4929
2405      0
2406      0
2407      0
2408      71.4606
2409      71.5817
2410      0
2411      0
2412      0
2413      0
2414      99.341
2415      99.3871
2416      94.1282
2417      0
2418      85.4292
2419      0
2420      94.5369
2421      95.099
2422      0
2423      98.395
2424      98.0766
2425      0
2426      98.586
2427      82.9717
2428      97.3099
2429      81.8004
2430      0
2431      0
2432      99.6833
2433      89.832
2434      0
2435      56.0477
2436      95.9559
2437      0
2438      86.0593
2439      75.9999
2440      56.7749
2441      62.6921
2442      98.9259
2443      62.1827
2444      82.2551
2445      93.072
2446      96.985
2447      99.5187
2448      0
2449      94.5379
2450      0
2451      0
2452      0
2453      96.6306
2454      0
2455      0
2456      0
2457      0
2458      0
2459      93.5779
2460      0
2461      98.2863
2462      94.5677
2463      89.5581
2464      86.5218
2465      95.5242
2466      97.212
2467      91.5857
2468      94.0101
2469      0
2470      66.9768
2471      85.8815
2472      67.381
2473      0
2474      89.9927
2475      99.0604
2476      99.8916
2477      84.4072
2478      99.5389
2479      0
2480      88.958
2481      39.7262
2482      0
2483      0
2484      0
2485      97.491
2486      96.376
2487      90.7032
2488      77.8243
2489      74.2301
2490      0
2491      0
2492      61.9603
2493      98.1685
2494      0
2495      0
2496      0
2497      96.9669
2498      90.0037
2499      79.8229
       80315.5
