0      0
1      0
2      99.9955
3      99.0302
4      89.8035
5      98.6077
6      98.8005
7      44.9158
8      83.5621
9      0
10      0
11      39.5161
12      0
13      99.8657
14      0
15      0
16      0
17      95.5295
18      0
19      80.6513
20      69.2248
21      99.3009
22      85.911
23      0
24      0
25      0
26      0
27      0
28      0
29      0
30      99.813
31      98.5879
32      0
33      0
34      91.9578
35      0
36      95.3501
37      99.4204
38      0
39      83.5971
40      98.3632
41      99.1859
42      95.1676
43      83.3253
44      90.1588
45      0
46      0
47      77.1671
48      0
49      81.1912
50      92.4981
51      99.545
52      78.8016
53      87.749
54      0
55      87.985
56      98.5116
57      70.0723
58      0
59      79.0227
60      99.6041
61      0
62      0
63      90.9587
64      98.1041
65      97.0815
66      98.1527
67      0
68      0
69      98.7064
70      82.5879
71      99.456
72      98.039
73      84.0105
74      56.6394
75      80.5238
76      98.9026
77      0
78      0
79      0
80      51.0644
81      60.3224
82      0
83      0
84      99.5048
85      0
86      79.1134
87      76.227
88      79.7853
89      0
90      99.7029
91      98.5672
92      52.2046
93      0
94      0
95      0
96      0
97      0
98      0
99      84.8817
100      85.7997
101      0
102      0
103      0
104      96.9267
105      57.9069
106      99.1038
107      69.06
108      99.6567
109      0
110      97.5335
111      99.8052
112      98.2956
113      97.4114
114      59.9085
115      89.0186
116      83.2094
117      0
118      98.8974
119      99.5247
120      88.3576
121      80.5426
122      99.8762
123      0
124      0
125      67.0234
126      76.185
127      0
128      0
129      99.5495
130      0
131      99.8117
132      0
133      99.4083
134      94.4491
135      0
136      98.9713
137      66.5104
138      99.9312
139      95.5928
140      0
141      0
142      93.6178
143      0
144      0
145      99.3933
146      0
147      99.6185
148      0
149      0
150      0
151      99.7809
152      51.3933
153      78.9606
154      52.7756
155      0
156      85.0857
157      98.883
158      0.00197496
159      0
160      99.6477
161      38.7329
162      95.0968
163      0
164      93.0873
165      53.5485
166      98.7583
167      66.5385
168      99.7244
169      86.5852
170      58.9882
171      56.8546
172      0
173      0
174      0
175      97.625
176      0
177      94.3265
178      65.6439
179      99.9352
180      73.4463
181      0
182      99.7043
183      99.3835
184      0
185      65.3842
186      79.2676
187      0
188      99.6626
189      0
190      99.3827
191      99.9015
192      99.6019
193      99.7991
194      0
195      99.0007
196      62.7727
197      81.2302
198      96.5394
199      55.1922
200      98.8136
201      98.7061
202      75.1322
203      68.5112
204      0
205      0
206      0
207      99.8988
208      85.6572
209      96.5684
210      90.1932
211      0
212      0
213      72.9938
214      0
215      0
216      98.7484
217      99.6136
218      0
219      83.3412
220      0
221      95.3621
222      98.6271
223      81.4717
224      0
225      0
226      0
227      60.7364
228      0
229      99.2396
230      99.7165
231      76.486
232      98.974
233      0
234      99.786
235      99.685
236      64.9914
237      68.4475
238      0
239      0
240      0
241      93.7362
242      0
243      0
244      57.5687
245      0
246      99.0347
247      84.8892
248      99.5087
249      0
250      0
251      0
252      0
253      69.3272
254      70.4206
255      0
256      0
257      98.7163
258      0
259      0
260      0
261      97.8304
262      0
263      38.4391
264      98.1264
265      98.4946
266      70.3963
267      97.9271
268      98.1242
269      99.929
270      0
271      76.6558
272      0
273      97.5279
274      99.815
275      90.3011
276      61.2824
277      78.958
278      97.4677
279      0
280      99.1205
281      0
282      64.1018
283      0
284      98.2882
285      0
286      77.5609
287      62.0275
288      0
289      95.3621
290      89.4746
291      99.5728
292      0
293      85.5644
294      0
295      97.0095
296      97.6659
297      0
298      98.0047
299      53.6834
300      99.9975
301      93.4758
302      95.6467
303      0
304      98.3542
305      89.1918
306      91.4112
307      0
308      97.8891
309      99.7159
310      88.9399
311      0
312      0
313      93.0806
314      0
315      97.6691
316      59.1124
317      99.7511
318      99.5985
319      98.7579
320      56.8518
321      56.8234
322      0
323      0
324      73.9992
325      0
326      67.3994
327      98.8505
328      99.6097
329      0
330      99.5439
331      46.1815
332      92.1007
333      0
334      97.9457
335      52.0736
336      97.8942
337      67.6053
338      99.5254
339      0
340      86.1865
341      99.987
342      0
343      0
344      98.9438
345      97.6005
346      0
347      74.0762
348      77.4503
349      97.7083
350      0
351      0
352      59.8923
353      60.4713
354      99.0686
355      72.3005
356      43.2038
357      56.7148
358      56.761
359      0
360      99.8421
361      94.6477
362      99.469
363      0
364      99.7904
365      84.2991
366      94.4839
367      62.4257
368      91.0231
369      74.2786
370      0
371      99.6801
372      0
373      78.3573
374      95.1378
375      99.953
376      49.9008
377      59.4968
378      0
379      0
380      0
381      99.5163
382      81.0477
383      0
384      99.4485
385      0
386      62.7505
387      63.8997
388      39.5343
389      0
390      99.0509
391      55.0737
392      0
393      63.1116
394      51.2581
395      88.4292
396      99.8765
397      0
398      96.2642
399      70.8069
400      61.9087
401      0
402      85.5925
403      64.8515
404      88.6568
405      99.1721
406      98.7699
407      95.3202
408      98.5158
409      55.3248
410      0
411      83.7626
412      95.5823
413      99.6607
414      83.4523
415      0
416      83.775
417      98.6906
418      94.6368
419      99.0103
420      97.8948
421      99.9102
422      96.6666
423      88.0046
424      78.0619
425      99.258
426      60.4017
427      87.0293
428      0
429      99.6684
430      99.2701
431      0
432      0
433      55.5037
434      98.5052
435      99.5589
436      99.5848
437      83.8407
438      0
439      79.0748
440      0
441      74.2595
442      61.6531
443      45.957
444      0
445      99.5248
446      98.5602
447      0
448      93.0048
449      53.1126
450      0
451      80.5497
452      80.2523
453      65.3392
454      0
455      99.6495
456      99.0244
457      0
458      97.4601
459      99.8466
460      99.8311
461      0
462      98.2401
463      0
464      99.4686
465      0
466      0
467      0
468      90.8792
469      97.852
470      0
471      0
472      86.3671
473      99.1025
474      62.1182
475      99.5917
476      99.0456
477      78.4328
478      99.0228
479      81.744
480      75.5091
481      83.1887
482      98.1838
483      0
484      97.666
485      0
486      59.0091
487      0
488      83.2999
489      0
490      64.076
491      91.2792
492      0
493      99.779
494      99.8885
495      87.4189
496      97.4286
497      96.2195
498      99.423
499      0
       16411.5
