0      98.7121
1      70.4891
2      73.4462
3      66.6244
4      0
5      0
6      98.6975
7      99.7355
8      99.9146
9      93.0234
10      0
11      66.6444
12      52.8874
13      0
14      64.5337
15      92.9501
16      0
17      0
18      0
19      95.4716
20      79.6502
21      97.0938
22      97.0578
23      64.3349
24      99.1544
25      0
26      99.6937
27      99.3236
28      98.3041
29      0
30      99.8479
31      99.7857
32      88.7537
33      99.4469
34      0
35      68.5388
36      0
37      0
38      0
39      0.000511039
40      99.687
41      99.9722
42      90.48
43      97.172
44      54.966
45      61.0007
46      82.3359
47      0
48      35.8382
49      56.588
50      73.1188
51      0
52      99.4889
53      0
54      99.9385
55      99.3166
56      68.6487
57      99.2851
58      0
59      0
60      99.8226
61      94.6174
62      0
63      0
64      61.5568
65      0
66      98.2228
67      72.1935
68      0
69      0
70      0
71      0
72      0
73      79.4398
74      89.6411
75      0
76      0.00094232
77      29.9115
78      0
79      77.5646
80      99.7679
81      77.0849
82      99.8366
83      59.9205
84      99.9932
85      99.6374
86      87.8448
87      0
88      91.0482
89      94.205
90      99.9864
91      99.5241
92      78.1496
93      99.8017
94      99.0947
95      99.8154
96      0
97      0
98      54.3023
99      99.8357
       3767.37
