0      0
1      69.9963
2      0
3      0
4      0
5      99.7031
6      0
7      0
8      0.00484109
9      99.479
10      97.6425
11      99.3817
12      82.5585
13      0
14      46.0598
15      76.0163
16      87.2862
17      0
18      83.8665
19      0
20      65.0096
21      0
22      99.8419
23      98.9423
24      99.861
25      82.9401
26      85.8734
27      82.3894
28      99.8092
29      93.1797
30      0
31      99.9093
32      69.0483
33      0
34      69.6536
35      99.9251
36      99.5269
37      64.9722
38      61.3676
39      0
40      0
41      93.9752
42      0
43      93.1788
44      67.5237
45      98.0636
46      99.9082
47      99.8875
48      96.9449
49      86.1236
50      99.7422
51      0
52      54.2559
53      65.1911
54      0
55      89.4316
56      99.4321
57      67.7565
58      99.6504
59      84.886
60      99.4593
61      99.4098
62      99.8205
63      54.3709
64      0
65      83.8509
66      92.9066
67      99.9325
68      0
69      0
70      96.4267
71      43.5718
72      98.474
73      0
74      64.9286
75      98.1206
76      0
77      94.2372
78      98.7254
79      0
80      99.8074
81      98.2845
82      99.8651
83      97.2012
84      0
85      0
86      98.814
87      0
88      0
89      0
90      99.9721
91      99.8749
92      0
93      0
94      77.4941
95      89.3174
96      99.9694
97      0
98      57.9209
99      99.8953
       3220.54
