0      0
1      0
2      62.9239
3      95.6998
4      98.3084
5      99.7336
6      0
7      66.3371
8      99.9118
9      99.3778
10      99.9756
11      56.3683
12      99.0292
13      0
14      99.7979
15      0
16      0
17      47.987
18      99.6172
19      0
20      92.6777
21      53.3792
22      0
23      70.6986
24      0
25      81.7601
26      92.8483
27      99.9216
28      88.2049
29      89.0051
30      54.8384
31      0
32      83.7497
33      0
34      99.7186
35      0
36      84.0348
37      79.3069
38      60.2762
39      97.5107
40      0
41      99.2594
42      0
43      0
44      69.5507
45      99.9616
46      52.5398
47      74.7078
48      0
49      89.4337
50      0
51      0
52      0
53      99.0267
54      63.3257
55      0
56      59.2885
57      91.3073
58      99.9418
59      99.8851
60      0
61      77.0964
62      0
63      0
64      75.1653
65      59.5383
66      56.921
67      0
68      0
69      0
70      99.0682
71      0
72      0
73      88.0956
74      0
75      0
76      99.0832
77      97.7701
78      99.3812
79      0
80      59.8719
81      99.9094
82      99.9572
83      0
84      0
85      98.7152
86      66.2519
87      0
88      67.0547
89      81.4432
90      69.0293
91      99.7196
92      86.3785
93      99.7488
94      49.8556
95      0
96      0
97      89.7874
98      0
99      76.0733
100      81.9415
101      81.7323
102      0
103      99.958
104      95.4241
105      99.7259
106      0
107      0
108      0
109      99.863
110      78.4392
111      94.1343
112      69.0767
113      98.9996
114      96.4123
115      0
116      99.5561
117      58.5023
118      99.6085
119      0
120      99.8748
121      82.1936
122      99.8379
123      0
124      76.6764
125      85.2021
126      51.6902
127      78.5244
128      65.9701
129      80.9533
130      99.7427
131      99.5094
132      99.2315
133      71.1584
134      79.2384
135      92.514
136      0
137      99.8185
138      99.4507
139      99.9945
140      0
141      64.7191
142      99.7636
143      77.0254
144      0
145      87.9646
146      95.9275
147      99.1703
148      0
149      99.6791
150      0
151      72.4887
152      0
153      98.0865
154      99.43
155      89.9998
156      59.6765
157      0
158      90.2287
159      98.5739
160      98.8853
161      0
162      0
163      99.6846
164      99.5783
165      53.9301
166      0
167      98.0355
168      81.3765
169      78.7741
170      60.8899
171      71.6371
172      99.8682
173      98.9411
174      80.0266
175      98.9696
176      88.9094
177      99.3652
178      50.9063
179      0
180      86.4599
181      0
182      81.2317
183      83.2043
184      77.7016
185      0
186      0
187      99.6935
188      98.7803
189      68.6315
190      84.3064
191      82.0705
192      62.1681
193      99.9029
194      73.0906
195      99.8219
196      96.1506
197      0.00580569
198      0
199      85.2417
       7362.6
