0      78.8527
1      76.2493
2      96.6154
3      95.1354
4      96.1064
5      84.255
6      0
7      0
8      87.7566
9      78.6358
10      97.4974
11      0
12      0
13      69.6072
14      97.912
15      47.4874
16      85.7953
17      0
18      0
19      0
20      87.1755
21      98.9198
22      0
23      0
24      0
25      63.576
26      77.2746
27      94.8596
28      0
29      84.6099
30      0
31      0
32      0
33      0
34      74.6621
35      92.3912
36      97.4693
37      47.3612
38      93.4637
39      0
40      69.1645
41      70.0002
42      89.367
43      92.7454
44      84.551
45      94.86
46      91.6031
47      96.892
48      90.5537
49      0
50      89.7042
51      92.0408
52      82.2134
53      0
54      93.1603
55      85.3879
56      94.2792
57      0
58      93.1083
59      86.9631
60      83.4186
61      95.6262
62      99.657
63      81.7423
64      96.248
65      0
66      90.2677
67      0
68      0
69      0
70      89.4184
71      53.7528
72      93.8642
73      77.021
74      0
75      0
76      90.4742
77      85.5561
78      91.0407
79      0
80      98.9299
81      38.3603
82      0
83      0
84      83.3504
85      93.8444
86      99.3898
87      0
88      98.7026
89      0
90      0
91      0
92      83.8466
93      55.4653
94      97.4012
95      78.2153
96      59.8457
97      0
98      95.3761
99      94.5406
100      77.3372
101      57.0916
102      71.4733
103      0
104      73.7014
105      98.9339
106      0
107      99.3435
108      77.2074
109      87.9498
110      99.8322
111      70.3195
112      96.0963
113      82.2816
114      0
115      0
116      75.7952
117      90.292
118      36.6648
119      80.6587
120      94.5824
121      0
122      99.0533
123      0
124      73.8785
125      75.2914
126      0
127      58.007
128      94.9741
129      0
130      75.8638
131      0
132      0
133      63.8098
134      96.0583
135      0
136      89.9595
137      0
138      0
139      0
140      99.8603
141      0
142      93.2917
143      0
144      0
145      0
146      0
147      66.0128
148      0
149      86.7781
150      99.9863
151      0
152      80.6681
153      84.2135
154      0
155      89.6542
156      73.0076
157      0
158      68.8796
159      95.4606
160      95.2324
161      98.1219
162      0
163      96.0382
164      99.9451
165      99.5126
166      0
167      65.0311
168      95.6859
169      83.0758
170      66.573
171      0
172      90.5353
173      73.6665
174      92.8962
175      0
176      0
177      0
178      0
179      91.7614
180      95.8178
181      96.7836
182      94.5892
183      0
184      60.0502
185      86.7814
186      98.6257
187      0
188      91.2292
189      99.3797
190      96.5787
191      79.4773
192      95.8959
193      0
194      0
195      88.234
196      94.2334
197      0
198      60.8499
199      0
200      97.7044
201      0
202      0
203      92.7849
204      96.0874
205      0
206      64.1087
207      99.9868
208      93.8122
209      90.1845
210      0
211      97.65
212      0
213      98.7022
214      0
215      87.06
216      95.2328
217      86.3176
218      0
219      0
220      99.4605
221      97.1477
222      93.3241
223      92.2888
224      98.8145
225      58.2087
226      97.2286
227      0
228      98.7422
229      93.4206
230      0
231      0
232      0
233      58.8329
234      64.7083
235      99.5626
236      76.8022
237      0
238      85.4888
239      0
240      0
241      96.9519
242      95.5716
243      99.5716
244      0
245      83.0219
246      72.508
247      96.7579
248      80.7007
249      98.1653
250      55.0171
251      0
252      0
253      70.0035
254      0
255      0
256      86.661
257      96.7298
258      98.3021
259      0
260      0
261      0
262      66.2288
263      0
264      47.8199
265      60.1706
266      0
267      0
268      95.4123
269      0
270      58.9169
271      0
272      56.7598
273      0
274      93.7338
275      0
276      0
277      95.3296
278      90.5303
279      0
280      0
281      0
282      78.4644
283      79.7215
284      94.9329
285      99.4489
286      0
287      0
288      0
289      99.4169
290      97.6132
291      90.7597
292      84.1901
293      0
294      0
295      83.1902
296      66.8832
297      80.456
298      98.3608
299      93.2238
300      0
301      96.2946
302      96.1974
303      93.9156
304      99.5962
305      69.3787
306      0
307      96.4439
308      0
309      0
310      89.9578
311      99.9923
312      0
313      0
314      75.2942
315      96.4431
316      80.6052
317      47.0338
318      79.858
319      95.9964
320      0
321      91.2842
322      0
323      61.5756
324      99.9303
325      92.6381
326      0
327      0
328      79.9674
329      90.3424
330      64.3218
331      75.9172
332      92.5422
333      63.1458
334      97.6913
335      93.5049
336      85.4527
337      88.5937
338      0
339      99.4489
340      0
341      96.3552
342      79.5086
343      90.687
344      67.1959
345      69.3259
346      85.1719
347      99.3592
348      0
349      0
350      0
351      59.1728
352      97.8206
353      96.1533
354      90.5603
355      92.4516
356      74.9075
357      88.464
358      66.2642
359      90.8208
360      97.1321
361      0
362      99.3955
363      96.0726
364      83.209
365      0
366      85.0048
367      0
368      0
369      0
370      67.9775
371      90.3159
372      69.7563
373      91.783
374      72.3937
375      62.4173
376      0
377      92.0626
378      92.4912
379      0
380      83.5459
381      0
382      0
383      0
384      69.5677
385      79.7024
386      0
387      65.3135
388      97.6219
389      0
390      95.0681
391      88.9758
392      0
393      0
394      0
395      54.8415
396      69.7323
397      77.4973
398      96.5177
399      96.2854
400      0
401      0
402      98.7332
403      0
404      0
405      60.6735
406      97.3053
407      0
408      71.5323
409      94.6908
410      0
411      84.8615
412      44.0673
413      0
414      92.365
415      99.5553
416      45.9316
417      93.8597
418      31.0904
419      87.5079
420      0
421      57.0786
422      0
423      69.7539
424      0
425      0
426      92.8337
427      99.0596
428      77.4143
429      94.621
430      92.9819
431      0
432      99.0411
433      66.3578
434      61.4446
435      88.3052
436      0
437      69.4203
438      0
439      93.6495
440      86.2186
441      90.7897
442      81.5487
443      99.4692
444      74.9862
445      0
446      0
447      98.4899
448      0
449      0
450      90.4754
451      0
452      0
453      81.3565
454      43.9203
455      85.9843
456      83.1572
457      97.9606
458      0
459      97.5118
460      0
461      85.5455
462      85.7836
463      0
464      86.3744
465      97.8722
466      77.9126
467      0
468      60.6624
469      97.1498
470      0
471      0
472      0
473      96.5633
474      94.5031
475      82.8964
476      98.4981
477      99.2363
478      0
479      92.1878
480      0
481      96.7979
482      0
483      0
484      99.4739
485      93.3945
486      99.0158
487      94.8367
488      95.7472
489      93.4846
490      0
491      94.352
492      99.4827
493      89.4939
494      0
495      86.6951
496      55.1137
497      86.6349
498      39.3386
499      0
500      0
501      0
502      0
503      0
504      89.4839
505      0
506      0
507      98.1356
508      0
509      95.5339
510      0
511      0
512      0
513      70.7549
514      98.554
515      0
516      60.8259
517      0
518      93.3322
519      92.7526
520      73.3005
521      95.3511
522      0
523      99.4077
524      0
525      0
526      56.5746
527      96.52
528      97.3858
529      88.1152
530      98.8105
531      96.6484
532      0
533      33.838
534      90.0447
535      97.7324
536      86.4159
537      0
538      0
539      81.0405
540      94.3304
541      92.134
542      87.9853
543      93.8306
544      94.846
545      0
546      58.7694
547      0
548      0
549      89.6569
550      91.4262
551      54.0864
552      0
553      0
554      67.2015
555      92.2391
556      0
557      0
558      92.6132
559      79.7838
560      97.4741
561      0
562      0
563      98.428
564      0
565      0
566      92.4126
567      97.116
568      97.5569
569      0
570      75.5243
571      95.8244
572      71.7747
573      89.5687
574      0
575      87.1662
576      0
577      88.6569
578      91.9668
579      94.2373
580      96.4297
581      85.3876
582      76.8304
583      76.32
584      96.7246
585      0
586      0
587      85.1268
588      96.8291
589      0
590      90.2599
591      88.5767
592      90.7986
593      0
594      73.9208
595      0
596      0
597      90.1139
598      0
599      98.0642
600      84.1929
601      88.2121
602      68.873
603      93.0293
604      0
605      97.3623
606      96.4527
607      77.1771
608      97.2526
609      0
610      0
611      71.818
612      0
613      86.3319
614      95.8982
615      82.3265
616      82.1883
617      78.8862
618      83.5865
619      88.0128
620      0
621      0
622      0
623      97.6838
624      64.1044
625      94.5698
626      77.4407
627      0
628      98.0701
629      74.7087
630      84.1786
631      78.3493
632      0
633      0
634      92.0935
635      62.9145
636      97.431
637      97.9405
638      93.1246
639      0
640      0
641      0
642      97.5728
643      0
644      0
645      0
646      99.9376
647      0
648      99.6101
649      97.6328
650      99.6632
651      0
652      95.6031
653      98.0324
654      78.9641
655      91.7354
656      91.4479
657      91.519
658      87.6188
659      0
660      0
661      0
662      0
663      0
664      98.1234
665      99.7087
666      95.0613
667      98.767
668      0
669      0
670      58.7057
671      98.0952
672      75.5986
673      80.0999
674      88.9322
675      0
676      0
677      85.1727
678      96.2022
679      71.1978
680      97.0729
681      49.5452
682      75.0203
683      0
684      0
685      99.7754
686      86.1688
687      0
688      89.001
689      94.6205
690      54.5239
691      0
692      99.3508
693      0
694      99.2723
695      71.1139
696      93.8234
697      78.6398
698      72.568
699      74.0739
700      90.9893
701      0
702      0
703      0
704      0
705      0
706      96.5051
707      0
708      97.7301
709      0
710      68.6442
711      42.7512
712      0
713      0
714      59.0244
715      0
716      0
717      66.6296
718      82.0952
719      0
720      0
721      0
722      66.9989
723      77.5076
724      97.7827
725      0
726      89.6314
727      78.8389
728      96.7936
729      95.4691
730      98.2565
731      91.9175
732      64.0179
733      99.1763
734      97.1883
735      96.7395
736      98.3325
737      97.9525
738      98.9681
739      94.848
740      98.2195
741      0
742      98.8232
743      0
744      77.1784
745      94.6903
746      0
747      90.7926
748      94.9393
749      42.7213
750      94.9563
751      80.2587
752      98.9343
753      69.9138
754      0
755      65.3073
756      99.1782
757      78.0817
758      0
759      87.5973
760      70.8026
761      97.8058
762      0
763      91.0518
764      0
765      85.3735
766      0
767      0
768      95.96
769      0
770      53.8768
771      89.8213
772      97.2764
773      93.8554
774      84.2851
775      83.9865
776      0
777      81.5235
778      99.83
779      0
780      97.0132
781      98.2769
782      0
783      98.5884
784      84.5966
785      60.4395
786      0
787      95.0624
788      0
789      0
790      97.7572
791      88.9291
792      0
793      0
794      0
795      0
796      74.3093
797      0
798      97.9504
799      42.0989
800      98.2479
801      51.3971
802      95.5206
803      83.5555
804      85.8624
805      80.7635
806      58.2873
807      0
808      87.0662
809      74.5192
810      96.1964
811      0
812      0
813      64.3699
814      86.7078
815      93.0911
816      93.3087
817      85.7642
818      0
819      83.4445
820      0
821      0
822      98.1646
823      82.6782
824      75.9259
825      90.8229
826      46.0444
827      98.634
828      73.2507
829      0
830      91.4266
831      0
832      0
833      0
834      98.9856
835      0
836      74.2483
837      92.9193
838      0
839      89.2764
840      96.8647
841      97.8768
842      0
843      98.0472
844      95.9249
845      0
846      69.818
847      62.8986
848      0
849      97.6592
850      0
851      93.3885
852      0
853      83.1251
854      0
855      96.9274
856      0
857      94.0159
858      0
859      94.0425
860      97.3362
861      0
862      0
863      0
864      0
865      0
866      88.5802
867      0
868      0
869      0
870      91.9421
871      0
872      91.8497
873      87.4853
874      71.0953
875      0
876      25.2413
877      0
878      0
879      98.3692
880      0
881      93.6669
882      0
883      94.5117
884      0
885      66.9719
886      96.0434
887      0
888      0
889      72.4201
890      51.0592
891      86.2483
892      0
893      94.8803
894      77.0102
895      0
896      97.1128
897      96.8022
898      77.1087
899      98.1639
900      98.2449
901      0
902      95.5001
903      83.1906
904      88.4225
905      85.5842
906      91.9641
907      69.1247
908      0
909      70.8493
910      0
911      97.6313
912      92.9156
913      0
914      99.622
915      0
916      94.2882
917      67.5813
918      97.8526
919      0
920      97.879
921      50.3967
922      0
923      90.8159
924      99.4395
925      0
926      94.172
927      82.6273
928      0
929      86.7926
930      87.821
931      88.8385
932      0
933      0
934      0
935      84.5276
936      90.5121
937      98.0966
938      83.726
939      0
940      0
941      0
942      97.042
943      84.2384
944      0
945      0
946      98.7906
947      74.6229
948      0
949      0
950      90.8479
951      76.5884
952      52.0758
953      0
954      85.565
955      95.9915
956      89.8979
957      84.3205
958      0
959      50.2386
960      0
961      74.3959
962      75.9515
963      88.0767
964      0
965      0
966      78.21
967      0
968      79.8977
969      87.2379
970      0
971      90.9024
972      93.964
973      84.0098
974      0
975      84.4425
976      93.4302
977      96.1861
978      0
979      0
980      84.6507
981      62.3353
982      75.4376
983      98.4099
984      91.5187
985      0
986      76.6021
987      0
988      59.8737
989      95.87
990      0
991      53.4244
992      90.9615
993      0
994      77.5563
995      78.6835
996      89.9801
997      0
998      97.5777
999      94.2765
1000      87.92
1001      83.7352
1002      68.4297
1003      97.2191
1004      0
1005      91.6447
1006      63.5419
1007      0
1008      70.3194
1009      97.4125
1010      65.0608
1011      90.472
1012      88.9235
1013      98.5066
1014      0
1015      87.3045
1016      72.9778
1017      94.1361
1018      0
1019      0
1020      0
1021      95.0039
1022      88.9608
1023      0
1024      71.6901
1025      56.4749
1026      93.0563
1027      91.5722
1028      0
1029      0
1030      0
1031      96.6689
1032      59.3511
1033      50.7085
1034      96.4425
1035      83.3458
1036      92.0701
1037      96.069
1038      0
1039      0
1040      0
1041      0
1042      0
1043      91.8506
1044      72.7746
1045      97.8913
1046      75.6072
1047      0
1048      0
1049      99.0373
1050      62.2883
1051      67.5441
1052      0
1053      0
1054      0
1055      0
1056      0
1057      0
1058      97.6372
1059      0
1060      98.5288
1061      97.6059
1062      93.3354
1063      93.1503
1064      0
1065      81.6951
1066      83.861
1067      88.5708
1068      99.2734
1069      98.8783
1070      86.8958
1071      0
1072      93.9434
1073      0
1074      0
1075      99.2522
1076      0
1077      69.3979
1078      93.4256
1079      0
1080      0
1081      70.8081
1082      92.2533
1083      0
1084      99.844
1085      0
1086      64.57
1087      81.2555
1088      0
1089      0
1090      0
1091      90.3534
1092      94.9294
1093      95.6261
1094      90.5112
1095      99.416
1096      98.9164
1097      96.6395
1098      79.6334
1099      90.9745
1100      0
1101      0
1102      61.5937
1103      95.1404
1104      0
1105      0
1106      0
1107      98.5069
1108      0
1109      0
1110      99.364
1111      0
1112      92.7646
1113      81.6172
1114      96.447
1115      0
1116      85.6402
1117      0
1118      89.826
1119      85.8862
1120      0
1121      98.4362
1122      0
1123      71.2515
1124      0
1125      86.3942
1126      98.2311
1127      86.0577
1128      92.9607
1129      75.5278
1130      94.4347
1131      90.484
1132      96.0897
1133      53.487
1134      97.6366
1135      0
1136      96.0525
1137      88.7518
1138      0
1139      0
1140      0
1141      87.0279
1142      61.4777
1143      97.6414
1144      61.33
1145      87.7723
1146      0
1147      0
1148      0
1149      94.8868
1150      27.1075
1151      33.8678
1152      56.0262
1153      0
1154      0
1155      0
1156      0
1157      99.5965
1158      93.322
1159      80.1291
1160      0
1161      95.8808
1162      0
1163      73.496
1164      97.9519
1165      0
1166      0
1167      0
1168      0
1169      0
1170      88.2278
1171      99.2471
1172      0
1173      88.0331
1174      73.9067
1175      0
1176      68.2536
1177      0
1178      96.3656
1179      0
1180      97.2562
1181      0
1182      98.1018
1183      87.8849
1184      63.263
1185      0
1186      0
1187      0
1188      0
1189      88.6326
1190      98.4395
1191      0
1192      90.5488
1193      99.7694
1194      80.9837
1195      77.7212
1196      47.2641
1197      77.2022
1198      0
1199      88.3651
1200      97.6278
1201      86.1865
1202      0
1203      72.7191
1204      0
1205      0
1206      88.1882
1207      96.9163
1208      78.3855
1209      97.538
1210      79.2663
1211      0
1212      0
1213      0
1214      92.3409
1215      0
1216      92.162
1217      0
1218      0
1219      0
1220      40.993
1221      97.3519
1222      97.9809
1223      80.428
1224      99.0719
1225      96.164
1226      86.3882
1227      0
1228      66.978
1229      85.5308
1230      86.5107
1231      99.457
1232      84.7321
1233      0
1234      68.8177
1235      0
1236      0
1237      0
1238      0
1239      0
1240      72.1821
1241      86.884
1242      87.4745
1243      81.1323
1244      84.475
1245      0
1246      86.59
1247      71.3171
1248      73.0667
1249      89.2484
1250      94.9017
1251      52.4751
1252      72.8395
1253      94.217
1254      93.8509
1255      99.9968
1256      94.1553
1257      0
1258      35.9296
1259      92.2825
1260      98.2193
1261      96.0434
1262      0
1263      0
1264      0
1265      0
1266      85.8495
1267      96.7365
1268      96.8639
1269      75.5679
1270      75.1808
1271      0
1272      62.138
1273      0
1274      99.0379
1275      71.9719
1276      89.0036
1277      99.9391
1278      97.7539
1279      0
1280      0
1281      91.2655
1282      98.2241
1283      94.0857
1284      95.5399
1285      92.5921
1286      0
1287      66.5026
1288      0
1289      86.058
1290      93.4369
1291      0
1292      94.7918
1293      0
1294      0
1295      0
1296      95.7119
1297      83.0671
1298      83.6616
1299      86.6181
1300      0
1301      99.7618
1302      94.9881
1303      47.4868
1304      79.0977
1305      97.0978
1306      0
1307      0
1308      96.6603
1309      89.2347
1310      96.9599
1311      69.2531
1312      0
1313      0
1314      96.5061
1315      96.88
1316      96.5906
1317      0
1318      84.8274
1319      66.9219
1320      0
1321      0
1322      89.6407
1323      0
1324      99.7177
1325      78.4666
1326      89.241
1327      85.5371
1328      96.9417
1329      0
1330      0
1331      98.3002
1332      93.8354
1333      99.106
1334      97.8732
1335      83.6036
1336      0
1337      86.2767
1338      0
1339      0
1340      90.9275
1341      95.1914
1342      95.0543
1343      98.7199
1344      0
1345      0
1346      56.2585
1347      0
1348      0
1349      96.4729
1350      99.2556
1351      0
1352      0
1353      60.3832
1354      91.652
1355      99.0311
1356      84.6113
1357      0
1358      92.5772
1359      43.1738
1360      64.6087
1361      58.616
1362      87.76
1363      0
1364      94.181
1365      95.0005
1366      88.9533
1367      78.9282
1368      88.6921
1369      99.1426
1370      92.8415
1371      79.9508
1372      87.4469
1373      93.2812
1374      0
1375      0
1376      0
1377      98.7834
1378      0
1379      76.4722
1380      99.2064
1381      98.9595
1382      95.1996
1383      84.5674
1384      98.9624
1385      98.8106
1386      63.8471
1387      0
1388      61.8868
1389      92.8359
1390      95.0267
1391      66.7427
1392      72.4961
1393      62.532
1394      0
1395      85.6215
1396      91.5438
1397      88.1088
1398      89.8158
1399      98.1424
1400      93.6839
1401      0
1402      0
1403      68.3339
1404      86.521
1405      0
1406      0
1407      89.2468
1408      94.619
1409      0
1410      0
1411      0
1412      88.9069
1413      79.546
1414      72.8555
1415      68.2871
1416      94.1593
1417      53.0184
1418      96.332
1419      0
1420      95.2299
1421      96.5695
1422      0
1423      0
1424      85.5884
1425      0
1426      0
1427      0
1428      41.5158
1429      0
1430      59.642
1431      0
1432      0
1433      86.4979
1434      73.758
1435      93.4724
1436      0
1437      0
1438      56.4658
1439      98.3322
1440      0
1441      93.5789
1442      0
1443      0
1444      0
1445      92.6541
1446      98.1873
1447      0
1448      92.2842
1449      80.9097
1450      90.8361
1451      90.189
1452      95.4423
1453      0
1454      98.2294
1455      77.4932
1456      85.178
1457      90.3296
1458      98.7992
1459      96.9445
1460      0
1461      0
1462      0
1463      0
1464      0
1465      0
1466      91.9243
1467      0
1468      0
1469      0
1470      92.5378
1471      92.5926
1472      94.4712
1473      78.534
1474      0
1475      74.513
1476      0
1477      96.5579
1478      94.2479
1479      70.5908
1480      0
1481      69.2688
1482      0
1483      0
1484      98.3439
1485      58.4891
1486      56.8969
1487      99.2788
1488      96.7264
1489      83.0758
1490      73.7772
1491      89.9693
1492      93.2084
1493      0
1494      0
1495      0
1496      0
1497      83.1023
1498      76.8664
1499      0
1500      0
1501      93.3643
1502      88.8381
1503      95.042
1504      98.388
1505      70.9967
1506      98.3079
1507      89.2037
1508      94.9755
1509      0
1510      79.1839
1511      0
1512      0
1513      81.3021
1514      85.9801
1515      71.4733
1516      0
1517      92.2238
1518      0
1519      78.6742
1520      97.8337
1521      62.5601
1522      0
1523      0
1524      0
1525      0
1526      75.0756
1527      0
1528      0
1529      0
1530      82.2196
1531      90.3456
1532      0
1533      89.0602
1534      74.661
1535      85.6797
1536      95.026
1537      65.0871
1538      59.8428
1539      77.0764
1540      39.8856
1541      71.932
1542      99.1265
1543      89.5485
1544      89.1651
1545      56.9145
1546      0
1547      81.9033
1548      81.2961
1549      0
1550      0
1551      72.2951
1552      96.494
1553      0
1554      44.2907
1555      80.9444
1556      62.0192
1557      77.0802
1558      95.6064
1559      86.7338
1560      96.0562
1561      0
1562      0
1563      0
1564      95.4808
1565      93.5803
1566      99.3459
1567      97.9781
1568      0
1569      0
1570      93.9859
1571      0
1572      0
1573      85.1673
1574      94.4573
1575      0
1576      83.7842
1577      59.6657
1578      0
1579      0
1580      0
1581      95.2248
1582      87.554
1583      97.241
1584      98.4922
1585      82.38
1586      76.8742
1587      0
1588      98.8555
1589      98.2308
1590      92.8356
1591      0
1592      0
1593      46.2721
1594      85.6061
1595      86.156
1596      0
1597      0
1598      41.6558
1599      38.0109
1600      56.7728
1601      0
1602      88.9613
1603      72.2549
1604      98.1113
1605      99.3582
1606      90.0817
1607      0
1608      92.8803
1609      97.7318
1610      0
1611      0
1612      96.9105
1613      98.5141
1614      97.5587
1615      99.1822
1616      95.8852
1617      0
1618      91.3799
1619      92.0129
1620      89.2809
1621      96.5709
1622      96.5485
1623      0
1624      86.1769
1625      97.0992
1626      0
1627      0
1628      77.8374
1629      61.4505
1630      73.0617
1631      0
1632      0
1633      77.337
1634      81.3245
1635      69.092
1636      62.9965
1637      0
1638      62.9435
1639      0
1640      50.0944
1641      80.7098
1642      67.1666
1643      0
1644      0
1645      99.8629
1646      0
1647      0
1648      87.0652
1649      92.4155
1650      84.3323
1651      99.6939
1652      0
1653      0
1654      0
1655      0
1656      98.4339
1657      72.2865
1658      97.0528
1659      50.2937
1660      70.0991
1661      90.2965
1662      87.4376
1663      55.7416
1664      94.4266
1665      85.7853
1666      0
1667      92.031
1668      0
1669      93.5894
1670      0
1671      73.6331
1672      0
1673      71.1635
1674      0
1675      82.2644
1676      74.4508
1677      0
1678      0
1679      99.5293
1680      83.4278
1681      0
1682      94.2953
1683      93.5312
1684      96.6117
1685      94.4501
1686      81.4586
1687      85.6394
1688      0
1689      70.2021
1690      97.4314
1691      0
1692      0
1693      0
1694      49.5037
1695      0
1696      70.1258
1697      0
1698      0
1699      89.9376
1700      0
1701      0
1702      85.8503
1703      99.0463
1704      98.6779
1705      0
1706      93.9799
1707      0
1708      99.5604
1709      50.7942
1710      0
1711      45.5457
1712      53.0626
1713      89.8136
1714      0
1715      88.4203
1716      0
1717      97.5653
1718      88.6948
1719      97.6672
1720      98.838
1721      97.2615
1722      0
1723      0
1724      98.3746
1725      0
1726      88.0632
1727      0
1728      75.8314
1729      87.1665
1730      0
1731      94.975
1732      80.6277
1733      96.2388
1734      99.6124
1735      99.9298
1736      0
1737      95.5299
1738      98.8538
1739      0
1740      87.0251
1741      0
1742      86.9899
1743      0
1744      80.3148
1745      99.5083
1746      62.0038
1747      98.6416
1748      70.1099
1749      95.6283
1750      0
1751      95.0629
1752      0
1753      0
1754      96.6903
1755      0
1756      98.1505
1757      0
1758      86.334
1759      77.7413
1760      98.1481
1761      88.7886
1762      98.201
1763      69.0438
1764      0
1765      94.3217
1766      97.3946
1767      0
1768      98.5511
1769      75.77
1770      98.6602
1771      95.4969
1772      0
1773      98.0239
1774      98.9142
1775      65.2993
1776      85.3995
1777      96.6601
1778      0
1779      77.3154
1780      0
1781      0
1782      88.9256
1783      97.8659
1784      32.8134
1785      0
1786      60.3381
1787      50.5343
1788      84.1333
1789      85.6952
1790      0
1791      97.0702
1792      0
1793      46.696
1794      99.7113
1795      97.4744
1796      89.9123
1797      0
1798      0
1799      95.7484
1800      72.8019
1801      0
1802      49.1813
1803      95.5277
1804      90.1693
1805      80.6144
1806      55.2488
1807      98.5048
1808      97.4687
1809      62.3975
1810      94.546
1811      0
1812      94.2823
1813      0
1814      98.9848
1815      0
1816      40.5699
1817      0
1818      0
1819      0
1820      76.497
1821      98.9051
1822      67.1748
1823      96.8278
1824      98.5024
1825      0
1826      97.3831
1827      54.8284
1828      54.8036
1829      90.286
1830      0
1831      98.4935
1832      0
1833      83.1324
1834      0
1835      0
1836      99.8055
1837      0
1838      76.2116
1839      52.6815
1840      84.9577
1841      0
1842      39.5243
1843      99.5569
1844      0
1845      93.1847
1846      88.3994
1847      0
1848      53.2062
1849      0
1850      0
1851      98.267
1852      96.9666
1853      94.1935
1854      74.1778
1855      62.3219
1856      0
1857      58.2667
1858      99.9197
1859      60.4798
1860      57.8528
1861      97.9603
1862      89.2803
1863      0
1864      97.1268
1865      78.1518
1866      85.9439
1867      72.0185
1868      40.4915
1869      94.7153
1870      0
1871      0
1872      0
1873      69.7554
1874      0
1875      95.7803
1876      96.2842
1877      0
1878      84.5115
1879      91.9605
1880      0
1881      41.7066
1882      96.0964
1883      0
1884      89.5519
1885      81.724
1886      66.4224
1887      0
1888      81.9594
1889      97.9108
1890      92.7731
1891      58.9026
1892      96.8354
1893      0
1894      95.853
1895      93.1442
1896      95.4346
1897      93.3708
1898      50.0509
1899      0
1900      98.5719
1901      89.8959
1902      95.4368
1903      0
1904      0
1905      0
1906      82.5722
1907      0
1908      0
1909      95.0436
1910      57.288
1911      74.3884
1912      95.0022
1913      97.1962
1914      98.3948
1915      41.0873
1916      70.572
1917      0
1918      0
1919      60.1274
1920      95.4075
1921      99.8325
1922      87.8836
1923      89.559
1924      0
1925      91.7841
1926      65.656
1927      86.2172
1928      0
1929      64.2422
1930      93.1814
1931      99.706
1932      95.7869
1933      0
1934      99.5914
1935      73.8114
1936      88.8807
1937      94.4848
1938      66.0393
1939      95.3091
1940      90.9071
1941      0
1942      88.6874
1943      99.3706
1944      99.9148
1945      54.2872
1946      76.2593
1947      0
1948      0
1949      97.8959
1950      92.13
1951      0
1952      0
1953      0
1954      0
1955      81.4167
1956      65.6974
1957      86.0961
1958      96.9749
1959      96.6808
1960      96.3099
1961      80.4403
1962      97.4573
1963      99.5427
1964      76.2123
1965      63.8879
1966      43.1881
1967      98.9317
1968      79.3971
1969      70.8854
1970      0
1971      63.5879
1972      98.3258
1973      90.1505
1974      92.5699
1975      90.3627
1976      88.8252
1977      0
1978      0
1979      0
1980      0
1981      66.5659
1982      68.5724
1983      83.1135
1984      0
1985      88.8638
1986      85.728
1987      98.2725
1988      96.4265
1989      0
1990      89.924
1991      40.1235
1992      0
1993      96.4299
1994      94.6961
1995      62.7777
1996      46.634
1997      97.1549
1998      99.728
1999      95.5909
2000      92.2928
2001      93.4315
2002      0
2003      96.3201
2004      89.8041
2005      91.0942
2006      95.3548
2007      77.2644
2008      0
2009      90.6343
2010      0
2011      0
2012      88.613
2013      0
2014      0
2015      0
2016      0
2017      0
2018      93.7461
2019      0
2020      0
2021      97.0908
2022      0
2023      0
2024      0
2025      0
2026      96.197
2027      0
2028      98.6181
2029      0
2030      75.9578
2031      95.7335
2032      93.0927
2033      91.8149
2034      0
2035      90.6934
2036      84.3603
2037      98.6208
2038      64.0297
2039      0
2040      0
2041      85.1211
2042      95.7293
2043      98.4942
2044      94.6026
2045      86.317
2046      68.6729
2047      73.1739
2048      99.2584
2049      46.9024
2050      54.6103
2051      0
2052      0
2053      0
2054      0
2055      72.3836
2056      96.6274
2057      68.4797
2058      93.3071
2059      0
2060      98.752
2061      59.878
2062      93.1743
2063      70.7412
2064      77.3284
2065      83.5206
2066      60.4949
2067      0
2068      0
2069      92.788
2070      0
2071      90.434
2072      0
2073      0
2074      95.801
2075      0
2076      99.0488
2077      88.4698
2078      89.5383
2079      0
2080      63.5978
2081      97.8899
2082      71.0408
2083      62.1064
2084      97.5003
2085      91.8319
2086      75.8964
2087      97.5355
2088      0
2089      0
2090      73.2262
2091      0
2092      0
2093      0
2094      99.2267
2095      53.6349
2096      0
2097      92.9457
2098      0
2099      95.8144
2100      92.9621
2101      91.5362
2102      0
2103      0
2104      93.4333
2105      0
2106      0
2107      99.5462
2108      0
2109      96.3908
2110      75.8707
2111      88.1365
2112      80.388
2113      57.5602
2114      59.4647
2115      0
2116      98.4931
2117      99.0017
2118      0
2119      0
2120      99.7265
2121      91.611
2122      91.6033
2123      70.5565
2124      0
2125      92.2425
2126      99.7113
2127      83.7738
2128      0
2129      90.2783
2130      96.1949
2131      98.9457
2132      0
2133      46.4403
2134      81.1465
2135      97.829
2136      86.239
2137      73.7242
2138      0
2139      0
2140      0
2141      0
2142      0
2143      0
2144      0
2145      0
2146      62.1567
2147      0
2148      89.7708
2149      81.2647
2150      85.8836
2151      80.1097
2152      0
2153      91.1003
2154      0
2155      95.7116
2156      0
2157      0
2158      62.4474
2159      0
2160      78.7746
2161      0
2162      0
2163      68.7704
2164      0
2165      0
2166      84.0771
2167      94.2745
2168      0
2169      50.243
2170      0
2171      95.5225
2172      90.1385
2173      75.4738
2174      85.233
2175      83.6076
2176      0
2177      0
2178      94.1934
2179      92.7636
2180      0
2181      89.1878
2182      0
2183      0
2184      79.7289
2185      0
2186      0
2187      91.9017
2188      90.3801
2189      86.5655
2190      97.8798
2191      92.0727
2192      0
2193      96.9833
2194      0
2195      0
2196      64.0726
2197      0
2198      99.039
2199      77.7244
2200      97.0637
2201      94.9803
2202      0
2203      0
2204      0
2205      90.419
2206      80.2944
2207      81.8678
2208      94.1428
2209      59.1214
2210      0
2211      73.5133
2212      0
2213      79.6084
2214      0
2215      90.1857
2216      0
2217      96.4831
2218      0
2219      89.1708
2220      80.1825
2221      88.893
2222      0
2223      0
2224      97.1827
2225      76.4569
2226      0
2227      74.2901
2228      0
2229      96.6436
2230      96.9583
2231      94.2686
2232      86.3549
2233      0
2234      94.503
2235      0
2236      85.9729
2237      69.5818
2238      91.9519
2239      98.7989
2240      0
2241      0
2242      0
2243      84.3796
2244      97.1041
2245      71.3659
2246      90.4763
2247      0
2248      0
2249      34.0277
2250      97.0987
2251      79.8899
2252      90.6256
2253      0
2254      0
2255      0
2256      98.8039
2257      0
2258      0
2259      0
2260      0
2261      73.816
2262      84.7857
2263      0
2264      0
2265      97.6795
2266      0
2267      84.8987
2268      99.682
2269      0
2270      99.4633
2271      0
2272      89.3777
2273      0
2274      0
2275      97.959
2276      88.3919
2277      87.1574
2278      97.3129
2279      95.0344
2280      84.0396
2281      0
2282      92.3062
2283      99.0512
2284      93.0344
2285      83.5302
2286      67.8087
2287      82.5266
2288      64.356
2289      0
2290      47.3871
2291      0
2292      39.9841
2293      61.616
2294      97.0102
2295      74.8984
2296      92.3377
2297      95.0902
2298      76.7501
2299      64.2305
2300      93.9417
2301      94.5782
2302      91.3423
2303      94.2959
2304      61.0143
2305      0
2306      75.9661
2307      0
2308      86.2926
2309      61.8488
2310      98.1861
2311      95.5633
2312      0
2313      0
2314      0
2315      61.2902
2316      95.4364
2317      0
2318      0
2319      75.7319
2320      39.1362
2321      59.1976
2322      96.2186
2323      0
2324      82.0407
2325      90.0704
2326      0
2327      0
2328      0
2329      0
2330      85.6957
2331      85.4938
2332      98.5764
2333      75.1878
2334      96.6552
2335      97.8697
2336      86.1613
2337      90.1302
2338      80.8574
2339      99.7117
2340      0
2341      0
2342      91.3493
2343      95.5819
2344      97.6085
2345      97.554
2346      83.555
2347      0
2348      90.7515
2349      0
2350      0
2351      94.3821
2352      78.8148
2353      86.1582
2354      84.2381
2355      0
2356      0
2357      84.3364
2358      0
2359      95.6577
2360      97.0888
2361      46.9306
2362      0
2363      95.0317
2364      98.6984
2365      0
2366      82.6513
2367      0
2368      94.8113
2369      0
2370      91.1224
2371      70.7304
2372      0
2373      78.198
2374      0
2375      83.0895
2376      90.1219
2377      0
2378      99.8088
2379      0
2380      97.8578
2381      0
2382      95.6361
2383      90.7704
2384      72.6015
2385      0
2386      99.0418
2387      43.1829
2388      54.8992
2389      90.1117
2390      0
2391      0.635067
2392      0
2393      82.2809
2394      81.7392
2395      0
2396      0
2397      92.6177
2398      89.3774
2399      65.0651
2400      84.3703
2401      95.3374
2402      0
2403      88.4217
2404      53.0442
2405      95.011
2406      93.1398
2407      94.2814
2408      98.7439
2409      93.6422
2410      0
2411      75.4705
2412      0
2413      87.3401
2414      91.3056
2415      98.2196
2416      0
2417      98.8876
2418      88.8947
2419      86.0583
2420      74.3049
2421      38.6962
2422      77.2219
2423      0
2424      99.5247
2425      91.4648
2426      89.2212
2427      0
2428      70.4525
2429      86.3109
2430      89.2103
2431      64.2267
2432      0
2433      0
2434      65.973
2435      0
2436      91.9241
2437      0
2438      0
2439      73.9588
2440      0
2441      78.8183
2442      74.3562
2443      96.7425
2444      50.3172
2445      0
2446      92.809
2447      92.9817
2448      91.1677
2449      0
2450      41.8205
2451      0
2452      90.837
2453      0
2454      0
2455      0
2456      96.8892
2457      88.0932
2458      96.9072
2459      95.8557
2460      95.8708
2461      67.3272
2462      90.6098
2463      95.5102
2464      96.7967
2465      0
2466      97.9724
2467      0
2468      97.7888
2469      95.3401
2470      28.4752
2471      0
2472      85.3507
2473      0
2474      77.4456
2475      0
2476      0
2477      68.2244
2478      98.9819
2479      75.601
2480      59.3511
2481      0
2482      86.322
2483      0
2484      0
2485      77.986
2486      0
2487      0
2488      0
2489      84.8946
2490      0
2491      0
2492      82.0153
2493      0
2494      91.3613
2495      0
2496      0
2497      88.6947
2498      80.3874
2499      0
       81876.1
