0      0
1      98.5659
2      56.9199
3      0
4      99.9348
5      76.0228
6      97.9258
7      97.3552
8      97.3544
9      0
10      80.9505
11      66.237
12      73.7216
13      91.4655
14      82.1082
15      42.614
16      99.0695
17      0
18      97.9757
19      0
20      54.7476
21      98.5871
22      61.9998
23      80.6437
24      85.0383
25      0
26      94.8624
27      0
28      0
29      0
30      0
31      71.6826
32      0
33      99.8223
34      0
35      0
36      74.7281
37      64.2253
38      73.4046
39      0
40      0
41      0
42      97.8878
43      98.1283
44      37.5176
45      98.3285
46      0
47      97.6272
48      57.3265
49      0
50      79.1645
51      0
52      98.0866
53      0
54      0
55      0
56      0
57      0
58      0
59      79.6913
60      99.94
61      99.1704
62      0
63      95.6981
64      62.7848
65      93.1687
66      91.637
67      98.678
68      76.8265
69      89.1329
70      62.8236
71      0
72      0
73      79.6022
74      97.5369
75      92.7431
76      0
77      92.3478
78      0
79      67.5299
80      96.8754
81      0
82      0
83      97.2313
84      58.1587
85      64.2686
86      89.7532
87      99.7974
88      86.5866
89      57.7034
90      50.1368
91      0
92      91.6904
93      0
94      0
95      70.8297
96      0
97      96.6884
98      95.6066
99      80.4229
100      67.9565
101      0
102      93.8708
103      73.0944
104      70.3076
105      38.4328
106      99.8728
107      78.6478
108      89.473
109      94.3664
110      0
111      98.5885
112      0
113      99.4956
114      0
115      87.5453
116      73.4101
117      0
118      0
119      96.6252
120      95.8344
121      96.713
122      0
123      0
124      0
125      97.4173
126      90.6626
127      80.2086
128      99.0338
129      95.6182
130      74.8083
131      99.1143
132      0
133      70.2735
134      98.2983
135      0
136      92.4617
137      99.6482
138      87.8635
139      95.7643
140      93.9976
141      71.8018
142      99.2898
143      94.7405
144      0
145      0
146      96.4137
147      91.778
148      81.9011
149      91.3442
150      79.0451
151      0
152      62.17
153      66.4429
154      73.1926
155      81.0762
156      97.0479
157      0
158      50.7097
159      94.8261
160      97.7214
161      98.4092
162      0
163      98.8436
164      84.1348
165      0
166      65.7651
167      99.0228
168      75.1725
169      49.7899
170      99.3841
171      98.9833
172      80.2078
173      73.7022
174      0
175      49.4364
176      0
177      0
178      98.4625
179      0
180      98.4666
181      44.9555
182      0
183      0
184      41.4073
185      90.7164
186      43.5738
187      79.5127
188      99.7786
189      0
190      97.3048
191      93.2019
192      67.7579
193      99.5318
194      91.7454
195      98.6419
196      82.3253
197      88.6799
198      0
199      97.9076
200      95.7046
201      0
202      98.7592
203      97.7679
204      98.1832
205      59.9738
206      0
207      0
208      94.4885
209      77.5429
210      95.2714
211      98.9385
212      0
213      0
214      64.4251
215      89.3788
216      0
217      97.3675
218      95.3458
219      0
220      86.8664
221      91.6772
222      97.1506
223      98.2646
224      76.4647
225      88.2484
226      85.2663
227      99.4155
228      98.0836
229      0
230      0
231      75.3099
232      98.7104
233      91.5464
234      97.8967
235      88.9168
236      62.9311
237      96.8407
238      0
239      88.4856
240      96.1532
241      75.0566
242      81.1874
243      99.2169
244      93.5507
245      50.8317
246      63.1621
247      99.0697
248      0
249      98.9918
250      99.1048
251      88.804
252      97.9601
253      0
254      0
255      98.4064
256      97.6073
257      98.6255
258      86.2537
259      99.6282
260      0
261      0
262      80.7473
263      0
264      90.3765
265      86.9222
266      88.1058
267      61.6015
268      87.9088
269      99.0398
270      97.9345
271      0
272      98.9628
273      99.6219
274      51.8203
275      94.5125
276      99.8499
277      0
278      0
279      90.674
280      97.8274
281      0
282      91.0025
283      0
284      99.1081
285      79.8071
286      88.6492
287      95.7322
288      94.1951
289      0
290      74.5975
291      65.1976
292      58.0687
293      0
294      0
295      0
296      41.8339
297      97.3291
298      96.4492
299      99.5331
300      42.5449
301      0
302      0
303      99.5851
304      96.2677
305      0
306      71.781
307      0
308      96.0623
309      47.9107
310      40.8987
311      0
312      56.631
313      63.659
314      0
315      0
316      0
317      0
318      0
319      92.5154
320      99.961
321      81.2834
322      98.1713
323      0
324      0
325      0
326      0
327      89.0868
328      87.9941
329      0
330      98.2501
331      72.9627
332      93.0319
333      99.5818
334      66.5665
335      97.4592
336      82.822
337      98.7902
338      0
339      64.0114
340      99.9307
341      94.7852
342      0
343      91.781
344      52.1771
345      74.9803
346      36.6878
347      70.4784
348      97.9569
349      92.1365
350      0
351      94.2261
352      99.1247
353      0
354      0
355      98.7078
356      96.5591
357      0
358      99.0863
359      96.8574
360      0
361      98.9331
362      83.5098
363      0
364      57.2598
365      58.0088
366      0
367      0
368      0
369      98.5611
370      68.8393
371      73.5708
372      0
373      0
374      98.8774
375      0
376      98.7078
377      0
378      75.3678
379      0
380      95.9056
381      75.5139
382      0
383      0
384      0
385      0
386      97.9488
387      84.6841
388      36.9513
389      0
390      96.519
391      81.5968
392      55.6411
393      49.6247
394      0
395      78.2822
396      0
397      97.7182
398      99.226
399      0
400      88.4686
401      91.1565
402      95.1691
403      64.2476
404      0
405      97.1664
406      0
407      0
408      97.4495
409      74.2754
410      99.9293
411      56.6258
412      75.8627
413      48.5216
414      99.8294
415      0
416      95.4883
417      0
418      8.45981
419      0
420      99.4238
421      88.4523
422      89.6321
423      0
424      91.2092
425      0
426      99.0091
427      91.961
428      0
429      82.4715
430      99.3266
431      96.7973
432      46.5449
433      0
434      89.5441
435      98.8407
436      97.8554
437      0
438      50.018
439      96.2054
440      0
441      0
442      0
443      0
444      99.4171
445      0
446      69.0718
447      0
448      94.0125
449      0
450      99.543
451      74.2292
452      67.7444
453      70.1582
454      42.9348
455      0
456      99.2996
457      98.4904
458      92.3667
459      99.1623
460      89.4431
461      0
462      0
463      0
464      76.0008
465      95.744
466      96.2387
467      0
468      99.1595
469      0
470      0
471      0
472      71.5818
473      96.4534
474      84.1883
475      0
476      0
477      98.8788
478      95.9223
479      0
480      69.0875
481      0
482      0
483      93.4067
484      97.9594
485      0
486      0
487      99.6948
488      73.5679
489      98.7748
490      66.1856
491      97.5843
492      0
493      0
494      0
495      64.2627
496      99.12
497      99.5788
498      0
499      0
500      97.6415
501      93.2925
502      90.3675
503      56.2378
504      92.3843
505      0
506      86.5189
507      63.3453
508      0
509      93.1237
510      94.4162
511      46.9867
512      97.6899
513      51.7589
514      97.7144
515      96.7628
516      0
517      93.5545
518      98.3111
519      98.7698
520      86.1085
521      0
522      98.2173
523      97.5706
524      99.0596
525      99.4438
526      0
527      98.6388
528      64.8197
529      0
530      89.1648
531      94.714
532      96.4156
533      92.058
534      96.4624
535      96.5524
536      0
537      78.2842
538      0
539      0
540      87.861
541      98.1945
542      80.9047
543      0
544      0
545      99.7735
546      0
547      98.7263
548      0
549      0
550      46.4113
551      99.7168
552      98.534
553      0
554      69.7721
555      99.658
556      99.2936
557      0
558      92.2085
559      0
560      0
561      0
562      90.7904
563      76.0511
564      94.353
565      0
566      0
567      96.9739
568      0
569      73.3038
570      91.5281
571      98.0546
572      0
573      85.8523
574      87.0494
575      96.5774
576      98.5344
577      92.6163
578      83.3907
579      92.0725
580      0
581      0
582      80.0464
583      99.1865
584      0
585      88.7319
586      0
587      99.1683
588      97.4009
589      73.2454
590      58.1256
591      98.0976
592      89.0978
593      0
594      98.3778
595      91.1241
596      96.8935
597      0
598      0
599      0
600      96.1109
601      68.6758
602      80.5838
603      0
604      94.9438
605      92.1032
606      0
607      98.3066
608      92.7969
609      98.9831
610      93.5562
611      95.5612
612      59.4138
613      0
614      94.7599
615      89.3582
616      77.7255
617      96.984
618      72.8651
619      0
620      0
621      0
622      58.6926
623      0
624      66.6999
625      91.9638
626      44.0662
627      79.8814
628      90.0804
629      0
630      58.9791
631      93.0591
632      93.8986
633      0
634      84.902
635      99.6816
636      0
637      74.8048
638      0
639      81.4188
640      98.9699
641      0
642      64.6224
643      0
644      0
645      0
646      97.8012
647      91.9887
648      69.771
649      0
650      96.8588
651      0
652      0
653      0
654      0
655      53.1156
656      0
657      99.3861
658      0
659      92.3612
660      99.6425
661      0
662      0
663      0
664      68.2584
665      66.7772
666      55.436
667      64.3508
668      0
669      0
670      96.8963
671      96.8702
672      91.684
673      98.5147
674      0
675      94.5355
676      0
677      96.8421
678      0
679      97.3361
680      85.8208
681      93.0679
682      90.9138
683      0
684      92.514
685      96.9852
686      98.8033
687      98.0699
688      0
689      80.5295
690      0
691      97.9467
692      0
693      0
694      0
695      87.0023
696      0
697      0
698      88.3869
699      0
700      0
701      79.2368
702      84.9128
703      82.746
704      0
705      0
706      98.5597
707      0
708      0
709      75.9821
710      57.1447
711      0
712      97.2779
713      91.3889
714      0
715      96.5825
716      0
717      98.2718
718      0
719      0
720      99.7134
721      95.8071
722      93.4492
723      82.3479
724      95.7798
725      81.7358
726      0
727      0
728      97.6231
729      90.2403
730      99.8858
731      95.7009
732      0
733      0
734      0
735      98.5795
736      93.6427
737      88.5203
738      0
739      89.7584
740      68.5148
741      75.1815
742      99.1274
743      72.8894
744      95.5891
745      92.1386
746      83.3881
747      99.5701
748      99.5691
749      79.0416
750      95.9607
751      0
752      94.6871
753      94.2305
754      0
755      0
756      79.1346
757      82.9403
758      98.7867
759      96.4533
760      0
761      85.0741
762      0
763      0
764      99.7459
765      94.6706
766      0
767      88.7466
768      99.3165
769      0
770      85.5942
771      59.9808
772      96.8073
773      59.3732
774      0
775      93.3913
776      98.6543
777      95.7561
778      86.1574
779      0
780      61.9202
781      0.118943
782      0
783      98.8827
784      51.021
785      40.571
786      0
787      0
788      0
789      99.207
790      0
791      0
792      0
793      0
794      57.465
795      99.0845
796      0
797      0
798      97.8482
799      98.5445
800      0
801      97.6559
802      66.5111
803      93.5779
804      97.1213
805      96.1746
806      0
807      72.1543
808      96.0634
809      98.0392
810      86.0374
811      80.1857
812      58.5183
813      93.9366
814      0
815      0
816      75.6293
817      83.4698
818      65.5357
819      94.9306
820      0
821      71.1295
822      98.1502
823      84.1881
824      95.9555
825      0
826      0
827      0
828      96.4005
829      94.287
830      95.3141
831      56.1969
832      93.7325
833      0
834      46.9484
835      0
836      93.0861
837      88.7815
838      75.1591
839      0
840      0
841      98.2361
842      0
843      96.7831
844      0
845      99.4664
846      99.5782
847      99.1275
848      0
849      99.2511
850      81.3463
851      70.0633
852      62.9638
853      77.6845
854      0
855      98.7241
856      99.3345
857      86.6742
858      0
859      69.1636
860      97.0869
861      94.9258
862      80.2662
863      68.6046
864      99.8822
865      0
866      0
867      99.9966
868      96.3156
869      0
870      0
871      95.1237
872      98.5611
873      0
874      0
875      96.7776
876      0
877      83.3057
878      75.6952
879      87.4509
880      0
881      0
882      43.9827
883      97.9932
884      99.9896
885      48.0289
886      0
887      0
888      75.1005
889      0
890      0
891      54.9731
892      97.6816
893      95.1568
894      99.1507
895      0
896      98.921
897      0
898      0
899      0
900      99.8756
901      0
902      89.4412
903      98.6731
904      99.76
905      77.2504
906      87.2513
907      0
908      0
909      66.7113
910      81.6574
911      97.3626
912      52.043
913      0
914      0
915      96.7619
916      61.2119
917      94.4834
918      0
919      0
920      99.6318
921      91.6603
922      67.2811
923      95.2191
924      43.0375
925      99.3815
926      98.4498
927      66.7578
928      99.4911
929      99.5739
930      91.6818
931      99.6919
932      0
933      74.3397
934      0
935      78.2434
936      98.936
937      0
938      0
939      64.8624
940      92.3761
941      86.5754
942      98.7308
943      96.0083
944      0
945      81.2498
946      0
947      99.4975
948      81.6075
949      0
950      0
951      84.5532
952      45.5399
953      0
954      65.8053
955      92.7689
956      0
957      81.5098
958      0
959      0
960      0
961      0
962      0
963      97.8682
964      0
965      0
966      55.8928
967      0
968      90.9249
969      0
970      0
971      44.6846
972      96.4096
973      87.4364
974      61.5372
975      0
976      93.4176
977      0
978      98.0987
979      97.0217
980      0
981      99.2884
982      0
983      96.0905
984      0
985      0
986      98.2872
987      71.4661
988      81.0318
989      0
990      0
991      99.7047
992      98.707
993      0
994      90.466
995      99.3228
996      0
997      85.527
998      0
999      0
       32659
