0      0
1      71.7427
2      78.2352
3      0
4      0
5      99.9087
6      62.0205
7      99.892
8      0
9      0
10      67.8368
11      99.9945
12      82.0718
13      0
14      99.8025
15      99.9777
16      98.3362
17      64.657
18      99.9958
19      99.8239
20      56.3583
21      54.0401
22      0.00203061
23      0
24      65.864
25      99.8065
26      87.8161
27      0
28      67.1688
29      0
30      99.8825
31      67.9412
32      41.5676
33      91.2568
34      70.103
35      99.8426
36      99.9854
37      0
38      99.9042
39      0
40      57.878
41      70.535
42      99.9971
43      0
44      99.894
45      0
46      0
47      99.5647
48      0
49      99.9286
       1875.01
