0      67.2049
1      0
2      98.4208
3      98.7642
4      99.876
5      0
6      53.5295
7      0
8      0
9      99.8457
10      0
11      98.3586
12      99.9275
13      99.8161
14      0
15      93.4972
16      88.2191
17      83.6289
18      89.0785
19      98.0336
20      99.7734
21      99.7463
22      42.091
23      99.9778
24      62.0174
25      64.5545
26      0
27      99.696
28      99.9315
29      94.5913
30      0
31      0
32      0
33      0
34      94.9671
35      61.4027
36      46.8254
37      99.8718
38      99.9911
39      90.9837
40      42.9448
41      0
42      75.5507
43      73.1428
44      99.8353
45      0
46      98.0558
47      75.4242
48      99.8854
49      0
50      55.2196
51      0
52      99.6655
53      99.8965
54      97.4725
55      99.7397
56      17.5954
57      82.034
58      98.0895
59      99.8931
60      0
61      88.9494
62      93.8964
63      99.8273
64      99.3369
65      78.8006
66      80.5757
67      99.7608
68      0
69      0
70      79.824
71      96.9287
72      98.8855
73      0
74      40.9419
75      34.6752
76      0
77      73.2265
78      99.9484
79      79.6613
80      0
81      59.7841
82      0
83      82.8867
84      0
85      0
86      54.6214
87      0
88      88.3651
89      81.2001
90      0
91      0.00323334
92      90.0479
93      99.1949
94      94.9954
95      99.6279
96      65.7394
97      0
98      0
99      0
100      87.0756
101      0
102      68.9125
103      0
104      99.1041
105      99.389
106      95.9539
107      89.2689
108      0
109      99.9157
110      99.5868
111      91.3934
112      0
113      95.9196
114      79.5189
115      0
116      99.6132
117      99.5694
118      0
119      0
120      99.9466
121      0
122      0
123      0
124      97.4683
125      97.5779
126      99.3965
127      0
128      99.0175
129      89.8798
130      98.8597
131      0
132      98.2885
133      0
134      82.124
135      55.9111
136      0
137      99.5921
138      0
139      99.9576
140      99.7646
141      99.425
142      99.2927
143      0
144      53.0528
145      0
146      0
147      68.1034
148      0
149      69.492
150      0
151      98.5752
152      81.1058
153      0
154      0
155      99.6656
156      99.4368
157      76.4982
158      0
159      99.9642
160      76.2782
161      0
162      99.8085
163      0
164      95.3886
165      0
166      0
167      0
168      0
169      99.6924
170      0
171      78.4097
172      0
173      0
174      67.8857
175      95.6217
176      0
177      0
178      69.8255
179      99.8811
180      99.5718
181      68.4658
182      49.347
183      0
184      0
185      59.501
186      63.075
187      0
188      99.9474
189      73.1647
190      0
191      99.9651
192      47.7691
193      88.7077
194      99.9808
195      61.1403
196      69.1345
197      0
198      75.5084
199      0
       7015.89
