0      0
1      89.033
2      96.0359
3      0
4      0
5      92.0175
6      0
7      0
8      99.504
9      0
10      0
11      67.1045
12      0
13      0
14      0
15      0
16      52.9627
17      0
18      53.8916
19      99.9576
20      82.0861
21      42.1962
22      0
23      59.3925
24      99.8497
25      98.4914
26      0
27      99.9429
28      84.157
29      89.1158
30      99.5328
31      0
32      99.6467
33      69.2683
34      98.7921
35      78.2294
36      67.9734
37      99.9831
38      98.8538
39      0
40      0
41      88.6785
42      44.0821
43      0
44      99.5383
45      64.7314
46      99.433
47      99.3342
48      99.8021
49      0
50      50.5774
51      99.089
52      99.8045
53      88.6506
54      97.9594
55      99.9691
56      82.1471
57      99.0886
58      97.9694
59      72.3286
60      62.556
61      99.8784
62      99.3618
63      73.6264
64      90.2419
65      0
66      99.9585
67      99.5971
68      0
69      99.19
70      60.8267
71      99.9625
72      97.6917
73      0
74      0
75      99.3902
76      0
77      86.2188
78      99.8107
79      0
80      46.3337
81      0
82      99.6907
83      69.2743
84      61.5797
85      58.9743
86      0
87      0
88      0
89      91.6661
90      99.7798
91      99.1362
92      0
93      0
94      63.919
95      0
96      99.6686
97      99.547
98      99.0327
99      99.867
100      53.2441
101      75.5761
102      67.5542
103      69.6031
104      0
105      0
106      0
107      0
108      93.0197
109      0
110      87.9705
111      99.8428
112      81.188
113      32.035
114      99.724
115      0
116      0
117      70.7182
118      99.725
119      0
120      99.3886
121      99.4204
122      99.7226
123      98.7317
124      99.8647
125      0
126      94.3151
127      0
128      60.6153
129      78.7981
130      68.4897
131      0
132      98.2508
133      68.7981
134      99.8402
135      0
136      68.8872
137      97.9259
138      76.2762
139      72.2214
140      0
141      0
142      98.6868
143      0
144      0
145      78.8264
146      0
147      96.791
148      72.7936
149      99.9975
150      99.7996
151      0
152      98.9708
153      59.7305
154      99.0772
155      98.9322
156      0
157      0
158      97.6697
159      0
160      99.093
161      73.0239
162      0
163      99.5945
164      88.6456
165      84.8827
166      0
167      59.3817
168      81.4831
169      67.6111
170      96.8885
171      81.7927
172      0
173      98.7173
174      76.1443
175      99.8284
176      99.7033
177      53.3512
178      0
179      81.0441
180      0
181      97.2033
182      0
183      73.53
184      0
185      0
186      98.6643
187      75.1513
188      0
189      50.6405
190      99.9548
191      95.3602
192      0
193      99.454
194      99.9195
195      99.4109
196      0
197      97.599
198      99.5187
199      96.135
       6724.95
