0      52.0284
1      91.3123
2      0
3      99.7
4      98.0733
5      0
6      67.6859
7      0
8      0
9      0
10      92.9712
11      0
12      86.2243
13      75.5191
14      89.9887
15      0
16      95.3704
17      98.7904
18      98.2346
19      95.1603
20      67.4204
21      0
22      89.5651
23      94.4836
24      53.7263
25      57.7681
26      99.2857
27      97.6854
28      99.9511
29      0
30      82.2446
31      73.1687
32      60.8223
33      0
34      90.585
35      97.782
36      74.5674
37      74.785
38      0
39      0
40      0
41      75.6283
42      98.0942
43      62.7159
44      0
45      0
46      69.6979
47      89.0881
48      86.3554
49      35.5499
50      86.6866
51      99.4992
52      67.2129
53      97.0233
54      70.1851
55      49.0927
56      0
57      99.1694
58      98.8168
59      98.2287
60      0
61      0
62      93.3096
63      0
64      97.9361
65      97.9347
66      0
67      58.0732
68      81.905
69      0
70      99.099
71      89.4105
72      0
73      0
74      0
75      93.134
76      98.6636
77      0
78      75.4275
79      0
80      0
81      65.9149
82      0
83      76.199
84      0
85      58.4167
86      96.9818
87      91.4783
88      0
89      96.3003
90      0
91      85.8634
92      0
93      93.3982
94      98.4845
95      99.2465
96      99.5952
97      0
98      99.8939
99      83.5418
100      66.4791
101      0
102      88.6369
103      81.8251
104      91.8019
105      99.7144
106      0
107      0
108      0
109      0
110      55.9905
111      0
112      98.702
113      96.7569
114      0
115      98.36
116      0
117      94.248
118      0
119      92.4398
120      90.805
121      63.694
122      0
123      0
124      0
125      64.5403
126      76.941
127      90.0362
128      99.9425
129      74.3913
130      96.2261
131      0
132      80.7757
133      0
134      63.9548
135      0
136      55.9224
137      95.8083
138      93.8987
139      66.3784
140      0
141      63.6636
142      0
143      0
144      64.7515
145      94.9625
146      76.8996
147      0
148      81.0552
149      96.6897
150      74.8963
151      0
152      78.2015
153      63.7682
154      0
155      0
156      84.3597
157      98.3844
158      0
159      0
160      99.0317
161      67.8819
162      79.6544
163      85.1794
164      53.708
165      99.149
166      91.7293
167      95.7319
168      97.6484
169      97.8996
170      0
171      0
172      98.2738
173      0
174      72.0688
175      70.3309
176      97.9015
177      99.3658
178      99.9144
179      99.5832
180      96.8068
181      0
182      97.6554
183      94.9775
184      99.669
185      60.0927
186      98.1429
187      99.6449
188      0
189      0
190      83.3158
191      98.1896
192      0
193      72.5204
194      91.0501
195      91.0126
196      0
197      0
198      54.9942
199      93.8236
200      83.2061
201      98.7339
202      0
203      99.074
204      99.9753
205      74.4986
206      0
207      99.469
208      97.1603
209      86.66
210      99.5531
211      0
212      97.4058
213      76.1471
214      0
215      96.1311
216      90.8499
217      97.1874
218      0
219      34.3651
220      92.6299
221      96.9051
222      0
223      0
224      64.27
225      99.2848
226      0
227      98.2555
228      99.8546
229      99.7071
230      99.6795
231      0
232      53.6769
233      0
234      99.086
235      0
236      0
237      97.5417
238      0
239      98.9464
240      0
241      0
242      0
243      0
244      99.6558
245      0
246      90.612
247      42.7542
248      95.9825
249      72.2629
250      0
251      99.528
252      73.7822
253      81.1604
254      99.5714
255      99.1469
256      90.3607
257      0
258      97.4573
259      0
260      99.9545
261      61.866
262      96.3585
263      96.7667
264      98.4417
265      94.6685
266      97.7012
267      93.6617
268      99.615
269      97.8326
270      81.4685
271      89.1543
272      99.1955
273      71.6488
274      0
275      98.553
276      92.8874
277      72.7899
278      0
279      0
280      0
281      87.0277
282      0
283      97.9426
284      88.9749
285      66.3332
286      0
287      0
288      0
289      84.057
290      0
291      0
292      0
293      0
294      74.4327
295      47.8141
296      45.369
297      34.4744
298      87.1173
299      99.0375
300      0
301      97.1691
302      0
303      84.0006
304      95.7866
305      99.1981
306      59.1626
307      97.3056
308      0
309      97.9932
310      0
311      0
312      99.5465
313      99.0221
314      43.2719
315      0
316      54.0166
317      0
318      98.9382
319      58.4794
320      92.215
321      84.6373
322      99.595
323      58.6262
324      84.8439
325      95.2952
326      99.5729
327      0
328      0
329      95.6013
330      95.0131
331      99.493
332      0
333      93.4943
334      97.9591
335      85.7537
336      94.5426
337      0
338      79.0922
339      0
340      99.1757
341      39.9717
342      74.0945
343      0
344      0
345      48.988
346      47.6679
347      0
348      0
349      0
350      99.5961
351      82.8346
352      99.481
353      93.0147
354      99.1145
355      91.8836
356      98.76
357      99.603
358      98.5272
359      99.7431
360      87.4505
361      94.0006
362      98.8175
363      99.8811
364      0
365      0
366      0
367      0
368      90.831
369      67.6937
370      58.6588
371      53.1342
372      80.1432
373      96.1285
374      96.767
375      99.2792
376      58.4898
377      90.6475
378      92.9929
379      0
380      97.3833
381      95.9329
382      0
383      63.8217
384      0
385      0
386      0
387      86.9597
388      73.9486
389      98.3126
390      0
391      62.8874
392      94.2227
393      69.9357
394      99.7629
395      0
396      0
397      97.0035
398      81.9227
399      0
400      0
401      67.0316
402      77.3058
403      0
404      0
405      34.6535
406      98.8397
407      0
408      0
409      99.1903
410      93.1631
411      96.4199
412      98.5577
413      54.1264
414      98.7468
415      76.1229
416      99.5011
417      98.7453
418      74.6619
419      95.878
420      99.3737
421      76.5046
422      98.5188
423      47.4378
424      99.1778
425      0
426      64.0377
427      74.4441
428      86.2393
429      97.711
430      80.6265
431      0
432      0
433      73.2677
434      0
435      0
436      83.6583
437      98.8043
438      0
439      97.4976
440      0
441      99.3318
442      90.3669
443      0
444      0
445      99.5044
446      77.172
447      97.1874
448      76.2164
449      85.9908
450      82.3736
451      0
452      82.5451
453      63.4385
454      97.2912
455      57.876
456      78.0129
457      0
458      0
459      0
460      0
461      93.4857
462      99.8302
463      95.2566
464      94.27
465      0
466      81.255
467      93.6824
468      58.3285
469      92.6449
470      0
471      83.1584
472      95.3882
473      0
474      0
475      99.9842
476      99.6867
477      95.4962
478      97.3196
479      95.1941
480      0
481      73.7823
482      0
483      98.0013
484      0
485      79.8082
486      96.4765
487      63.2775
488      76.85
489      96.6314
490      0
491      96.4516
492      56.3535
493      97.4981
494      74.4296
495      0
496      0
497      97.5158
498      0
499      0
500      69.8843
501      97.0495
502      95.5912
503      67.3097
504      0
505      98.6569
506      0
507      97.5303
508      79.5883
509      0
510      42.9988
511      0
512      72.4536
513      0
514      0
515      0
516      0
517      0
518      0
519      93.6362
520      66.4436
521      77.1512
522      0
523      0
524      97.9619
525      0
526      54.4352
527      45.5263
528      0
529      94.0309
530      94.4411
531      0
532      0
533      0
534      98.914
535      0
536      70.1382
537      0
538      43.5319
539      72.4035
540      0
541      96.793
542      86.6662
543      96.6496
544      96.6332
545      98.7436
546      97.6641
547      0
548      81.4886
549      39.2511
550      65.8551
551      96.3741
552      98.098
553      75.6619
554      92.109
555      96.7198
556      85.2528
557      95.6152
558      97.2443
559      0
560      44.564
561      99.8882
562      96.9879
563      79.8497
564      0
565      99.9643
566      99.088
567      37.9143
568      95.3496
569      98.8824
570      98.7574
571      0
572      99.7323
573      0
574      91.6863
575      61.4671
576      0
577      95.6462
578      90.4323
579      48.2667
580      94.0159
581      0
582      0
583      0
584      98.9643
585      77.9372
586      99.6963
587      98.7312
588      99.992
589      93.5993
590      0
591      89.6806
592      0
593      87.9656
594      0
595      0
596      98.1945
597      78.1513
598      98.8455
599      0
600      45.3317
601      0
602      79.8661
603      92.6756
604      79.3173
605      66.0378
606      79.9358
607      0
608      0
609      99.3451
610      68.0844
611      0
612      0
613      87.7224
614      63.864
615      0
616      0
617      93.677
618      97.8236
619      95.5978
620      83.9935
621      0
622      88.6974
623      47.5728
624      99.8829
625      0
626      71.3197
627      48.1948
628      57.1454
629      98.7489
630      0
631      96.0291
632      96.0261
633      57.1711
634      98.1839
635      88.8054
636      0
637      0
638      75.1743
639      0
640      97.2664
641      74.5187
642      0
643      95.6147
644      97.8049
645      95.2848
646      0
647      69.2469
648      93.2549
649      0
650      59.6775
651      0
652      99.4685
653      99.6451
654      0
655      99.3069
656      0
657      98.0908
658      93.4918
659      81.9483
660      98.1402
661      98.6222
662      80.0198
663      0
664      61.9713
665      97.7616
666      80.0492
667      0
668      0
669      96.7666
670      0
671      0
672      0
673      97.7296
674      0
675      23.7603
676      0
677      89.2189
678      83.449
679      0
680      0
681      84.9768
682      0
683      91.6145
684      48.6706
685      99.961
686      95.3907
687      0
688      80.3313
689      99.8943
690      0
691      0
692      96.1675
693      0
694      0
695      93.1301
696      0
697      54.6811
698      0
699      91.2609
700      98.8202
701      63.6915
702      67.7577
703      0
704      83.8397
705      0
706      0
707      0
708      0
709      82.4975
710      99.749
711      97.6139
712      0
713      84.1788
714      0
715      90.1667
716      99.8999
717      0
718      0
719      99.4744
720      0
721      99.6121
722      0
723      97.0469
724      99.5678
725      96.5519
726      0
727      0
728      99.4419
729      0
730      73.9448
731      95.3822
732      61.4165
733      0
734      0
735      0
736      60.1037
737      0
738      98.6302
739      74.6891
740      98.3466
741      0
742      96.1218
743      96.2794
744      92.0691
745      95.6941
746      80.512
747      44.8755
748      0
749      92.0018
750      89.6144
751      98.1811
752      99.8881
753      98.8459
754      42.3354
755      49.8743
756      97.9561
757      70.8045
758      61.4103
759      0
760      55.8343
761      96.2623
762      0
763      96.7482
764      0
765      99.9477
766      96.7062
767      0
768      73.2727
769      0
770      48.4579
771      98.282
772      81.3395
773      0
774      0
775      98.2615
776      99.1222
777      99.5697
778      99.7928
779      0
780      0
781      92.3719
782      79.9349
783      88.4387
784      79.4402
785      0
786      0
787      94.1444
788      77.2234
789      0
790      54.7412
791      0
792      96.9396
793      95.8021
794      94.2812
795      54.846
796      74.4495
797      92.9987
798      0
799      98.0644
800      88.5705
801      0
802      98.8043
803      99.4602
804      53.1102
805      0
806      97.8317
807      0
808      98.502
809      96.1916
810      72.5294
811      0
812      0
813      97.5473
814      83.6911
815      90.1114
816      91.3382
817      89.0006
818      0
819      58.2165
820      72.8451
821      96.8103
822      98.073
823      0
824      0
825      0
826      0
827      0
828      0
829      0
830      0
831      63.0368
832      0
833      86.6294
834      96.4118
835      98.3554
836      99.3258
837      0
838      59.3529
839      97.6881
840      0
841      91.2731
842      97.4307
843      0
844      96.3355
845      0
846      99.6233
847      0
848      87.2209
849      0
850      90.1093
851      97.3421
852      0
853      89.0961
854      0
855      0
856      97.6346
857      66.2777
858      34.1965
859      97.9859
860      0
861      90.363
862      0
863      69.0792
864      0
865      0
866      96.4116
867      99.196
868      36.9127
869      89.3611
870      0
871      86.0567
872      65.3392
873      94.179
874      97.868
875      63.8042
876      0
877      65.5722
878      99.004
879      66.7514
880      87.0959
881      0
882      56.0588
883      97.8437
884      86.3738
885      99.1188
886      91.3268
887      97.7182
888      0
889      0
890      0
891      98.4245
892      0
893      90.4429
894      0
895      78.6346
896      99.6189
897      0
898      0
899      93.6776
900      62.3341
901      80.7524
902      58.0121
903      99.5808
904      98.6513
905      97.1042
906      0
907      96.5546
908      0
909      64.9329
910      99.6563
911      98.6182
912      64.7519
913      86.2848
914      74.5658
915      0
916      74.4223
917      96.4017
918      98.7296
919      60.9019
920      95.0189
921      0
922      0
923      0
924      0
925      0
926      92.1421
927      73.2118
928      0
929      75.9605
930      66.453
931      89.2831
932      98.3908
933      0
934      0
935      0
936      93.8116
937      0
938      0
939      0
940      0
941      0
942      58.3469
943      95.1422
944      86.916
945      49.6506
946      88.3495
947      0
948      99.1531
949      97.4865
950      98.0532
951      90.2863
952      0
953      92.194
954      0
955      92.004
956      0
957      0
958      99.6459
959      70.285
960      90.4582
961      0
962      0
963      0
964      97.536
965      93.0319
966      97.9403
967      54.3036
968      98.7235
969      0
970      68.5948
971      98.3852
972      99.8075
973      0
974      92.4989
975      99.8732
976      94.5148
977      98.7082
978      94.3549
979      95.2961
980      98.4652
981      0
982      76.73
983      0
984      0
985      49.7612
986      71.6496
987      82.5629
988      89.1523
989      85.7175
990      97.3873
991      0
992      92.6989
993      99.3671
994      87.0278
995      95.2462
996      93.4547
997      98.7761
998      0
999      79.6073
       34010
