0      73.9038
1      95.1543
2      99.9177
3      99.9325
4      85.2554
5      0
6      77.9745
7      0
8      71.7987
9      97.5901
10      97.9233
11      99.4639
12      0
13      0
14      0
15      98.3656
16      0
17      68.4302
18      54.6623
19      52.1025
20      0
21      0
22      99.354
23      0
24      76.6775
25      99.3613
26      0
27      51.8281
28      65.088
29      67.3092
30      0
31      0
32      55.9463
33      84.3631
34      96.681
35      0
36      67.7889
37      0
38      0
39      84.8532
40      0
41      0
42      47.4035
43      99.6705
44      0
45      83.8733
46      0
47      99.8524
48      0
49      99.1112
50      0
51      93.9558
52      64.7957
53      0
54      0
55      0
56      99.7874
57      0
58      0
59      87.7034
60      83.5355
61      0
62      67.7689
63      68.5067
64      98.9418
65      56.2904
66      55.1166
67      0
68      98.8854
69      0
70      89.3481
71      99.9582
72      0
73      58.5096
74      0
75      0
76      0
77      84.0156
78      61.3106
79      96.5624
80      71.8928
81      0
82      0
83      0
84      99.3793
85      0
86      88.8766
87      78.1041
88      0
89      53.1946
90      0
91      76.7711
92      0
93      0
94      0
95      0
96      0
97      0
98      0
99      68.0091
100      70.8251
101      83.2287
102      99.4598
103      0
104      55.5212
105      99.1083
106      95.7105
107      0
108      0
109      73.752
110      94.7159
111      82.2419
112      0
113      99.764
114      94.0079
115      98.7529
116      80.6203
117      85.6614
118      0
119      0
120      0
121      0
122      0
123      79.9171
124      0
125      0
126      99.4408
127      0
128      91.5179
129      99.2498
130      82.1885
131      0
132      67.0769
133      0
134      0
135      97.0658
136      54.8342
137      0
138      99.2182
139      98.4096
140      88.7926
141      95.1617
142      93.915
143      99.8284
144      69.9313
145      60.8195
146      0
147      99.9655
148      98.9355
149      0
150      91.6066
151      99.4905
152      99.4055
153      96.2934
154      0
155      61.1075
156      98.5283
157      99.4304
158      91.0164
159      0
160      97.8669
161      56.5374
162      99.784
163      64.5479
164      70.6199
165      99.5864
166      79.861
167      0
168      99.2643
169      98.8311
170      99.3933
171      99.5396
172      0
173      99.8075
174      0
175      0
176      97.4311
177      0
178      0
179      0
180      98.5561
181      0
182      75.6045
183      52.6342
184      99.9756
185      0
186      0
187      0
188      77.8643
189      96.5493
190      99.7905
191      97.1097
192      98.6286
193      88.0439
194      99.107
195      70.7729
196      0
197      82.9931
198      0
199      93.1139
200      58.4775
201      0
202      0
203      54.3498
204      96.3892
205      0
206      0
207      99.6284
208      38.0587
209      59.475
210      96.4261
211      93.387
212      0
213      0
214      0
215      0
216      0
217      0
218      99.5281
219      97.9204
220      98.5703
221      68.1604
222      99.3749
223      88.3643
224      97.8074
225      92.7239
226      99.6355
227      0
228      0
229      84.4616
230      50.2963
231      0
232      99.6544
233      99.1417
234      84.228
235      99.6238
236      69.1417
237      87.4412
238      0
239      99.2511
240      0
241      0
242      95.7397
243      85.5578
244      98.5225
245      97.886
246      92.785
247      88.3815
248      99.6937
249      99.9155
250      87.6236
251      71.0351
252      51.3114
253      97.7644
254      0
255      0
256      71.7196
257      0
258      50.959
259      0
260      98.1376
261      99.8589
262      98.0036
263      0
264      97.6951
265      47.4735
266      77.9
267      0
268      0
269      91.4031
270      80.8948
271      91.7739
272      99.5221
273      99.4233
274      99.5963
275      0
276      96.3324
277      97.1108
278      0
279      93.6856
280      98.1976
281      0
282      78.0465
283      98.8156
284      71.7219
285      0
286      49.7832
287      65.0411
288      71.5132
289      99.2372
290      89.6574
291      93.2381
292      89.4101
293      76.4783
294      96.7396
295      99.1065
296      85.0035
297      96.0711
298      0
299      68.6335
300      92.3889
301      61.6032
302      99.8752
303      99.0969
304      0
305      69.2964
306      0
307      99.6663
308      0
309      96.5264
310      0
311      0
312      55.5179
313      99.8892
314      98.2974
315      72.0757
316      0
317      0
318      70.6539
319      0
320      74.563
321      97.2405
322      99.9375
323      96.2124
324      97.5918
325      0
326      85.1715
327      70.1672
328      95.0591
329      98.907
330      97.8954
331      98.836
332      0
333      0
334      96.636
335      99.038
336      0
337      52.1784
338      27.3999
339      90.1152
340      96.6107
341      59.4737
342      86.9409
343      99.3704
344      63.5635
345      99.9276
346      88.6977
347      0
348      0
349      0
350      0
351      45.0263
352      0
353      99.8466
354      59.4604
355      96.9326
356      67.1885
357      0
358      94.0168
359      0
360      99.8632
361      76.0798
362      99.2913
363      86.824
364      99.9979
365      0
366      0
367      71.2405
368      70.4391
369      99.0131
370      91.6185
371      99.8395
372      0
373      99.6928
374      0
375      99.9787
376      0
377      0
378      99.9222
379      97.5265
380      99.8461
381      99.6471
382      60.3341
383      77.3655
384      64.458
385      0
386      0
387      96.4032
388      99.8179
389      0
390      0
391      98.7629
392      99.4059
393      92.253
394      99.0911
395      99.8233
396      97.2989
397      99.0706
398      99.2369
399      30.7914
400      96.8847
401      99.7971
402      88.0646
403      0
404      82.9157
405      0
406      72.0968
407      0
408      64.5188
409      96.9584
410      99.1824
411      88.3285
412      0
413      99.6716
414      76.4556
415      89.8518
416      63.2931
417      99.6219
418      43.7818
419      99.883
420      0
421      0
422      22.5724
423      80.9814
424      0
425      94.7446
426      89.2259
427      87.04
428      0
429      66.005
430      0
431      89.0043
432      60.9702
433      77.942
434      99.2725
435      0
436      54.7358
437      78.1472
438      0
439      94.86
440      0
441      0
442      96.9591
443      0
444      0
445      99.3177
446      0
447      0
448      93.2308
449      77.5907
450      0
451      96.9101
452      69.9979
453      96.3626
454      99.0531
455      81.1878
456      0
457      99.9231
458      99.2932
459      85.8209
460      99.0317
461      0
462      0
463      94.7689
464      97.1943
465      99.4073
466      51.2526
467      0
468      0
469      97.5414
470      0
471      0
472      0
473      84.6961
474      83.6354
475      95.0488
476      0
477      0
478      93.1759
479      0
480      95.1502
481      0
482      0
483      87.3342
484      96.4854
485      0
486      91.2122
487      73.1428
488      77.7732
489      81.2619
490      83.7475
491      50.0774
492      99.8515
493      0
494      0
495      43.8366
496      99.3726
497      0
498      0
499      0
       16912
