0      0
1      99.9318
2      0
3      0
4      84.9657
5      0
6      0
7      99.654
8      99.8169
9      99.9531
10      0
11      77.6499
12      0
13      99.5891
14      0
15      0
16      98.4964
17      49.5795
18      99.9308
19      99.9605
20      81.9408
21      68.5533
22      0
23      0
24      99.9599
25      99.9544
26      0
27      76.9044
28      67.8471
29      93.5579
30      0
31      91.5151
32      52.7503
33      0
34      99.8042
35      98.8697
36      99.8798
37      99.9529
38      99.9728
39      87.3866
40      76.4167
41      0
42      73.6537
43      99.854
44      0
45      99.7632
46      87.1792
47      99.9872
48      99.9564
49      76.1761
       1641.65
