0      75.6407
1      97.0403
2      98.8922
3      74.107
4      75.0069
5      86.0966
6      94.6843
7      99.3199
8      77.6405
9      0
10      96.9162
11      0
12      82.4051
13      82.4339
14      76.0948
15      84.4891
16      97.4694
17      0
18      0
19      0
20      0
21      45.6383
22      73.5319
23      94.5225
24      95.624
25      0
26      42.4346
27      96.1186
28      0
29      56.4764
30      64.9672
31      59.555
32      99.4315
33      89.3231
34      71.371
35      94.9408
36      0
37      93.7779
38      98.4008
39      98.5276
40      56.0496
41      94.1208
42      99.3649
43      95.883
44      0
45      76.2065
46      0
47      0
48      77.5166
49      62.2588
50      40.5998
51      95.3733
52      98.1296
53      95.6418
54      0
55      84.6191
56      84.4844
57      99.8451
58      53.7591
59      0
60      0
61      98.89
62      99.7924
63      0
64      0
65      99.0017
66      0
67      83.9441
68      0
69      98.0519
70      94.9624
71      81.6454
72      97.1588
73      99.0758
74      55.4133
75      99.43
76      99.223
77      81.4086
78      0
79      81.5677
80      0
81      75.0566
82      0
83      87.8619
84      99.5848
85      0
86      0
87      93.8737
88      87.0835
89      87.0515
90      0
91      98.448
92      75.1667
93      0
94      98.99
95      73.3271
96      34.0527
97      99.2221
98      0
99      77.5997
100      97.8945
101      0
102      99.8914
103      0
104      0
105      76.1315
106      90.3417
107      65.5061
108      0
109      0
110      98.1853
111      60.9214
112      75.0088
113      0
114      0
115      99.9638
116      96.1611
117      53.6648
118      64.2726
119      73.3186
120      0
121      64.8127
122      0
123      52.2089
124      0
125      99.367
126      99.0199
127      0
128      51.075
129      98.7579
130      81.2038
131      70.7273
132      0
133      0
134      78.0812
135      99.8713
136      96.0036
137      84.6425
138      0
139      99.925
140      99.3517
141      0
142      97.8465
143      69.2844
144      80.2573
145      98.9722
146      87.4722
147      73.0157
148      67.4451
149      71.3572
150      0
151      79.3349
152      99.8793
153      0
154      71.1979
155      97.7491
156      92.7628
157      0
158      74.2259
159      99.1513
160      70.5105
161      0
162      66.2702
163      0
164      99.8715
165      0
166      80.0264
167      0
168      87.2525
169      0
170      85.399
171      0
172      0
173      0
174      0
175      86.0313
176      0
177      65.6145
178      0
179      96.0728
180      0
181      72.2413
182      0
183      95.2299
184      78.6378
185      0
186      0
187      84.1582
188      99.0105
189      97.5655
190      0
191      0
192      58.3701
193      0
194      98.8304
195      99.2067
196      0
197      64.4535
198      76.5741
199      0
200      0
201      99.3141
202      59.0173
203      81.5831
204      99.8967
205      92.353
206      89.262
207      97.2638
208      0
209      0
210      0
211      99.9715
212      75.8891
213      62.4761
214      59.8196
215      0
216      0
217      70.6103
218      83.7614
219      99.0712
220      97.7336
221      92.7145
222      97.7645
223      79.6654
224      96.024
225      92.3664
226      0
227      0
228      99.9759
229      55.4924
230      84.0821
231      99.2273
232      0
233      0
234      96.5193
235      89.8616
236      0
237      96.4409
238      25.2728
239      88.3063
240      0
241      0
242      0
243      48.1858
244      0
245      56.8548
246      65.4389
247      0
248      77.2036
249      99.5327
250      0
251      0
252      81.7871
253      98.3794
254      85.233
255      78.7207
256      99.6295
257      0
258      99.4885
259      0
260      99.9413
261      99.5858
262      64.3488
263      95.9661
264      98.5346
265      74.3195
266      81.121
267      80.0149
268      0
269      0
270      59.5185
271      0
272      96.2989
273      88.5519
274      58.7056
275      85.6424
276      0
277      81.8317
278      0
279      99.7503
280      0
281      0
282      98.0572
283      0
284      63.9624
285      99.1425
286      0
287      0
288      99.2914
289      87.3004
290      94.8513
291      80.5941
292      44.3031
293      0
294      0
295      0
296      59.9168
297      68.217
298      0
299      64.6911
300      0
301      0
302      98.967
303      87.7771
304      60.0379
305      98.6495
306      65.9616
307      0
308      0
309      98.3153
310      99.9965
311      99.3166
312      0
313      92.3776
314      0
315      66.8434
316      0
317      89.8115
318      98.9899
319      0
320      0
321      74.8714
322      99.8835
323      74.7357
324      0
325      0
326      87.4959
327      0
328      0
329      99.93
330      0
331      81.0995
332      0
333      96.0398
334      99.8697
335      98.4208
336      76.0346
337      0
338      99.3286
339      0
340      95.5983
341      94.0729
342      0
343      80.6982
344      55.0155
345      98.9014
346      70.7812
347      97.2369
348      0
349      0
350      97.7402
351      0
352      99.9177
353      63.1814
354      98.4066
355      84.0801
356      72.1283
357      83.0974
358      71.7213
359      99.661
360      95.2001
361      97.3176
362      0
363      0
364      98.5616
365      99.5601
366      96.1884
367      0
368      83.6096
369      96.7376
370      68.1456
371      88.3552
372      0
373      98.6768
374      66.1358
375      0
376      0
377      99.689
378      0
379      93.5472
380      90.6367
381      95.7634
382      83.1977
383      68.8046
384      0
385      98.4961
386      0
387      89.6007
388      0
389      0
390      0
391      67.7804
392      56.2509
393      97.3158
394      96.4431
395      0
396      98.2688
397      82.8765
398      0
399      0
400      74.4678
401      64.6937
402      0
403      0
404      0
405      0
406      98.135
407      0
408      99.3916
409      0
410      96.9685
411      0
412      51.8563
413      40.8455
414      0
415      99.3307
416      97.906
417      95.6887
418      99.84
419      0
420      0
421      0
422      0
423      99.3168
424      0
425      98.8924
426      0.0144537
427      99.2956
428      88.5306
429      0
430      0
431      0
432      61.6905
433      60.8163
434      92.1342
435      98.6797
436      98.3222
437      88.0185
438      90.2181
439      0
440      83.0514
441      78.9766
442      99.563
443      97
444      0
445      0
446      0
447      78.1397
448      0
449      74.0039
450      0
451      73.4937
452      95.1698
453      98.9947
454      99.6045
455      99.9604
456      0
457      74.2277
458      99.9372
459      93.2222
460      96.8518
461      97.0042
462      0
463      34.2774
464      0
465      79.1897
466      28.5448
467      99.7593
468      0
469      99.9271
470      83.8076
471      69.5383
472      63.2169
473      0
474      49.7305
475      97.3079
476      99.5998
477      0
478      99.4508
479      88.8689
480      0
481      99.8158
482      57.7808
483      99.8285
484      88.5273
485      99.4371
486      0
487      99.4277
488      99.3659
489      58.6706
490      0
491      95.1996
492      16.5017
493      98.4493
494      99.8948
495      84.5007
496      0
497      0
498      72.5366
499      80.7416
       17409.2
