0      0
1      52.618
2      99.9749
3      0
4      86.0585
5      0
6      95.91
7      99.2334
8      94.7259
9      0
10      99.7519
11      99.5998
12      99.6475
13      72.5106
14      0
15      99.7951
16      0
17      0
18      98.3701
19      0
20      0
21      78.1679
22      81.3344
23      48.5306
24      99.1197
25      0
26      99.8069
27      0
28      99.5995
29      80.5628
30      98.4335
31      0
32      0
33      99.2133
34      90.3773
35      47.6866
36      99.9502
37      72.7133
38      96.0282
39      99.5553
40      85.9652
41      99.1519
42      97.1656
43      93.7933
44      90.7795
45      0
46      98.215
47      0
48      0
49      97.056
50      96.2489
51      99.5439
52      0
53      0
54      0
55      99.4198
56      78.9053
57      60.8333
58      43.5563
59      0
60      99.8718
61      94.264
62      99.2863
63      98.1538
64      0
65      86.5114
66      0
67      0
68      0
69      92.9051
70      86.097
71      99.2425
72      0
73      85.4598
74      0
75      88.3581
76      89.1424
77      0
78      61.6724
79      0
80      0
81      0
82      98.3827
83      95.3514
84      88.1752
85      79.0135
86      0
87      99.5801
88      44.5607
89      96.6271
90      96.7905
91      75.3296
92      0
93      86.6705
94      99.596
95      58.8792
96      0
97      65.4321
98      77.2373
99      99.9932
100      0
101      73.3504
102      79.8456
103      0
104      0
105      99.2354
106      58.4837
107      94.5319
108      0
109      0
110      74.8563
111      99.8112
112      84.9096
113      0
114      91.5735
115      98.1876
116      98.3885
117      65.8811
118      99.9575
119      99.3741
120      61.8359
121      51.4209
122      0
123      0
124      72.8331
125      98.7552
126      90.0347
127      0
128      67.5731
129      0
130      99.4876
131      77.3718
132      44.997
133      95.7203
134      71.0196
135      98.2103
136      99.9559
137      0
138      99.9293
139      0
140      61.5686
141      75.6127
142      99.1811
143      0
144      99.9264
145      0
146      0
147      99.1756
148      0
149      99.9789
150      94.4741
151      99.946
152      64.8464
153      0
154      75.6271
155      91.0331
156      99.69
157      99.6204
158      99.5301
159      98.7613
160      99.9198
161      0
162      0
163      0
164      0
165      69.798
166      98.0484
167      0
168      0
169      99.3026
170      99.8219
171      0
172      99.7408
173      87.0844
174      98.0531
175      84.8944
176      0
177      0.00206487
178      81.772
179      0
180      0
181      99.9079
182      88.6935
183      67.9463
184      99.4397
185      93.8779
186      98.0386
187      99.9859
188      66.7516
189      50.3783
190      99.0917
191      99.9156
192      99.7138
193      85.0565
194      98.9056
195      99.0342
196      90.9779
197      99.6575
198      84.0377
199      98.6857
       7378.11
