0      86.3911
1      99.9177
2      58.1554
3      0
4      75.8982
5      90.2894
6      99.7085
7      99.9167
8      99.9818
9      99.9578
10      99.9422
11      0
12      0
13      0
14      0
15      70.1997
16      0
17      0
18      0
19      98.2181
20      99.9854
21      0
22      99.997
23      80.7365
24      94.2657
25      83.1609
26      0
27      0
28      69.0205
29      0
30      0.000824344
31      99.8752
32      85.6074
33      65.6033
34      0
35      89.1353
36      95.0475
37      99.1072
38      55.037
39      47.7085
40      99.9127
41      99.9127
42      99.9786
43      72.7261
44      0
45      99.381
46      90.0656
47      99.979
48      81.6733
49      95.4534
       1932.49
