0      0
1      0
2      72.7825
3      47.9621
4      91.9401
5      0
6      0
7      99.3828
8      97.0101
9      89.0527
10      0
11      95.8429
12      0.0221495
13      0
14      0
15      0
16      99.825
17      99.3452
18      0
19      59.1733
20      82.0304
21      0.00919529
22      0.00139628
23      99.0669
24      0.028699
25      75.2895
26      9.44979e-05
27      0
28      0
29      99.9867
30      0
31      99.9383
32      99.0315
33      97.6945
34      99.9526
35      67.6642
36      0
37      99.49
38      99.8229
39      71.5794
40      56.0081
41      99.9056
42      99.2702
43      87.1987
44      99.6257
45      97.4563
46      97.7835
47      88.7419
48      0
49      99.704
50      0
51      59.3248
52      0
53      99.7254
54      98.8909
55      99.974
56      0
57      90.5983
58      0
59      99.4013
60      74.9882
61      74.8946
62      99.9528
63      0
64      0
65      78.1492
66      59.3967
67      71.911
68      0
69      65.808
70      72.2251
71      99.3058
72      0
73      99.5757
74      98.6608
75      99.7201
76      94.84
77      86.0734
78      0
79      99.9192
80      0.00557672
81      98.8388
82      0
83      76.6618
84      99.9403
85      0
86      0
87      87.79
88      99.9203
89      0
90      89.1293
91      0
92      73.9708
93      66.2819
94      0
95      99.8277
96      98.6939
97      98.5706
98      93.7889
99      0
       3607.97
