0      0
1      56.1919
2      98.0336
3      98.4187
4      0
5      0
6      72.5425
7      79.2449
8      76.0995
9      58.5887
10      68.8396
11      99.2289
12      0
13      0
14      0
15      0
16      96.5394
17      86.6383
18      94.2891
19      95.7846
20      61.7095
21      96.1256
22      0
23      93.3764
24      71.9443
25      0
26      0
27      97.0968
28      98.3417
29      0
30      63.9119
31      0
32      93.8462
33      97.785
34      99.2728
35      0
36      99.3963
37      89.2201
38      0
39      0
40      99.3942
41      42.8886
42      70.5218
43      0
44      0
45      66.5757
46      0
47      0
48      72.5792
49      81.7361
50      96.5854
51      98.8872
52      99.2462
53      78.1897
54      75.4387
55      85.1424
56      94.8603
57      99.29
58      76.6279
59      0
60      99.5786
61      0
62      0
63      0
64      56.9692
65      99.6696
66      64.3849
67      0
68      0
69      53.3093
70      99.3292
71      99.2677
72      94.6637
73      0
74      99.8255
75      0
76      71.4371
77      97.7507
78      97.5784
79      62.5628
80      0
81      0
82      72.1943
83      98.546
84      0
85      61.4419
86      98.8248
87      93.39
88      0
89      61.1077
90      97.6317
91      97.9772
92      98.9855
93      96.1033
94      90.3027
95      0
96      97.2711
97      0
98      0
99      80.1977
100      67.5186
101      93.0177
102      98.5598
103      45.6147
104      99.8685
105      76.7965
106      0
107      96.1817
108      90.8844
109      98.5467
110      59.1779
111      92.604
112      70.1926
113      99.2217
114      98.8028
115      47.0656
116      73.9764
117      95.8225
118      85.8212
119      99.4537
120      97.2398
121      33.8425
122      95.5821
123      79.6368
124      0
125      88.9308
126      0
127      73.1009
128      56.7111
129      0
130      0
131      0
132      80.3898
133      91.2807
134      73.7994
135      0
136      87.3182
137      0
138      92.2946
139      89.1189
140      99.0491
141      98.6493
142      80.1684
143      0
144      0
145      91.866
146      91.9726
147      62.4814
148      0
149      82.5254
150      83.0825
151      83.1571
152      0
153      0
154      96.5416
155      99.6057
156      0
157      98.1753
158      0
159      55.4558
160      0
161      96.1555
162      72.1531
163      0
164      90.2929
165      0
166      0
167      97.0961
168      48.1082
169      80.3367
170      99.8083
171      0
172      0
173      89.1345
174      97.4892
175      0
176      91.6774
177      58.1449
178      59.7676
179      98.5093
180      98.2533
181      0
182      0
183      98.832
184      96.8575
185      0
186      0
187      95.262
188      0
189      85.8945
190      0
191      82.3963
192      88.3922
193      97.8213
194      0
195      91.9079
196      90.5258
197      93.9776
198      62.9559
199      0
200      0
201      0
202      0.420774
203      0
204      85.8915
205      94.968
206      56.8404
207      51.7582
208      99.2683
209      97.4584
210      97.2353
211      81.4107
212      99.3759
213      0
214      97.8546
215      0
216      96.7228
217      0
218      0
219      58.4922
220      71.0591
221      75.4964
222      0
223      44.7795
224      82.2464
225      96.9531
226      75.8568
227      96.0295
228      0
229      63.2287
230      97.1631
231      66.8075
232      0
233      99.4924
234      94.2113
235      68.3456
236      49.6397
237      83.2475
238      63.7882
239      85.5735
240      94.5421
241      98.6707
242      54.4515
243      88.8872
244      89.5563
245      71.7297
246      95.8467
247      0
248      57.2711
249      91.9899
250      96.7578
251      0
252      96.2873
253      0
254      97.3967
255      57.5237
256      56.8376
257      0
258      0
259      79.3621
260      0
261      97.2203
262      47.7704
263      94.3083
264      68.1143
265      86.2167
266      96.6214
267      96.8257
268      49.6555
269      0
270      0
271      0
272      0
273      0
274      93.0521
275      65.5938
276      89.5
277      67.2349
278      0
279      0
280      99.8919
281      72.7624
282      84.3963
283      0
284      0
285      98.2615
286      95.1026
287      0
288      84.5477
289      94.7201
290      98.4629
291      0
292      0
293      98.1663
294      86.8765
295      99.9193
296      83.1261
297      89.3312
298      74.7776
299      62.966
300      0
301      98.9879
302      0
303      53.3386
304      89.0774
305      97.1465
306      84.3998
307      98.5005
308      99.6141
309      0
310      82.5023
311      95.2227
312      0
313      0
314      0
315      93.4198
316      99.0177
317      95.6973
318      99.2838
319      86.7949
320      85.8225
321      0
322      98.1846
323      82.0764
324      95.1591
325      63.7413
326      0
327      0
328      0
329      0
330      93.0347
331      0
332      81.9692
333      87.5558
334      0
335      0
336      58.2483
337      88.8964
338      78.6808
339      83.1711
340      92.3301
341      0
342      96.8952
343      98.9771
344      93.7372
345      96.2596
346      68.8874
347      0
348      99.2599
349      0
350      0
351      0
352      98.1725
353      91.5553
354      0
355      0
356      0
357      96.527
358      83.816
359      83.0459
360      94.3039
361      98.2051
362      97.4658
363      86.7333
364      99.4975
365      0
366      87.802
367      62.3382
368      0
369      0
370      98.8672
371      99.3665
372      69.3546
373      87.9469
374      98.7287
375      98.0032
376      86.1572
377      76.4844
378      95.396
379      99.917
380      99.3128
381      0
382      94.7836
383      98.8115
384      60.5902
385      60.8277
386      0
387      0
388      0
389      0
390      97.4519
391      0
392      0
393      91.8286
394      0
395      75.353
396      0
397      0
398      70.4763
399      95.3125
400      74.0559
401      0
402      0
403      98.3615
404      89.7269
405      0
406      98.0132
407      86.8876
408      96.9038
409      67.7219
410      99.1357
411      96.352
412      55.7879
413      0
414      97.5528
415      99.0784
416      82.5372
417      0
418      99.5942
419      99.5288
420      81.7748
421      0
422      57.6304
423      82.5721
424      0
425      98.406
426      95.7347
427      98.6693
428      96.2768
429      97.9397
430      86.578
431      55.7336
432      81.5839
433      58.8776
434      52.9565
435      71.5662
436      77.1896
437      0
438      0
439      99.744
440      97.9883
441      95.9039
442      0
443      0
444      0
445      0
446      0
447      94.2678
448      0
449      96.7356
450      97.6543
451      91.657
452      67.0911
453      81.5006
454      87.3226
455      91.971
456      93.5257
457      99.1903
458      62.9394
459      0
460      96.4852
461      0
462      84.7766
463      0
464      95.574
465      0
466      0
467      99.5353
468      99.2745
469      98.9713
470      99.8689
471      95.0848
472      96.9113
473      0
474      87.8687
475      99.4177
476      0
477      54.8356
478      68.487
479      0
480      0
481      0
482      74.9068
483      94.0787
484      54.7272
485      99.6113
486      96.1382
487      85.4961
488      0
489      94.5029
490      0
491      0
492      71.4436
493      97.592
494      89.8868
495      0
496      96.4356
497      91.2968
498      66.2735
499      0
500      68.0506
501      99.7655
502      99.7551
503      99.2659
504      76.5337
505      0
506      81.602
507      0
508      92.7058
509      99.8914
510      99.2637
511      94.0268
512      0
513      0
514      0
515      98.7287
516      0
517      61.0601
518      52.4231
519      79.1817
520      0
521      0
522      97.4346
523      0
524      65.5961
525      94.2862
526      0
527      53.4427
528      75.8901
529      64.7745
530      0
531      0
532      56.463
533      86.0136
534      97.3283
535      0
536      71.0455
537      0
538      0
539      86.5464
540      0
541      0
542      48.6249
543      99.8931
544      0
545      82.9944
546      0
547      97.7912
548      0
549      93.3188
550      0
551      85.3048
552      65.5101
553      0
554      0
555      0
556      98.3479
557      0
558      0
559      85.7076
560      78.4889
561      0
562      72.5201
563      65.4857
564      99.7548
565      50.0889
566      59.1969
567      0
568      95.2083
569      0
570      92.0352
571      99.9764
572      0
573      67.6634
574      0
575      0
576      0
577      71.8232
578      51.7572
579      99.8449
580      77.8811
581      0
582      0
583      75.1036
584      96.7999
585      0
586      85.1374
587      72.4349
588      0
589      43.8753
590      0
591      78.8661
592      0
593      0
594      0
595      0
596      0
597      0
598      0
599      79.5289
600      70.7656
601      93.5504
602      97.3206
603      0
604      53.5579
605      97.4573
606      92.4124
607      0
608      0
609      95.4673
610      98.6269
611      89.5312
612      0
613      95.3844
614      89.4955
615      86.7292
616      81.9181
617      99.6354
618      0
619      0
620      0
621      0
622      0
623      74.615
624      0
625      0
626      95.2551
627      0
628      85.2667
629      99.4304
630      76.7875
631      0
632      64.9728
633      0
634      0
635      96.2144
636      57.4053
637      0
638      98.1473
639      99.0724
640      73.7137
641      93.3781
642      96.9576
643      96.2464
644      83.0168
645      80.3772
646      0
647      94.7275
648      98.1712
649      0
650      94.5321
651      97.1406
652      95.6695
653      93.0959
654      0
655      63.2797
656      0
657      97.4743
658      88.3939
659      0
660      99.3316
661      40.911
662      96.5051
663      63.6001
664      83.9617
665      97.5603
666      75.955
667      0
668      93.0403
669      94.6484
670      96.7933
671      93.2178
672      0
673      97.3464
674      0
675      0
676      96.3924
677      0
678      0
679      0
680      99.7548
681      0
682      70.7983
683      65.9883
684      94.0642
685      98.4499
686      0
687      0
688      87.986
689      97.5111
690      95.3794
691      95.7795
692      99.0711
693      79.8495
694      85.0672
695      71.1064
696      0
697      83.9748
698      0
699      91.9149
700      66.9595
701      0
702      0
703      59.611
704      97.0777
705      0
706      0
707      99.9595
708      52.6624
709      59.5937
710      98.6994
711      95.0208
712      0
713      0
714      0
715      0
716      0
717      0
718      97.8406
719      98.591
720      94.2272
721      62.1025
722      98.8215
723      84.6523
724      0
725      97.8624
726      96.5289
727      0
728      0
729      94.895
730      61.9351
731      98.2568
732      98.4812
733      99.8859
734      96.4621
735      98.9436
736      65.0826
737      83.376
738      99.8938
739      84.8066
740      0
741      0
742      97.0476
743      82.06
744      98.2183
745      98.79
746      88.8326
747      80.9394
748      95.3082
749      0
750      90.7517
751      61.3441
752      52.7237
753      91.9007
754      0
755      0
756      90.7124
757      0
758      58.5979
759      0
760      97.3039
761      97.2548
762      96.8177
763      0
764      99.6478
765      56.4292
766      81.5897
767      0
768      0
769      82.4995
770      64.5686
771      95.6771
772      98.6452
773      0
774      89.9424
775      0
776      94.3653
777      98.2066
778      0
779      84.72
780      91.1249
781      0
782      69.461
783      94.4426
784      77.0101
785      0
786      58.2778
787      56.5183
788      71.3893
789      99.8348
790      88.6567
791      99.3769
792      85.5059
793      77.5141
794      98.0929
795      99.0999
796      82.3048
797      99.6351
798      0
799      58.9622
800      93.2415
801      69.5714
802      96.9513
803      93.5823
804      0
805      61.099
806      0
807      98.047
808      0
809      91.0333
810      0
811      0
812      68.5095
813      99.4921
814      97.4904
815      75.8484
816      0
817      0
818      52.5565
819      0
820      80.4584
821      97.1705
822      0
823      91.8958
824      99.5653
825      0
826      88.4467
827      65.6278
828      90.559
829      96.3002
830      99.7771
831      93.8578
832      0
833      0
834      98.7141
835      99.7841
836      0
837      55.9203
838      22.0716
839      84.5729
840      95.4046
841      68.2411
842      84.3078
843      0
844      66.7373
845      98.5683
846      95.9587
847      0
848      0
849      0
850      0
851      49.0633
852      0
853      0
854      62.617
855      97.4066
856      66.6256
857      0
858      97.015
859      0
860      99.6805
861      80.8594
862      98.7465
863      84.0541
864      0
865      0
866      0
867      70.9896
868      64.1334
869      92.9724
870      98.5196
871      97.8019
872      0
873      97.97
874      0
875      98.3441
876      0
877      0
878      0
879      94.2674
880      96.9745
881      99.1811
882      61.7709
883      87.6879
884      77.6429
885      0
886      0
887      98.8135
888      99.4671
889      0
890      0
891      99.0685
892      0
893      89.6292
894      99.9676
895      95.2804
896      95.0036
897      90.9074
898      98.0862
899      39.2127
900      98.8794
901      96.2927
902      96.2149
903      0
904      98.9561
905      0
906      71.35
907      0
908      54.5346
909      95.6432
910      97.8414
911      85.3243
912      0
913      99.0584
914      80.9952
915      88.0018
916      75.9006
917      75.9871
918      38.9607
919      98.2736
920      0
921      0
922      41.5525
923      90.1264
924      0
925      92.3245
926      91.6799
927      89.3505
928      0
929      77.2704
930      0
931      92.6644
932      58.7886
933      83.8333
934      98.112
935      0
936      59.7033
937      86.7725
938      0
939      93.9281
940      0
941      0
942      91.8023
943      0
944      0
945      98.7372
946      0
947      0
948      88.1307
949      84.5093
950      0
951      94.0107
952      64.7553
953      96.7687
954      99.8961
955      92.5423
956      0
957      0
958      89.7072
959      83.6024
960      98.1056
961      0
962      0
963      99.4766
964      97.3262
965      96.457
966      60.4479
967      0
968      0
969      97.9834
970      0
971      0
972      0
973      92.5898
974      98.6452
975      99.4769
976      0
977      0
978      97.3505
979      0
980      91.6554
981      0
982      0
983      76.6906
984      98.9564
985      0
986      94.8703
987      90.0494
988      60.8615
989      85.3467
990      82.1598
991      55.9568
992      95.8282
993      0
994      0
995      36.2933
996      98.7003
997      0
998      0
999      0
       34634.6
