0      100
1      47
2      89
3      99
4      91
5      0
6      73
7      68
8      75
9      0
10      0
11      0
12      95
13      0
14      56
15      88
16      90
17      76
18      0
19      46
20      49
21      100
22      0
23      90
24      72
25      62
26      0
27      0
28      99
29      98
30      72
31      99
32      70
33      0
34      89
35      87
36      66
37      0
38      64
39      0
40      100
41      97
42      97
43      0
44      0
45      51
46      0
47      96
48      95
49      100
50      82
51      0
52      0
53      94
54      43
55      59
56      79
57      86
58      0
59      73
60      58
61      74
62      99
63      52
64      0
65      99
66      94
67      98
68      0
69      50
70      0
71      58
72      56
73      98
74      69
75      100
76      55
77      0
78      43
79      71
80      88
81      97
82      78
83      85
84      63
85      0
86      88
87      72
88      71
89      73
90      87
91      46
92      73
93      57
94      81
95      0
96      67
97      73
98      0
99      89
100      0
101      0
102      0
103      0
104      54
105      0
106      100
107      99
108      0
109      0
110      73
111      60
112      73
113      0
114      0
115      62
116      77
117      70
118      95
119      84
120      99
121      100
122      82
123      96
124      97
125      0
126      80
127      99
128      99
129      90
130      49
131      91
132      85
133      0
134      73
135      61
136      98
137      0
138      94
139      41
140      0
141      0
142      94
143      0
144      0
145      98
146      94
147      47
148      77
149      75
150      75
151      0
152      87
153      70
154      98
155      0
156      72
157      52
158      55
159      98
160      56
161      0
162      100
163      59
164      90
165      64
166      0
167      80
168      99
169      0
170      80
171      52
172      87
173      0
174      0
175      0
176      68
177      0
178      92
179      78
180      91
181      53
182      77
183      56
184      45
185      0
186      73
187      98
188      0
189      0
190      99
191      51
192      94
193      79
194      61
195      100
196      0
197      75
198      95
199      88
200      58
201      95
202      0
203      60
204      97
205      91
206      72
207      46
208      78
209      0
210      0
211      0
212      93
213      52
214      0
215      0
216      0
217      0
218      46
219      0
220      93
221      0
222      66
223      0
224      54
225      0
226      44
227      0
228      0
229      0
230      82
231      70
232      56
233      80
234      0
235      64
236      89
237      0
238      59
239      66
240      0
241      57
242      63
243      91
244      100
245      52
246      0
247      57
248      89
249      0
250      0
251      99
252      91
253      80
254      0
255      72
256      87
257      0
258      0
259      100
260      99
261      0
262      86
263      47
264      97
265      98
266      97
267      100
268      75
269      82
270      83
271      100
272      74
273      0
274      0
275      75
276      0
277      79
278      72
279      66
280      53
281      50
282      95
283      89
284      0
285      100
286      58
287      43
288      56
289      0
290      0
291      65
292      100
293      70
294      87
295      60
296      79
297      80
298      0
299      63
300      55
301      98
302      0
303      94
304      0
305      94
306      0
307      58
308      100
309      55
310      33
311      0
312      0
313      48
314      100
315      88
316      90
317      0
318      99
319      46
320      0
321      64
322      0
323      99
324      0
325      53
326      0
327      91
328      75
329      76
330      0
331      94
332      98
333      48
334      50
335      88
336      68
337      0
338      0
339      0
340      67
341      97
342      99
343      97
344      0
345      59
346      73
347      96
348      0
349      85
350      0
351      0
352      66
353      86
354      57
355      89
356      97
357      88
358      96
359      83
360      0
361      0
362      0
363      86
364      90
365      92
366      78
367      48
368      99
369      59
370      61
371      0
372      57
373      59
374      94
375      69
376      92
377      0
378      69
379      46
380      0
381      48
382      77
383      56
384      75
385      51
386      0
387      96
388      0
389      96
390      82
391      0
392      99
393      68
394      0
395      65
396      89
397      70
398      92
399      80
400      51
401      0
402      0
403      0
404      98
405      0
406      0
407      85
408      0
409      0
410      90
411      98
412      0
413      78
414      100
415      99
416      77
417      96
418      0
419      0
420      66
421      95
422      0
423      0
424      0
425      55
426      0
427      58
428      0
429      99
430      98
431      100
432      0
433      98
434      0
435      0
436      60
437      54
438      66
439      0
440      0
441      93
442      93
443      78
444      82
445      0
446      0
447      90
448      85
449      0
450      61
451      0
452      59
453      0
454      93
455      0
456      96
457      57
458      0
459      0
460      54
461      99
462      0
463      55
464      56
465      54
466      0
467      76
468      76
469      68
470      76
471      66
472      82
473      93
474      89
475      0
476      0
477      0
478      98
479      98
480      81
481      98
482      0
483      0
484      0
485      0
486      0
487      0
488      47
489      71
490      90
491      0
492      0
493      87
494      96
495      51
496      0
497      0
498      72
499      52
500      0
501      94
502      93
503      92
504      0
505      71
506      51
507      82
508      60
509      91
510      0
511      82
512      73
513      58
514      97
515      53
516      72
517      64
518      98
519      100
520      0
521      65
522      71
523      0
524      0
525      0
526      84
527      54
528      56
529      65
530      96
531      0
532      0
533      75
534      88
535      50
536      99
537      80
538      0
539      91
540      48
541      0
542      83
543      70
544      85
545      0
546      91
547      94
548      79
549      47
550      97
551      93
552      0
553      0
554      50
555      97
556      98
557      0
558      0
559      99
560      84
561      95
562      89
563      72
564      0
565      0
566      93
567      73
568      95
569      89
570      84
571      0
572      98
573      0
574      0
575      100
576      0
577      79
578      72
579      68
580      94
581      82
582      0
583      43
584      81
585      65
586      88
587      0
588      0
589      42
590      49
591      97
592      0
593      0
594      73
595      93
596      0
597      0
598      74
599      97
600      98
601      96
602      54
603      100
604      89
605      75
606      84
607      0
608      0
609      68
610      100
611      68
612      0
613      89
614      0
615      0
616      71
617      80
618      0
619      100
620      66
621      72
622      0
623      46
624      71
625      0
626      71
627      0
628      60
629      0
630      0
631      93
632      0
633      0
634      75
635      0
636      62
637      70
638      0
639      71
640      100
641      63
642      88
643      0
644      90
645      87
646      0
647      100
648      99
649      100
650      68
651      63
652      0
653      73
654      97
655      92
656      0
657      66
658      0
659      0
660      91
661      96
662      61
663      97
664      91
665      64
666      98
667      90
668      97
669      64
670      91
671      0
672      0
673      84
674      50
675      64
676      58
677      0
678      0
679      71
680      98
681      98
682      58
683      96
684      91
685      95
686      93
687      77
688      84
689      54
690      0
691      0
692      92
693      0
694      61
695      0
696      60
697      0
698      0
699      74
700      56
701      80
702      96
703      47
704      0
705      77
706      0
707      93
708      0
709      0
710      61
711      75
712      84
713      0
714      51
715      48
716      82
717      94
718      73
719      99
720      0
721      63
722      0
723      69
724      60
725      53
726      74
727      0
728      0
729      42
730      99
731      75
732      0
733      59
734      64
735      0
736      60
737      0
738      0
739      84
740      82
741      98
742      93
743      0
744      0
745      93
746      86
747      0
748      85
749      0
750      63
751      0
752      77
753      55
754      0
755      73
756      86
757      0
758      100
759      89
760      77
761      81
762      85
763      48
764      80
765      65
766      71
767      97
768      99
769      97
770      84
771      87
772      91
773      91
774      79
775      88
776      71
777      84
778      52
779      0
780      66
781      97
782      80
783      90
784      78
785      0
786      86
787      71
788      0
789      99
790      70
791      73
792      78
793      97
794      0
795      74
796      48
797      95
798      0
799      94
800      66
801      0
802      45
803      82
804      75
805      0
806      84
807      96
808      88
809      90
810      0
811      87
812      96
813      100
814      97
815      95
816      95
817      93
818      96
819      67
820      100
821      70
822      75
823      87
824      93
825      97
826      84
827      97
828      90
829      56
830      79
831      82
832      75
833      44
834      0
835      0
836      88
837      72
838      51
839      0
840      0
841      91
842      99
843      0
844      80
845      97
846      0
847      0
848      84
849      55
850      95
851      0
852      50
853      54
854      0
855      100
856      0
857      55
858      58
859      83
860      0
861      55
862      100
863      81
864      70
865      92
866      0
867      98
868      53
869      50
870      85
871      96
872      0
873      81
874      87
875      58
876      0
877      67
878      52
879      0
880      75
881      0
882      100
883      56
884      56
885      87
886      90
887      0
888      0
889      0
890      0
891      0
892      0
893      0
894      51
895      88
896      82
897      85
898      0
899      52
900      73
901      85
902      96
903      99
904      72
905      83
906      93
907      94
908      0
909      0
910      0
911      76
912      52
913      69
914      51
915      91
916      72
917      71
918      97
919      97
920      100
921      95
922      49
923      0
924      68
925      99
926      93
927      0
928      63
929      50
930      25
931      86
932      91
933      0
934      90
935      0
936      85
937      53
938      83
939      0
940      91
941      55
942      100
943      94
944      0
945      98
946      88
947      82
948      0
949      63
950      97
951      0
952      55
953      0
954      78
955      47
956      0
957      59
958      0
959      53
960      0
961      0
962      0
963      0
964      0
965      0
966      0
967      97
968      72
969      64
970      85
971      57
972      44
973      61
974      69
975      78
976      97
977      0
978      82
979      100
980      94
981      60
982      55
983      73
984      93
985      0
986      100
987      81
988      97
989      43
990      0
991      71
992      0
993      56
994      0
995      80
996      97
997      0
998      43
999      88
1000      0
1001      0
1002      0
1003      92
1004      0
1005      61
1006      0
1007      55
1008      61
1009      0
1010      56
1011      84
1012      0
1013      0
1014      0
1015      58
1016      0
1017      64
1018      93
1019      68
1020      0
1021      87
1022      74
1023      47
1024      90
1025      0
1026      40
1027      0
1028      0
1029      0
1030      0
1031      0
1032      89
1033      0
1034      98
1035      97
1036      98
1037      87
1038      0
1039      78
1040      84
1041      63
1042      73
1043      0
1044      89
1045      100
1046      0
1047      0
1048      0
1049      0
1050      78
1051      68
1052      96
1053      85
1054      56
1055      0
1056      99
1057      72
1058      79
1059      88
1060      72
1061      42
1062      96
1063      95
1064      0
1065      85
1066      0
1067      0
1068      0
1069      97
1070      96
1071      0
1072      61
1073      0
1074      100
1075      0
1076      96
1077      0
1078      95
1079      0
1080      73
1081      92
1082      0
1083      96
1084      0
1085      95
1086      0
1087      73
1088      95
1089      95
1090      71
1091      51
1092      74
1093      50
1094      0
1095      0
1096      99
1097      63
1098      86
1099      0
1100      81
1101      0
1102      65
1103      57
1104      64
1105      93
1106      84
1107      80
1108      60
1109      99
1110      0
1111      75
1112      100
1113      0
1114      93
1115      73
1116      68
1117      0
1118      0
1119      0
1120      95
1121      0
1122      100
1123      88
1124      50
1125      85
1126      98
1127      91
1128      72
1129      0
1130      81
1131      80
1132      77
1133      99
1134      90
1135      69
1136      0
1137      71
1138      0
1139      0
1140      90
1141      0
1142      57
1143      0
1144      63
1145      89
1146      86
1147      89
1148      0
1149      46
1150      66
1151      50
1152      0
1153      0
1154      0
1155      62
1156      0
1157      0
1158      0
1159      54
1160      60
1161      53
1162      0
1163      88
1164      0
1165      0
1166      0
1167      82
1168      0
1169      93
1170      86
1171      50
1172      95
1173      0
1174      0
1175      96
1176      88
1177      70
1178      56
1179      99
1180      50
1181      98
1182      98
1183      57
1184      0
1185      90
1186      94
1187      0
1188      0
1189      0
1190      0
1191      98
1192      64
1193      0
1194      91
1195      91
1196      97
1197      84
1198      0
1199      63
1200      64
1201      81
1202      83
1203      100
1204      96
1205      55
1206      65
1207      0
1208      64
1209      68
1210      85
1211      91
1212      50
1213      30
1214      0
1215      64
1216      84
1217      85
1218      0
1219      0
1220      76
1221      48
1222      100
1223      0
1224      93
1225      0
1226      97
1227      98
1228      93
1229      89
1230      0
1231      100
1232      0
1233      70
1234      74
1235      99
1236      0
1237      82
1238      77
1239      76
1240      0
1241      99
1242      60
1243      95
1244      62
1245      58
1246      74
1247      79
1248      96
1249      57
1250      96
1251      60
1252      98
1253      91
1254      100
1255      46
1256      50
1257      66
1258      82
1259      60
1260      0
1261      0
1262      0
1263      0
1264      100
1265      0
1266      0
1267      97
1268      92
1269      0
1270      75
1271      58
1272      96
1273      78
1274      79
1275      93
1276      54
1277      75
1278      0
1279      69
1280      84
1281      71
1282      91
1283      97
1284      0
1285      73
1286      81
1287      45
1288      93
1289      92
1290      0
1291      82
1292      0
1293      0
1294      100
1295      0
1296      81
1297      78
1298      99
1299      99
1300      100
1301      0
1302      99
1303      67
1304      0
1305      0
1306      60
1307      0
1308      81
1309      0
1310      100
1311      53
1312      0
1313      70
1314      80
1315      0
1316      0
1317      0
1318      0
1319      98
1320      93
1321      0
1322      87
1323      58
1324      0
1325      0
1326      0
1327      65
1328      0
1329      0
1330      0
1331      71
1332      98
1333      69
1334      1
1335      75
1336      0
1337      69
1338      72
1339      71
1340      0
1341      0
1342      59
1343      68
1344      0
1345      51
1346      43
1347      65
1348      0
1349      100
1350      0
1351      47
1352      51
1353      0
1354      85
1355      85
1356      0
1357      0
1358      80
1359      50
1360      77
1361      0
1362      68
1363      46
1364      0
1365      100
1366      76
1367      97
1368      44
1369      75
1370      90
1371      78
1372      78
1373      100
1374      100
1375      0
1376      45
1377      64
1378      66
1379      84
1380      90
1381      65
1382      0
1383      0
1384      0
1385      0
1386      86
1387      0
1388      90
1389      0
1390      0
1391      86
1392      0
1393      77
1394      0
1395      76
1396      58
1397      0
1398      0
1399      98
1400      65
1401      81
1402      90
1403      82
1404      98
1405      93
1406      0
1407      98
1408      0
1409      52
1410      0
1411      0
1412      99
1413      0
1414      71
1415      0
1416      0
1417      0
1418      95
1419      94
1420      0
1421      0
1422      0
1423      0
1424      0
1425      0
1426      0
1427      70
1428      75
1429      57
1430      0
1431      95
1432      73
1433      96
1434      0
1435      0
1436      0
1437      99
1438      99
1439      52
1440      46
1441      75
1442      84
1443      92
1444      0
1445      0
1446      0
1447      50
1448      46
1449      0
1450      0
1451      0
1452      65
1453      0
1454      0
1455      0
1456      56
1457      0
1458      88
1459      100
1460      0
1461      44
1462      72
1463      61
1464      0
1465      95
1466      75
1467      0
1468      0
1469      0
1470      55
1471      0
1472      80
1473      99
1474      91
1475      71
1476      90
1477      0
1478      99
1479      0
1480      97
1481      93
1482      75
1483      90
1484      92
1485      49
1486      0
1487      85
1488      84
1489      55
1490      0
1491      70
1492      97
1493      0
1494      68
1495      95
1496      89
1497      0
1498      0
1499      97
1500      0
1501      94
1502      0
1503      48
1504      75
1505      0
1506      79
1507      60
1508      74
1509      94
1510      84
1511      61
1512      81
1513      44
1514      94
1515      65
1516      98
1517      83
1518      98
1519      85
1520      99
1521      66
1522      0
1523      88
1524      0
1525      0
1526      89
1527      71
1528      78
1529      80
1530      0
1531      0
1532      89
1533      0
1534      72
1535      87
1536      61
1537      84
1538      94
1539      40
1540      89
1541      88
1542      57
1543      0
1544      85
1545      96
1546      89
1547      0
1548      77
1549      50
1550      0
1551      84
1552      76
1553      75
1554      90
1555      96
1556      100
1557      0
1558      66
1559      0
1560      63
1561      89
1562      68
1563      51
1564      76
1565      0
1566      98
1567      83
1568      63
1569      67
1570      89
1571      44
1572      77
1573      94
1574      65
1575      87
1576      94
1577      0
1578      48
1579      0
1580      92
1581      47
1582      0
1583      90
1584      83
1585      0
1586      0
1587      47
1588      88
1589      81
1590      83
1591      95
1592      1
1593      72
1594      85
1595      0
1596      85
1597      63
1598      94
1599      0
1600      39
1601      46
1602      80
1603      97
1604      0
1605      0
1606      48
1607      80
1608      72
1609      0
1610      73
1611      0
1612      100
1613      0
1614      0
1615      92
1616      82
1617      94
1618      97
1619      0
1620      0
1621      68
1622      70
1623      83
1624      79
1625      39
1626      81
1627      42
1628      92
1629      100
1630      77
1631      69
1632      91
1633      1
1634      91
1635      68
1636      51
1637      96
1638      89
1639      68
1640      0
1641      97
1642      72
1643      0
1644      70
1645      0
1646      0
1647      61
1648      83
1649      0
1650      96
1651      82
1652      0
1653      0
1654      82
1655      95
1656      47
1657      75
1658      63
1659      44
1660      0
1661      0
1662      0
1663      96
1664      0
1665      0
1666      0
1667      99
1668      0
1669      72
1670      64
1671      54
1672      99
1673      73
1674      82
1675      60
1676      95
1677      99
1678      0
1679      93
1680      56
1681      92
1682      96
1683      85
1684      45
1685      76
1686      89
1687      49
1688      0
1689      0
1690      70
1691      99
1692      0
1693      53
1694      46
1695      0
1696      47
1697      80
1698      0
1699      0
1700      90
1701      52
1702      0
1703      0
1704      0
1705      100
1706      47
1707      83
1708      87
1709      0
1710      100
1711      94
1712      97
1713      94
1714      85
1715      65
1716      0
1717      0
1718      46
1719      0
1720      56
1721      0
1722      97
1723      0
1724      99
1725      46
1726      94
1727      0
1728      65
1729      0
1730      0
1731      0
1732      92
1733      70
1734      90
1735      0
1736      95
1737      98
1738      61
1739      90
1740      0
1741      0
1742      87
1743      81
1744      71
1745      0
1746      0
1747      0
1748      71
1749      49
1750      0
1751      0
1752      0
1753      64
1754      0
1755      0
1756      70
1757      92
1758      84
1759      0
1760      56
1761      91
1762      0
1763      0
1764      56
1765      56
1766      70
1767      0
1768      57
1769      53
1770      65
1771      0
1772      96
1773      56
1774      0
1775      48
1776      99
1777      49
1778      94
1779      0
1780      100
1781      0
1782      70
1783      0
1784      42
1785      0
1786      90
1787      0
1788      84
1789      0
1790      92
1791      71
1792      88
1793      0
1794      93
1795      77
1796      0
1797      0
1798      0
1799      0
1800      71
1801      0
1802      0
1803      92
1804      75
1805      56
1806      0
1807      56
1808      0
1809      99
1810      0
1811      78
1812      0
1813      0
1814      46
1815      0
1816      0
1817      0
1818      0
1819      53
1820      71
1821      97
1822      0
1823      74
1824      0
1825      0
1826      50
1827      90
1828      89
1829      75
1830      46
1831      58
1832      79
1833      0
1834      77
1835      0
1836      0
1837      72
1838      42
1839      56
1840      0
1841      59
1842      65
1843      62
1844      62
1845      0
1846      100
1847      0
1848      80
1849      0
1850      0
1851      97
1852      0
1853      62
1854      69
1855      63
1856      0
1857      0
1858      64
1859      95
1860      53
1861      75
1862      0
1863      0
1864      91
1865      0
1866      0
1867      63
1868      0
1869      97
1870      60
1871      86
1872      81
1873      0
1874      0
1875      97
1876      0
1877      59
1878      100
1879      0
1880      0
1881      0
1882      78
1883      43
1884      0
1885      0
1886      96
1887      98
1888      0
1889      70
1890      0
1891      96
1892      96
1893      66
1894      90
1895      0
1896      0
1897      73
1898      99
1899      82
1900      0
1901      54
1902      68
1903      0
1904      81
1905      61
1906      69
1907      89
1908      99
1909      68
1910      65
1911      89
1912      0
1913      64
1914      95
1915      0
1916      78
1917      0
1918      0
1919      63
1920      94
1921      91
1922      0
1923      54
1924      91
1925      94
1926      47
1927      63
1928      66
1929      0
1930      76
1931      81
1932      56
1933      0
1934      0
1935      91
1936      96
1937      45
1938      100
1939      41
1940      56
1941      63
1942      70
1943      72
1944      100
1945      58
1946      0
1947      90
1948      74
1949      79
1950      0
1951      99
1952      99
1953      0
1954      0
1955      49
1956      100
1957      0
1958      0
1959      92
1960      0
1961      70
1962      59
1963      0
1964      75
1965      0
1966      0
1967      0
1968      0
1969      98
1970      46
1971      78
1972      52
1973      0
1974      0
1975      99
1976      0
1977      96
1978      47
1979      0
1980      0
1981      0
1982      79
1983      78
1984      0
1985      61
1986      98
1987      77
1988      0
1989      0
1990      67
1991      96
1992      0
1993      0
1994      89
1995      0
1996      88
1997      0
1998      65
1999      0
2000      91
2001      0
2002      100
2003      70
2004      92
2005      73
2006      96
2007      0
2008      100
2009      0
2010      0
2011      0
2012      54
2013      85
2014      0
2015      88
2016      0
2017      62
2018      72
2019      99
2020      0
2021      0
2022      0
2023      82
2024      95
2025      70
2026      0
2027      0
2028      100
2029      100
2030      78
2031      63
2032      53
2033      36
2034      94
2035      48
2036      64
2037      63
2038      98
2039      77
2040      90
2041      99
2042      97
2043      81
2044      66
2045      0
2046      0
2047      91
2048      0
2049      100
2050      65
2051      0
2052      0
2053      82
2054      0
2055      0
2056      59
2057      72
2058      0
2059      46
2060      100
2061      0
2062      0
2063      92
2064      0
2065      98
2066      78
2067      0
2068      0
2069      84
2070      0
2071      65
2072      0
2073      48
2074      92
2075      93
2076      0
2077      0
2078      0
2079      99
2080      92
2081      61
2082      75
2083      76
2084      76
2085      89
2086      58
2087      92
2088      0
2089      54
2090      49
2091      99
2092      0
2093      0
2094      0
2095      98
2096      0
2097      0
2098      0
2099      56
2100      0
2101      87
2102      96
2103      53
2104      94
2105      88
2106      0
2107      93
2108      71
2109      0
2110      0
2111      0
2112      91
2113      96
2114      95
2115      72
2116      0
2117      50
2118      100
2119      60
2120      51
2121      0
2122      97
2123      0
2124      96
2125      39
2126      85
2127      51
2128      82
2129      0
2130      99
2131      88
2132      83
2133      0
2134      0
2135      90
2136      54
2137      84
2138      94
2139      97
2140      54
2141      98
2142      0
2143      73
2144      95
2145      0
2146      82
2147      0
2148      0
2149      0
2150      0
2151      64
2152      65
2153      98
2154      0
2155      53
2156      76
2157      99
2158      72
2159      64
2160      100
2161      91
2162      0
2163      0
2164      100
2165      100
2166      44
2167      0
2168      0
2169      95
2170      0
2171      54
2172      97
2173      77
2174      0
2175      90
2176      89
2177      97
2178      0
2179      88
2180      65
2181      0
2182      87
2183      58
2184      56
2185      0
2186      98
2187      0
2188      0
2189      0
2190      0
2191      100
2192      93
2193      85
2194      0
2195      0
2196      41
2197      0
2198      0
2199      93
2200      97
2201      82
2202      0
2203      0
2204      64
2205      56
2206      66
2207      0
2208      96
2209      64
2210      46
2211      50
2212      83
2213      59
2214      73
2215      85
2216      99
2217      93
2218      0
2219      0
2220      65
2221      93
2222      87
2223      0
2224      0
2225      0
2226      0
2227      75
2228      0
2229      0
2230      0
2231      56
2232      84
2233      95
2234      48
2235      68
2236      93
2237      90
2238      95
2239      57
2240      0
2241      100
2242      73
2243      0
2244      0
2245      70
2246      0
2247      74
2248      64
2249      54
2250      66
2251      70
2252      0
2253      74
2254      65
2255      0
2256      0
2257      0
2258      48
2259      53
2260      0
2261      93
2262      0
2263      99
2264      99
2265      39
2266      72
2267      1
2268      65
2269      80
2270      81
2271      87
2272      59
2273      65
2274      0
2275      75
2276      65
2277      0
2278      0
2279      56
2280      94
2281      0
2282      76
2283      0
2284      69
2285      85
2286      0
2287      75
2288      89
2289      0
2290      98
2291      82
2292      57
2293      0
2294      64
2295      76
2296      0
2297      73
2298      54
2299      0
2300      85
2301      0
2302      96
2303      0
2304      75
2305      99
2306      82
2307      0
2308      0
2309      0
2310      84
2311      45
2312      96
2313      0
2314      0
2315      0
2316      82
2317      65
2318      81
2319      61
2320      91
2321      47
2322      92
2323      0
2324      0
2325      0
2326      48
2327      86
2328      0
2329      90
2330      0
2331      0
2332      58
2333      82
2334      77
2335      0
2336      55
2337      50
2338      54
2339      99
2340      0
2341      94
2342      0
2343      0
2344      0
2345      0
2346      94
2347      62
2348      0
2349      98
2350      65
2351      0
2352      88
2353      0
2354      0
2355      61
2356      48
2357      60
2358      99
2359      88
2360      71
2361      63
2362      92
2363      0
2364      56
2365      72
2366      0
2367      0
2368      81
2369      69
2370      64
2371      72
2372      0
2373      0
2374      72
2375      77
2376      58
2377      0
2378      87
2379      66
2380      0
2381      88
2382      71
2383      0
2384      0
2385      0
2386      0
2387      97
2388      49
2389      97
2390      98
2391      0
2392      100
2393      0
2394      69
2395      71
2396      60
2397      0
2398      0
2399      78
2400      80
2401      100
2402      100
2403      0
2404      0
2405      100
2406      0
2407      0
2408      46
2409      100
2410      81
2411      0
2412      0
2413      97
2414      90
2415      51
2416      93
2417      83
2418      0
2419      93
2420      0
2421      0
2422      0
2423      71
2424      0
2425      90
2426      0
2427      90
2428      72
2429      0
2430      97
2431      0
2432      0
2433      65
2434      82
2435      84
2436      99
2437      52
2438      88
2439      53
2440      99
2441      60
2442      0
2443      54
2444      100
2445      45
2446      70
2447      55
2448      55
2449      57
2450      66
2451      97
2452      90
2453      73
2454      100
2455      0
2456      0
2457      45
2458      96
2459      0
2460      0
2461      0
2462      67
2463      68
2464      0
2465      0
2466      0
2467      0
2468      66
2469      0
2470      53
2471      0
2472      87
2473      0
2474      66
2475      100
2476      92
2477      92
2478      98
2479      57
2480      70
2481      99
2482      54
2483      98
2484      88
2485      65
2486      99
2487      58
2488      62
2489      98
2490      96
2491      91
2492      0
2493      0
2494      0
2495      78
2496      99
2497      97
2498      67
2499      65
       84150.9
