0      52
1      88
2      89
3      71
4      0
5      62
6      99
7      97
8      82
9      92
10      0
11      97
12      99
13      0
14      0
15      99
16      58
17      90
18      80
19      0
20      0
21      64
22      69
23      87
24      52
25      0
26      100
27      84
28      77
29      0
30      53
31      0
32      0
33      81
34      0
35      0
36      0
37      45
38      97
39      82
40      0
41      72
42      63
43      57
44      100
45      84
46      96
47      90
48      0
49      93
50      99
51      84
52      77
53      99
54      0
55      88
56      77
57      0
58      0
59      0
60      80
61      81
62      58
63      0
64      97
65      100
66      69
67      46
68      85
69      88
70      0
71      97
72      0
73      0
74      84
75      0
76      0
77      87
78      98
79      77
80      100
81      83
82      65
83      62
84      0
85      88
86      100
87      0
88      82
89      89
90      0
91      77
92      0
93      0
94      0
95      95
96      82
97      51
98      100
99      97
100      99
101      55
102      73
103      89
104      65
105      100
106      0
107      91
108      0
109      60
110      63
111      0
112      98
113      98
114      100
115      0
116      0
117      0
118      55
119      82
120      0
121      0
122      63
123      98
124      0
125      64
126      0
127      82
128      51
129      68
130      86
131      86
132      76
133      83
134      0
135      60
136      0
137      76
138      78
139      0
140      53
141      75
142      89
143      97
144      50
145      77
146      80
147      60
148      0
149      88
150      94
151      0
152      0
153      0
154      55
155      84
156      98
157      0
158      67
159      0
160      84
161      60
162      75
163      0
164      93
165      96
166      49
167      0
168      0
169      74
170      0
171      93
172      0
173      77
174      67
175      0
176      55
177      45
178      83
179      0
180      79
181      44
182      76
183      0
184      64
185      0
186      86
187      100
188      52
189      79
190      85
191      49
192      88
193      70
194      0
195      0
196      0
197      61
198      0
199      91
200      93
201      0
202      97
203      84
204      0
205      86
206      66
207      0
208      89
209      86
210      0
211      0
212      80
213      77
214      0
215      0
216      57
217      100
218      61
219      0
220      85
221      98
222      98
223      56
224      0
225      50
226      0
227      62
228      89
229      0
230      0
231      0
232      73
233      66
234      0
235      0
236      0
237      0
238      50
239      69
240      98
241      0
242      64
243      52
244      85
245      99
246      84
247      47
248      0
249      0
250      93
251      87
252      88
253      50
254      0
255      0
256      98
257      94
258      77
259      100
260      0
261      86
262      0
263      82
264      60
265      99
266      0
267      0
268      80
269      82
270      0
271      44
272      0
273      0
274      73
275      60
276      0
277      0
278      87
279      76
280      82
281      100
282      0
283      0
284      0
285      0
286      0
287      66
288      0
289      74
290      83
291      46
292      74
293      70
294      76
295      0
296      0
297      57
298      0
299      0
300      51
301      100
302      58
303      98
304      99
305      0
306      0
307      59
308      0
309      100
310      60
311      93
312      76
313      57
314      0
315      83
316      95
317      93
318      93
319      65
320      96
321      99
322      96
323      63
324      93
325      0
326      88
327      70
328      59
329      99
330      52
331      0
332      60
333      100
334      66
335      0
336      0
337      96
338      67
339      75
340      95
341      62
342      81
343      0
344      98
345      52
346      100
347      0
348      0
349      0
350      0
351      0
352      0
353      98
354      65
355      48
356      47
357      69
358      0
359      0
360      0
361      96
362      76
363      87
364      54
365      0
366      0
367      0
368      70
369      84
370      0
371      85
372      93
373      53
374      60
375      95
376      74
377      50
378      0
379      0
380      0
381      70
382      0
383      0
384      0
385      0
386      0
387      66
388      0
389      66
390      47
391      0
392      56
393      0
394      0
395      76
396      0
397      0
398      62
399      95
400      0
401      82
402      63
403      65
404      95
405      81
406      90
407      0
408      0
409      74
410      73
411      0
412      95
413      64
414      97
415      74
416      51
417      0
418      0
419      0
420      0
421      96
422      81
423      0
424      44
425      61
426      98
427      0
428      0
429      96
430      96
431      0
432      0
433      86
434      0
435      100
436      0
437      0
438      46
439      63
440      14
441      60
442      91
443      93
444      57
445      0
446      88
447      0
448      0
449      51
450      63
451      83
452      62
453      0
454      0
455      59
456      0
457      98
458      0
459      75
460      55
461      0
462      0
463      73
464      93
465      100
466      96
467      66
468      98
469      57
470      88
471      0
472      75
473      0
474      73
475      63
476      0
477      0
478      0
479      0
480      84
481      63
482      99
483      0
484      60
485      58
486      0
487      0
488      84
489      0
490      55
491      51
492      0
493      0
494      69
495      89
496      87
497      98
498      82
499      100
500      0
501      98
502      83
503      58
504      0
505      96
506      46
507      0
508      0
509      0
510      94
511      87
512      63
513      0
514      0
515      0
516      100
517      99
518      100
519      47
520      90
521      0
522      0
523      60
524      89
525      72
526      66
527      0
528      0
529      71
530      55
531      0
532      0
533      83
534      53
535      97
536      94
537      89
538      97
539      77
540      94
541      0
542      55
543      67
544      98
545      60
546      100
547      72
548      0
549      0
550      96
551      0
552      91
553      58
554      95
555      80
556      0
557      0
558      87
559      100
560      60
561      89
562      0
563      47
564      0
565      0
566      73
567      0
568      54
569      80
570      0
571      60
572      75
573      0
574      49
575      80
576      0
577      85
578      79
579      0
580      53
581      0
582      93
583      0
584      60
585      88
586      100
587      76
588      77
589      49
590      0
591      89
592      97
593      73
594      65
595      50
596      46
597      0
598      76
599      97
600      0
601      67
602      0
603      86
604      96
605      91
606      0
607      79
608      58
609      45
610      99
611      93
612      91
613      96
614      96
615      93
616      88
617      82
618      0
619      96
620      59
621      89
622      99
623      100
624      87
625      68
626      60
627      34
628      0
629      74
630      96
631      78
632      0
633      0
634      97
635      64
636      91
637      95
638      0
639      94
640      100
641      89
642      66
643      0
644      0
645      89
646      86
647      62
648      87
649      22
650      62
651      100
652      0
653      80
654      50
655      0
656      93
657      74
658      75
659      80
660      89
661      81
662      79
663      64
664      0
665      96
666      100
667      98
668      0
669      98
670      98
671      50
672      80
673      0
674      50
675      74
676      0
677      0
678      80
679      86
680      58
681      63
682      99
683      0
684      0
685      0
686      84
687      99
688      94
689      0
690      85
691      0
692      0
693      61
694      72
695      100
696      100
697      100
698      0
699      70
700      0
701      97
702      0
703      58
704      82
705      0
706      48
707      70
708      85
709      86
710      75
711      50
712      60
713      74
714      73
715      96
716      0
717      100
718      100
719      100
720      93
721      88
722      93
723      52
724      0
725      79
726      0
727      0
728      0
729      65
730      91
731      0
732      76
733      83
734      92
735      0
736      79
737      0
738      0
739      54
740      69
741      100
742      98
743      66
744      56
745      51
746      49
747      99
748      0
749      83
750      77
751      74
752      0
753      0
754      56
755      0
756      88
757      68
758      0
759      88
760      47
761      97
762      79
763      0
764      0
765      97
766      96
767      0
768      0
769      88
770      56
771      0
772      50
773      93
774      100
775      82
776      43
777      0
778      0
779      52
780      84
781      100
782      0
783      92
784      0
785      0
786      0
787      95
788      67
789      0
790      50
791      65
792      90
793      75
794      82
795      79
796      0
797      46
798      0
799      0
800      0
801      96
802      0
803      94
804      0
805      99
806      0
807      87
808      70
809      83
810      0
811      98
812      49
813      0
814      51
815      84
816      0
817      76
818      85
819      86
820      49
821      98
822      0
823      45
824      68
825      49
826      76
827      86
828      60
829      0
830      51
831      0
832      82
833      95
834      49
835      0
836      89
837      55
838      66
839      70
840      40
841      78
842      95
843      93
844      0
845      0
846      77
847      0
848      0
849      0
850      60
851      49
852      76
853      0
854      60
855      64
856      0
857      93
858      49
859      82
860      62
861      76
862      92
863      86
864      0
865      86
866      93
867      89
868      0
869      79
870      71
871      99
872      79
873      0
874      99
875      91
876      74
877      0
878      77
879      0
880      85
881      0
882      62
883      96
884      65
885      82
886      94
887      0
888      83
889      98
890      0
891      77
892      96
893      46
894      66
895      58
896      0
897      42
898      93
899      0
900      0
901      0
902      0
903      46
904      80
905      0
906      64
907      0
908      89
909      72
910      0
911      86
912      69
913      76
914      99
915      0
916      0
917      52
918      77
919      0
920      0
921      0
922      89
923      73
924      93
925      64
926      100
927      74
928      60
929      71
930      93
931      0
932      67
933      100
934      86
935      74
936      63
937      0
938      0
939      71
940      0
941      96
942      0
943      45
944      100
945      100
946      50
947      94
948      51
949      99
950      95
951      0
952      99
953      98
954      0
955      83
956      62
957      66
958      0
959      92
960      0
961      95
962      0
963      100
964      0
965      94
966      98
967      99
968      81
969      78
970      66
971      0
972      52
973      0
974      0
975      62
976      69
977      85
978      100
979      0
980      0
981      46
982      0
983      100
984      83
985      63
986      0
987      97
988      0
989      0
990      77
991      74
992      0
993      0
994      0
995      99
996      0
997      97
998      89
999      77
1000      78
1001      0
1002      0
1003      70
1004      48
1005      0
1006      97
1007      45
1008      83
1009      93
1010      0
1011      94
1012      53
1013      0
1014      0
1015      97
1016      0
1017      99
1018      77
1019      0
1020      59
1021      0
1022      0
1023      0
1024      0
1025      0
1026      0
1027      74
1028      88
1029      75
1030      63
1031      0
1032      69
1033      98
1034      61
1035      68
1036      99
1037      0
1038      93
1039      61
1040      0
1041      0
1042      0
1043      98
1044      0
1045      86
1046      80
1047      98
1048      0
1049      47
1050      0
1051      50
1052      0
1053      98
1054      0
1055      0
1056      83
1057      0
1058      97
1059      94
1060      47
1061      81
1062      53
1063      0
1064      99
1065      84
1066      0
1067      56
1068      0
1069      0
1070      60
1071      0
1072      0
1073      97
1074      95
1075      0
1076      100
1077      99
1078      81
1079      65
1080      91
1081      79
1082      0
1083      71
1084      74
1085      100
1086      67
1087      0
1088      46
1089      0
1090      49
1091      0
1092      0
1093      68
1094      0
1095      0
1096      0
1097      99
1098      99
1099      77
1100      63
1101      99
1102      64
1103      0
1104      64
1105      99
1106      0
1107      70
1108      47
1109      0
1110      0
1111      64
1112      57
1113      47
1114      0
1115      72
1116      0
1117      0
1118      74
1119      47
1120      100
1121      85
1122      46
1123      60
1124      70
1125      95
1126      48
1127      92
1128      0
1129      84
1130      74
1131      58
1132      0
1133      53
1134      53
1135      64
1136      74
1137      0
1138      70
1139      85
1140      95
1141      100
1142      84
1143      0
1144      0
1145      51
1146      74
1147      96
1148      51
1149      64
1150      75
1151      0
1152      97
1153      98
1154      0
1155      0
1156      100
1157      71
1158      50
1159      74
1160      0
1161      70
1162      63
1163      0
1164      0
1165      97
1166      53
1167      82
1168      76
1169      58
1170      0
1171      0
1172      73
1173      53
1174      99
1175      0
1176      43
1177      100
1178      0
1179      93
1180      0
1181      47
1182      0
1183      82
1184      0
1185      0
1186      96
1187      0
1188      0
1189      96
1190      90
1191      88
1192      51
1193      87
1194      0
1195      100
1196      71
1197      55
1198      99
1199      74
1200      85
1201      52
1202      98
1203      94
1204      81
1205      0
1206      0
1207      0
1208      96
1209      72
1210      77
1211      85
1212      81
1213      78
1214      74
1215      88
1216      98
1217      0
1218      63
1219      100
1220      93
1221      70
1222      0
1223      0
1224      0
1225      0
1226      91
1227      66
1228      97
1229      93
1230      0
1231      100
1232      48
1233      84
1234      74
1235      95
1236      0
1237      0
1238      100
1239      97
1240      0
1241      0
1242      62
1243      0
1244      46
1245      61
1246      99
1247      0
1248      100
1249      97
1250      77
1251      0
1252      0
1253      0
1254      0
1255      98
1256      82
1257      0
1258      93
1259      55
1260      59
1261      100
1262      0
1263      51
1264      0
1265      70
1266      51
1267      66
1268      0
1269      0
1270      72
1271      89
1272      0
1273      83
1274      97
1275      98
1276      88
1277      0
1278      0
1279      98
1280      62
1281      89
1282      92
1283      0
1284      53
1285      59
1286      0
1287      97
1288      52
1289      0
1290      0
1291      0
1292      95
1293      0
1294      81
1295      0
1296      69
1297      0
1298      69
1299      0
1300      98
1301      61
1302      0
1303      0
1304      0
1305      0
1306      69
1307      70
1308      0
1309      0
1310      0
1311      82
1312      0
1313      49
1314      93
1315      0
1316      0
1317      0
1318      81
1319      99
1320      100
1321      100
1322      80
1323      77
1324      51
1325      0
1326      75
1327      96
1328      94
1329      0
1330      0
1331      85
1332      0
1333      56
1334      100
1335      100
1336      0
1337      59
1338      0
1339      100
1340      96
1341      0
1342      0
1343      94
1344      100
1345      99
1346      98
1347      0
1348      98
1349      59
1350      0
1351      0
1352      0
1353      91
1354      100
1355      0
1356      100
1357      0
1358      93
1359      74
1360      65
1361      94
1362      0
1363      90
1364      0
1365      79
1366      99
1367      0
1368      99
1369      0
1370      51
1371      0
1372      77
1373      0
1374      87
1375      77
1376      57
1377      94
1378      0
1379      0
1380      69
1381      60
1382      76
1383      87
1384      71
1385      97
1386      91
1387      79
1388      77
1389      100
1390      63
1391      0
1392      98
1393      57
1394      91
1395      90
1396      0
1397      0
1398      90
1399      98
1400      0
1401      93
1402      0
1403      0
1404      56
1405      67
1406      0
1407      78
1408      0
1409      64
1410      81
1411      0
1412      70
1413      0
1414      94
1415      0
1416      0
1417      40
1418      82
1419      0
1420      77
1421      95
1422      93
1423      0
1424      43
1425      92
1426      94
1427      0
1428      97
1429      69
1430      68
1431      98
1432      100
1433      0
1434      0
1435      99
1436      0
1437      71
1438      100
1439      94
1440      89
1441      86
1442      79
1443      0
1444      55
1445      93
1446      64
1447      0
1448      0
1449      100
1450      44
1451      96
1452      0
1453      0
1454      56
1455      96
1456      26
1457      67
1458      48
1459      0
1460      93
1461      0
1462      0
1463      83
1464      0
1465      54
1466      99
1467      0
1468      73
1469      0
1470      60
1471      99
1472      0
1473      99
1474      0
1475      53
1476      100
1477      57
1478      72
1479      74
1480      93
1481      95
1482      100
1483      98
1484      85
1485      0
1486      0
1487      52
1488      0
1489      0
1490      60
1491      77
1492      0
1493      51
1494      0
1495      0
1496      97
1497      87
1498      80
1499      65
1500      0
1501      0
1502      0
1503      0
1504      51
1505      98
1506      88
1507      59
1508      0
1509      49
1510      58
1511      0
1512      71
1513      85
1514      0
1515      93
1516      99
1517      100
1518      0
1519      88
1520      0
1521      0
1522      89
1523      98
1524      77
1525      77
1526      69
1527      64
1528      76
1529      87
1530      85
1531      0
1532      0
1533      85
1534      98
1535      88
1536      91
1537      98
1538      0
1539      74
1540      0
1541      77
1542      66
1543      99
1544      0
1545      0
1546      0
1547      73
1548      63
1549      85
1550      64
1551      56
1552      100
1553      56
1554      99
1555      47
1556      0
1557      100
1558      0
1559      0
1560      0
1561      0
1562      79
1563      55
1564      77
1565      59
1566      94
1567      0
1568      93
1569      60
1570      74
1571      50
1572      0
1573      0
1574      93
1575      100
1576      54
1577      61
1578      54
1579      65
1580      56
1581      0
1582      0
1583      0
1584      0
1585      46
1586      78
1587      52
1588      98
1589      0
1590      0
1591      56
1592      71
1593      0
1594      0
1595      0
1596      82
1597      78
1598      60
1599      0
1600      0
1601      0
1602      0
1603      75
1604      100
1605      0
1606      97
1607      56
1608      0
1609      55
1610      0
1611      91
1612      0
1613      62
1614      0
1615      80
1616      0
1617      80
1618      57
1619      0
1620      48
1621      85
1622      98
1623      92
1624      72
1625      0
1626      0
1627      0
1628      65
1629      83
1630      87
1631      98
1632      0
1633      91
1634      0
1635      0
1636      0
1637      0
1638      60
1639      66
1640      87
1641      72
1642      0
1643      65
1644      0
1645      96
1646      0
1647      89
1648      0
1649      0
1650      60
1651      87
1652      100
1653      0
1654      0
1655      43
1656      57
1657      0
1658      93
1659      0
1660      0
1661      73
1662      96
1663      85
1664      0
1665      74
1666      0
1667      0
1668      57
1669      80
1670      75
1671      0
1672      88
1673      99
1674      100
1675      99
1676      0
1677      53
1678      52
1679      0
1680      0
1681      76
1682      77
1683      49
1684      66
1685      98
1686      99
1687      66
1688      98
1689      51
1690      93
1691      0
1692      81
1693      0
1694      84
1695      91
1696      55
1697      47
1698      73
1699      62
1700      0
1701      0
1702      89
1703      74
1704      69
1705      87
1706      96
1707      69
1708      99
1709      0
1710      0
1711      100
1712      0
1713      98
1714      0
1715      0
1716      98
1717      0
1718      0
1719      52
1720      74
1721      92
1722      88
1723      99
1724      99
1725      72
1726      87
1727      66
1728      85
1729      98
1730      0
1731      90
1732      0
1733      52
1734      85
1735      88
1736      0
1737      43
1738      100
1739      91
1740      53
1741      100
1742      67
1743      0
1744      86
1745      0
1746      14
1747      0
1748      97
1749      77
1750      91
1751      0
1752      98
1753      61
1754      84
1755      97
1756      0
1757      86
1758      93
1759      98
1760      0
1761      0
1762      100
1763      0
1764      0
1765      0
1766      58
1767      93
1768      0
1769      65
1770      67
1771      80
1772      0
1773      96
1774      0
1775      0
1776      87
1777      0
1778      91
1779      100
1780      71
1781      70
1782      0
1783      0
1784      85
1785      90
1786      67
1787      66
1788      0
1789      97
1790      0
1791      0
1792      0
1793      0
1794      90
1795      48
1796      98
1797      80
1798      46
1799      0
1800      0
1801      81
1802      89
1803      96
1804      77
1805      45
1806      0
1807      50
1808      78
1809      0
1810      44
1811      95
1812      74
1813      79
1814      0
1815      0
1816      53
1817      89
1818      0
1819      70
1820      60
1821      96
1822      0
1823      0
1824      54
1825      58
1826      80
1827      96
1828      0
1829      0
1830      62
1831      0
1832      0
1833      98
1834      69
1835      0
1836      0
1837      61
1838      98
1839      78
1840      74
1841      97
1842      0
1843      0
1844      63
1845      99
1846      0
1847      74
1848      51
1849      93
1850      93
1851      65
1852      0
1853      91
1854      0
1855      100
1856      50
1857      0
1858      47
1859      97
1860      63
1861      96
1862      0
1863      96
1864      0
1865      0
1866      64
1867      97
1868      65
1869      0
1870      87
1871      98
1872      0
1873      80
1874      66
1875      0
1876      0
1877      0
1878      0
1879      0
1880      63
1881      62
1882      84
1883      100
1884      0
1885      50
1886      0
1887      0
1888      0
1889      96
1890      47
1891      93
1892      64
1893      77
1894      0
1895      0
1896      0
1897      98
1898      53
1899      0
1900      0
1901      40
1902      0
1903      52
1904      98
1905      90
1906      57
1907      0
1908      45
1909      96
1910      84
1911      73
1912      88
1913      0
1914      49
1915      92
1916      67
1917      0
1918      49
1919      57
1920      77
1921      99
1922      44
1923      49
1924      0
1925      97
1926      99
1927      0
1928      60
1929      72
1930      74
1931      83
1932      50
1933      44
1934      44
1935      0
1936      87
1937      48
1938      0
1939      96
1940      0
1941      0
1942      92
1943      98
1944      0
1945      93
1946      0
1947      63
1948      0
1949      52
1950      0
1951      94
1952      91
1953      70
1954      0
1955      95
1956      91
1957      0
1958      54
1959      81
1960      69
1961      66
1962      0
1963      99
1964      67
1965      0
1966      88
1967      100
1968      81
1969      82
1970      99
1971      0
1972      0
1973      49
1974      88
1975      89
1976      98
1977      86
1978      0
1979      61
1980      0
1981      0
1982      0
1983      0
1984      89
1985      0
1986      52
1987      96
1988      0
1989      0
1990      83
1991      0
1992      99
1993      70
1994      90
1995      57
1996      84
1997      99
1998      62
1999      69
2000      99
2001      59
2002      70
2003      70
2004      0
2005      96
2006      79
2007      93
2008      89
2009      0
2010      80
2011      52
2012      0
2013      100
2014      92
2015      0
2016      77
2017      0
2018      77
2019      94
2020      88
2021      68
2022      93
2023      0
2024      0
2025      93
2026      88
2027      93
2028      0
2029      0
2030      0
2031      64
2032      81
2033      0
2034      97
2035      0
2036      83
2037      0
2038      73
2039      0
2040      49
2041      45
2042      49
2043      100
2044      74
2045      0
2046      0
2047      98
2048      0
2049      80
2050      99
2051      48
2052      57
2053      89
2054      0
2055      51
2056      77
2057      51
2058      81
2059      52
2060      57
2061      0
2062      75
2063      46
2064      0
2065      66
2066      0
2067      0
2068      44
2069      0
2070      99
2071      0
2072      0
2073      72
2074      89
2075      98
2076      78
2077      100
2078      88
2079      88
2080      50
2081      0
2082      100
2083      90
2084      0
2085      75
2086      93
2087      0
2088      90
2089      0
2090      96
2091      93
2092      55
2093      93
2094      47
2095      94
2096      85
2097      83
2098      65
2099      99
2100      57
2101      74
2102      0
2103      71
2104      89
2105      0
2106      99
2107      69
2108      93
2109      0
2110      0
2111      46
2112      79
2113      60
2114      46
2115      77
2116      94
2117      97
2118      96
2119      0
2120      0
2121      73
2122      80
2123      54
2124      99
2125      100
2126      58
2127      39
2128      96
2129      99
2130      0
2131      70
2132      0
2133      0
2134      0
2135      73
2136      82
2137      86
2138      48
2139      96
2140      100
2141      0
2142      96
2143      77
2144      0
2145      93
2146      79
2147      0
2148      56
2149      63
2150      90
2151      94
2152      75
2153      0
2154      83
2155      68
2156      89
2157      100
2158      49
2159      70
2160      0
2161      80
2162      100
2163      90
2164      80
2165      93
2166      94
2167      94
2168      86
2169      59
2170      0
2171      74
2172      0
2173      77
2174      73
2175      86
2176      0
2177      0
2178      0
2179      77
2180      83
2181      69
2182      0
2183      0
2184      0
2185      64
2186      52
2187      55
2188      50
2189      0
2190      0
2191      86
2192      79
2193      100
2194      0
2195      100
2196      100
2197      63
2198      88
2199      91
2200      97
2201      74
2202      0
2203      0
2204      48
2205      77
2206      100
2207      98
2208      65
2209      34
2210      71
2211      0
2212      64
2213      0
2214      98
2215      82
2216      58
2217      77
2218      0
2219      0
2220      92
2221      0
2222      82
2223      58
2224      47
2225      85
2226      75
2227      76
2228      95
2229      0
2230      92
2231      84
2232      0
2233      0
2234      50
2235      0
2236      47
2237      53
2238      75
2239      0
2240      0
2241      65
2242      99
2243      0
2244      0
2245      47
2246      98
2247      0
2248      0
2249      82
2250      87
2251      74
2252      66
2253      91
2254      83
2255      65
2256      68
2257      99
2258      93
2259      0
2260      0
2261      0
2262      88
2263      60
2264      57
2265      58
2266      74
2267      91
2268      63
2269      0
2270      98
2271      56
2272      77
2273      92
2274      87
2275      82
2276      0
2277      50
2278      100
2279      46
2280      96
2281      0
2282      67
2283      0
2284      91
2285      0
2286      71
2287      0
2288      83
2289      87
2290      97
2291      96
2292      70
2293      78
2294      99
2295      0
2296      68
2297      74
2298      0
2299      75
2300      58
2301      0
2302      0
2303      88
2304      0
2305      68
2306      0
2307      93
2308      0
2309      78
2310      96
2311      0
2312      83
2313      56
2314      0
2315      88
2316      66
2317      0
2318      60
2319      54
2320      53
2321      69
2322      0
2323      73
2324      98
2325      97
2326      77
2327      0
2328      95
2329      67
2330      0
2331      67
2332      93
2333      0
2334      77
2335      95
2336      0
2337      89
2338      0
2339      67
2340      0
2341      64
2342      0
2343      0
2344      98
2345      46
2346      52
2347      100
2348      0
2349      97
2350      0
2351      60
2352      0
2353      99
2354      63
2355      61
2356      61
2357      99
2358      86
2359      60
2360      100
2361      0
2362      0
2363      100
2364      0
2365      0
2366      93
2367      94
2368      53
2369      0
2370      83
2371      75
2372      0
2373      77
2374      48
2375      47
2376      0
2377      0
2378      53
2379      0
2380      88
2381      70
2382      89
2383      60
2384      100
2385      98
2386      100
2387      64
2388      70
2389      96
2390      93
2391      84
2392      94
2393      0
2394      0
2395      96
2396      0
2397      0
2398      0
2399      77
2400      99
2401      67
2402      90
2403      59
2404      0
2405      0
2406      0
2407      88
2408      67
2409      82
2410      95
2411      0
2412      94
2413      63
2414      92
2415      85
2416      99
2417      0
2418      0
2419      0
2420      0
2421      100
2422      0
2423      95
2424      88
2425      100
2426      0
2427      0
2428      84
2429      0
2430      0
2431      54
2432      93
2433      0
2434      80
2435      87
2436      79
2437      81
2438      34
2439      46
2440      91
2441      0
2442      0
2443      100
2444      75
2445      0
2446      65
2447      100
2448      63
2449      85
2450      0
2451      0
2452      100
2453      87
2454      46
2455      75
2456      48
2457      100
2458      98
2459      73
2460      100
2461      97
2462      99
2463      61
2464      87
2465      100
2466      91
2467      95
2468      93
2469      97
2470      0
2471      0
2472      62
2473      90
2474      0
2475      0
2476      0
2477      0
2478      0
2479      86
2480      95
2481      0
2482      94
2483      95
2484      62
2485      99
2486      96
2487      59
2488      0
2489      64
2490      67
2491      74
2492      0
2493      0
2494      86
2495      0
2496      0
2497      57
2498      58
2499      61
       84902.3
