0      97
1      0
2      0
3      0
4      91
5      0
6      0
7      94
8      84
9      79
10      51
11      0
12      0
13      72
14      67
15      55
16      83
17      0
18      0
19      57
20      0
21      82
22      79
23      98
24      0
25      66
26      65
27      86
28      0
29      100
30      98
31      0
32      99
33      66
34      0
35      96
36      99
37      68
38      0
39      67
40      82
41      94
42      46
43      99
44      0
45      0
46      69
47      0
48      63
49      0
50      0
51      93
52      0
53      45
54      93
55      0
56      0
57      83
58      81
59      75
60      57
61      0
62      0
63      64
64      92
65      60
66      67
67      86
68      55
69      96
70      0
71      0
72      74
73      0
74      97
75      85
76      100
77      0
78      74
79      52
80      99
81      0
82      77
83      84
84      78
85      84
86      99
87      0
88      87
89      94
90      97
91      0
92      68
93      58
94      0
95      0
96      65
97      0
98      59
99      0
100      54
101      0
102      0
103      91
104      0
105      85
106      94
107      0
108      0
109      80
110      77
111      86
112      74
113      69
114      0
115      0
116      0
117      99
118      0
119      74
120      99
121      88
122      92
123      0
124      0
125      0
126      0
127      68
128      84
129      61
130      92
131      85
132      87
133      0
134      0
135      70
136      99
137      82
138      78
139      99
140      66
141      0
142      100
143      96
144      99
145      55
146      81
147      0
148      0
149      100
150      99
151      88
152      87
153      0
154      60
155      99
156      55
157      56
158      0
159      82
160      46
161      96
162      90
163      85
164      99
165      0
166      81
167      64
168      99
169      70
170      60
171      0
172      0
173      76
174      0
175      93
176      71
177      86
178      0
179      93
180      94
181      100
182      88
183      82
184      60
185      61
186      83
187      0
188      60
189      100
190      95
191      0
192      99
193      50
194      0
195      0
196      0
197      77
198      0
199      0
200      97
201      92
202      65
203      0
204      0
205      71
206      69
207      0
208      88
209      0
210      78
211      94
212      98
213      0
214      0
215      0
216      83
217      100
218      74
219      49
220      0
221      51
222      69
223      94
224      0
225      83
226      53
227      99
228      63
229      81
230      96
231      0
232      0
233      0
234      0
235      0
236      0
237      74
238      100
239      0
240      69
241      0
242      0
243      0
244      0
245      57
246      0
247      94
248      0
249      0
250      99
251      66
252      0
253      0
254      94
255      95
256      85
257      0
258      93
259      97
260      64
261      84
262      0
263      0
264      0
265      0
266      69
267      0
268      47
269      65
270      97
271      85
272      71
273      51
274      100
275      0
276      68
277      0
278      99
279      64
280      0
281      97
282      93
283      60
284      0
285      88
286      0
287      49
288      0
289      100
290      79
291      58
292      98
293      73
294      0
295      0
296      77
297      89
298      0
299      0
300      91
301      74
302      61
303      98
304      0
305      0
306      0
307      65
308      0
309      0
310      79
311      0
312      98
313      0
314      98
315      53
316      57
317      51
318      99
319      84
320      0
321      50
322      99
323      73
324      59
325      0
326      0
327      49
328      0
329      60
330      0
331      83
332      0
333      49
334      99
335      63
336      0
337      47
338      97
339      83
340      78
341      98
342      62
343      84
344      96
345      73
346      52
347      46
348      90
349      51
350      96
351      62
352      70
353      0
354      59
355      0
356      65
357      44
358      0
359      87
360      0
361      94
362      88
363      99
364      0
365      83
366      99
367      84
368      52
369      0
370      50
371      0
372      83
373      69
374      99
375      0
376      0
377      98
378      86
379      78
380      73
381      0
382      0
383      93
384      0
385      96
386      0
387      0
388      69
389      65
390      52
391      0
392      95
393      98
394      69
395      73
396      0
397      0
398      0
399      97
400      0
401      0
402      71
403      99
404      99
405      99
406      91
407      0
408      72
409      98
410      88
411      0
412      0
413      100
414      63
415      0
416      0
417      78
418      0
419      88
420      0
421      73
422      99
423      49
424      0
425      0
426      0
427      0
428      59
429      100
430      0
431      99
432      66
433      0
434      94
435      66
436      0
437      47
438      0
439      84
440      73
441      93
442      93
443      0
444      92
445      82
446      0
447      92
448      98
449      67
450      73
451      87
452      0
453      57
454      78
455      0
456      88
457      96
458      0
459      91
460      0
461      86
462      70
463      49
464      68
465      0
466      0
467      64
468      70
469      69
470      0
471      0
472      100
473      49
474      80
475      61
476      72
477      0
478      0
479      0
480      0
481      0
482      0
483      0
484      85
485      59
486      81
487      62
488      83
489      42
490      60
491      0
492      93
493      0
494      48
495      92
496      93
497      0
498      51
499      58
500      68
501      0
502      59
503      0
504      65
505      78
506      86
507      0
508      88
509      97
510      56
511      53
512      89
513      63
514      0
515      53
516      0
517      0
518      63
519      59
520      48
521      0
522      75
523      99
524      99
525      78
526      0
527      60
528      96
529      96
530      61
531      69
532      0
533      67
534      60
535      0
536      0
537      94
538      85
539      71
540      0
541      0
542      0
543      86
544      95
545      99
546      62
547      0
548      97
549      0
550      97
551      84
552      0
553      0
554      0
555      99
556      0
557      87
558      0
559      0
560      0
561      0
562      64
563      53
564      55
565      0
566      88
567      0
568      89
569      0
570      88
571      100
572      84
573      0
574      86
575      91
576      0
577      74
578      100
579      0
580      100
581      71
582      68
583      64
584      94
585      0
586      99
587      79
588      63
589      74
590      97
591      64
592      0
593      0
594      62
595      64
596      93
597      88
598      0
599      0
600      0
601      0
602      77
603      97
604      0
605      46
606      0
607      78
608      93
609      99
610      48
611      0
612      96
613      0
614      54
615      78
616      0
617      68
618      67
619      62
620      0
621      100
622      51
623      96
624      0
625      100
626      75
627      84
628      0
629      72
630      75
631      73
632      92
633      0
634      98
635      0
636      0
637      96
638      94
639      0
640      0
641      0
642      49
643      86
644      96
645      83
646      64
647      0
648      48
649      97
650      0
651      0
652      91
653      0
654      0
655      84
656      57
657      83
658      0
659      100
660      90
661      54
662      0
663      53
664      46
665      71
666      75
667      73
668      0
669      56
670      84
671      96
672      53
673      98
674      0
675      0
676      0
677      78
678      70
679      100
680      0
681      0
682      99
683      0
684      0
685      0
686      86
687      53
688      85
689      96
690      0
691      0
692      78
693      81
694      77
695      85
696      0
697      0
698      83
699      0
700      59
701      83
702      61
703      0
704      0
705      89
706      0
707      78
708      0
709      98
710      95
711      100
712      78
713      0
714      0
715      93
716      99
717      100
718      75
719      80
720      0
721      61
722      73
723      70
724      61
725      43
726      51
727      98
728      59
729      67
730      88
731      96
732      0
733      0
734      84
735      95
736      0
737      0
738      97
739      0
740      91
741      57
742      95
743      96
744      73
745      58
746      0
747      93
748      83
749      0
750      41
751      0
752      0
753      55
754      83
755      69
756      69
757      86
758      60
759      0
760      0
761      94
762      0
763      0
764      70
765      0
766      77
767      48
768      0
769      88
770      0
771      0
772      56
773      98
774      71
775      83
776      54
777      0
778      65
779      67
780      91
781      83
782      99
783      95
784      0
785      64
786      78
787      0
788      83
789      54
790      0
791      0
792      75
793      0
794      95
795      59
796      55
797      0
798      99
799      0
800      73
801      0
802      56
803      96
804      78
805      0
806      0
807      79
808      56
809      88
810      99
811      0
812      0
813      88
814      92
815      0
816      95
817      98
818      0
819      0
820      0
821      88
822      99
823      85
824      46
825      65
826      0
827      0
828      62
829      0
830      0
831      73
832      99
833      50
834      82
835      0
836      94
837      0
838      60
839      82
840      89
841      55
842      47
843      0
844      92
845      98
846      0
847      74
848      97
849      52
850      89
851      55
852      87
853      87
854      0
855      0
856      94
857      96
858      92
859      50
860      77
861      0
862      0
863      77
864      53
865      96
866      96
867      68
868      0
869      0
870      95
871      0
872      70
873      92
874      99
875      0
876      99
877      88
878      97
879      62
880      46
881      98
882      0
883      85
884      85
885      46
886      59
887      100
888      0
889      82
890      0
891      0
892      98
893      0
894      0
895      93
896      100
897      46
898      0
899      88
900      96
901      100
902      80
903      53
904      48
905      71
906      0
907      86
908      89
909      94
910      70
911      0
912      100
913      0
914      51
915      0
916      61
917      0
918      92
919      0
920      85
921      0
922      0
923      54
924      68
925      54
926      98
927      90
928      84
929      62
930      76
931      64
932      0
933      88
934      98
935      0
936      71
937      0
938      96
939      90
940      0
941      52
942      0
943      99
944      78
945      0
946      67
947      0
948      77
949      0
950      0
951      0
952      0
953      0
954      0
955      0
956      99
957      88
958      82
959      99
960      0
961      59
962      0
963      89
964      77
965      0
966      76
967      60
968      61
969      0
970      56
971      64
972      90
973      96
974      99
975      0
976      0
977      40
978      46
979      65
980      65
981      60
982      82
983      98
984      77
985      0
986      91
987      75
988      0
989      54
990      0
991      0
992      54
993      75
994      98
995      87
996      48
997      99
998      74
999      0
1000      0
1001      87
1002      97
1003      81
1004      64
1005      0
1006      83
1007      74
1008      0
1009      52
1010      75
1011      0
1012      0
1013      0
1014      71
1015      99
1016      51
1017      0
1018      85
1019      100
1020      86
1021      86
1022      94
1023      100
1024      0
1025      97
1026      70
1027      98
1028      86
1029      0
1030      39
1031      0
1032      51
1033      65
1034      98
1035      64
1036      88
1037      49
1038      0
1039      0
1040      0
1041      100
1042      0
1043      100
1044      98
1045      65
1046      53
1047      67
1048      63
1049      66
1050      0
1051      71
1052      55
1053      0
1054      0
1055      55
1056      94
1057      0
1058      77
1059      0
1060      0
1061      56
1062      100
1063      0
1064      51
1065      83
1066      94
1067      98
1068      0
1069      0
1070      96
1071      67
1072      96
1073      65
1074      99
1075      0
1076      50
1077      0
1078      86
1079      73
1080      0
1081      69
1082      74
1083      0
1084      0
1085      98
1086      100
1087      84
1088      0
1089      95
1090      0
1091      87
1092      0
1093      0
1094      44
1095      69
1096      53
1097      75
1098      56
1099      0
1100      0
1101      81
1102      68
1103      78
1104      91
1105      73
1106      69
1107      60
1108      0
1109      0
1110      51
1111      91
1112      100
1113      0
1114      99
1115      77
1116      89
1117      0
1118      84
1119      0
1120      65
1121      99
1122      0
1123      63
1124      0
1125      78
1126      84
1127      51
1128      0
1129      53
1130      0
1131      0
1132      75
1133      96
1134      0
1135      0
1136      97
1137      88
1138      85
1139      0
1140      99
1141      54
1142      0
1143      95
1144      65
1145      0
1146      0
1147      0
1148      0
1149      98
1150      0
1151      0
1152      51
1153      91
1154      0
1155      99
1156      57
1157      91
1158      100
1159      68
1160      56
1161      82
1162      88
1163      60
1164      0
1165      69
1166      56
1167      91
1168      0
1169      0
1170      0
1171      64
1172      99
1173      60
1174      97
1175      0
1176      99
1177      0
1178      0
1179      87
1180      61
1181      99
1182      83
1183      69
1184      56
1185      0
1186      0
1187      73
1188      82
1189      97
1190      49
1191      96
1192      78
1193      0
1194      0
1195      64
1196      93
1197      0
1198      0
1199      0
1200      0
1201      0
1202      0
1203      68
1204      0
1205      92
1206      91
1207      0
1208      89
1209      86
1210      99
1211      79
1212      54
1213      0
1214      91
1215      0
1216      86
1217      84
1218      99
1219      99
1220      88
1221      55
1222      0
1223      100
1224      0
1225      0
1226      98
1227      100
1228      100
1229      99
1230      0
1231      0
1232      68
1233      94
1234      63
1235      0
1236      78
1237      87
1238      83
1239      91
1240      58
1241      0
1242      0
1243      100
1244      0
1245      61
1246      59
1247      0
1248      83
1249      97
1250      100
1251      0
1252      74
1253      0
1254      96
1255      53
1256      0
1257      60
1258      54
1259      98
1260      84
1261      0
1262      75
1263      98
1264      83
1265      99
1266      89
1267      48
1268      96
1269      93
1270      94
1271      85
1272      52
1273      71
1274      100
1275      90
1276      0
1277      98
1278      100
1279      100
1280      0
1281      84
1282      73
1283      79
1284      0
1285      0
1286      87
1287      0
1288      55
1289      59
1290      0
1291      61
1292      0
1293      93
1294      0
1295      98
1296      0
1297      99
1298      0
1299      70
1300      79
1301      81
1302      58
1303      70
1304      83
1305      0
1306      100
1307      0
1308      94
1309      80
1310      94
1311      0
1312      74
1313      0
1314      99
1315      70
1316      81
1317      0
1318      93
1319      0
1320      70
1321      0
1322      99
1323      0
1324      59
1325      68
1326      73
1327      72
1328      85
1329      90
1330      50
1331      71
1332      0
1333      75
1334      69
1335      71
1336      79
1337      90
1338      90
1339      100
1340      68
1341      0
1342      0
1343      0
1344      0
1345      55
1346      0
1347      0
1348      60
1349      76
1350      81
1351      100
1352      0
1353      86
1354      100
1355      0
1356      85
1357      91
1358      97
1359      0
1360      0
1361      93
1362      67
1363      0
1364      78
1365      61
1366      88
1367      74
1368      59
1369      91
1370      99
1371      91
1372      92
1373      84
1374      75
1375      99
1376      91
1377      82
1378      70
1379      60
1380      80
1381      0
1382      91
1383      0
1384      70
1385      0
1386      94
1387      0
1388      0
1389      99
1390      0
1391      0
1392      0
1393      79
1394      92
1395      78
1396      97
1397      60
1398      93
1399      0
1400      73
1401      98
1402      77
1403      83
1404      95
1405      70
1406      89
1407      0
1408      0
1409      51
1410      100
1411      83
1412      97
1413      87
1414      91
1415      0
1416      59
1417      0
1418      94
1419      62
1420      66
1421      96
1422      0
1423      0
1424      91
1425      89
1426      58
1427      60
1428      45
1429      88
1430      100
1431      92
1432      54
1433      78
1434      0
1435      91
1436      99
1437      0
1438      71
1439      98
1440      82
1441      58
1442      0
1443      0
1444      0
1445      79
1446      93
1447      0
1448      71
1449      94
1450      0
1451      99
1452      79
1453      0
1454      0
1455      69
1456      67
1457      0
1458      98
1459      55
1460      0
1461      90
1462      91
1463      100
1464      0
1465      0
1466      0
1467      99
1468      45
1469      99
1470      86
1471      73
1472      99
1473      0
1474      70
1475      48
1476      58
1477      0
1478      0
1479      75
1480      0
1481      99
1482      86
1483      0
1484      0
1485      93
1486      61
1487      81
1488      86
1489      0
1490      91
1491      87
1492      50
1493      47
1494      70
1495      91
1496      0
1497      97
1498      0
1499      60
1500      99
1501      100
1502      0
1503      64
1504      0
1505      97
1506      0
1507      69
1508      0
1509      0
1510      0
1511      72
1512      38
1513      50
1514      68
1515      94
1516      47
1517      0
1518      80
1519      0
1520      63
1521      0
1522      78
1523      98
1524      85
1525      77
1526      0
1527      71
1528      46
1529      100
1530      68
1531      70
1532      67
1533      96
1534      0
1535      69
1536      78
1537      0
1538      0
1539      99
1540      0
1541      100
1542      0
1543      50
1544      90
1545      75
1546      0
1547      92
1548      52
1549      0
1550      88
1551      80
1552      0
1553      0
1554      94
1555      0
1556      71
1557      64
1558      75
1559      99
1560      94
1561      61
1562      0
1563      91
1564      54
1565      0
1566      0
1567      80
1568      0
1569      0
1570      93
1571      93
1572      87
1573      94
1574      0
1575      0
1576      94
1577      0
1578      99
1579      59
1580      65
1581      70
1582      0
1583      96
1584      0
1585      99
1586      82
1587      57
1588      0
1589      0
1590      93
1591      0
1592      0
1593      86
1594      0
1595      90
1596      68
1597      96
1598      96
1599      0
1600      0
1601      87
1602      84
1603      94
1604      56
1605      0
1606      83
1607      76
1608      91
1609      0
1610      54
1611      0
1612      0
1613      0
1614      0
1615      98
1616      93
1617      91
1618      0
1619      49
1620      0
1621      52
1622      73
1623      93
1624      46
1625      56
1626      0
1627      51
1628      83
1629      90
1630      91
1631      99
1632      62
1633      0
1634      0
1635      85
1636      0
1637      98
1638      64
1639      71
1640      0
1641      75
1642      0
1643      62
1644      84
1645      97
1646      85
1647      0
1648      94
1649      86
1650      80
1651      96
1652      82
1653      67
1654      0
1655      0
1656      73
1657      0
1658      0
1659      73
1660      0
1661      0
1662      81
1663      85
1664      99
1665      96
1666      0
1667      0
1668      75
1669      88
1670      60
1671      80
1672      0
1673      0
1674      66
1675      0
1676      93
1677      84
1678      93
1679      99
1680      0
1681      89
1682      80
1683      97
1684      60
1685      0
1686      78
1687      66
1688      0
1689      66
1690      63
1691      0
1692      83
1693      45
1694      82
1695      0
1696      87
1697      70
1698      56
1699      0
1700      80
1701      0
1702      100
1703      0
1704      56
1705      78
1706      70
1707      99
1708      68
1709      74
1710      65
1711      91
1712      95
1713      90
1714      78
1715      90
1716      58
1717      0
1718      100
1719      57
1720      99
1721      71
1722      85
1723      0
1724      61
1725      0
1726      78
1727      62
1728      100
1729      0
1730      92
1731      95
1732      99
1733      58
1734      0
1735      83
1736      82
1737      0
1738      96
1739      64
1740      65
1741      87
1742      68
1743      0
1744      59
1745      0
1746      82
1747      91
1748      0
1749      0
1750      52
1751      39
1752      99
1753      69
1754      98
1755      0
1756      64
1757      0
1758      72
1759      69
1760      0
1761      56
1762      84
1763      0
1764      0
1765      60
1766      0
1767      0
1768      0
1769      50
1770      86
1771      73
1772      95
1773      0
1774      100
1775      63
1776      0
1777      93
1778      71
1779      0
1780      0
1781      66
1782      96
1783      66
1784      0
1785      94
1786      98
1787      51
1788      100
1789      99
1790      71
1791      0
1792      76
1793      63
1794      87
1795      57
1796      66
1797      82
1798      0
1799      0
1800      0
1801      0
1802      79
1803      81
1804      74
1805      46
1806      0
1807      0
1808      0
1809      0
1810      78
1811      95
1812      0
1813      99
1814      0
1815      70
1816      0
1817      68
1818      0
1819      58
1820      100
1821      53
1822      56
1823      0
1824      65
1825      71
1826      0
1827      97
1828      59
1829      96
1830      0
1831      0
1832      92
1833      60
1834      0
1835      90
1836      100
1837      100
1838      99
1839      93
1840      0
1841      0
1842      69
1843      0
1844      0
1845      99
1846      0
1847      0
1848      95
1849      0
1850      99
1851      90
1852      0
1853      46
1854      0
1855      0
1856      55
1857      0
1858      59
1859      80
1860      96
1861      49
1862      89
1863      78
1864      0
1865      87
1866      0
1867      91
1868      0
1869      74
1870      100
1871      0
1872      0
1873      90
1874      96
1875      0
1876      45
1877      91
1878      93
1879      99
1880      0
1881      0
1882      99
1883      92
1884      0
1885      60
1886      0
1887      93
1888      82
1889      94
1890      73
1891      0
1892      0
1893      62
1894      0
1895      0
1896      60
1897      97
1898      80
1899      96
1900      96
1901      0
1902      0
1903      0
1904      71
1905      0
1906      80
1907      0
1908      0
1909      98
1910      0
1911      0
1912      64
1913      78
1914      0
1915      0
1916      50
1917      74
1918      100
1919      59
1920      75
1921      72
1922      65
1923      90
1924      0
1925      98
1926      0
1927      74
1928      99
1929      78
1930      88
1931      71
1932      41
1933      71
1934      87
1935      0
1936      100
1937      0
1938      63
1939      0
1940      0
1941      95
1942      98
1943      82
1944      2
1945      96
1946      0
1947      0
1948      98
1949      81
1950      0
1951      0
1952      75
1953      71
1954      99
1955      59
1956      87
1957      94
1958      83
1959      0
1960      86
1961      0
1962      79
1963      58
1964      99
1965      0
1966      78
1967      98
1968      89
1969      0
1970      69
1971      0
1972      56
1973      0
1974      98
1975      95
1976      85
1977      63
1978      99
1979      0
1980      0
1981      94
1982      56
1983      79
1984      94
1985      0
1986      48
1987      0
1988      75
1989      88
1990      61
1991      81
1992      0
1993      53
1994      97
1995      0
1996      100
1997      59
1998      0
1999      94
2000      0
2001      93
2002      97
2003      0
2004      97
2005      90
2006      61
2007      73
2008      0
2009      52
2010      77
2011      81
2012      0
2013      79
2014      92
2015      93
2016      69
2017      0
2018      74
2019      73
2020      0
2021      91
2022      71
2023      0
2024      86
2025      0
2026      58
2027      77
2028      0
2029      0
2030      0
2031      98
2032      94
2033      100
2034      0
2035      99
2036      93
2037      91
2038      97
2039      82
2040      0
2041      91
2042      95
2043      55
2044      95
2045      91
2046      59
2047      0
2048      95
2049      0
2050      98
2051      0
2052      69
2053      0
2054      94
2055      0
2056      0
2057      0
2058      0
2059      0
2060      0
2061      99
2062      0
2063      89
2064      0
2065      0
2066      94
2067      0
2068      0
2069      0
2070      0
2071      61
2072      54
2073      80
2074      90
2075      0
2076      71
2077      95
2078      89
2079      0
2080      0
2081      73
2082      78
2083      95
2084      73
2085      99
2086      64
2087      51
2088      0
2089      0
2090      98
2091      0
2092      0
2093      99
2094      49
2095      0
2096      76
2097      0
2098      78
2099      0
2100      80
2101      97
2102      0
2103      0
2104      64
2105      64
2106      56
2107      75
2108      0
2109      64
2110      57
2111      0
2112      0
2113      69
2114      99
2115      0
2116      61
2117      57
2118      88
2119      74
2120      81
2121      49
2122      96
2123      67
2124      77
2125      0
2126      59
2127      63
2128      48
2129      0
2130      51
2131      0
2132      76
2133      97
2134      98
2135      79
2136      100
2137      100
2138      52
2139      61
2140      0
2141      94
2142      100
2143      66
2144      75
2145      90
2146      60
2147      70
2148      62
2149      57
2150      53
2151      86
2152      0
2153      0
2154      80
2155      0
2156      88
2157      88
2158      98
2159      93
2160      0
2161      63
2162      73
2163      0
2164      68
2165      98
2166      0
2167      0
2168      0
2169      70
2170      99
2171      48
2172      69
2173      90
2174      49
2175      0
2176      96
2177      96
2178      97
2179      99
2180      83
2181      0
2182      0
2183      48
2184      55
2185      98
2186      92
2187      62
2188      0
2189      54
2190      63
2191      64
2192      95
2193      100
2194      67
2195      0
2196      53
2197      0
2198      97
2199      0
2200      99
2201      0
2202      86
2203      0
2204      0
2205      91
2206      92
2207      0
2208      49
2209      49
2210      0
2211      64
2212      81
2213      0
2214      0
2215      70
2216      99
2217      83
2218      69
2219      98
2220      70
2221      0
2222      70
2223      67
2224      64
2225      0
2226      0
2227      91
2228      0
2229      0
2230      50
2231      100
2232      0
2233      82
2234      87
2235      99
2236      99
2237      78
2238      0
2239      69
2240      52
2241      55
2242      74
2243      100
2244      0
2245      0
2246      72
2247      97
2248      74
2249      60
2250      76
2251      96
2252      57
2253      66
2254      83
2255      0
2256      0
2257      99
2258      0
2259      0
2260      83
2261      95
2262      94
2263      81
2264      95
2265      47
2266      86
2267      97
2268      68
2269      0
2270      0
2271      0
2272      100
2273      66
2274      0
2275      67
2276      75
2277      0
2278      88
2279      99
2280      92
2281      97
2282      92
2283      91
2284      95
2285      100
2286      71
2287      95
2288      81
2289      0
2290      0
2291      0
2292      97
2293      0
2294      0
2295      0
2296      96
2297      0
2298      86
2299      0
2300      94
2301      83
2302      99
2303      50
2304      100
2305      0
2306      0
2307      57
2308      64
2309      0
2310      62
2311      99
2312      65
2313      0
2314      97
2315      0
2316      95
2317      0
2318      83
2319      90
2320      46
2321      78
2322      75
2323      0
2324      0
2325      92
2326      73
2327      100
2328      0
2329      0
2330      0
2331      93
2332      83
2333      0
2334      0
2335      81
2336      99
2337      70
2338      79
2339      0
2340      0
2341      100
2342      78
2343      0
2344      0
2345      67
2346      0
2347      68
2348      0
2349      0
2350      83
2351      74
2352      56
2353      73
2354      0
2355      98
2356      79
2357      0
2358      52
2359      0
2360      0
2361      0
2362      0
2363      0
2364      0
2365      71
2366      50
2367      0
2368      71
2369      0
2370      76
2371      49
2372      0
2373      0
2374      85
2375      64
2376      57
2377      69
2378      59
2379      73
2380      0
2381      85
2382      0
2383      49
2384      0
2385      90
2386      0
2387      0
2388      0
2389      0
2390      0
2391      0
2392      82
2393      0
2394      88
2395      91
2396      74
2397      0
2398      0
2399      0
2400      0
2401      0
2402      67
2403      66
2404      96
2405      96
2406      0
2407      96
2408      47
2409      67
2410      82
2411      74
2412      0
2413      96
2414      0
2415      76
2416      56
2417      0
2418      0
2419      56
2420      99
2421      75
2422      70
2423      89
2424      86
2425      0
2426      74
2427      0
2428      0
2429      96
2430      0
2431      92
2432      0
2433      0
2434      0
2435      58
2436      92
2437      88
2438      45
2439      58
2440      0
2441      0
2442      0
2443      88
2444      0
2445      0
2446      86
2447      86
2448      0
2449      59
2450      100
2451      86
2452      0
2453      0
2454      59
2455      97
2456      0
2457      96
2458      0
2459      49
2460      97
2461      67
2462      0
2463      99
2464      58
2465      0
2466      97
2467      97
2468      0
2469      99
2470      83
2471      86
2472      97
2473      91
2474      98
2475      0
2476      0
2477      81
2478      80
2479      82
2480      95
2481      0
2482      71
2483      60
2484      0
2485      0
2486      96
2487      50
2488      89
2489      54
2490      0
2491      0
2492      0
2493      65
2494      71
2495      95
2496      91
2497      100
2498      96
2499      0
       82133.8
