0      84
1      100
2      0
3      59
4      0
5      40
6      85
7      100
8      98
9      74
10      69
11      51
12      86
13      100
14      100
15      100
16      0
17      83
18      83
19      100
20      0
21      69
22      0
23      99
24      0
25      49
26      100
27      0
28      100
29      100
30      76
31      92
32      76
33      100
34      88
35      97
36      0
37      0
38      79
39      84
40      100
41      0
42      53
43      50
44      90
45      87
46      88
47      100
48      0
49      0
50      100
51      0
52      33
53      0
54      100
55      51
56      0
57      93
58      0
59      96
60      98
61      100
62      64
63      0
64      96
65      100
66      100
67      100
68      56
69      0
70      81
71      100
72      100
73      56
74      88
75      59
76      89
77      100
78      75
79      0
80      0
81      66
82      52
83      94
84      0
85      48
86      83
87      0
88      88
89      0
90      71
91      100
92      73
93      100
94      86
95      87
96      94
97      98
98      93
99      0
100      64
101      0
102      70
103      100
104      99
105      100
106      78
107      75
108      70
109      74
110      0
111      74
112      0
113      0
114      63
115      0
116      81
117      0
118      0
119      90
120      0
121      75
122      100
123      83
124      85
125      0
126      100
127      70
128      87
129      98
130      100
131      95
132      68
133      96
134      0
135      0
136      0
137      77
138      100
139      0
140      0
141      86
142      0
143      62
144      100
145      100
146      94
147      100
148      95
149      0
150      0
151      0
152      63
153      94
154      0
155      0
156      0
157      55
158      100
159      58
160      0
161      45
162      0
163      0
164      100
165      70
166      94
167      78
168      72
169      0
170      82
171      66
172      90
173      0
174      100
175      75
176      0
177      44
178      0
179      29
180      92
181      0
182      0
183      100
184      80
185      100
186      77
187      96
188      99
189      0
190      100
191      94
192      87
193      75
194      12
195      0
196      64
197      100
198      0
199      100
200      0
201      63
202      0
203      0
204      79
205      33
206      0
207      100
208      77
209      90
210      100
211      0
212      72
213      0
214      0
215      0
216      0
217      100
218      0
219      48
220      0
221      0
222      97
223      91
224      100
225      100
226      52
227      66
228      85
229      57
230      83
231      66
232      91
233      69
234      0
235      90
236      0
237      90
238      0
239      79
240      94
241      64
242      0
243      61
244      100
245      100
246      76
247      97
248      0
249      73
250      0
251      52
252      0
253      100
254      0
255      78
256      0
257      0
258      79
259      72
260      71
261      98
262      100
263      79
264      0
265      98
266      69
267      0
268      57
269      0
270      88
271      0
272      0
273      100
274      76
275      90
276      73
277      100
278      33
279      0
280      78
281      0
282      0
283      75
284      58
285      84
286      77
287      85
288      56
289      66
290      0
291      54
292      48
293      72
294      0
295      84
296      89
297      100
298      0
299      0
300      0
301      100
302      82
303      70
304      22
305      0
306      0
307      79
308      66
309      0
310      50
311      0
312      71
313      47
314      0
315      0
316      59
317      52
318      57
319      0
320      0
321      79
322      0
323      0
324      100
325      100
326      66
327      84
328      55
329      89
330      0
331      53
332      89
333      100
334      0
335      0
336      90
337      100
338      0
339      0
340      78
341      100
342      74
343      83
344      84
345      60
346      0
347      84
348      61
349      64
350      100
351      0
352      64
353      69
354      55
355      0
356      84
357      100
358      100
359      98
360      48
361      0
362      69
363      90
364      63
365      90
366      100
367      100
368      0
369      70
370      84
371      72
372      85
373      69
374      0
375      0
376      78
377      100
378      99
379      89
380      100
381      0
382      72
383      100
384      100
385      72
386      0
387      99
388      0
389      100
390      100
391      43
392      100
393      100
394      0
395      100
396      100
397      65
398      75
399      94
400      0
401      100
402      79
403      0
404      90
405      80
406      69
407      0
408      100
409      0
410      0
411      0
412      48
413      100
414      47
415      0
416      100
417      0
418      53
419      0
420      59
421      0
422      0
423      84
424      93
425      100
426      100
427      0
428      59
429      48
430      0
431      0
432      77
433      0
434      100
435      66
436      92
437      95
438      55
439      76
440      0
441      93
442      0
443      98
444      92
445      100
446      100
447      0
448      0
449      0
450      83
451      0
452      0
453      59
454      61
455      0
456      0
457      56
458      62
459      0
460      0
461      0
462      0
463      68
464      0
465      0
466      0
467      0
468      67
469      0
470      47
471      100
472      100
473      0
474      70
475      0
476      0
477      99
478      100
479      0
480      81
481      33
482      0
483      66
484      70
485      100
486      100
487      100
488      96
489      0
490      100
491      96
492      0
493      0
494      0
495      75
496      99
497      85
498      70
499      100
500      75
501      63
502      100
503      100
504      58
505      63
506      66
507      100
508      100
509      67
510      0
511      56
512      0
513      0
514      69
515      0
516      77
517      86
518      66
519      52
520      90
521      0
522      78
523      89
524      76
525      0
526      96
527      0
528      99
529      100
530      2
531      100
532      100
533      0
534      100
535      58
536      56
537      48
538      0
539      98
540      0
541      100
542      0
543      68
544      63
545      65
546      100
547      100
548      56
549      47
550      89
551      100
552      54
553      0
554      0
555      0
556      73
557      97
558      47
559      0
560      100
561      100
562      66
563      0
564      0
565      66
566      74
567      0
568      63
569      59
570      0
571      0
572      0
573      80
574      87
575      62
576      100
577      0
578      97
579      0
580      68
581      100
582      60
583      48
584      68
585      0
586      0
587      54
588      100
589      87
590      93
591      0
592      0
593      88
594      100
595      96
596      0
597      50
598      96
599      100
600      61
601      64
602      82
603      0
604      80
605      100
606      50
607      0
608      0
609      68
610      100
611      66
612      0
613      0
614      100
615      50
616      100
617      0
618      47
619      0
620      100
621      59
622      0
623      68
624      63
625      0
626      90
627      100
628      0
629      69
630      96
631      100
632      0
633      0
634      81
635      94
636      0
637      67
638      53
639      0
640      53
641      90
642      84
643      0
644      0
645      77
646      85
647      86
648      78
649      99
650      0
651      0
652      0
653      83
654      100
655      0
656      100
657      47
658      0
659      100
660      69
661      0
662      52
663      95
664      100
665      0
666      100
667      96
668      0
669      100
670      0
671      0
672      75
673      43
674      0
675      70
676      100
677      61
678      100
679      100
680      47
681      56
682      100
683      47
684      48
685      0
686      82
687      0
688      71
689      0
690      71
691      86
692      100
693      99
694      53
695      100
696      87
697      86
698      79
699      90
700      0
701      66
702      0
703      0
704      100
705      99
706      60
707      0
708      100
709      43
710      0
711      84
712      71
713      0
714      0
715      91
716      90
717      100
718      0
719      0
720      75
721      0
722      0
723      90
724      81
725      50
726      74
727      100
728      68
729      100
730      0
731      100
732      83
733      96
734      48
735      0
736      100
737      0
738      0
739      100
740      100
741      100
742      83
743      0
744      100
745      0
746      0
747      0
748      0
749      81
750      71
751      100
752      0
753      100
754      100
755      0
756      0
757      83
758      96
759      90
760      58
761      0
762      100
763      0
764      89
765      50
766      0
767      99
768      100
769      100
770      63
771      78
772      78
773      0
774      89
775      75
776      0
777      47
778      100
779      95
780      77
781      58
782      100
783      64
784      66
785      83
786      98
787      100
788      50
789      56
790      96
791      100
792      100
793      67
794      56
795      86
796      90
797      64
798      79
799      0
800      0
801      0
802      100
803      96
804      63
805      100
806      100
807      0
808      0
809      0
810      0
811      74
812      0
813      96
814      81
815      83
816      0
817      0
818      100
819      0
820      72
821      99
822      0
823      85
824      0
825      66
826      100
827      0
828      0
829      82
830      82
831      88
832      97
833      0
834      33
835      0
836      0
837      73
838      78
839      100
840      48
841      65
842      100
843      100
844      55
845      72
846      99
847      0
848      69
849      0
850      56
851      100
852      92
853      0
854      63
855      87
856      74
857      0
858      93
859      63
860      0
861      68
862      0
863      0
864      87
865      100
866      100
867      33
868      100
869      0
870      0
871      0
872      100
873      0
874      50
875      0
876      76
877      0
878      0
879      83
880      0
881      0
882      64
883      96
884      0
885      56
886      0
887      45
888      0
889      64
890      0
891      100
892      81
893      96
894      73
895      100
896      0
897      0
898      96
899      100
900      100
901      100
902      100
903      98
904      64
905      59
906      0
907      0
908      0
909      83
910      0
911      0
912      0
913      48
914      65
915      72
916      0
917      69
918      0
919      82
920      100
921      71
922      0
923      100
924      100
925      49
926      0
927      0
928      77
929      68
930      89
931      100
932      93
933      0
934      89
935      100
936      96
937      0
938      87
939      0
940      87
941      0
942      80
943      99
944      100
945      82
946      33
947      100
948      0
949      0
950      100
951      0
952      90
953      0
954      84
955      48
956      0
957      0
958      73
959      100
960      100
961      93
962      73
963      0
964      94
965      62
966      72
967      90
968      85
969      98
970      71
971      87
972      71
973      0
974      76
975      0
976      0
977      96
978      71
979      86
980      100
981      90
982      0
983      0
984      0
985      100
986      87
987      45
988      0
989      0
990      57
991      83
992      59
993      98
994      100
995      0
996      0
997      99
998      100
999      100
       33818.2
