0      48
1      85
2      0
3      100
4      98
5      0
6      72
7      0
8      0
9      0
10      83
11      0
12      82
13      68
14      74
15      0
16      84
17      100
18      100
19      91
20      61
21      0
22      83
23      95
24      51
25      56
26      100
27      100
28      96
29      0
30      74
31      70
32      61
33      0
34      86
35      100
36      72
37      63
38      0
39      0
40      0
41      66
42      87
43      62
44      0
45      0
46      53
47      80
48      64
49      36
50      84
51      92
52      61
53      100
54      54
55      41
56      0
57      98
58      87
59      88
60      0
61      0
62      91
63      45
64      100
65      100
66      0
67      58
68      91
69      0
70      99
71      92
72      0
73      0
74      0
75      79
76      100
77      0
78      77
79      0
80      0
81      63
82      0
83      67
84      0
85      48
86      100
87      86
88      0
89      92
90      0
91      77
92      0
93      84
94      100
95      100
96      100
97      0
98      84
99      79
100      52
101      0
102      80
103      75
104      81
105      100
106      0
107      0
108      0
109      0
110      54
111      0
112      100
113      100
114      0
115      84
116      0
117      100
118      100
119      84
120      75
121      47
122      0
123      100
124      0
125      69
126      67
127      63
128      100
129      74
130      100
131      0
132      66
133      0
134      59
135      0
136      55
137      85
138      100
139      48
140      0
141      55
142      0
143      0
144      63
145      84
146      77
147      0
148      78
149      85
150      70
151      0
152      77
153      58
154      0
155      0
156      81
157      100
158      0
159      0
160      94
161      62
162      86
163      77
164      49
165      98
166      92
167      72
168      100
169      78
170      0
171      0
172      85
173      0
174      69
175      61
176      87
177      100
178      100
179      98
180      84
181      0
182      98
183      100
184      96
185      56
186      96
187      100
188      0
189      0
190      61
191      100
192      0
193      62
194      92
195      81
196      0
197      0
198      51
199      96
200      82
201      100
202      0
203      100
204      100
205      64
206      0
207      0
208      100
209      76
210      100
211      0
212      94
213      55
214      0
215      100
216      98
217      100
218      0
219      41
220      87
221      89
222      0
223      99
224      62
225      100
226      100
227      100
228      100
229      100
230      100
231      0
232      46
233      0
234      100
235      100
236      0
237      90
238      80
239      100
240      0
241      0
242      0
243      0
244      100
245      0
246      84
247      41
248      86
249      67
250      0
251      100
252      69
253      83
254      100
255      100
256      81
257      0
258      100
259      0
260      100
261      53
262      94
263      98
264      94
265      98
266      99
267      100
268      100
269      100
270      56
271      96
272      100
273      68
274      0
275      88
276      79
277      63
278      0
279      0
280      0
281      83
282      0
283      100
284      73
285      64
286      0
287      0
288      0
289      71
290      0
291      0
292      0
293      0
294      57
295      46
296      49
297      21
298      84
299      100
300      0
301      100
302      0
303      69
304      82
305      100
306      45
307      96
308      0
309      100
310      0
311      0
312      98
313      100
314      44
315      0
316      44
317      0
318      100
319      54
320      80
321      70
322      100
323      53
324      63
325      88
326      100
327      0
328      0
329      82
330      99
331      95
332      0
333      95
334      57
335      78
336      88
337      0
338      70
339      0
340      100
341      41
342      60
343      52
344      0
345      46
346      49
347      0
348      0
349      0
350      100
351      75
352      96
353      81
354      100
355      100
356      100
357      100
358      100
359      100
360      86
361      89
362      96
363      100
364      0
365      0
366      100
367      0
368      91
369      66
370      53
371      47
372      61
373      77
374      100
375      100
376      48
377      92
378      89
379      0
380      0
381      100
382      0
383      56
384      0
385      100
386      0
387      72
388      66
389      100
390      0
391      48
392      90
393      74
394      100
395      0
396      0
397      100
398      84
399      0
400      0
401      64
402      70
403      0
404      0
405      35
406      100
407      0
408      0
409      0
410      95
411      98
412      95
413      44
414      100
415      65
416      100
417      100
418      64
419      94
420      100
421      65
422      84
423      45
424      100
425      0
426      58
427      74
428      79
429      100
430      69
431      0
432      0
433      64
434      0
435      0
436      65
437      89
438      0
439      91
440      0
441      100
442      100
443      0
444      0
445      100
446      79
447      100
448      72
449      77
450      70
451      0
452      71
453      56
454      89
455      54
456      55
457      0
458      0
459      0
460      0
461      71
462      98
463      100
464      64
465      0
466      69
467      85
468      56
469      89
470      0
471      67
472      89
473      0
474      0
475      87
476      100
477      92
478      96
479      91
480      73
481      76
482      0
483      100
484      100
485      73
486      100
487      65
488      64
489      90
490      0
491      80
492      46
493      98
494      66
495      0
496      0
497      95
498      0
499      0
500      62
501      95
502      87
503      58
504      0
505      79
506      0
507      100
508      71
509      0
510      46
511      0
512      60
513      95
514      0
515      0
516      0
517      0
518      0
519      81
520      57
521      74
522      0
523      0
524      100
525      100
526      52
527      44
528      0
529      99
530      89
531      0
532      0
533      0
534      98
535      0
536      67
537      0
538      47
539      69
540      100
541      100
542      84
543      94
544      100
545      100
546      98
547      0
548      73
549      35
550      61
551      85
552      99
553      71
554      89
555      88
556      64
557      76
558      96
559      0
560      43
561      98
562      99
563      75
564      0
565      95
566      100
567      21
568      100
569      100
570      95
571      100
572      100
573      0
574      78
575      64
576      0
577      88
578      70
579      45
580      84
581      0
582      0
583      0
584      100
585      72
586      100
587      100
588      100
589      98
590      0
591      91
592      0
593      74
594      0
595      99
596      98
597      67
598      100
599      0
600      46
601      0
602      57
603      87
604      74
605      48
606      81
607      0
608      0
609      96
610      64
611      0
612      0
613      75
614      64
615      0
616      0
617      90
618      95
619      88
620      71
621      0
622      91
623      44
624      100
625      0
626      64
627      45
628      52
629      100
630      0
631      91
632      96
633      57
634      100
635      77
636      0
637      0
638      72
639      0
640      89
641      72
642      0
643      91
644      91
645      100
646      100
647      61
648      100
649      0
650      63
651      0
652      100
653      69
654      0
655      100
656      0
657      100
658      90
659      64
660      90
661      0
662      69
663      0
664      55
665      98
666      79
667      0
668      0
669      84
670      0
671      0
672      0
673      89
674      0
675      8
676      0
677      80
678      61
679      0
680      0
681      84
682      0
683      97
684      46
685      100
686      98
687      0
688      69
689      100
690      0
691      0
692      100
693      100
694      0
695      91
696      0
697      57
698      0
699      82
700      0
701      54
702      63
703      0
704      81
705      0
706      0
707      0
708      0
709      75
710      100
711      99
712      0
713      71
714      0
715      85
716      91
717      0
718      0
719      100
720      0
721      100
722      0
723      99
724      100
725      98
726      0
727      0
728      100
729      0
730      70
731      95
732      50
733      0
734      0
735      0
736      52
737      100
738      88
739      71
740      100
741      0
742      88
743      96
744      91
745      100
746      66
747      42
748      0
749      85
750      89
751      93
752      100
753      99
754      44
755      50
756      100
757      61
758      52
759      0
760      55
761      100
762      0
763      100
764      0
765      100
766      87
767      0
768      69
769      0
770      41
771      100
772      62
773      0
774      0
775      100
776      100
777      99
778      100
779      0
780      0
781      82
782      78
783      87
784      71
785      0
786      0
787      98
788      73
789      0
790      57
791      100
792      88
793      85
794      80
795      53
796      64
797      66
798      0
799      100
800      58
801      0
802      87
803      100
804      49
805      0
806      95
807      0
808      100
809      83
810      70
811      0
812      100
813      100
814      65
815      86
816      86
817      89
818      0
819      54
820      53
821      100
822      91
823      0
824      0
825      0
826      0
827      0
828      0
829      0
830      0
831      55
832      0
833      65
834      100
835      100
836      100
837      0
838      58
839      91
840      0
841      74
842      100
843      0
844      94
845      0
846      100
847      0
848      78
849      0
850      85
851      100
852      0
853      78
854      0
855      0
856      88
857      64
858      38
859      93
860      0
861      82
862      0
863      53
864      0
865      0
866      84
867      100
868      21
869      83
870      0
871      70
872      61
873      87
874      98
875      51
876      0
877      55
878      100
879      61
880      76
881      0
882      54
883      96
884      80
885      100
886      79
887      100
888      0
889      0
890      0
891      99
892      0
893      78
894      0
895      58
896      100
897      0
898      0
899      68
900      61
901      74
902      62
903      91
904      100
905      96
906      0
907      100
908      0
909      56
910      87
911      81
912      64
913      65
914      66
915      0
916      63
917      100
918      91
919      54
920      100
921      0
922      0
923      0
924      0
925      0
926      83
927      0
928      0
929      69
930      58
931      96
932      100
933      0
934      0
935      0
936      88
937      0
938      0
939      0
940      0
941      0
942      57
943      83
944      75
945      46
946      84
947      100
948      100
949      90
950      92
951      100
952      0
953      77
954      0
955      98
956      0
957      0
958      0
959      69
960      88
961      0
962      0
963      0
964      100
965      96
966      100
967      56
968      100
969      0
970      53
971      100
972      100
973      0
974      95
975      100
976      96
977      100
978      99
979      100
980      100
981      0
982      66
983      0
984      100
985      45
986      57
987      64
988      89
989      79
990      83
991      0
992      81
993      100
994      83
995      98
996      71
997      100
998      0
999      75
       34630.7
