0      18
1      0
2      59
3      0
4      0
5      100
6      82
7      87
8      99
9      100
10      77
11      94
12      100
13      94
14      100
15      88
16      72
17      100
18      82
19      100
20      50
21      0
22      70
23      0
24      0
25      0
26      0
27      0
28      54
29      41
30      76
31      57
32      80
33      77
34      100
35      61
36      99
37      100
38      0
39      86
40      100
41      78
42      0
43      69
44      0
45      0
46      0
47      0
48      0
49      0
50      100
51      100
52      100
53      0
54      100
55      100
56      100
57      63
58      98
59      0
60      52
61      0
62      83
63      0
64      93
65      100
66      0
67      82
68      0
69      99
70      100
71      55
72      91
73      0
74      100
75      68
76      0
77      76
78      52
79      46
80      0
81      81
82      0
83      0
84      91
85      0
86      65
87      0
88      0
89      0
90      0
91      87
92      89
93      91
94      97
95      0
96      82
97      79
98      0
99      92
100      78
101      89
102      92
103      62
104      89
105      100
106      0
107      55
108      76
109      70
110      0
111      53
112      0
113      68
114      69
115      0
116      88
117      0
118      72
119      0
120      100
121      100
122      100
123      41
124      51
125      44
126      94
127      63
128      94
129      53
130      0
131      0
132      72
133      64
134      94
135      84
136      100
137      0
138      57
139      100
140      0
141      100
142      85
143      98
144      99
145      55
146      100
147      94
148      0
149      42
150      100
151      0
152      84
153      78
154      100
155      100
156      60
157      0
158      0
159      0
160      64
161      0
162      100
163      0
164      53
165      44
166      0
167      96
168      99
169      88
170      71
171      0
172      93
173      50
174      0
175      88
176      54
177      51
178      99
179      70
180      0
181      0
182      0
183      0
184      0
185      75
186      94
187      54
188      100
189      76
190      57
191      0
192      62
193      0
194      70
195      71
196      0
197      97
198      0
199      0
200      0
201      0
202      0
203      100
204      99
205      100
206      85
207      100
208      0
209      0
210      100
211      96
212      41
213      100
214      65
215      0
216      0
217      78
218      0
219      79
220      94
221      57
222      100
223      0
224      0
225      69
226      74
227      0
228      74
229      46
230      85
231      96
232      92
233      58
234      100
235      69
236      68
237      100
238      46
239      100
240      75
241      78
242      86
243      100
244      75
245      77
246      0
247      59
248      100
249      75
250      93
251      0
252      0
253      99
254      68
255      100
256      100
257      99
258      100
259      80
260      0
261      89
262      0
263      0
264      92
265      0
266      0
267      0
268      81
269      98
270      0
271      80
272      65
273      0
274      0
275      0
276      63
277      59
278      100
279      0
280      74
281      100
282      92
283      85
284      65
285      91
286      100
287      56
288      0
289      0
290      97
291      100
292      61
293      62
294      0
295      46
296      60
297      68
298      75
299      85
300      91
301      70
302      100
303      84
304      96
305      100
306      59
307      100
308      100
309      100
310      76
311      0
312      56
313      65
314      0
315      69
316      0
317      70
318      46
319      80
320      51
321      100
322      0
323      100
324      43
325      58
326      0
327      0
328      60
329      88
330      74
331      56
332      99
333      0
334      88
335      99
336      0
337      0
338      0
339      91
340      0
341      66
342      76
343      86
344      99
345      82
346      96
347      0
348      94
349      63
350      89
351      91
352      61
353      0
354      99
355      92
356      76
357      70
358      58
359      72
360      0
361      0
362      60
363      0
364      0
365      51
366      0
367      59
368      59
369      62
370      99
371      75
372      62
373      0
374      0
375      100
376      58
377      76
378      80
379      100
380      0
381      99
382      100
383      0
384      58
385      54
386      41
387      94
388      0
389      49
390      100
391      0
392      100
393      0
394      82
395      99
396      84
397      63
398      100
399      0
400      95
401      0
402      0
403      0
404      52
405      100
406      0
407      62
408      84
409      100
410      75
411      0
412      61
413      68
414      87
415      0
416      89
417      0
418      83
419      76
420      65
421      0
422      100
423      0
424      77
425      100
426      72
427      0
428      88
429      0
430      100
431      0
432      97
433      0
434      93
435      0
436      52
437      99
438      58
439      99
440      91
441      41
442      72
443      65
444      0
445      0
446      89
447      63
448      93
449      0
450      0
451      85
452      75
453      0
454      0
455      88
456      96
457      100
458      100
459      75
460      0
461      100
462      79
463      78
464      100
465      70
466      41
467      91
468      0
469      85
470      94
471      81
472      0
473      0
474      0
475      70
476      70
477      100
478      100
479      0
480      100
481      100
482      0
483      100
484      99
485      0
486      92
487      99
488      0
489      100
490      0
491      54
492      56
493      0
494      50
495      0
496      70
497      0
498      82
499      99
500      0
501      100
502      0
503      71
504      0
505      96
506      76
507      77
508      0
509      75
510      99
511      63
512      100
513      70
514      74
515      41
516      0
517      100
518      70
519      0
520      0
521      0
522      54
523      0
524      0
525      70
526      0
527      53
528      0
529      63
530      0
531      66
532      0
533      100
534      73
535      0
536      0
537      81
538      83
539      41
540      80
541      99
542      0
543      100
544      94
545      0
546      0
547      96
548      0
549      91
550      0
551      0
552      43
553      99
554      0
555      100
556      0
557      0
558      0
559      0
560      0
561      0
562      0
563      51
564      0
565      72
566      97
567      0
568      0
569      0
570      0
571      69
572      0
573      58
574      0
575      0
576      49
577      74
578      79
579      0
580      72
581      79
582      66
583      100
584      66
585      0
586      94
587      94
588      0
589      89
590      100
591      69
592      0
593      74
594      100
595      0
596      89
597      60
598      100
599      100
600      0
601      58
602      0
603      0
604      100
605      99
606      0
607      69
608      100
609      53
610      100
611      0
612      86
613      76
614      100
615      100
616      89
617      99
618      100
619      84
620      100
621      0
622      94
623      92
624      89
625      0
626      71
627      100
628      95
629      0
630      64
631      89
632      0
633      100
634      76
635      37
636      100
637      92
638      100
639      85
640      0
641      0
642      91
643      36
644      41
645      0
646      75
647      100
648      63
649      97
650      99
651      100
652      0
653      84
654      85
655      87
656      0
657      94
658      100
659      92
660      55
661      0
662      0
663      100
664      60
665      57
666      51
667      50
668      60
669      0
670      59
671      0
672      62
673      76
674      0
675      0
676      100
677      78
678      100
679      100
680      100
681      0
682      99
683      36
684      74
685      0
686      100
687      52
688      0
689      98
690      100
691      69
692      100
693      0
694      0
695      61
696      72
697      60
698      78
699      0
700      66
701      0
702      81
703      0
704      0
705      60
706      99
707      64
708      66
709      0
710      98
711      62
712      83
713      84
714      82
715      76
716      68
717      0
718      99
719      62
720      0
721      100
722      94
723      69
724      100
725      100
726      50
727      0
728      51
729      71
730      100
731      91
732      100
733      0
734      100
735      0
736      99
737      100
738      84
739      99
740      0
741      0
742      99
743      100
744      56
745      79
746      0
747      60
748      77
749      0
750      0
751      0
752      0
753      99
754      68
755      59
756      62
757      94
758      77
759      79
760      99
761      0
762      76
763      0
764      50
765      91
766      59
767      56
768      100
769      0
770      78
771      89
772      100
773      73
774      54
775      0
776      70
777      41
778      100
779      99
780      98
781      99
782      100
783      100
784      80
785      100
786      71
787      41
788      76
789      95
790      0
791      54
792      87
793      0
794      0
795      100
796      89
797      85
798      0
799      0
800      64
801      99
802      98
803      100
804      55
805      100
806      65
807      66
808      73
809      100
810      35
811      71
812      0
813      55
814      0
815      75
816      61
817      100
818      0
819      0
820      89
821      92
822      0
823      0
824      100
825      75
826      86
827      0
828      0
829      93
830      58
831      76
832      0
833      62
834      0
835      100
836      97
837      86
838      60
839      100
840      0
841      68
842      52
843      0
844      97
845      100
846      0
847      46
848      100
849      76
850      98
851      100
852      78
853      100
854      100
855      100
856      97
857      89
858      100
859      100
860      91
861      78
862      57
863      100
864      70
865      0
866      99
867      46
868      0
869      0
870      89
871      100
872      99
873      55
874      0
875      50
876      100
877      50
878      0
879      91
880      99
881      92
882      100
883      79
884      0
885      86
886      0
887      56
888      0
889      100
890      100
891      100
892      0
893      93
894      0
895      78
896      96
897      92
898      0
899      0
900      100
901      0
902      0
903      92
904      75
905      0
906      0
907      48
908      62
909      94
910      98
911      100
912      0
913      0
914      0
915      92
916      87
917      100
918      100
919      0
920      0
921      100
922      85
923      100
924      0
925      0
926      44
927      0
928      99
929      55
930      60
931      0
932      68
933      65
934      67
935      0
936      69
937      91
938      50
939      46
940      100
941      0
942      0
943      81
944      67
945      0
946      99
947      0
948      93
949      76
950      46
951      100
952      99
953      94
954      92
955      0
956      85
957      84
958      0
959      100
960      100
961      0
962      0
963      0
964      71
965      99
966      89
967      68
968      67
969      100
970      70
971      0
972      84
973      73
974      100
975      0
976      82
977      100
978      70
979      92
980      92
981      46
982      0
983      0
984      83
985      0
986      0
987      84
988      0
989      51
990      0
991      0
992      0
993      0
994      0
995      0
996      89
997      0
998      0
999      0
       34318.7
