0      54
1      67
2      78
3      100
4      97
5      95
6      80
7      100
8      0
9      83
10      0
11      0
12      71
13      78
14      0
15      100
16      78
17      51
18      85
19      0
20      100
21      55
22      77
23      100
24      98
25      80
26      67
27      100
28      63
29      64
30      75
31      100
32      0
33      100
34      60
35      0
36      93
37      0
38      100
39      47
40      0
41      100
42      100
43      100
44      0
45      80
46      41
47      57
48      85
49      86
50      100
51      0
52      0
53      100
54      85
55      78
56      0
57      88
58      64
59      0
60      88
61      0
62      0
63      0
64      51
65      0
66      100
67      92
68      100
69      73
70      0
71      83
72      0
73      97
74      100
75      100
76      0
77      58
78      90
79      100
80      85
81      71
82      75
83      93
84      100
85      0
86      0
87      85
88      100
89      0
90      100
91      100
92      0
93      64
94      0
95      80
96      99
97      69
98      78
99      97
100      0
101      46
102      100
103      100
104      0
105      100
106      0
107      84
108      55
109      59
110      71
111      64
112      88
113      52
114      100
115      100
116      100
117      0
118      97
119      0
120      0
121      0
122      55
123      0
124      74
125      85
126      0
127      100
128      0
129      50
130      0
131      71
132      75
133      45
134      0
135      0
136      100
137      100
138      0
139      0
140      100
141      88
142      100
143      60
144      86
145      0
146      100
147      0
148      100
149      100
150      57
151      61
152      0
153      90
154      57
155      95
156      0
157      100
158      0
159      88
160      54
161      0
162      0
163      0
164      0
165      41
166      0
167      100
168      0
169      100
170      69
171      0
172      0
173      0
174      0
175      100
176      0
177      0
178      100
179      57
180      73
181      100
182      100
183      0
184      100
185      100
186      0
187      80
188      0
189      0
190      78
191      100
192      90
193      100
194      48
195      77
196      91
197      94
198      90
199      51
       7509.4
