0      97
1      64
2      100
3      100
4      79
5      59
6      100
7      65
8      86
9      48
10      64
11      99
12      95
13      81
14      0
15      0
16      0
17      0
18      100
19      97
20      41
21      99
22      94
23      63
24      82
25      100
26      0
27      82
28      0
29      100
30      54
31      97
32      75
33      100
34      94
35      100
36      0
37      0
38      59
39      87
40      51
41      0
42      0
43      0
44      0
45      96
46      0
47      0
48      0
49      72
50      100
51      0
52      0
53      100
54      68
55      66
56      70
57      100
58      0
59      95
60      77
61      87
62      28
63      0
64      77
65      61
66      100
67      100
68      100
69      97
70      57
71      87
72      64
73      0
74      0
75      81
76      0
77      0
78      0
79      0
80      55
81      96
82      100
83      100
84      0
85      0
86      89
87      100
88      96
89      57
90      78
91      0
92      0
93      100
94      77
95      100
96      73
97      73
98      0
99      0
       3658.05
