0      90
1      100
2      100
3      90
4      100
5      100
6      0
7      60
8      0
9      79
10      95
11      100
12      0
13      100
14      90
15      0
16      100
17      100
18      100
19      97
20      0
21      67
22      100
23      0
24      77
25      0
26      0
27      0
28      89
29      0
30      52
31      92
32      91
33      0
34      33
35      95
36      13
37      0
38      0
39      84
40      100
41      0
42      63
43      100
44      60
45      91
46      86
47      36
48      59
49      100
50      75
51      99
52      75
53      100
54      94
55      100
56      80
57      0
58      0
59      100
60      39
61      62
62      100
63      0
64      0
65      0
66      0
67      0
68      80
69      86
70      91
71      0
72      48
73      97
74      0
75      100
76      93
77      100
78      0
79      100
80      100
81      75
82      40
83      97
84      66
85      73
86      97
87      100
88      51
89      100
90      100
91      84
92      100
93      0
94      100
95      100
96      100
97      100
98      100
99      0
100      100
101      99
102      0
103      70
104      99
105      0
106      100
107      0
108      70
109      0
110      56
111      0
112      0
113      89
114      77
115      70
116      100
117      100
118      0
119      72
120      0
121      0
122      0
123      0
124      75
125      69
126      0
127      0
128      0
129      0
130      100
131      100
132      52
133      84
134      48
135      69
136      65
137      85
138      71
139      0
140      84
141      0
142      57
143      0
144      0
145      0
146      0
147      100
148      100
149      0
150      100
151      0
152      100
153      100
154      0
155      100
156      69
157      28
158      0
159      0
160      100
161      91
162      0
163      53
164      85
165      0
166      0
167      100
168      0
169      0
170      98
171      0
172      0
173      89
174      53
175      100
176      0
177      0
178      0
179      45
180      98
181      75
182      100
183      0
184      100
185      77
186      100
187      91
188      93
189      52
190      100
191      62
192      77
193      45
194      0
195      0
196      100
197      0
198      100
199      0
       6113.32
