0      100
1      0
2      100
3      100
4      100
5      100
6      70
7      28
8      0
9      0
10      100
11      94
12      0
13      54
14      86
15      0
16      0
17      100
18      0
19      0
20      100
21      0
22      0
23      90
24      51
25      95
26      0
27      0
28      0
29      50
30      100
31      79
32      100
33      0
34      100
35      83
36      100
37      0
38      99
39      54
40      100
41      64
42      81
43      48
44      0
45      100
46      100
47      0
48      100
49      0
       1621.11
