0      54
1      89
2      100
3      100
4      65
5      0
6      73
7      0
8      69
9      100
10      99
11      100
12      0
13      0
14      0
15      93
16      0
17      58
18      47
19      48
20      0
21      0
22      100
23      0
24      64
25      100
26      0
27      47
28      57
29      59
30      0
31      0
32      48
33      73
34      95
35      0
36      65
37      0
38      0
39      77
40      0
41      0
42      42
43      100
44      73
45      74
46      0
47      100
48      0
49      100
50      0
51      86
52      58
53      0
54      0
55      0
56      100
57      0
58      0
59      85
60      79
61      0
62      66
63      57
64      99
65      55
66      57
67      0
68      97
69      0
70      85
71      100
72      0
73      54
74      0
75      0
76      0
77      73
78      54
79      100
80      74
81      0
82      0
83      73
84      100
85      55
86      65
87      67
88      0
89      42
90      0
91      74
92      0
93      0
94      0
95      0
96      0
97      100
98      0
99      65
100      62
101      84
102      100
103      66
104      51
105      100
106      90
107      0
108      0
109      66
110      90
111      78
112      100
113      100
114      83
115      58
116      74
117      86
118      0
119      0
120      0
121      0
122      0
123      70
124      0
125      0
126      100
127      0
128      86
129      100
130      77
131      0
132      66
133      0
134      0
135      99
136      57
137      52
138      100
139      84
140      78
141      100
142      93
143      100
144      68
145      59
146      0
147      100
148      92
149      0
150      93
151      100
152      100
153      95
154      0
155      54
156      100
157      100
158      73
159      48
160      99
161      48
162      100
163      65
164      65
165      100
166      77
167      0
168      95
169      100
170      100
171      99
172      0
173      98
174      0
175      0
176      95
177      0
178      0
179      0
180      100
181      0
182      72
183      47
184      100
185      0
186      0
187      0
188      74
189      96
190      97
191      89
192      100
193      79
194      90
195      74
196      0
197      74
198      0
199      83
200      51
201      0
202      0
203      53
204      89
205      0
206      0
207      100
208      40
209      63
210      99
211      83
212      0
213      0
214      0
215      0
216      0
217      0
218      100
219      97
220      88
221      58
222      99
223      86
224      100
225      96
226      99
227      0
228      0
229      74
230      52
231      100
232      100
233      100
234      82
235      100
236      65
237      77
238      0
239      88
240      0
241      0
242      100
243      86
244      99
245      100
246      84
247      77
248      100
249      100
250      80
251      58
252      52
253      87
254      0
255      0
256      65
257      0
258      54
259      0
260      100
261      100
262      100
263      0
264      99
265      46
266      74
267      0
268      0
269      87
270      72
271      92
272      100
273      100
274      100
275      0
276      99
277      97
278      0
279      93
280      86
281      0
282      59
283      94
284      70
285      0
286      47
287      57
288      51
289      99
290      82
291      80
292      85
293      56
294      100
295      100
296      83
297      97
298      0
299      65
300      84
301      59
302      100
303      100
304      0
305      63
306      0
307      100
308      0
309      100
310      0
311      0
312      50
313      100
314      100
315      63
316      0
317      0
318      54
319      0
320      65
321      100
322      0
323      100
324      100
325      0
326      80
327      57
328      83
329      99
330      90
331      100
332      0
333      0
334      100
335      100
336      0
337      48
338      27
339      79
340      90
341      50
342      77
343      100
344      62
345      100
346      88
347      0
348      0
349      0
350      0
351      47
352      0
353      100
354      62
355      100
356      63
357      0
358      89
359      89
360      100
361      64
362      100
363      81
364      0
365      0
366      0
367      66
368      55
369      99
370      72
371      100
372      0
373      100
374      0
375      100
376      0
377      0
378      100
379      97
380      100
381      100
382      55
383      74
384      67
385      0
386      0
387      84
388      100
389      0
390      0
391      96
392      100
393      80
394      93
395      100
396      100
397      92
398      99
399      34
400      93
401      100
402      87
403      0
404      84
405      0
406      74
407      0
408      57
409      100
410      100
411      80
412      0
413      99
414      74
415      82
416      58
417      86
418      42
419      100
420      0
421      0
422      21
423      82
424      0
425      98
426      84
427      88
428      0
429      65
430      0
431      84
432      50
433      65
434      100
435      0
436      55
437      76
438      0
439      85
440      0
441      0
442      92
443      0
444      0
445      100
446      100
447      0
448      83
449      74
450      0
451      99
452      59
453      100
454      100
455      76
456      0
457      0
458      100
459      84
460      100
461      0
462      0
463      100
464      100
465      99
466      48
467      0
468      0
469      99
470      0
471      0
472      0
473      84
474      78
475      100
476      0
477      50
478      97
479      0
480      100
481      0
482      0
483      76
484      77
485      0
486      86
487      66
488      65
489      72
490      78
491      47
492      97
493      0
494      0
495      48
496      100
497      0
498      0
499      0
       17087.5
