0      48
1      0
2      81
3      65
4      100
5      100
6      98
7      100
8      100
9      0
10      0
11      0
12      96
13      0
14      100
15      91
16      0
17      0
18      100
19      0
20      100
21      83
22      94
23      100
24      76
25      100
26      0
27      76
28      0
29      0
30      100
31      86
32      100
33      61
34      0
35      0
36      58
37      80
38      0
39      100
40      100
41      0
42      0
43      100
44      0
45      0
46      0
47      53
48      80
49      100
50      100
51      53
52      71
53      0
54      100
55      0
56      75
57      89
58      0
59      0
60      77
61      0
62      0
63      69
64      99
65      0
66      0
67      0
68      100
69      0
70      0
71      56
72      68
73      55
74      75
75      84
76      46
77      100
78      100
79      100
80      0
81      0
82      0
83      99
84      0
85      0
86      0
87      100
88      100
89      100
90      97
91      96
92      100
93      81
94      0
95      76
96      59
97      53
98      0
99      0
100      0
101      0
102      69
103      61
104      87
105      0
106      0
107      97
108      98
109      87
110      0
111      91
112      96
113      0
114      0
115      0
116      100
117      100
118      0
119      57
120      81
121      0
122      0
123      100
124      0
125      73
126      0
127      0
128      0
129      100
130      0
131      100
132      100
133      99
134      100
135      69
136      0
137      98
138      98
139      71
140      57
141      100
142      100
143      84
144      100
145      93
146      97
147      94
148      0
149      98
150      0
151      62
152      0
153      100
154      100
155      100
156      0
157      88
158      0
159      95
160      72
161      72
162      100
163      0
164      0
165      77
166      56
167      72
168      0
169      66
170      69
171      0
172      100
173      100
174      100
175      100
176      92
177      88
178      0
179      99
180      0
181      100
182      0
183      70
184      100
185      0
186      0
187      85
188      100
189      0
190      85
191      0
192      73
193      68
194      0
195      100
196      100
197      100
198      94
199      0
       6365.35
