0      0
1      87
2      89
3      0
4      0
5      89
6      0
7      0
8      100
9      0
10      0
11      68
12      0
13      100
14      0
15      0
16      51
17      0
18      48
19      100
20      72
21      48
22      0
23      53
24      100
25      98
26      0
27      100
28      81
29      86
30      97
31      0
32      100
33      64
34      100
35      76
36      59
37      0
38      100
39      0
40      0
41      84
42      43
43      0
44      100
45      60
46      100
47      99
48      100
49      0
50      48
51      100
52      100
53      82
54      98
55      100
56      75
57      100
58      94
59      72
60      68
61      100
62      100
63      73
64      80
65      0
66      100
67      100
68      0
69      100
70      58
71      100
72      100
73      0
74      0
75      100
76      0
77      87
78      100
79      0
80      47
81      0
82      100
83      64
84      59
85      57
86      0
87      0
88      0
89      85
90      100
91      96
92      0
93      64
94      58
95      0
96      100
97      100
98      100
99      100
100      48
101      75
102      65
103      63
104      0
105      0
106      0
107      0
108      87
109      0
110      81
111      100
112      78
113      27
114      100
115      0
116      0
117      72
118      100
119      0
120      100
121      100
122      100
123      98
124      100
125      0
126      94
127      0
128      64
129      72
130      60
131      0
132      100
133      67
134      100
135      0
136      63
137      97
138      79
139      67
140      0
141      0
142      100
143      0
144      100
145      65
146      0
147      90
148      60
149      100
150      100
151      0
152      100
153      59
154      97
155      100
156      0
157      0
158      100
159      0
160      97
161      66
162      0
163      100
164      85
165      79
166      0
167      54
168      69
169      64
170      100
171      80
172      0
173      96
174      64
175      99
176      100
177      48
178      0
179      72
180      0
181      99
182      0
183      68
184      0
185      0
186      98
187      72
188      0
189      49
190      100
191      89
192      0
193      99
194      100
195      100
196      0
197      88
198      97
199      94
       6767.36
