0      56
1      0
2      100
3      100
4      73
5      100
6      84
7      93
8      0
9      0
10      0
11      0
12      48
13      100
14      92
15      0
16      53
17      73
18      100
19      44
20      0
21      100
22      100
23      84
24      0
25      69
26      0
27      100
28      96
29      0
30      86
31      62
32      0
33      90
34      0
35      0
36      0
37      98
38      91
39      100
40      100
41      0
42      100
43      100
44      100
45      100
46      0
47      91
48      58
49      62
       1638.33
