0      0
1      84
2      95
3      100
4      0
5      100
6      0
7      100
8      100
9      0
10      100
11      54
12      78
13      67
14      100
15      100
16      100
17      100
18      100
19      82
20      100
21      100
22      0
23      80
24      0
25      100
26      0
27      92
28      0
29      100
30      0
31      82
32      0
33      0
34      99
35      100
36      41
37      48
38      0
39      58
40      100
41      100
42      100
43      0
44      41
45      0
46      100
47      82
48      100
49      0
       1619.02
