0      53
1      0
2      95
3      93
4      70
5      56
6      0
7      0
8      83
9      90
10      100
11      62
12      71
13      0
14      45
15      48
16      95
17      50
18      99
19      97
20      0
21      0
22      77
23      53
24      84
25      64
26      86
27      0
28      69
29      79
30      88
31      97
32      82
33      95
34      95
35      0
36      75
37      0
38      88
39      87
40      95
41      0
42      0
43      0
44      0
45      75
46      75
47      84
48      78
49      71
50      56
51      66
52      91
53      43
54      60
55      98
56      0
57      99
58      0
59      65
60      97
61      78
62      47
63      95
64      61
65      73
66      82
67      72
68      0
69      86
70      0
71      64
72      42
73      97
74      69
75      57
76      59
77      0
78      66
79      98
80      0
81      0
82      47
83      48
84      93
85      0
86      90
87      94
88      88
89      0
90      79
91      65
92      100
93      99
94      70
95      53
96      0
97      0
98      0
99      98
100      0
101      96
102      0
103      43
104      56
105      52
106      58
107      0
108      0
109      73
110      0
111      66
112      92
113      0
114      95
115      0
116      96
117      54
118      74
119      93
120      0
121      40
122      82
123      62
124      52
125      97
126      100
127      0
128      0
129      95
130      45
131      100
132      82
133      64
134      90
135      0
136      97
137      0
138      95
139      53
140      50
141      79
142      58
143      0
144      81
145      55
146      85
147      80
148      0
149      0
150      0
151      0
152      88
153      0
154      45
155      50
156      68
157      0
158      0
159      0
160      0
161      100
162      98
163      78
164      0
165      88
166      95
167      60
168      73
169      86
170      0
171      0
172      89
173      76
174      75
175      77
176      85
177      0
178      100
179      77
180      0
181      0
182      47
183      70
184      0
185      69
186      62
187      76
188      0
189      0
190      75
191      0
192      0
193      55
194      98
195      100
196      65
197      84
198      74
199      57
200      71
201      0
202      99
203      88
204      0
205      0
206      91
207      91
208      0
209      0
210      0
211      0
212      0
213      0
214      69
215      0
216      93
217      81
218      81
219      60
220      58
221      0
222      97
223      0
224      97
225      0
226      99
227      0
228      0
229      84
230      98
231      87
232      100
233      87
234      100
235      0
236      0
237      67
238      0
239      0
240      89
241      99
242      54
243      75
244      79
245      0
246      0
247      85
248      0
249      0
250      0
251      99
252      45
253      91
254      95
255      66
256      90
257      54
258      76
259      60
260      68
261      86
262      91
263      100
264      69
265      100
266      81
267      97
268      0
269      80
270      66
271      60
272      0
273      0
274      93
275      0
276      0
277      100
278      72
279      78
280      99
281      86
282      0
283      0
284      75
285      99
286      100
287      0
288      52
289      0
290      46
291      99
292      55
293      88
294      0
295      54
296      0
297      0
298      0
299      0
300      55
301      92
302      0
303      0
304      95
305      96
306      73
307      0
308      44
309      100
310      0
311      72
312      75
313      100
314      72
315      97
316      99
317      0
318      0
319      58
320      50
321      98
322      74
323      61
324      0
325      88
326      64
327      66
328      0
329      72
330      87
331      90
332      49
333      56
334      0
335      61
336      0
337      68
338      98
339      0
340      100
341      0
342      88
343      64
344      0
345      0
346      59
347      52
348      0
349      91
350      0
351      100
352      43
353      56
354      72
355      0
356      91
357      74
358      0
359      0
360      0
361      0
362      0
363      79
364      44
365      100
366      91
367      0
368      0
369      100
370      91
371      82
372      86
373      0
374      64
375      75
376      94
377      50
378      0
379      0
380      59
381      85
382      0
383      59
384      98
385      0
386      0
387      0
388      0
389      67
390      0
391      58
392      0
393      0
394      0
395      47
396      90
397      73
398      0
399      84
400      73
401      93
402      88
403      64
404      88
405      87
406      87
407      95
408      100
409      0
410      53
411      99
412      60
413      54
414      91
415      0
416      78
417      100
418      0
419      93
420      0
421      86
422      0
423      0
424      99
425      99
426      0
427      0
428      97
429      63
430      92
431      81
432      76
433      100
434      100
435      67
436      75
437      53
438      0
439      0
440      77
441      0
442      100
443      100
444      0
445      0
446      54
447      71
448      59
449      0
450      92
451      63
452      90
453      70
454      81
455      96
456      87
457      0
458      79
459      86
460      75
461      73
462      88
463      0
464      69
465      0
466      55
467      99
468      52
469      51
470      74
471      73
472      0
473      88
474      94
475      84
476      0
477      54
478      0
479      54
480      48
481      0
482      100
483      50
484      92
485      68
486      91
487      82
488      80
489      66
490      68
491      0
492      79
493      100
494      82
495      0
496      81
497      80
498      97
499      91
500      52
501      92
502      0
503      89
504      60
505      0
506      100
507      0
508      0
509      0
510      64
511      68
512      100
513      97
514      80
515      68
516      96
517      68
518      46
519      0
520      85
521      56
522      84
523      66
524      91
525      81
526      0
527      100
528      89
529      71
530      95
531      0
532      91
533      86
534      92
535      0
536      0
537      55
538      97
539      88
540      57
541      83
542      39
543      54
544      100
545      0
546      99
547      81
548      62
549      71
550      76
551      97
552      75
553      0
554      53
555      0
556      99
557      0
558      99
559      61
560      75
561      97
562      69
563      84
564      87
565      66
566      51
567      100
568      71
569      0
570      0
571      100
572      100
573      81
574      97
575      0
576      100
577      97
578      0
579      96
580      95
581      0
582      0
583      65
584      0
585      62
586      0
587      0
588      89
589      85
590      0
591      78
592      63
593      0
594      0
595      51
596      70
597      96
598      99
599      0
600      84
601      0
602      88
603      95
604      46
605      0
606      0
607      0
608      0
609      93
610      63
611      48
612      85
613      52
614      96
615      81
616      68
617      55
618      59
619      99
620      99
621      0
622      0
623      0
624      0
625      0
626      98
627      68
628      0
629      82
630      58
631      52
632      0
633      0
634      89
635      89
636      49
637      97
638      90
639      96
640      75
641      99
642      100
643      0
644      76
645      0
646      45
647      0
648      0
649      0
650      0
651      0
652      95
653      69
654      52
655      90
656      95
657      74
658      78
659      78
660      0
661      43
662      91
663      98
664      50
665      52
666      0
667      0
668      53
669      98
670      75
671      0
672      0
673      100
674      95
675      98
676      0
677      46
678      0
679      82
680      0
681      47
682      93
683      95
684      0
685      66
686      75
687      0
688      85
689      0
690      93
691      91
692      84
693      0
694      99
695      63
696      100
697      100
698      68
699      0
700      0
701      0
702      62
703      96
704      66
705      0
706      0
707      0
708      0
709      80
710      66
711      100
712      88
713      100
714      82
715      83
716      0
717      88
718      92
719      0
720      0
721      64
722      64
723      85
724      64
725      95
726      62
727      0
728      61
729      82
730      57
731      80
732      98
733      0
734      80
735      82
736      0
737      71
738      0
739      93
740      75
741      84
742      0
743      100
744      73
745      0
746      88
747      0
748      85
749      0
750      44
751      0
752      100
753      45
754      92
755      74
756      0
757      86
758      76
759      83
760      0
761      98
762      97
763      78
764      0
765      50
766      0
767      94
768      59
769      0
770      52
771      62
772      0
773      0
774      82
775      97
776      0
777      0
778      0
779      58
780      66
781      0
782      70
783      0
784      71
785      78
786      85
787      56
788      64
789      0
790      0
791      55
792      80
793      96
794      70
795      0
796      0
797      98
798      0
799      60
800      94
801      0
802      51
803      100
804      95
805      52
806      77
807      88
808      96
809      0
810      92
811      42
812      59
813      0
814      86
815      0
816      71
817      0
818      0
819      84
820      0
821      87
822      63
823      99
824      87
825      64
826      68
827      0
828      48
829      0
830      100
831      0
832      92
833      0
834      99
835      0
836      73
837      0
838      0
839      96
840      62
841      0
842      78
843      76
844      98
845      89
846      78
847      89
848      86
849      91
850      82
851      68
852      73
853      49
854      0
855      74
856      98
857      86
858      78
859      43
860      0
861      0
862      88
863      0
864      72
865      0
866      84
867      0
868      66
869      81
870      52
871      0
872      86
873      83
874      56
875      0
876      0
877      58
878      0
879      0
880      93
881      59
882      0
883      0
884      94
885      97
886      90
887      71
888      96
889      0
890      84
891      0
892      68
893      92
894      82
895      47
896      99
897      52
898      70
899      0
900      0
901      73
902      0
903      0
904      64
905      94
906      84
907      95
908      61
909      68
910      97
911      69
912      95
913      99
914      97
915      94
916      0
917      0
918      45
919      0
920      84
921      81
922      62
923      90
924      93
925      0
926      98
927      0
928      0
929      0
930      87
931      70
932      0
933      83
934      71
935      0
936      94
937      81
938      0
939      87
940      0
941      50
942      87
943      72
944      81
945      0
946      78
947      0
948      74
949      0
950      100
951      89
952      65
953      91
954      95
955      54
956      0
957      0
958      56
959      0
960      89
961      56
962      85
963      72
964      0
965      0
966      91
967      61
968      0
969      48
970      45
971      0
972      98
973      0
974      47
975      0
976      77
977      76
978      100
979      97
980      0
981      0
982      73
983      68
984      69
985      92
986      100
987      0
988      0
989      74
990      0
991      0
992      57
993      0
994      92
995      69
996      0
997      0
998      54
999      78
1000      82
1001      83
1002      97
1003      0
1004      88
1005      98
1006      82
1007      99
1008      0
1009      97
1010      100
1011      45
1012      64
1013      0
1014      52
1015      86
1016      74
1017      78
1018      0
1019      98
1020      0
1021      95
1022      71
1023      77
1024      50
1025      82
1026      65
1027      94
1028      0
1029      0
1030      0
1031      75
1032      0
1033      100
1034      44
1035      85
1036      0
1037      87
1038      0
1039      40
1040      62
1041      0
1042      83
1043      57
1044      0
1045      0
1046      58
1047      0
1048      84
1049      0
1050      0
1051      91
1052      0
1053      61
1054      0
1055      98
1056      0
1057      0
1058      98
1059      19
1060      0
1061      0
1062      97
1063      0
1064      0
1065      77
1066      0
1067      48
1068      0
1069      75
1070      0
1071      0
1072      58
1073      99
1074      91
1075      72
1076      0
1077      0
1078      0
1079      93
1080      0
1081      0
1082      69
1083      78
1084      57
1085      84
1086      60
1087      0
1088      0
1089      0
1090      66
1091      65
1092      100
1093      100
1094      69
1095      79
1096      44
1097      95
1098      0
1099      68
1100      0
1101      66
1102      52
1103      0
1104      0
1105      0
1106      49
1107      100
1108      0
1109      66
1110      63
1111      84
1112      100
1113      90
1114      81
1115      66
1116      86
1117      0
1118      0
1119      67
1120      0
1121      57
1122      86
1123      65
1124      100
1125      91
1126      100
1127      0
1128      91
1129      55
1130      0
1131      83
1132      67
1133      84
1134      70
1135      81
1136      84
1137      0
1138      0
1139      88
1140      95
1141      0
1142      84
1143      0
1144      86
1145      99
1146      94
1147      72
1148      97
1149      0
1150      77
1151      77
1152      57
1153      100
1154      0
1155      0
1156      54
1157      0
1158      91
1159      0
1160      83
1161      46
1162      58
1163      85
1164      91
1165      0
1166      93
1167      96
1168      90
1169      62
1170      0
1171      0
1172      0
1173      50
1174      0
1175      100
1176      88
1177      84
1178      100
1179      0
1180      82
1181      91
1182      83
1183      87
1184      0
1185      73
1186      43
1187      100
1188      45
1189      0
1190      89
1191      57
1192      90
1193      95
1194      87
1195      0
1196      0
1197      0
1198      92
1199      59
1200      84
1201      0
1202      0
1203      0
1204      57
1205      69
1206      0
1207      0
1208      0
1209      0
1210      0
1211      100
1212      0
1213      92
1214      99
1215      97
1216      95
1217      0
1218      89
1219      59
1220      69
1221      77
1222      99
1223      0
1224      97
1225      0
1226      46
1227      0
1228      47
1229      99
1230      86
1231      98
1232      0
1233      0
1234      100
1235      0
1236      81
1237      96
1238      97
1239      90
1240      71
1241      0
1242      86
1243      0
1244      86
1245      86
1246      0
1247      66
1248      93
1249      75
1250      84
1251      65
1252      76
1253      0
1254      0
1255      84
1256      0
1257      0
1258      99
1259      91
1260      99
1261      64
1262      75
1263      0
1264      84
1265      85
1266      65
1267      0
1268      0
1269      84
1270      0
1271      66
1272      73
1273      0
1274      68
1275      70
1276      100
1277      0
1278      0
1279      0
1280      97
1281      74
1282      46
1283      0
1284      97
1285      0
1286      96
1287      93
1288      71
1289      79
1290      59
1291      60
1292      90
1293      0
1294      0
1295      0
1296      99
1297      100
1298      75
1299      0
1300      97
1301      85
1302      95
1303      53
1304      44
1305      0
1306      90
1307      96
1308      62
1309      99
1310      59
1311      61
1312      97
1313      97
1314      0
1315      0
1316      0
1317      0
1318      56
1319      75
1320      0
1321      0
1322      100
1323      93
1324      48
1325      99
1326      0
1327      85
1328      71
1329      0
1330      60
1331      97
1332      0
1333      90
1334      0
1335      0
1336      99
1337      65
1338      0
1339      97
1340      81
1341      0
1342      0
1343      0
1344      28
1345      64
1346      80
1347      95
1348      0
1349      0
1350      0
1351      66
1352      0
1353      0
1354      0
1355      67
1356      0
1357      57
1358      0
1359      95
1360      79
1361      94
1362      100
1363      87
1364      59
1365      60
1366      93
1367      79
1368      77
1369      91
1370      96
1371      63
1372      49
1373      62
1374      0
1375      0
1376      71
1377      63
1378      100
1379      54
1380      90
1381      88
1382      0
1383      97
1384      0
1385      0
1386      53
1387      92
1388      55
1389      0
1390      0
1391      53
1392      0
1393      69
1394      74
1395      97
1396      99
1397      100
1398      0
1399      66
1400      79
1401      0
1402      100
1403      92
1404      95
1405      0
1406      96
1407      59
1408      60
1409      82
1410      100
1411      0
1412      0
1413      0
1414      97
1415      0
1416      0
1417      79
1418      83
1419      92
1420      96
1421      0
1422      92
1423      0
1424      71
1425      82
1426      49
1427      0
1428      0
1429      59
1430      60
1431      0
1432      75
1433      100
1434      0
1435      0
1436      84
1437      0
1438      0
1439      83
1440      92
1441      88
1442      76
1443      65
1444      53
1445      0
1446      0
1447      73
1448      96
1449      58
1450      85
1451      70
1452      44
1453      0
1454      80
1455      69
1456      0
1457      61
1458      80
1459      77
1460      75
1461      73
1462      0
1463      72
1464      0
1465      0
1466      0
1467      92
1468      98
1469      96
1470      0
1471      100
1472      91
1473      95
1474      73
1475      71
1476      0
1477      0
1478      0
1479      79
1480      88
1481      0
1482      94
1483      0
1484      46
1485      64
1486      0
1487      90
1488      74
1489      52
1490      0
1491      96
1492      0
1493      0
1494      100
1495      90
1496      0
1497      92
1498      88
1499      53
1500      64
1501      68
1502      0
1503      63
1504      0
1505      77
1506      89
1507      0
1508      0
1509      100
1510      0
1511      72
1512      51
1513      59
1514      56
1515      100
1516      73
1517      99
1518      0
1519      98
1520      0
1521      100
1522      99
1523      38
1524      0
1525      75
1526      0
1527      0
1528      53
1529      95
1530      0
1531      85
1532      51
1533      0
1534      0
1535      87
1536      91
1537      91
1538      50
1539      0
1540      69
1541      0
1542      78
1543      90
1544      0
1545      100
1546      88
1547      88
1548      87
1549      91
1550      0
1551      0
1552      0
1553      47
1554      75
1555      99
1556      99
1557      58
1558      0
1559      73
1560      49
1561      88
1562      81
1563      0
1564      0
1565      75
1566      93
1567      64
1568      61
1569      0
1570      82
1571      99
1572      90
1573      86
1574      0
1575      52
1576      68
1577      0
1578      0
1579      0
1580      0
1581      56
1582      0
1583      77
1584      55
1585      64
1586      0
1587      84
1588      0
1589      99
1590      95
1591      79
1592      92
1593      100
1594      64
1595      60
1596      68
1597      64
1598      66
1599      97
1600      57
1601      99
1602      96
1603      85
1604      55
1605      92
1606      62
1607      54
1608      0
1609      0
1610      88
1611      68
1612      0
1613      0
1614      0
1615      0
1616      61
1617      59
1618      99
1619      0
1620      53
1621      88
1622      0
1623      100
1624      63
1625      97
1626      0
1627      57
1628      0
1629      48
1630      94
1631      0
1632      84
1633      81
1634      0
1635      87
1636      87
1637      100
1638      0
1639      0
1640      76
1641      83
1642      85
1643      94
1644      0
1645      0
1646      96
1647      96
1648      78
1649      96
1650      0
1651      73
1652      100
1653      87
1654      0
1655      0
1656      66
1657      85
1658      0
1659      71
1660      0
1661      0
1662      0
1663      88
1664      82
1665      74
1666      60
1667      65
1668      99
1669      92
1670      0
1671      47
1672      0
1673      53
1674      100
1675      99
1676      0
1677      62
1678      66
1679      0
1680      89
1681      45
1682      64
1683      67
1684      0
1685      94
1686      90
1687      82
1688      58
1689      88
1690      0
1691      75
1692      86
1693      83
1694      0
1695      43
1696      0
1697      100
1698      0
1699      98
1700      82
1701      59
1702      92
1703      0
1704      73
1705      67
1706      70
1707      79
1708      0
1709      58
1710      58
1711      97
1712      0
1713      71
1714      84
1715      85
1716      75
1717      0
1718      100
1719      0
1720      0
1721      0
1722      65
1723      0
1724      75
1725      80
1726      82
1727      50
1728      73
1729      0
1730      68
1731      0
1732      0
1733      0
1734      77
1735      50
1736      68
1737      64
1738      0
1739      67
1740      98
1741      52
1742      45
1743      97
1744      55
1745      99
1746      84
1747      98
1748      0
1749      77
1750      0
1751      84
1752      0
1753      73
1754      99
1755      62
1756      86
1757      0
1758      0
1759      81
1760      84
1761      82
1762      97
1763      55
1764      0
1765      96
1766      92
1767      49
1768      0
1769      55
1770      67
1771      82
1772      99
1773      51
1774      90
1775      100
1776      68
1777      80
1778      0
1779      98
1780      0
1781      0
1782      86
1783      70
1784      90
1785      99
1786      0
1787      75
1788      100
1789      0
1790      95
1791      0
1792      0
1793      62
1794      99
1795      45
1796      0
1797      99
1798      59
1799      0
1800      0
1801      0
1802      0
1803      0
1804      100
1805      0
1806      96
1807      0
1808      79
1809      0
1810      0
1811      0
1812      0
1813      63
1814      50
1815      81
1816      0
1817      0
1818      80
1819      88
1820      0
1821      0
1822      79
1823      0
1824      92
1825      59
1826      62
1827      73
1828      0
1829      0
1830      97
1831      91
1832      0
1833      54
1834      100
1835      100
1836      0
1837      81
1838      60
1839      0
1840      0
1841      72
1842      0
1843      73
1844      72
1845      79
1846      0
1847      0
1848      0
1849      73
1850      56
1851      100
1852      82
1853      0
1854      56
1855      94
1856      0
1857      68
1858      92
1859      88
1860      85
1861      44
1862      0
1863      0
1864      0
1865      0
1866      88
1867      70
1868      98
1869      0
1870      54
1871      0
1872      99
1873      90
1874      100
1875      100
1876      0
1877      0
1878      0
1879      87
1880      0
1881      0
1882      58
1883      98
1884      98
1885      76
1886      70
1887      52
1888      0
1889      91
1890      64
1891      94
1892      65
1893      92
1894      50
1895      62
1896      82
1897      84
1898      0
1899      67
1900      79
1901      82
1902      88
1903      0
1904      87
1905      59
1906      76
1907      73
1908      100
1909      0
1910      75
1911      55
1912      75
1913      91
1914      98
1915      98
1916      61
1917      93
1918      0
1919      50
1920      58
1921      81
1922      49
1923      97
1924      74
1925      60
1926      97
1927      0
1928      0
1929      0
1930      75
1931      64
1932      0
1933      53
1934      50
1935      0
1936      80
1937      97
1938      0
1939      76
1940      76
1941      68
1942      53
1943      0
1944      99
1945      0
1946      76
1947      61
1948      99
1949      0
1950      45
1951      75
1952      64
1953      0
1954      47
1955      97
1956      75
1957      63
1958      0
1959      69
1960      91
1961      69
1962      95
1963      0
1964      94
1965      58
1966      0
1967      69
1968      85
1969      48
1970      61
1971      0
1972      0
1973      86
1974      91
1975      0
1976      0
1977      0
1978      0
1979      91
1980      0
1981      67
1982      85
1983      55
1984      64
1985      0
1986      0
1987      97
1988      78
1989      66
1990      52
1991      100
1992      95
1993      0
1994      92
1995      96
1996      100
1997      58
1998      86
1999      81
2000      0
2001      91
2002      99
2003      0
2004      0
2005      99
2006      81
2007      75
2008      0
2009      0
2010      0
2011      0
2012      87
2013      74
2014      0
2015      72
2016      98
2017      74
2018      78
2019      0
2020      0
2021      99
2022      0
2023      0
2024      60
2025      0
2026      98
2027      100
2028      0
2029      54
2030      0
2031      0
2032      77
2033      94
2034      99
2035      0
2036      100
2037      76
2038      73
2039      0
2040      99
2041      0
2042      0
2043      81
2044      85
2045      48
2046      83
2047      59
2048      82
2049      0
2050      87
2051      99
2052      73
2053      67
2054      82
2055      80
2056      0
2057      84
2058      0
2059      66
2060      0
2061      69
2062      58
2063      0
2064      63
2065      0
2066      0
2067      63
2068      60
2069      99
2070      99
2071      60
2072      66
2073      95
2074      57
2075      91
2076      64
2077      78
2078      65
2079      0
2080      86
2081      84
2082      71
2083      100
2084      70
2085      100
2086      0
2087      96
2088      91
2089      49
2090      0
2091      0
2092      0
2093      86
2094      97
2095      54
2096      59
2097      52
2098      100
2099      80
2100      0
2101      73
2102      0
2103      97
2104      0
2105      0
2106      62
2107      0
2108      97
2109      74
2110      0
2111      92
2112      65
2113      47
2114      63
2115      0
2116      88
2117      90
2118      99
2119      0
2120      89
2121      66
2122      72
2123      0
2124      79
2125      0
2126      71
2127      73
2128      84
2129      0
2130      89
2131      99
2132      0
2133      81
2134      0
2135      49
2136      43
2137      69
2138      64
2139      47
2140      62
2141      74
2142      99
2143      54
2144      0
2145      100
2146      71
2147      0
2148      0
2149      61
2150      95
2151      0
2152      73
2153      0
2154      65
2155      0
2156      97
2157      100
2158      100
2159      0
2160      65
2161      84
2162      0
2163      87
2164      53
2165      94
2166      94
2167      71
2168      96
2169      94
2170      97
2171      99
2172      41
2173      100
2174      0
2175      0
2176      96
2177      0
2178      0
2179      92
2180      82
2181      100
2182      90
2183      100
2184      57
2185      97
2186      88
2187      0
2188      58
2189      98
2190      97
2191      98
2192      61
2193      0
2194      90
2195      65
2196      49
2197      0
2198      91
2199      99
2200      0
2201      81
2202      0
2203      0
2204      78
2205      53
2206      0
2207      0
2208      62
2209      0
2210      70
2211      0
2212      52
2213      100
2214      0
2215      68
2216      0
2217      67
2218      75
2219      89
2220      0
2221      0
2222      44
2223      99
2224      0
2225      0
2226      0
2227      85
2228      82
2229      61
2230      74
2231      60
2232      98
2233      0
2234      0
2235      69
2236      0
2237      99
2238      90
2239      59
2240      69
2241      0
2242      78
2243      0
2244      87
2245      0
2246      100
2247      0
2248      81
2249      45
2250      79
2251      67
2252      97
2253      96
2254      87
2255      86
2256      79
2257      0
2258      0
2259      48
2260      93
2261      0
2262      85
2263      0
2264      0
2265      85
2266      0
2267      82
2268      84
2269      100
2270      0
2271      0
2272      68
2273      99
2274      70
2275      88
2276      78
2277      100
2278      86
2279      0
2280      65
2281      71
2282      69
2283      96
2284      75
2285      0
2286      99
2287      0
2288      0
2289      73
2290      97
2291      47
2292      76
2293      86
2294      67
2295      65
2296      54
2297      94
2298      0
2299      48
2300      84
2301      0
2302      48
2303      0
2304      89
2305      100
2306      70
2307      0
2308      0
2309      53
2310      0
2311      96
2312      0
2313      84
2314      73
2315      93
2316      62
2317      71
2318      100
2319      97
2320      43
2321      86
2322      49
2323      0
2324      60
2325      0
2326      80
2327      0
2328      80
2329      98
2330      56
2331      95
2332      71
2333      0
2334      0
2335      86
2336      0
2337      0
2338      0
2339      0
2340      0
2341      96
2342      66
2343      0
2344      74
2345      0
2346      96
2347      53
2348      62
2349      83
2350      70
2351      0
2352      97
2353      0
2354      36
2355      92
2356      58
2357      63
2358      0
2359      78
2360      47
2361      0
2362      66
2363      99
2364      50
2365      89
2366      79
2367      92
2368      0
2369      0
2370      0
2371      97
2372      0
2373      93
2374      89
2375      0
2376      76
2377      0
2378      97
2379      71
2380      100
2381      0
2382      0
2383      0
2384      0
2385      72
2386      0
2387      0
2388      55
2389      53
2390      0
2391      70
2392      0
2393      0
2394      97
2395      0
2396      89
2397      0
2398      62
2399      86
2400      78
2401      85
2402      89
2403      0
2404      63
2405      81
2406      72
2407      0
2408      45
2409      0
2410      47
2411      0
2412      73
2413      75
2414      53
2415      95
2416      64
2417      66
2418      0
2419      0
2420      0
2421      73
2422      100
2423      56
2424      0
2425      90
2426      29
2427      47
2428      70
2429      79
2430      0
2431      46
2432      0
2433      97
2434      81
2435      60
2436      45
2437      0
2438      0
2439      100
2440      84
2441      0
2442      49
2443      73
2444      85
2445      95
2446      99
2447      91
2448      88
2449      62
2450      100
2451      0
2452      0
2453      0
2454      0
2455      95
2456      49
2457      66
2458      0
2459      66
2460      90
2461      53
2462      100
2463      81
2464      0
2465      0
2466      58
2467      58
2468      88
2469      82
2470      97
2471      0
2472      0
2473      77
2474      53
2475      0
2476      94
2477      90
2478      76
2479      90
2480      49
2481      90
2482      0
2483      0
2484      0
2485      58
2486      0
2487      71
2488      76
2489      0
2490      90
2491      73
2492      0
2493      92
2494      0
2495      0
2496      0
2497      80
2498      0
2499      97
       84800.7
