0      68
1      0
2      0
3      64
4      0
5      0
6      86
7      100
8      56
9      56
10      0
11      0
12      0
13      0
14      0
15      0
16      0
17      56
18      58
19      99
20      100
21      93
22      100
23      83
24      81
25      0
26      100
27      100
28      99
29      100
30      100
31      0
32      100
33      100
34      0
35      100
36      80
37      61
38      100
39      100
40      100
41      0
42      100
43      0
44      69
45      100
46      100
47      100
48      90
49      63
       1765.47
