0      70
1      0
2      100
3      98
4      100
5      0
6      48
7      0
8      0
9      94
10      0
11      100
12      100
13      100
14      0
15      96
16      85
17      80
18      86
19      98
20      100
21      100
22      43
23      100
24      70
25      60
26      0
27      98
28      100
29      92
30      0
31      0
32      0
33      0
34      92
35      57
36      42
37      100
38      100
39      91
40      38
41      0
42      73
43      69
44      100
45      0
46      96
47      74
48      100
49      0
50      54
51      0
52      100
53      100
54      96
55      98
56      12
57      78
58      100
59      100
60      0
61      89
62      96
63      100
64      100
65      80
66      78
67      100
68      0
69      0
70      80
71      98
72      100
73      0
74      39
75      33
76      0
77      71
78      100
79      75
80      0
81      60
82      0
83      79
84      0
85      0
86      54
87      0
88      82
89      70
90      0
91      0
92      80
93      100
94      89
95      98
96      61
97      0
98      0
99      0
100      82
101      0
102      66
103      0
104      100
105      100
106      98
107      90
108      0
109      100
110      98
111      90
112      0
113      90
114      78
115      0
116      100
117      100
118      0
119      0
120      100
121      0
122      0
123      0
124      92
125      100
126      100
127      0
128      91
129      86
130      96
131      0
132      100
133      0
134      70
135      57
136      0
137      100
138      0
139      100
140      100
141      86
142      100
143      0
144      48
145      0
146      0
147      69
148      0
149      70
150      100
151      100
152      80
153      0
154      0
155      100
156      100
157      73
158      0
159      100
160      68
161      0
162      100
163      0
164      90
165      0
166      0
167      0
168      0
169      100
170      0
171      71
172      75
173      0
174      61
175      91
176      0
177      0
178      60
179      98
180      100
181      67
182      48
183      0
184      0
185      57
186      61
187      0
188      100
189      67
190      0
191      100
192      43
193      82
194      100
195      57
196      67
197      0
198      68
199      0
       7055.35
