0      0
1      99
2      54
3      88
4      88
5      73
6      98
7      100
8      82
9      0
10      85
11      63
12      48
13      82
14      80
15      46
16      100
17      98
18      94
19      0
20      58
21      100
22      60
23      76
24      70
25      0
26      96
27      0
28      0
29      0
30      0
31      48
32      0
33      94
34      0
35      0
36      63
37      56
38      62
39      0
40      0
41      0
42      92
43      100
44      42
45      0
46      0
47      96
48      59
49      0
50      69
51      0
52      98
53      0
54      0
55      0
56      94
57      0
58      0
59      70
60      89
61      99
62      0
63      96
64      61
65      94
66      88
67      88
68      56
69      88
70      54
71      0
72      0
73      74
74      99
75      61
76      0
77      0
78      0
79      57
80      81
81      0
82      0
83      89
84      45
85      53
86      91
87      93
88      81
89      51
90      55
91      0
92      76
93      0
94      0
95      64
96      0
97      69
98      96
99      82
100      60
101      76
102      94
103      74
104      70
105      41
106      97
107      75
108      96
109      75
110      0
111      100
112      0
113      85
114      0
115      62
116      70
117      0
118      0
119      90
120      92
121      91
122      0
123      0
124      0
125      85
126      88
127      71
128      0
129      98
130      71
131      98
132      0
133      56
134      95
135      0
136      78
137      100
138      75
139      87
140      99
141      49
142      93
143      88
144      0
145      0
146      82
147      0
148      65
149      87
150      65
151      0
152      59
153      64
154      66
155      76
156      100
157      0
158      49
159      92
160      96
161      91
162      0
163      100
164      73
165      0
166      57
167      64
168      60
169      47
170      97
171      95
172      74
173      69
174      0
175      54
176      79
177      0
178      0
179      0
180      88
181      50
182      0
183      0
184      44
185      79
186      45
187      52
188      94
189      0
190      88
191      94
192      55
193      91
194      95
195      90
196      77
197      85
198      0
199      94
200      79
201      87
202      95
203      89
204      77
205      55
206      0
207      0
208      96
209      62
210      78
211      92
212      0
213      0
214      60
215      89
216      67
217      100
218      100
219      0
220      79
221      77
222      100
223      0
224      70
225      70
226      85
227      95
228      88
229      0
230      0
231      64
232      100
233      82
234      0
235      84
236      50
237      93
238      0
239      77
240      93
241      66
242      70
243      97
244      85
245      57
246      55
247      96
248      0
249      100
250      100
251      0
252      94
253      0
254      74
255      91
256      84
257      88
258      64
259      100
260      0
261      0
262      80
263      52
264      85
265      76
266      85
267      49
268      58
269      86
270      90
271      0
272      98
273      94
274      56
275      89
276      99
277      0
278      0
279      79
280      0
281      87
282      72
283      0
284      99
285      54
286      79
287      91
288      71
289      0
290      70
291      48
292      57
293      0
294      0
295      0
296      50
297      93
298      0
299      0
300      45
301      0
302      0
303      95
304      98
305      0
306      66
307      0
308      100
309      51
310      45
311      0
312      49
313      53
314      80
315      0
316      0
317      0
318      0
319      84
320      100
321      81
322      93
323      0
324      0
325      0
326      0
327      79
328      86
329      0
330      97
331      63
332      43
333      94
334      60
335      97
336      74
337      96
338      0
339      52
340      0
341      91
342      0
343      91
344      53
345      73
346      43
347      70
348      97
349      95
350      0
351      93
352      90
353      0
354      0
355      100
356      95
357      0
358      70
359      87
360      0
361      83
362      79
363      0
364      55
365      58
366      0
367      80
368      0
369      96
370      66
371      66
372      0
373      0
374      80
375      0
376      94
377      0
378      58
379      0
380      88
381      68
382      0
383      0
384      0
385      0
386      67
387      66
388      44
389      0
390      78
391      53
392      49
393      47
394      0
395      73
396      0
397      87
398      98
399      0
400      72
401      97
402      93
403      66
404      0
405      95
406      0
407      0
408      94
409      70
410      95
411      51
412      50
413      45
414      96
415      0
416      92
417      0
418      2
419      85
420      100
421      83
422      76
423      99
424      89
425      0
426      97
427      78
428      68
429      79
430      99
431      0
432      48
433      0
434      80
435      0
436      100
437      0
438      58
439      95
440      0
441      0
442      0
443      0
444      94
445      0
446      62
447      0
448      84
449      45
450      98
451      61
452      59
453      65
454      47
455      93
456      88
457      97
458      97
459      100
460      66
461      91
462      0
463      0
464      74
465      92
466      75
467      0
468      82
469      0
470      49
471      0
472      65
473      93
474      74
475      0
476      0
477      88
478      90
479      0
480      65
481      0
482      0
483      96
484      98
485      0
486      63
487      99
488      53
489      91
490      41
491      0
492      0
493      100
494      0
495      63
496      97
497      77
498      0
499      58
500      0
501      71
502      77
503      50
504      74
505      0
506      73
507      53
508      0
509      77
510      85
511      50
512      93
513      45
514      100
515      91
516      82
517      88
518      95
519      99
520      74
521      37
522      99
523      70
524      0
525      99
526      0
527      94
528      66
529      62
530      99
531      82
532      99
533      89
534      97
535      97
536      0
537      72
538      0
539      93
540      79
541      98
542      70
543      0
544      0
545      0
546      0
547      99
548      0
549      0
550      52
551      85
552      99
553      0
554      70
555      93
556      99
557      0
558      79
559      0
560      0
561      0
562      87
563      63
564      96
565      0
566      0
567      96
568      0
569      66
570      91
571      93
572      0
573      75
574      74
575      97
576      87
577      79
578      71
579      99
580      0
581      0
582      69
583      89
584      0
585      79
586      82
587      91
588      97
589      62
590      56
591      98
592      71
593      0
594      98
595      86
596      100
597      0
598      0
599      0
600      73
601      61
602      77
603      0
604      80
605      91
606      0
607      82
608      85
609      98
610      77
611      100
612      47
613      48
614      89
615      77
616      65
617      71
618      71
619      89
620      0
621      0
622      61
623      82
624      69
625      83
626      47
627      67
628      79
629      91
630      58
631      88
632      82
633      0
634      74
635      100
636      0
637      67
638      0
639      66
640      88
641      0
642      57
643      55
644      0
645      0
646      92
647      87
648      62
649      63
650      0
651      0
652      0
653      0
654      0
655      53
656      0
657      95
658      0
659      88
660      84
661      99
662      0
663      0
664      54
665      64
666      55
667      65
668      0
669      0
670      88
671      91
672      89
673      100
674      0
675      87
676      0
677      99
678      0
679      100
680      66
681      82
682      80
683      0
684      90
685      0
686      0
687      95
688      0
689      51
690      0
691      91
692      0
693      0
694      0
695      73
696      0
697      0
698      79
699      0
700      0
701      68
702      75
703      75
704      0
705      0
706      100
707      0
708      0
709      59
710      56
711      0
712      97
713      85
714      0
715      93
716      0
717      100
718      0
719      0
720      99
721      80
722      72
723      86
724      98
725      72
726      0
727      74
728      66
729      0
730      96
731      64
732      0
733      0
734      0
735      100
736      88
737      68
738      0
739      94
740      65
741      65
742      95
743      66
744      98
745      82
746      61
747      97
748      91
749      62
750      93
751      0
752      81
753      100
754      0
755      0
756      76
757      79
758      88
759      84
760      51
761      73
762      0
763      84
764      100
765      87
766      0
767      0
768      97
769      0
770      79
771      66
772      99
773      61
774      0
775      89
776      94
777      88
778      65
779      0
780      63
781      77
782      0
783      99
784      56
785      41
786      0
787      0
788      0
789      92
790      0
791      0
792      93
793      0
794      55
795      100
796      0
797      97
798      96
799      87
800      0
801      86
802      49
803      97
804      97
805      98
806      0
807      64
808      87
809      89
810      76
811      70
812      54
813      87
814      0
815      0
816      72
817      79
818      59
819      0
820      54
821      68
822      88
823      80
824      99
825      0
826      0
827      0
828      95
829      82
830      88
831      58
832      94
833      0
834      45
835      0
836      79
837      80
838      70
839      0
840      95
841      97
842      0
843      84
844      0
845      96
846      0
847      96
848      0
849      91
850      79
851      60
852      61
853      72
854      0
855      100
856      91
857      74
858      0
859      68
860      0
861      97
862      68
863      67
864      0
865      0
866      0
867      99
868      0
869      0
870      0
871      93
872      91
873      0
874      0
875      47
876      0
877      75
878      70
879      79
880      0
881      0
882      49
883      66
884      0
885      53
886      0
887      0
888      72
889      0
890      0
891      55
892      100
893      78
894      96
895      0
896      100
897      67
898      0
899      0
900      98
901      0
902      87
903      100
904      0
905      75
906      79
907      0
908      0
909      61
910      74
911      0
912      49
913      0
914      0
915      95
916      55
917      99
918      0
919      96
920      99
921      79
922      62
923      81
924      44
925      0
926      94
927      55
928      97
929      100
930      76
931      97
932      0
933      72
934      0
935      70
936      96
937      0
938      0
939      55
940      85
941      63
942      87
943      79
944      0
945      63
946      0
947      94
948      74
949      0
950      0
951      75
952      47
953      96
954      65
955      82
956      0
957      76
958      0
959      0
960      0
961      0
962      0
963      0
964      0
965      85
966      56
967      0
968      74
969      0
970      0
971      48
972      85
973      81
974      61
975      0
976      88
977      0
978      0
979      93
980      0
981      87
982      100
983      76
984      94
985      74
986      89
987      55
988      74
989      0
990      99
991      100
992      99
993      0
994      66
995      72
996      0
997      77
998      0
999      0
1000      40
1001      0
1002      62
1003      0
1004      0
1005      100
1006      79
1007      82
1008      94
1009      97
1010      75
1011      93
1012      0
1013      93
1014      0
1015      79
1016      68
1017      98
1018      81
1019      100
1020      48
1021      0
1022      68
1023      0
1024      0
1025      0
1026      0
1027      0
1028      51
1029      45
1030      74
1031      55
1032      76
1033      75
1034      97
1035      63
1036      0
1037      0
1038      0
1039      83
1040      97
1041      78
1042      0
1043      68
1044      0
1045      0
1046      0
1047      0
1048      0
1049      0
1050      98
1051      100
1052      99
1053      0
1054      100
1055      0
1056      97
1057      66
1058      95
1059      0
1060      50
1061      0
1062      80
1063      0
1064      0
1065      100
1066      0
1067      80
1068      0
1069      96
1070      0
1071      51
1072      85
1073      0
1074      94
1075      67
1076      0
1077      72
1078      52
1079      49
1080      0
1081      79
1082      0
1083      0
1084      89
1085      0
1086      64
1087      0
1088      0
1089      0
1090      0
1091      79
1092      86
1093      88
1094      94
1095      0
1096      79
1097      77
1098      0
1099      85
1100      75
1101      86
1102      90
1103      58
1104      88
1105      96
1106      0
1107      50
1108      75
1109      68
1110      0
1111      51
1112      0
1113      68
1114      68
1115      0
1116      79
1117      0
1118      69
1119      0
1120      0
1121      99
1122      0
1123      41
1124      52
1125      45
1126      93
1127      62
1128      84
1129      51
1130      0
1131      0
1132      69
1133      66
1134      92
1135      76
1136      2
1137      0
1138      58
1139      94
1140      0
1141      96
1142      83
1143      89
1144      0
1145      50
1146      99
1147      91
1148      0
1149      43
1150      96
1151      0
1152      82
1153      77
1154      94
1155      99
1156      57
1157      0
1158      0
1159      0
1160      63
1161      0
1162      0
1163      0
1164      52
1165      46
1166      0
1167      92
1168      97
1169      83
1170      70
1171      0
1172      92
1173      49
1174      0
1175      82
1176      52
1177      51
1178      93
1179      70
1180      0
1181      0
1182      0
1183      0
1184      0
1185      73
1186      90
1187      53
1188      0
1189      74
1190      54
1191      0
1192      62
1193      0
1194      70
1195      69
1196      0
1197      94
1198      0
1199      0
1200      0
1201      0
1202      0
1203      97
1204      95
1205      0
1206      80
1207      97
1208      0
1209      0
1210      100
1211      85
1212      42
1213      100
1214      64
1215      0
1216      0
1217      75
1218      0
1219      77
1220      90
1221      55
1222      99
1223      0
1224      0
1225      67
1226      71
1227      64
1228      70
1229      47
1230      83
1231      94
1232      85
1233      55
1234      99
1235      66
1236      65
1237      100
1238      46
1239      95
1240      64
1241      74
1242      84
1243      99
1244      73
1245      76
1246      0
1247      57
1248      0
1249      66
1250      83
1251      0
1252      0
1253      88
1254      67
1255      98
1256      96
1257      92
1258      99
1259      77
1260      0
1261      84
1262      0
1263      0
1264      91
1265      0
1266      0
1267      0
1268      78
1269      88
1270      0
1271      77
1272      63
1273      0
1274      0
1275      0
1276      63
1277      59
1278      96
1279      0
1280      73
1281      100
1282      88
1283      77
1284      62
1285      89
1286      95
1287      55
1288      0
1289      0
1290      94
1291      99
1292      61
1293      58
1294      0
1295      51
1296      56
1297      66
1298      73
1299      85
1300      88
1301      68
1302      0
1303      79
1304      94
1305      0
1306      59
1307      98
1308      99
1309      97
1310      74
1311      0
1312      55
1313      63
1314      0
1315      67
1316      0
1317      68
1318      45
1319      77
1320      51
1321      0
1322      0
1323      96
1324      49
1325      56
1326      0
1327      0
1328      54
1329      86
1330      63
1331      54
1332      96
1333      0
1334      79
1335      95
1336      0
1337      0
1338      0
1339      87
1340      0
1341      64
1342      75
1343      79
1344      92
1345      79
1346      94
1347      0
1348      87
1349      62
1350      88
1351      87
1352      60
1353      0
1354      97
1355      86
1356      75
1357      68
1358      56
1359      70
1360      0
1361      0
1362      58
1363      0
1364      0
1365      52
1366      0
1367      57
1368      59
1369      61
1370      93
1371      72
1372      61
1373      0
1374      0
1375      98
1376      54
1377      70
1378      79
1379      100
1380      0
1381      93
1382      97
1383      0
1384      58
1385      52
1386      39
1387      90
1388      0
1389      46
1390      95
1391      0
1392      99
1393      0
1394      74
1395      94
1396      77
1397      63
1398      97
1399      0
1400      92
1401      0
1402      0
1403      0
1404      51
1405      0
1406      0
1407      61
1408      82
1409      96
1410      68
1411      0
1412      61
1413      63
1414      84
1415      0
1416      81
1417      0
1418      80
1419      73
1420      64
1421      0
1422      0
1423      0
1424      76
1425      100
1426      68
1427      0
1428      86
1429      0
1430      98
1431      0
1432      94
1433      0
1434      88
1435      0
1436      51
1437      93
1438      56
1439      93
1440      83
1441      44
1442      70
1443      63
1444      0
1445      0
1446      88
1447      61
1448      85
1449      0
1450      0
1451      73
1452      73
1453      0
1454      0
1455      82
1456      94
1457      97
1458      99
1459      67
1460      0
1461      100
1462      76
1463      76
1464      0
1465      68
1466      45
1467      89
1468      70
1469      75
1470      91
1471      79
1472      0
1473      0
1474      0
1475      62
1476      67
1477      95
1478      98
1479      0
1480      0
1481      98
1482      0
1483      0
1484      92
1485      0
1486      89
1487      88
1488      0
1489      0
1490      0
1491      53
1492      55
1493      0
1494      51
1495      0
1496      69
1497      0
1498      79
1499      93
1500      0
1501      97
1502      0
1503      68
1504      0
1505      94
1506      72
1507      75
1508      0
1509      71
1510      93
1511      61
1512      100
1513      68
1514      69
1515      47
1516      0
1517      93
1518      67
1519      0
1520      0
1521      0
1522      53
1523      0
1524      0
1525      72
1526      0
1527      54
1528      0
1529      62
1530      0
1531      67
1532      0
1533      100
1534      71
1535      0
1536      0
1537      80
1538      79
1539      43
1540      78
1541      96
1542      0
1543      98
1544      91
1545      0
1546      0
1547      88
1548      0
1549      89
1550      0
1551      0
1552      45
1553      0
1554      0
1555      99
1556      0
1557      58
1558      0
1559      0
1560      0
1561      0
1562      0
1563      49
1564      0
1565      70
1566      85
1567      0
1568      0
1569      0
1570      0
1571      63
1572      47
1573      58
1574      0
1575      0
1576      47
1577      73
1578      78
1579      0
1580      70
1581      76
1582      65
1583      98
1584      64
1585      0
1586      89
1587      91
1588      0
1589      87
1590      99
1591      65
1592      0
1593      72
1594      100
1595      0
1596      78
1597      56
1598      97
1599      97
1600      0
1601      60
1602      0
1603      0
1604      99
1605      83
1606      0
1607      69
1608      98
1609      55
1610      100
1611      0
1612      76
1613      74
1614      100
1615      98
1616      85
1617      95
1618      99
1619      83
1620      0
1621      0
1622      93
1623      82
1624      85
1625      0
1626      68
1627      98
1628      88
1629      0
1630      61
1631      82
1632      0
1633      99
1634      68
1635      40
1636      97
1637      85
1638      98
1639      81
1640      0
1641      0
1642      83
1643      38
1644      45
1645      0
1646      73
1647      95
1648      62
1649      94
1650      94
1651      99
1652      0
1653      81
1654      80
1655      85
1656      0
1657      92
1658      100
1659      88
1660      54
1661      0
1662      0
1663      97
1664      57
1665      54
1666      51
1667      49
1668      58
1669      0
1670      55
1671      0
1672      58
1673      73
1674      0
1675      0
1676      96
1677      77
1678      0
1679      94
1680      96
1681      0
1682      90
1683      44
1684      71
1685      0
1686      97
1687      51
1688      0
1689      88
1690      100
1691      66
1692      96
1693      0
1694      0
1695      61
1696      68
1697      58
1698      74
1699      0
1700      63
1701      0
1702      79
1703      0
1704      0
1705      58
1706      94
1707      65
1708      65
1709      0
1710      92
1711      61
1712      79
1713      79
1714      79
1715      70
1716      63
1717      0
1718      92
1719      61
1720      0
1721      98
1722      88
1723      67
1724      100
1725      95
1726      50
1727      0
1728      51
1729      67
1730      96
1731      88
1732      0
1733      0
1734      100
1735      0
1736      94
1737      98
1738      79
1739      95
1740      0
1741      0
1742      91
1743      100
1744      55
1745      76
1746      0
1747      58
1748      75
1749      0
1750      0
1751      0
1752      0
1753      93
1754      65
1755      57
1756      60
1757      93
1758      76
1759      77
1760      89
1761      85
1762      72
1763      0
1764      49
1765      84
1766      56
1767      60
1768      0
1769      0
1770      76
1771      85
1772      100
1773      69
1774      55
1775      0
1776      68
1777      42
1778      100
1779      93
1780      85
1781      93
1782      96
1783      100
1784      78
1785      0
1786      68
1787      48
1788      73
1789      94
1790      0
1791      51
1792      86
1793      0
1794      0
1795      98
1796      79
1797      79
1798      0
1799      0
1800      59
1801      95
1802      95
1803      100
1804      51
1805      99
1806      65
1807      62
1808      69
1809      100
1810      39
1811      69
1812      0
1813      51
1814      0
1815      72
1816      59
1817      99
1818      0
1819      0
1820      88
1821      82
1822      0
1823      0
1824      100
1825      71
1826      82
1827      0
1828      93
1829      87
1830      56
1831      73
1832      0
1833      61
1834      0
1835      0
1836      0
1837      84
1838      56
1839      0
1840      0
1841      64
1842      55
1843      0
1844      91
1845      99
1846      0
1847      49
1848      95
1849      73
1850      95
1851      98
1852      78
1853      100
1854      100
1855      100
1856      92
1857      84
1858      97
1859      95
1860      82
1861      77
1862      56
1863      100
1864      68
1865      0
1866      0
1867      48
1868      0
1869      0
1870      84
1871      0
1872      94
1873      54
1874      0
1875      50
1876      98
1877      50
1878      0
1879      90
1880      94
1881      80
1882      0
1883      77
1884      0
1885      83
1886      0
1887      56
1888      0
1889      100
1890      98
1891      100
1892      0
1893      86
1894      0
1895      77
1896      86
1897      86
1898      0
1899      0
1900      100
1901      0
1902      0
1903      77
1904      68
1905      0
1906      0
1907      47
1908      60
1909      93
1910      94
1911      97
1912      0
1913      0
1914      0
1915      89
1916      85
1917      0
1918      99
1919      0
1920      0
1921      97
1922      80
1923      97
1924      0
1925      0
1926      46
1927      0
1928      94
1929      54
1930      58
1931      0
1932      66
1933      63
1934      63
1935      0
1936      67
1937      81
1938      48
1939      50
1940      98
1941      0
1942      64
1943      73
1944      66
1945      0
1946      91
1947      0
1948      83
1949      74
1950      50
1951      96
1952      94
1953      88
1954      86
1955      0
1956      81
1957      70
1958      0
1959      100
1960      100
1961      0
1962      0
1963      0
1964      70
1965      84
1966      87
1967      67
1968      67
1969      97
1970      69
1971      0
1972      82
1973      71
1974      97
1975      0
1976      79
1977      100
1978      66
1979      74
1980      88
1981      49
1982      0
1983      0
1984      81
1985      0
1986      0
1987      78
1988      0
1989      50
1990      0
1991      0
1992      0
1993      0
1994      0
1995      0
1996      85
1997      0
1998      0
1999      0
2000      49
2001      78
2002      0
2003      98
2004      88
2005      0
2006      71
2007      0
2008      0
2009      0
2010      78
2011      0
2012      81
2013      69
2014      73
2015      0
2016      80
2017      99
2018      97
2019      90
2020      61
2021      0
2022      80
2023      88
2024      50
2025      59
2026      99
2027      98
2028      95
2029      0
2030      74
2031      69
2032      62
2033      0
2034      85
2035      96
2036      70
2037      64
2038      0
2039      0
2040      0
2041      65
2042      86
2043      62
2044      0
2045      0
2046      51
2047      76
2048      62
2049      44
2050      82
2051      92
2052      61
2053      0
2054      55
2055      47
2056      0
2057      93
2058      77
2059      75
2060      0
2061      55
2062      89
2063      46
2064      100
2065      98
2066      0
2067      60
2068      86
2069      0
2070      93
2071      90
2072      0
2073      0
2074      0
2075      76
2076      97
2077      0
2078      75
2079      0
2080      0
2081      65
2082      0
2083      66
2084      0
2085      49
2086      97
2087      81
2088      99
2089      93
2090      0
2091      63
2092      0
2093      77
2094      0
2095      96
2096      97
2097      0
2098      82
2099      76
2100      53
2101      0
2102      79
2103      74
2104      78
2105      99
2106      0
2107      0
2108      0
2109      0
2110      53
2111      0
2112      100
2113      98
2114      0
2115      77
2116      0
2117      0
2118      100
2119      79
2120      68
2121      49
2122      0
2123      99
2124      0
2125      69
2126      65
2127      61
2128      100
2129      71
2130      93
2131      0
2132      67
2133      0
2134      58
2135      0
2136      55
2137      79
2138      98
2139      49
2140      0
2141      57
2142      0
2143      0
2144      63
2145      82
2146      76
2147      0
2148      75
2149      85
2150      71
2151      0
2152      76
2153      57
2154      0
2155      0
2156      79
2157      100
2158      0
2159      0
2160      91
2161      62
2162      83
2163      76
2164      48
2165      89
2166      88
2167      70
2168      98
2169      76
2170      0
2171      0
2172      77
2173      0
2174      68
2175      63
2176      83
2177      0
2178      97
2179      94
2180      83
2181      0
2182      0
2183      98
2184      89
2185      58
2186      95
2187      100
2188      0
2189      0
2190      61
2191      100
2192      0
2193      63
2194      89
2195      78
2196      0
2197      0
2198      51
2199      91
2200      79
2201      100
2202      0
2203      98
2204      98
2205      63
2206      0
2207      0
2208      98
2209      73
2210      96
2211      0
2212      88
2213      52
2214      0
2215      99
2216      93
2217      94
2218      0
2219      46
2220      86
2221      88
2222      0
2223      95
2224      63
2225      98
2226      0
2227      96
2228      96
2229      95
2230      0
2231      0
2232      47
2233      0
2234      100
2235      0
2236      0
2237      86
2238      76
2239      99
2240      0
2241      0
2242      0
2243      0
2244      100
2245      0
2246      77
2247      47
2248      83
2249      69
2250      68
2251      99
2252      61
2253      82
2254      98
2255      100
2256      75
2257      0
2258      98
2259      0
2260      98
2261      53
2262      94
2263      86
2264      93
2265      92
2266      95
2267      0
2268      100
2269      95
2270      56
2271      96
2272      100
2273      68
2274      0
2275      79
2276      76
2277      65
2278      0
2279      0
2280      0
2281      81
2282      0
2283      100
2284      72
2285      62
2286      0
2287      0
2288      0
2289      69
2290      0
2291      0
2292      0
2293      0
2294      53
2295      49
2296      51
2297      39
2298      78
2299      100
2300      0
2301      97
2302      0
2303      67
2304      80
2305      0
2306      46
2307      92
2308      0
2309      99
2310      0
2311      0
2312      94
2313      99
2314      44
2315      0
2316      47
2317      0
2318      99
2319      54
2320      79
2321      67
2322      96
2323      55
2324      65
2325      86
2326      99
2327      0
2328      0
2329      79
2330      94
2331      95
2332      0
2333      94
2334      55
2335      76
2336      86
2337      82
2338      58
2339      0
2340      0
2341      45
2342      63
2343      55
2344      0
2345      50
2346      50
2347      0
2348      0
2349      0
2350      100
2351      74
2352      94
2353      78
2354      0
2355      95
2356      0
2357      100
2358      97
2359      100
2360      83
2361      88
2362      88
2363      99
2364      0
2365      0
2366      99
2367      0
2368      89
2369      65
2370      54
2371      49
2372      61
2373      75
2374      97
2375      100
2376      55
2377      90
2378      87
2379      0
2380      0
2381      98
2382      0
2383      54
2384      0
2385      99
2386      0
2387      70
2388      66
2389      97
2390      0
2391      49
2392      84
2393      71
2394      96
2395      0
2396      0
2397      0
2398      75
2399      0
2400      0
2401      63
2402      58
2403      0
2404      0
2405      42
2406      100
2407      0
2408      63
2409      0
2410      94
2411      92
2412      93
2413      47
2414      97
2415      55
2416      98
2417      97
2418      63
2419      85
2420      100
2421      54
2422      80
2423      47
2424      97
2425      0
2426      60
2427      75
2428      76
2429      95
2430      68
2431      0
2432      0
2433      54
2434      0
2435      0
2436      62
2437      83
2438      0
2439      88
2440      0
2441      0
2442      0
2443      0
2444      0
2445      99
2446      76
2447      96
2448      72
2449      73
2450      67
2451      0
2452      69
2453      55
2454      86
2455      53
2456      58
2457      0
2458      0
2459      0
2460      0
2461      69
2462      89
2463      0
2464      55
2465      0
2466      70
2467      75
2468      57
2469      82
2470      0
2471      68
2472      84
2473      0
2474      0
2475      86
2476      98
2477      90
2478      93
2479      84
2480      71
2481      75
2482      0
2483      98
2484      99
2485      73
2486      100
2487      65
2488      64
2489      76
2490      0
2491      77
2492      49
2493      92
2494      66
2495      0
2496      0
2497      89
2498      0
2499      0
       83306
