0      87
1      100
2      0
3      58
4      0
5      41
6      86
7      100
8      100
9      74
10      76
11      53
12      87
13      100
14      100
15      100
16      0
17      86
18      84
19      100
20      0
21      67
22      0
23      100
24      0
25      53
26      100
27      0
28      100
29      100
30      79
31      99
32      87
33      100
34      92
35      100
36      0
37      0
38      81
39      90
40      100
41      0
42      51
43      54
44      93
45      87
46      88
47      100
48      0
49      0
50      100
51      0
52      28
53      0
54      100
55      53
56      0
57      99
58      0
59      100
60      100
61      100
62      65
63      0
64      100
65      100
66      100
67      100
68      57
69      0
70      89
71      100
72      100
73      62
74      92
75      62
76      100
77      100
78      87
79      0
80      0
81      66
82      54
83      100
84      0
85      47
86      81
87      0
88      91
89      0
90      73
91      100
92      76
93      100
94      87
95      88
96      97
97      100
98      93
99      0
100      67
101      0
102      73
103      100
104      100
105      100
106      82
107      87
108      87
109      75
110      100
111      76
112      0
113      0
114      63
115      0
116      81
117      0
118      0
119      93
120      0
121      78
122      100
123      85
124      89
125      0
126      100
127      68
128      95
129      100
130      100
131      96
132      69
133      100
134      0
135      0
136      0
137      78
138      100
139      0
140      0
141      87
142      0
143      60
144      100
145      100
146      96
147      100
148      100
149      0
150      0
151      0
152      67
153      100
154      0
155      0
156      0
157      54
158      100
159      60
160      0
161      42
162      0
163      0
164      100
165      73
166      95
167      84
168      73
169      0
170      84
171      78
172      92
173      0
174      100
175      76
176      0
177      47
178      0
179      40
180      92
181      0
182      0
183      100
184      84
185      100
186      78
187      100
188      100
189      0
190      100
191      95
192      91
193      77
194      25
195      0
196      62
197      100
198      0
199      100
200      0
201      63
202      0
203      0
204      79
205      35
206      0
207      100
208      79
209      92
210      100
211      0
212      74
213      0
214      0
215      0
216      0
217      100
218      0
219      46
220      0
221      0
222      100
223      92
224      100
225      100
226      51
227      68
228      84
229      58
230      86
231      68
232      92
233      71
234      0
235      99
236      0
237      92
238      0
239      81
240      96
241      74
242      0
243      62
244      100
245      100
246      79
247      98
248      0
249      73
250      0
251      52
252      0
253      100
254      0
255      80
256      0
257      0
258      81
259      73
260      74
261      100
262      100
263      79
264      0
265      100
266      68
267      0
268      58
269      0
270      95
271      0
272      0
273      100
274      79
275      94
276      73
277      100
278      42
279      0
280      79
281      0
282      0
283      77
284      61
285      99
286      79
287      90
288      56
289      66
290      100
291      56
292      51
293      75
294      0
295      90
296      91
297      100
298      0
299      0
300      0
301      100
302      87
303      75
304      28
305      0
306      0
307      80
308      73
309      0
310      54
311      0
312      73
313      48
314      0
315      0
316      62
317      53
318      59
319      0
320      0
321      81
322      0
323      0
324      100
325      100
326      68
327      85
328      65
329      98
330      0
331      55
332      0
333      100
334      0
335      0
336      92
337      100
338      0
339      0
340      79
341      100
342      76
343      84
344      86
345      61
346      0
347      84
348      68
349      70
350      100
351      0
352      63
353      68
354      55
355      0
356      85
357      100
358      100
359      100
360      51
361      0
362      73
363      97
364      67
365      91
366      100
367      100
368      0
369      74
370      86
371      74
372      91
373      66
374      0
375      0
376      80
377      100
378      100
379      91
380      100
381      0
382      73
383      100
384      100
385      79
386      0
387      100
388      0
389      100
390      100
391      46
392      100
393      100
394      0
395      100
396      100
397      68
398      77
399      96
400      0
401      100
402      81
403      0
404      92
405      81
406      0
407      0
408      100
409      0
410      0
411      0
412      49
413      100
414      46
415      0
416      100
417      0
418      51
419      0
420      60
421      0
422      0
423      84
424      100
425      100
426      100
427      0
428      65
429      49
430      0
431      0
432      81
433      100
434      100
435      68
436      96
437      97
438      56
439      79
440      0
441      96
442      0
443      100
444      95
445      100
446      100
447      0
448      0
449      0
450      88
451      0
452      0
453      67
454      63
455      0
456      0
457      58
458      59
459      0
460      0
461      0
462      0
463      69
464      0
465      0
466      0
467      0
468      65
469      0
470      41
471      100
472      100
473      0
474      73
475      0
476      0
477      100
478      100
479      0
480      82
481      30
482      0
483      68
484      75
485      100
486      100
487      100
488      100
489      0
490      100
491      99
492      0
493      0
494      0
495      77
496      100
497      87
498      71
499      100
       17026.5
