0      0
1      100
2      66
3      0
4      87
5      0
6      0
7      97
8      98
9      85
10      0
11      91
12      0
13      0
14      0
15      0
16      100
17      99
18      0
19      52
20      78
21      0
22      0
23      100
24      0
25      71
26      0
27      0
28      0
29      100
30      0
31      100
32      100
33      100
34      100
35      66
36      0
37      99
38      96
39      70
40      56
41      100
42      100
43      81
44      100
45      94
46      96
47      93
48      0
49      95
50      0
51      56
52      0
53      100
54      100
55      100
56      0
57      88
58      0
59      98
60      70
61      70
62      100
63      0
64      0
65      73
66      52
67      70
68      0
69      62
70      66
71      100
72      0
73      100
74      100
75      100
76      90
77      87
78      0
79      99
80      69
81      100
82      0
83      70
84      100
85      0
86      0
87      85
88      100
89      0
90      82
91      0
92      70
93      61
94      0
95      100
96      100
97      100
98      88
99      0
       3622.75
