0      82
1      26
2      88
3      100
4      83
5      83
6      83
7      100
8      0
9      81
10      0
11      0
12      87
13      0
14      0
15      86
16      67
17      100
18      67
19      0
20      100
21      99
22      58
23      85
24      100
25      0
26      0
27      81
28      100
29      100
30      67
31      80
32      79
33      53
34      0
35      100
36      66
37      0
38      93
39      0
40      51
41      100
42      95
43      0
44      85
45      0
46      87
47      100
48      64
49      0
50      50
51      0
52      83
53      100
54      100
55      98
56      85
57      87
58      100
59      87
60      0
61      74
62      97
63      97
64      51
65      0
66      100
67      0
68      100
69      0
70      96
71      76
72      80
73      0
74      73
75      0
76      100
77      94
78      100
79      0
80      59
81      49
82      100
83      0
84      87
85      0
86      0
87      76
88      0
89      0
90      100
91      73
92      0
93      0
94      98
95      61
96      0
97      0
98      0
99      0
100      43
101      56
102      0
103      51
104      60
105      69
106      89
107      100
108      90
109      100
110      53
111      100
112      92
113      100
114      0
115      0
116      69
117      0
118      100
119      0
120      92
121      100
122      0
123      89
124      100
125      0
126      91
127      100
128      0
129      0
130      0
131      76
132      56
133      0
134      96
135      94
136      88
137      86
138      81
139      71
140      62
141      0
142      0
143      0
144      100
145      100
146      82
147      69
148      100
149      100
150      62
151      100
152      90
153      0
154      0
155      0
156      100
157      83
158      0
159      0
160      95
161      0
162      100
163      75
164      0
165      100
166      91
167      0
168      0
169      75
170      100
171      0
172      75
173      0
174      0
175      100
176      0
177      60
178      0
179      86
180      89
181      100
182      0
183      100
184      100
185      65
186      70
187      0
188      0
189      82
190      90
191      98
192      0
193      0
194      0
195      100
196      0
197      68
198      0
199      68
200      100
201      77
202      0
203      0
204      0
205      56
206      0
207      0
208      76
209      0
210      0
211      100
212      86
213      69
214      57
215      0
216      100
217      47
218      85
219      0
220      90
221      0
222      96
223      0
224      90
225      0
226      100
227      100
228      83
229      0
230      0
231      94
232      0
233      50
234      100
235      62
236      0
237      54
238      68
239      0
240      67
241      89
242      0
243      0
244      52
245      100
246      89
247      100
248      58
249      66
250      71
251      100
252      0
253      94
254      100
255      73
256      0
257      100
258      75
259      100
260      86
261      74
262      0
263      95
264      47
265      0
266      90
267      100
268      47
269      100
270      0
271      44
272      0
273      100
274      76
275      60
276      0
277      100
278      46
279      84
280      0
281      91
282      57
283      0
284      100
285      0
286      71
287      0
288      84
289      100
290      0
291      86
292      100
293      46
294      56
295      0
296      0
297      67
298      100
299      97
300      0
301      50
302      54
303      86
304      0
305      100
306      78
307      0
308      88
309      94
310      0
311      0
312      67
313      0
314      66
315      52
316      100
317      0
318      0
319      0
320      97
321      94
322      98
323      86
324      0
325      0
326      0
327      100
328      0
329      0
330      0
331      100
332      100
333      100
334      0
335      0
336      100
337      100
338      70
339      0
340      74
341      74
342      47
343      20
344      75
345      80
346      0
347      0
348      0
349      100
350      76
351      100
352      0
353      0
354      97
355      92
356      0
357      100
358      86
359      0
360      0
361      0
362      67
363      0
364      0
365      100
366      0
367      49
368      0
369      58
370      56
371      67
372      100
373      0
374      100
375      100
376      51
377      60
378      69
379      0
380      60
381      77
382      96
383      0
384      100
385      89
386      37
387      91
388      49
389      71
390      0
391      83
392      0
393      71
394      100
395      58
396      75
397      100
398      100
399      0
400      69
401      0
402      85
403      100
404      0
405      77
406      54
407      0
408      0
409      100
410      0
411      100
412      0
413      56
414      0
415      0
416      98
417      0
418      81
419      0
420      60
421      100
422      0
423      100
424      77
425      0
426      0
427      54
428      94
429      0
430      0
431      0
432      71
433      0
434      92
435      0
436      80
437      94
438      0
439      0
440      93
441      83
442      94
443      98
444      0
445      44
446      58
447      100
448      0
449      0
450      0
451      79
452      46
453      72
454      65
455      0
456      100
457      100
458      67
459      89
460      100
461      78
462      92
463      100
464      100
465      66
466      97
467      0
468      100
469      100
470      88
471      71
472      0
473      100
474      100
475      0
476      100
477      0
478      100
479      78
480      100
481      0
482      56
483      100
484      50
485      100
486      0
487      48
488      97
489      91
490      0
491      53
492      83
493      98
494      100
495      0
496      0
497      63
498      81
499      100
500      54
501      0
502      67
503      100
504      73
505      0
506      52
507      52
508      66
509      0
510      96
511      0
512      97
513      99
514      100
515      55
516      0
517      55
518      81
519      97
520      61
521      73
522      59
523      0
524      100
525      100
526      0
527      100
528      40
529      90
530      100
531      0
532      93
533      99
534      0
535      100
536      0
537      100
538      71
539      30
540      98
541      65
542      100
543      0
544      71
545      0
546      0
547      0
548      0
549      75
550      92
551      0
552      0
553      0
554      64
555      58
556      100
557      100
558      61
559      0
560      64
561      92
562      59
563      87
564      100
565      71
566      0
567      0
568      0
569      0
570      0
571      91
572      0
573      69
574      87
575      52
576      100
577      87
578      0
579      56
580      100
581      100
582      100
583      75
584      0
585      69
586      74
587      63
588      100
589      0
590      0
591      0
592      82
593      60
594      52
595      100
596      100
597      100
598      100
599      80
600      100
601      77
602      73
603      0
604      0
605      85
606      100
607      0
608      100
609      37
610      0
611      84
612      0
613      100
614      91
615      73
616      66
617      100
618      0
619      58
620      0
621      100
622      0
623      56
624      56
625      58
626      0
627      90
628      71
629      74
630      98
631      100
632      0
633      0
634      63
635      0
636      100
637      97
638      100
639      0
640      0
641      0
642      74
643      91
644      94
645      0
646      0
647      74
648      82
649      0
650      74
651      82
652      83
653      82
654      85
655      0
656      100
657      100
658      100
659      100
660      81
661      59
662      100
663      100
664      100
665      63
666      60
667      75
668      0
669      98
670      82
671      55
672      0
673      0
674      56
675      100
676      100
677      0
678      96
679      0
680      0
681      81
682      73
683      73
684      100
685      93
686      66
687      0
688      100
689      0
690      70
691      0
692      0
693      0
694      92
695      100
696      0
697      100
698      63
699      86
700      0
701      52
702      0
703      100
704      0
705      64
706      49
707      61
708      59
709      64
710      100
711      0
712      100
713      100
714      66
715      0
716      100
717      59
718      100
719      57
720      0
721      100
722      46
723      100
724      100
725      0
726      57
727      100
728      58
729      67
730      100
731      68
732      100
733      100
734      73
735      65
736      0
737      70
738      65
739      0
740      100
741      0
742      0
743      97
744      0
745      0
746      86
747      68
748      0
749      37
750      0
751      100
752      100
753      100
754      0
755      86
756      100
757      86
758      100
759      60
760      100
761      82
762      0
763      83
764      77
765      0
766      0
767      0
768      78
769      34
770      0
771      100
772      73
773      86
774      0
775      89
776      100
777      83
778      51
779      58
780      0
781      92
782      100
783      0
784      88
785      29
786      51
787      0
788      100
789      81
790      92
791      96
792      0
793      50
794      0
795      100
796      0
797      83
798      85
799      0
800      96
801      97
802      80
803      70
804      58
805      84
806      0
807      58
808      76
809      0
810      80
811      0
812      100
813      0
814      0
815      83
816      100
817      84
818      77
819      86
820      0
821      95
822      0
823      73
824      0
825      100
826      65
827      0
828      100
829      85
830      73
831      52
832      81
833      0
834      86
835      100
836      94
837      84
838      61
839      100
840      0
841      0
842      100
843      0
844      0
845      100
846      100
847      87
848      73
849      95
850      0
851      0
852      100
853      0
854      75
855      97
856      0
857      94
858      100
859      99
860      100
861      43
862      0
863      0
864      83
865      0
866      100
867      50
868      0
869      0
870      0
871      100
872      93
873      0
874      83
875      51
876      53
877      67
878      100
879      0
880      0
881      65
882      100
883      100
884      100
885      73
886      83
887      100
888      74
889      100
890      100
891      0
892      63
893      0
894      0
895      0
896      76
897      0
898      0
899      96
900      0
901      0
902      0
903      100
904      100
905      100
906      0
907      0
908      74
909      65
910      0
911      78
912      0
913      0
914      97
915      72
916      100
917      76
918      83
919      91
920      100
921      100
922      100
923      100
924      94
925      51
926      0
927      77
928      0
929      100
930      100
931      100
932      60
933      97
934      76
935      87
936      84
937      61
938      86
939      60
940      59
941      0
942      100
943      0
944      62
945      0
946      100
947      0
948      0
949      0
950      100
951      100
952      53
953      86
954      0
955      0
956      0
957      60
958      0
959      0
960      50
961      60
962      0
963      100
964      66
965      79
966      90
967      51
968      0
969      97
970      47
971      78
972      92
973      66
974      0
975      86
976      100
977      0
978      0
979      100
980      0
981      100
982      0
983      0
984      0
985      97
986      0
987      100
988      96
989      100
990      73
991      82
992      88
993      0
994      53
995      41
996      71
997      92
998      98
999      100
       34018.4
