0      100
1      0
2      43
3      93
4      100
5      100
6      66
7      0
8      88
9      73
10      89
11      69
12      73
13      0
14      90
15      89
16      95
17      0
18      88
19      0
20      85
21      100
22      0
23      84
24      0
25      100
26      100
27      89
28      100
29      93
30      100
31      51
32      0
33      0
34      62
35      78
36      0
37      0
38      47
39      99
40      0
41      100
42      100
43      66
44      0
45      62
46      0
47      100
48      51
49      62
50      54
51      0
52      100
53      100
54      71
55      100
56      78
57      90
58      0
59      0
60      0
61      0
62      47
63      100
64      90
65      0
66      51
67      73
68      100
69      43
70      0
71      100
72      97
73      83
74      0
75      69
76      0
77      100
78      95
79      0
80      83
81      60
82      0
83      91
84      0
85      0
86      0
87      95
88      87
89      100
90      100
91      0
92      97
93      100
94      100
95      100
96      0
97      86
98      61
99      62
100      0
101      73
102      60
103      100
104      0
105      94
106      50
107      42
108      59
109      73
110      0
111      86
112      0
113      100
114      0
115      54
116      98
117      0
118      0
119      100
120      60
121      0
122      100
123      100
124      99
125      0
126      88
127      0
128      0
129      0
130      90
131      0
132      100
133      100
134      0
135      0
136      0
137      100
138      100
139      77
140      77
141      84
142      73
143      81
144      100
145      89
146      100
147      100
148      95
149      100
150      0
151      74
152      93
153      100
154      0
155      100
156      0
157      100
158      100
159      0
160      95
161      54
162      73
163      68
164      100
165      100
166      100
167      0
168      100
169      76
170      100
171      99
172      0
173      76
174      0
175      100
176      0
177      91
178      0
179      100
180      0
181      78
182      0
183      0
184      95
185      100
186      43
187      0
188      0
189      54
190      100
191      0
192      100
193      0
194      43
195      0
196      100
197      78
198      100
199      0
       6665.84
