0      0
1      100
2      0
3      0
4      92
5      53
6      0
7      65
8      0
9      0
10      0
11      83
12      100
13      0
14      66
15      54
16      99
17      50
18      0
19      100
20      77
21      65
22      59
23      72
24      0
25      0
26      79
27      96
28      100
29      91
30      100
31      94
32      0
33      64
34      70
35      100
36      100
37      87
38      92
39      100
40      100
41      64
42      74
43      0
44      100
45      100
46      100
47      100
48      80
49      77
50      0
51      0
52      0
53      0
54      65
55      100
56      100
57      100
58      100
59      90
60      0
61      0
62      64
63      57
64      79
65      100
66      0
67      62
68      53
69      95
70      100
71      0
72      76
73      100
74      0
75      100
76      94
77      0
78      88
79      0
80      96
81      91
82      0
83      0
84      0
85      100
86      50
87      82
88      100
89      100
90      0
91      100
92      59
93      100
94      42
95      74
96      100
97      0
98      100
99      65
       3208.65
