0      95
1      0
2      55
3      69
4      57
5      0
6      0
7      95
8      100
9      89
10      62
11      0
12      0
13      56
14      0
15      78
16      0
17      64
18      0
19      73
20      0
21      85
22      45
23      0
24      87
25      48
26      66
27      0
28      89
29      77
30      59
31      0
32      56
33      0
34      81
35      100
36      99
37      66
38      75
39      0
40      55
41      0
42      93
43      60
44      0
45      96
46      96
47      86
48      56
49      61
50      0
51      77
52      80
53      0
54      98
55      45
56      68
57      0
58      66
59      0
60      95
61      52
62      0
63      72
64      0
65      57
66      75
67      97
68      92
69      0
70      79
71      57
72      0
73      74
74      100
75      75
76      90
77      0
78      0
79      71
80      87
81      76
82      86
83      92
84      69
85      87
86      78
87      99
88      0
89      92
90      91
91      100
92      98
93      71
94      82
95      97
96      56
97      75
98      71
99      76
100      52
101      85
102      98
103      75
104      54
105      44
106      99
107      84
108      0
109      0
110      0
111      79
112      77
113      0
114      78
115      78
116      0
117      99
118      0
119      100
120      69
121      79
122      82
123      92
124      84
125      0
126      0
127      73
128      72
129      0
130      92
131      0
132      86
133      99
134      0
135      84
136      67
137      44
138      0
139      0
140      71
141      97
142      0
143      50
144      45
145      0
146      99
147      57
148      99
149      87
150      0
151      61
152      72
153      0
154      95
155      76
156      0
157      61
158      0
159      92
160      74
161      0
162      0
163      68
164      0
165      0
166      94
167      92
168      69
169      0
170      98
171      0
172      0
173      0
174      71
175      0
176      61
177      0
178      89
179      0
180      0
181      92
182      63
183      0
184      0
185      0
186      0
187      95
188      0
189      0
190      0
191      0
192      0
193      97
194      65
195      97
196      64
197      0
198      0
199      97
200      67
201      94
202      75
203      0
204      0
205      0
206      79
207      0
208      68
209      92
210      98
211      0
212      0
213      72
214      0
215      0
216      100
217      80
218      98
219      0
220      0
221      53
222      85
223      0
224      88
225      98
226      99
227      0
228      53
229      0
230      0
231      85
232      65
233      0
234      0
235      73
236      88
237      74
238      97
239      49
240      0
241      97
242      0
243      78
244      77
245      71
246      97
247      0
248      0
249      95
250      85
251      0
252      100
253      76
254      95
255      80
256      0
257      78
258      0
259      62
260      90
261      0
262      86
263      44
264      62
265      97
266      0
267      56
268      0
269      86
270      0
271      88
272      47
273      74
274      0
275      95
276      0
277      0
278      95
279      0
280      0
281      82
282      65
283      95
284      59
285      0
286      0
287      100
288      92
289      53
290      49
291      0
292      64
293      88
294      92
295      86
296      53
297      0
298      0
299      93
300      66
301      0
302      68
303      0
304      100
305      82
306      100
307      0
308      99
309      0
310      84
311      0
312      98
313      74
314      93
315      0
316      0
317      0
318      91
319      85
320      69
321      0
322      87
323      93
324      0
325      97
326      90
327      0
328      0
329      63
330      95
331      0
332      93
333      0
334      78
335      59
336      0
337      62
338      0
339      94
340      0
341      74
342      60
343      0
344      87
345      97
346      75
347      62
348      46
349      100
350      71
351      0
352      0
353      84
354      0
355      0
356      49
357      87
358      88
359      0
360      73
361      92
362      0
363      24
364      98
365      81
366      100
367      0
368      100
369      51
370      0
371      47
372      74
373      51
374      0
375      91
376      99
377      0
378      0
379      70
380      54
381      0
382      0
383      0
384      100
385      99
386      0
387      0
388      0
389      93
390      59
391      58
392      97
393      92
394      85
395      92
396      100
397      0
398      0
399      0
400      54
401      99
402      0
403      0
404      65
405      97
406      79
407      69
408      99
409      85
410      82
411      87
412      98
413      91
414      97
415      89
416      0
417      0
418      77
419      99
420      0
421      71
422      0
423      0
424      0
425      74
426      0
427      56
428      0
429      71
430      60
431      0
432      0
433      76
434      91
435      59
436      78
437      100
438      0
439      82
440      72
441      100
442      80
443      90
444      74
445      0
446      92
447      58
448      0
449      79
450      0
451      0
452      0
453      65
454      96
455      0
456      99
457      81
458      95
459      88
460      79
461      88
462      0
463      82
464      0
465      70
466      51
467      54
468      47
469      65
470      56
471      85
472      63
473      84
474      63
475      77
476      87
477      98
478      0
479      67
480      46
481      84
482      61
483      60
484      98
485      91
486      100
487      90
488      0
489      57
490      0
491      100
492      0
493      0
494      24
495      82
496      54
497      0
498      87
499      0
500      0
501      0
502      60
503      0
504      81
505      100
506      56
507      83
508      90
509      95
510      0
511      62
512      0
513      56
514      60
515      77
516      0
517      100
518      88
519      73
520      0
521      60
522      0
523      87
524      0
525      95
526      44
527      0
528      66
529      63
530      96
531      70
532      53
533      76
534      0
535      0
536      58
537      46
538      0
539      47
540      0
541      0
542      0
543      91
544      85
545      68
546      0
547      0
548      53
549      87
550      95
551      77
552      0
553      61
554      0
555      56
556      62
557      0
558      83
559      0
560      0
561      0
562      0
563      0
564      90
565      53
566      0
567      92
568      47
569      0
570      0
571      69
572      0
573      0
574      45
575      0
576      99
577      84
578      78
579      76
580      97
581      73
582      93
583      82
584      0
585      77
586      62
587      99
588      0
589      49
590      100
591      95
592      53
593      82
594      84
595      83
596      61
597      62
598      99
599      0
600      95
601      100
602      0
603      100
604      0
605      55
606      0
607      0
608      0
609      55
610      0
611      0
612      0
613      0
614      73
615      0
616      72
617      88
618      51
619      100
620      99
621      0
622      78
623      79
624      96
625      0
626      0
627      0
628      88
629      76
630      71
631      98
632      0
633      0
634      0
635      0
636      100
637      0
638      0
639      48
640      97
641      83
642      0
643      91
644      84
645      92
646      99
647      0
648      85
649      0
650      67
651      95
652      0
653      99
654      49
655      99
656      59
657      0
658      88
659      0
660      100
661      0
662      76
663      0
664      98
665      70
666      0
667      100
668      0
669      56
670      0
671      100
672      0
673      65
674      98
675      65
676      49
677      79
678      0
679      71
680      99
681      97
682      71
683      0
684      72
685      67
686      75
687      50
688      43
689      62
690      77
691      0
692      77
693      53
694      58
695      88
696      73
697      75
698      0
699      97
700      96
701      0
702      77
703      94
704      77
705      87
706      94
707      0
708      0
709      71
710      77
711      99
712      0
713      62
714      80
715      89
716      88
717      0
718      71
719      84
720      53
721      0
722      60
723      97
724      100
725      94
726      93
727      0
728      96
729      0
730      0
731      59
732      57
733      81
734      57
735      68
736      100
737      86
738      94
739      0
740      63
741      71
742      98
743      88
744      0
745      70
746      85
747      67
748      0
749      81
750      100
751      81
752      81
753      89
754      0
755      91
756      66
757      86
758      89
759      0
760      76
761      91
762      94
763      68
764      100
765      98
766      90
767      56
768      79
769      72
770      92
771      88
772      0
773      55
774      0
775      81
776      87
777      91
778      70
779      50
780      63
781      0
782      0
783      71
784      94
785      50
786      65
787      52
788      0
789      100
790      0
791      0
792      86
793      93
794      72
795      0
796      0
797      0
798      0
799      88
800      70
801      0
802      44
803      0
804      0
805      0
806      80
807      88
808      0
809      0
810      78
811      0
812      80
813      87
814      0
815      68
816      0
817      60
818      65
819      0
820      56
821      62
822      89
823      62
824      0
825      92
826      0
827      89
828      46
829      91
830      91
831      0
832      65
833      0
834      76
835      71
836      100
837      52
838      0
839      0
840      69
841      100
842      71
843      83
844      85
845      77
846      91
847      65
848      88
849      67
850      0
851      54
852      72
853      76
854      0
855      79
856      0
857      66
858      49
859      0
860      52
861      0
862      71
863      100
864      79
865      65
866      0
867      0
868      0
869      69
870      57
871      52
872      69
873      96
874      71
875      49
876      0
877      45
878      99
879      0
880      97
881      90
882      47
883      94
884      53
885      76
886      82
887      0
888      100
889      100
890      0
891      0
892      76
893      0
894      89
895      91
896      0
897      69
898      99
899      66
900      99
901      92
902      0
903      48
904      0
905      57
906      0
907      54
908      91
909      0
910      100
911      0
912      85
913      0
914      89
915      0
916      96
917      68
918      100
919      0
920      50
921      71
922      0
923      72
924      45
925      0
926      65
927      0
928      0
929      96
930      86
931      75
932      0
933      0
934      61
935      82
936      96
937      0
938      61
939      100
940      0
941      100
942      53
943      0
944      0
945      100
946      72
947      95
948      92
949      0
950      55
951      56
952      95
953      77
954      0
955      69
956      86
957      71
958      71
959      0
960      82
961      40
962      67
963      0
964      0
965      97
966      89
967      65
968      83
969      95
970      66
971      86
972      74
973      91
974      57
975      68
976      0
977      0
978      77
979      0
980      100
981      68
982      91
983      69
984      100
985      0
986      0
987      96
988      0
989      93
990      0
991      0
992      69
993      83
994      0
995      53
996      100
997      0
998      100
999      100
1000      99
1001      100
1002      74
1003      0
1004      74
1005      0
1006      53
1007      0
1008      88
1009      0
1010      92
1011      0
1012      0
1013      79
1014      53
1015      90
1016      76
1017      84
1018      0
1019      68
1020      0
1021      74
1022      99
1023      83
1024      0
1025      62
1026      51
1027      92
1028      85
1029      74
1030      0
1031      89
1032      99
1033      97
1034      0
1035      0
1036      99
1037      46
1038      0
1039      0
1040      56
1041      0
1042      86
1043      0
1044      60
1045      56
1046      0
1047      66
1048      100
1049      77
1050      100
1051      47
1052      65
1053      0
1054      0
1055      90
1056      100
1057      96
1058      78
1059      85
1060      73
1061      83
1062      83
1063      0
1064      87
1065      78
1066      97
1067      93
1068      0
1069      53
1070      96
1071      45
1072      0
1073      77
1074      0
1075      0
1076      71
1077      94
1078      92
1079      0
1080      98
1081      0
1082      79
1083      0
1084      79
1085      91
1086      90
1087      73
1088      0
1089      93
1090      86
1091      0
1092      58
1093      71
1094      100
1095      78
1096      96
1097      91
1098      0
1099      0
1100      82
1101      85
1102      61
1103      0
1104      68
1105      97
1106      91
1107      0
1108      82
1109      82
1110      0
1111      73
1112      99
1113      52
1114      61
1115      0
1116      0
1117      79
1118      92
1119      61
1120      63
1121      90
1122      0
1123      0
1124      0
1125      0
1126      65
1127      95
1128      0
1129      73
1130      0
1131      83
1132      0
1133      50
1134      0
1135      100
1136      0
1137      66
1138      77
1139      0
1140      77
1141      68
1142      100
1143      52
1144      52
1145      54
1146      0
1147      57
1148      0
1149      0
1150      0
1151      83
1152      0
1153      0
1154      0
1155      100
1156      64
1157      66
1158      0
1159      93
1160      80
1161      0
1162      60
1163      93
1164      65
1165      100
1166      0
1167      92
1168      94
1169      69
1170      54
1171      55
1172      0
1173      96
1174      0
1175      0
1176      62
1177      0
1178      0
1179      99
1180      75
1181      0
1182      100
1183      49
1184      0
1185      84
1186      48
1187      50
1188      66
1189      98
1190      0
1191      97
1192      99
1193      61
1194      50
1195      81
1196      0
1197      77
1198      0
1199      48
1200      79
1201      85
1202      0
1203      81
1204      85
1205      60
1206      99
1207      55
1208      0
1209      0
1210      53
1211      0
1212      84
1213      75
1214      90
1215      0
1216      85
1217      96
1218      0
1219      74
1220      0
1221      53
1222      0
1223      52
1224      95
1225      63
1226      76
1227      70
1228      100
1229      89
1230      86
1231      46
1232      61
1233      83
1234      52
1235      79
1236      96
1237      99
1238      0
1239      74
1240      95
1241      92
1242      0
1243      0
1244      97
1245      0
1246      87
1247      78
1248      74
1249      0
1250      0
1251      0
1252      0
1253      88
1254      95
1255      0
1256      0
1257      48
1258      100
1259      0
1260      0
1261      0
1262      90
1263      84
1264      100
1265      0
1266      0
1267      95
1268      94
1269      83
1270      65
1271      0
1272      46
1273      68
1274      52
1275      0
1276      88
1277      74
1278      0
1279      0
1280      84
1281      0
1282      55
1283      73
1284      53
1285      79
1286      57
1287      73
1288      62
1289      95
1290      0
1291      94
1292      98
1293      43
1294      52
1295      87
1296      97
1297      92
1298      86
1299      0
1300      52
1301      0
1302      0
1303      64
1304      87
1305      53
1306      95
1307      75
1308      77
1309      50
1310      95
1311      98
1312      83
1313      0
1314      60
1315      0
1316      57
1317      39
1318      0
1319      0
1320      0
1321      73
1322      0
1323      99
1324      0
1325      96
1326      0
1327      97
1328      0
1329      0
1330      0
1331      46
1332      86
1333      0
1334      97
1335      0
1336      88
1337      56
1338      97
1339      0
1340      95
1341      78
1342      96
1343      0
1344      50
1345      91
1346      55
1347      0
1348      72
1349      72
1350      64
1351      0
1352      78
1353      0
1354      61
1355      72
1356      100
1357      88
1358      99
1359      65
1360      67
1361      46
1362      69
1363      83
1364      90
1365      99
1366      0
1367      100
1368      97
1369      0
1370      74
1371      59
1372      90
1373      0
1374      53
1375      74
1376      91
1377      0
1378      50
1379      71
1380      0
1381      88
1382      51
1383      0
1384      85
1385      0
1386      87
1387      0
1388      59
1389      46
1390      98
1391      100
1392      74
1393      99
1394      0
1395      100
1396      91
1397      70
1398      0
1399      81
1400      87
1401      72
1402      0
1403      0
1404      0
1405      68
1406      0
1407      58
1408      0
1409      76
1410      84
1411      0
1412      95
1413      58
1414      95
1415      58
1416      0
1417      61
1418      45
1419      94
1420      85
1421      92
1422      0
1423      50
1424      96
1425      85
1426      91
1427      50
1428      0
1429      95
1430      67
1431      0
1432      46
1433      56
1434      89
1435      93
1436      0
1437      87
1438      43
1439      95
1440      0
1441      59
1442      89
1443      72
1444      53
1445      0
1446      99
1447      76
1448      73
1449      51
1450      77
1451      0
1452      74
1453      45
1454      0
1455      0
1456      84
1457      100
1458      0
1459      74
1460      94
1461      50
1462      76
1463      79
1464      91
1465      66
1466      0
1467      94
1468      95
1469      94
1470      0
1471      64
1472      0
1473      65
1474      93
1475      98
1476      75
1477      95
1478      0
1479      38
1480      89
1481      0
1482      78
1483      64
1484      96
1485      62
1486      98
1487      99
1488      87
1489      0
1490      64
1491      0
1492      81
1493      0
1494      98
1495      92
1496      82
1497      0
1498      73
1499      0
1500      65
1501      47
1502      92
1503      0
1504      83
1505      0
1506      100
1507      50
1508      0
1509      52
1510      0
1511      54
1512      100
1513      0
1514      0
1515      97
1516      50
1517      100
1518      0
1519      97
1520      60
1521      86
1522      99
1523      96
1524      0
1525      48
1526      0
1527      0
1528      68
1529      0
1530      89
1531      97
1532      97
1533      0
1534      94
1535      0
1536      73
1537      0
1538      95
1539      84
1540      0
1541      0
1542      65
1543      0
1544      58
1545      95
1546      87
1547      92
1548      97
1549      97
1550      0
1551      0
1552      93
1553      100
1554      0
1555      89
1556      75
1557      91
1558      95
1559      0
1560      46
1561      0
1562      89
1563      0
1564      97
1565      0
1566      67
1567      99
1568      49
1569      63
1570      0
1571      0
1572      83
1573      82
1574      78
1575      85
1576      0
1577      0
1578      56
1579      70
1580      95
1581      0
1582      55
1583      98
1584      84
1585      96
1586      47
1587      48
1588      72
1589      0
1590      100
1591      0
1592      96
1593      83
1594      0
1595      98
1596      54
1597      65
1598      99
1599      97
1600      87
1601      70
1602      64
1603      97
1604      0
1605      99
1606      66
1607      0
1608      75
1609      51
1610      0
1611      60
1612      100
1613      92
1614      71
1615      0
1616      65
1617      90
1618      62
1619      52
1620      82
1621      0
1622      0
1623      0
1624      87
1625      0
1626      75
1627      0
1628      61
1629      82
1630      56
1631      95
1632      0
1633      54
1634      92
1635      92
1636      89
1637      99
1638      98
1639      93
1640      39
1641      71
1642      100
1643      0
1644      54
1645      91
1646      99
1647      0
1648      0
1649      0
1650      62
1651      70
1652      69
1653      83
1654      59
1655      47
1656      0
1657      0
1658      89
1659      0
1660      76
1661      75
1662      89
1663      59
1664      97
1665      0
1666      87
1667      0
1668      100
1669      0
1670      97
1671      0
1672      95
1673      100
1674      52
1675      0
1676      0
1677      47
1678      98
1679      85
1680      58
1681      55
1682      0
1683      0
1684      79
1685      78
1686      50
1687      0
1688      76
1689      86
1690      0
1691      100
1692      91
1693      55
1694      62
1695      75
1696      92
1697      93
1698      0
1699      100
1700      70
1701      0
1702      0
1703      46
1704      0
1705      71
1706      57
1707      0
1708      44
1709      94
1710      0
1711      78
1712      0
1713      100
1714      49
1715      70
1716      96
1717      59
1718      0
1719      0
1720      99
1721      73
1722      0
1723      100
1724      97
1725      0
1726      0
1727      0
1728      90
1729      100
1730      80
1731      77
1732      61
1733      0
1734      95
1735      69
1736      80
1737      84
1738      0
1739      0
1740      54
1741      0
1742      0
1743      0
1744      47
1745      0
1746      81
1747      62
1748      52
1749      63
1750      0
1751      77
1752      91
1753      72
1754      0
1755      95
1756      0
1757      46
1758      0
1759      98
1760      0
1761      100
1762      0
1763      60
1764      57
1765      0
1766      98
1767      100
1768      54
1769      93
1770      83
1771      78
1772      0
1773      66
1774      54
1775      69
1776      0
1777      87
1778      0
1779      82
1780      0
1781      96
1782      0
1783      97
1784      51
1785      0
1786      0
1787      80
1788      0
1789      0
1790      100
1791      63
1792      0
1793      52
1794      0
1795      96
1796      71
1797      0
1798      0
1799      0
1800      44
1801      71
1802      0
1803      55
1804      88
1805      91
1806      99
1807      0
1808      0
1809      71
1810      95
1811      0
1812      65
1813      0
1814      58
1815      99
1816      0
1817      79
1818      0
1819      65
1820      55
1821      91
1822      49
1823      67
1824      87
1825      0
1826      0
1827      0
1828      90
1829      82
1830      49
1831      0
1832      50
1833      94
1834      100
1835      0
1836      92
1837      0
1838      99
1839      100
1840      0
1841      95
1842      0
1843      71
1844      72
1845      47
1846      0
1847      76
1848      85
1849      0
1850      83
1851      0
1852      0
1853      100
1854      0
1855      89
1856      100
1857      100
1858      95
1859      95
1860      83
1861      84
1862      91
1863      100
1864      87
1865      56
1866      70
1867      0
1868      100
1869      68
1870      98
1871      59
1872      60
1873      59
1874      75
1875      92
1876      83
1877      89
1878      0
1879      95
1880      84
1881      63
1882      65
1883      85
1884      95
1885      0
1886      0
1887      0
1888      92
1889      49
1890      55
1891      61
1892      88
1893      0
1894      99
1895      0
1896      0
1897      86
1898      51
1899      46
1900      99
1901      77
1902      59
1903      0
1904      0
1905      0
1906      55
1907      100
1908      89
1909      0
1910      100
1911      76
1912      0
1913      73
1914      56
1915      0
1916      97
1917      76
1918      57
1919      0
1920      0
1921      99
1922      0
1923      0
1924      0
1925      88
1926      88
1927      99
1928      55
1929      98
1930      0
1931      0
1932      68
1933      0
1934      63
1935      91
1936      0
1937      0
1938      53
1939      80
1940      50
1941      94
1942      0
1943      0
1944      82
1945      75
1946      0
1947      0
1948      72
1949      0
1950      0
1951      0
1952      0
1953      71
1954      65
1955      95
1956      0
1957      89
1958      98
1959      62
1960      0
1961      93
1962      0
1963      0
1964      89
1965      79
1966      62
1967      82
1968      72
1969      97
1970      0
1971      47
1972      100
1973      75
1974      77
1975      67
1976      71
1977      0
1978      53
1979      65
1980      0
1981      68
1982      68
1983      73
1984      56
1985      47
1986      98
1987      94
1988      48
1989      97
1990      0
1991      97
1992      0
1993      93
1994      0
1995      0
1996      0
1997      0
1998      95
1999      0
2000      0
2001      81
2002      87
2003      71
2004      96
2005      0
2006      67
2007      0
2008      93
2009      0
2010      0
2011      75
2012      0
2013      85
2014      0
2015      78
2016      68
2017      0
2018      99
2019      85
2020      45
2021      53
2022      0
2023      100
2024      87
2025      73
2026      95
2027      0
2028      0
2029      71
2030      80
2031      100
2032      47
2033      0
2034      80
2035      82
2036      64
2037      0
2038      100
2039      97
2040      67
2041      100
2042      95
2043      0
2044      57
2045      100
2046      0
2047      97
2048      0
2049      0
2050      0
2051      98
2052      60
2053      83
2054      100
2055      94
2056      0
2057      0
2058      88
2059      81
2060      0
2061      0
2062      95
2063      82
2064      0
2065      49
2066      0
2067      65
2068      0
2069      72
2070      100
2071      91
2072      63
2073      0
2074      0
2075      94
2076      51
2077      0
2078      66
2079      0
2080      61
2081      100
2082      91
2083      0
2084      0
2085      88
2086      97
2087      90
2088      95
2089      0
2090      0
2091      47
2092      64
2093      60
2094      86
2095      68
2096      99
2097      79
2098      95
2099      0
2100      100
2101      84
2102      68
2103      55
2104      95
2105      0
2106      82
2107      0
2108      0
2109      0
2110      84
2111      0
2112      0
2113      83
2114      87
2115      67
2116      56
2117      98
2118      0
2119      0
2120      51
2121      0
2122      92
2123      99
2124      43
2125      68
2126      99
2127      0
2128      85
2129      0
2130      100
2131      0
2132      61
2133      0
2134      49
2135      93
2136      0
2137      67
2138      64
2139      0
2140      83
2141      67
2142      86
2143      85
2144      86
2145      0
2146      0
2147      80
2148      0
2149      0
2150      0
2151      65
2152      0
2153      0
2154      85
2155      79
2156      88
2157      0
2158      77
2159      82
2160      66
2161      100
2162      95
2163      98
2164      0
2165      71
2166      48
2167      91
2168      47
2169      0
2170      0
2171      47
2172      86
2173      63
2174      99
2175      0
2176      51
2177      0
2178      72
2179      97
2180      0
2181      88
2182      90
2183      95
2184      0
2185      0
2186      0
2187      77
2188      0
2189      98
2190      0
2191      95
2192      76
2193      71
2194      81
2195      95
2196      0
2197      71
2198      100
2199      67
2200      0
2201      100
2202      60
2203      97
2204      0
2205      88
2206      98
2207      93
2208      0
2209      90
2210      0
2211      63
2212      100
2213      88
2214      0
2215      60
2216      79
2217      91
2218      74
2219      0
2220      0
2221      52
2222      0
2223      80
2224      70
2225      76
2226      0
2227      88
2228      70
2229      70
2230      59
2231      0
2232      0
2233      0
2234      87
2235      100
2236      92
2237      73
2238      0
2239      63
2240      50
2241      95
2242      71
2243      100
2244      94
2245      0
2246      79
2247      0
2248      57
2249      0
2250      0
2251      100
2252      77
2253      83
2254      0
2255      58
2256      61
2257      81
2258      0
2259      63
2260      0
2261      0
2262      89
2263      89
2264      99
2265      95
2266      70
2267      100
2268      98
2269      94
2270      0
2271      86
2272      100
2273      96
2274      0
2275      0
2276      100
2277      66
2278      83
2279      94
2280      97
2281      0
2282      86
2283      70
2284      81
2285      64
2286      95
2287      100
2288      66
2289      49
2290      54
2291      0
2292      99
2293      84
2294      0
2295      0
2296      98
2297      76
2298      0
2299      96
2300      73
2301      82
2302      59
2303      0
2304      0
2305      83
2306      84
2307      0
2308      0
2309      99
2310      98
2311      0
2312      84
2313      100
2314      48
2315      91
2316      76
2317      99
2318      95
2319      68
2320      0
2321      93
2322      93
2323      86
2324      0
2325      96
2326      0
2327      0
2328      58
2329      83
2330      0
2331      66
2332      0
2333      0
2334      95
2335      83
2336      81
2337      83
2338      70
2339      0
2340      59
2341      0
2342      61
2343      100
2344      45
2345      0
2346      64
2347      0
2348      100
2349      0
2350      95
2351      96
2352      0
2353      61
2354      85
2355      0
2356      72
2357      74
2358      79
2359      67
2360      54
2361      0
2362      75
2363      0
2364      88
2365      0
2366      0
2367      57
2368      52
2369      0
2370      0
2371      53
2372      76
2373      24
2374      64
2375      0
2376      86
2377      0
2378      0
2379      71
2380      92
2381      98
2382      90
2383      82
2384      98
2385      0
2386      58
2387      0
2388      63
2389      0
2390      56
2391      0
2392      54
2393      71
2394      93
2395      0
2396      88
2397      80
2398      0
2399      92
2400      55
2401      63
2402      0
2403      0
2404      0
2405      50
2406      90
2407      52
2408      59
2409      68
2410      0
2411      0
2412      94
2413      81
2414      81
2415      84
2416      90
2417      93
2418      0
2419      79
2420      68
2421      86
2422      75
2423      55
2424      83
2425      98
2426      58
2427      68
2428      73
2429      0
2430      0
2431      95
2432      94
2433      0
2434      100
2435      45
2436      46
2437      0
2438      0
2439      56
2440      0
2441      65
2442      85
2443      73
2444      95
2445      56
2446      0
2447      94
2448      95
2449      100
2450      97
2451      76
2452      100
2453      80
2454      0
2455      0
2456      92
2457      93
2458      56
2459      0
2460      0
2461      0
2462      49
2463      52
2464      95
2465      64
2466      48
2467      0
2468      0
2469      0
2470      99
2471      0
2472      0
2473      0
2474      0
2475      0
2476      98
2477      0
2478      73
2479      0
2480      89
2481      56
2482      89
2483      71
2484      100
2485      50
2486      0
2487      0
2488      57
2489      75
2490      0
2491      67
2492      94
2493      99
2494      0
2495      49
2496      0
2497      89
2498      0
2499      72
       83523.7
