0      98
1      52
2      79
3      76
4      0
5      100
6      0
7      97
8      0
9      76
10      0
11      76
12      53
13      100
14      0
15      100
16      100
17      70
18      77
19      73
20      57
21      0
22      66
23      58
24      52
25      85
26      87
27      100
28      91
29      0
30      0
31      52
32      100
33      0
34      100
35      0
36      0
37      92
38      0
39      56
40      0
41      99
42      89
43      60
44      73
45      63
46      96
47      78
48      94
49      0
50      53
51      91
52      98
53      74
54      0
55      0
56      100
57      100
58      0
59      27
60      0
61      76
62      76
63      100
64      100
65      52
66      44
67      97
68      68
69      0
70      46
71      98
72      0
73      71
74      72
75      86
76      0
77      0
78      100
79      0
80      0
81      0
82      0
83      85
84      0
85      56
86      100
87      0
88      100
89      0
90      0
91      100
92      96
93      0
94      100
95      0
96      66
97      0
98      65
99      100
100      0
101      65
102      0
103      0
104      0
105      98
106      0
107      0
108      0
109      100
110      87
111      100
112      73
113      0
114      44
115      69
116      78
117      0
118      75
119      0
120      63
121      0
122      0
123      94
124      94
125      78
126      76
127      69
128      100
129      85
130      0
131      100
132      58
133      0
134      65
135      100
136      100
137      63
138      52
139      0
140      0
141      83
142      0
143      85
144      63
145      94
146      96
147      100
148      89
149      77
150      100
151      0
152      54
153      65
154      0
155      88
156      98
157      66
158      100
159      82
160      100
161      100
162      96
163      57
164      0
165      75
166      85
167      100
168      0
169      0
170      97
171      38
172      99
173      59
174      66
175      96
176      0
177      82
178      100
179      0
180      100
181      88
182      100
183      89
184      71
185      0
186      91
187      99
188      0
189      0
190      100
191      100
192      0
193      0
194      70
195      79
196      100
197      0
198      58
199      100
200      94
201      65
202      100
203      96
204      80
205      57
206      98
207      56
208      85
209      52
210      65
211      96
212      90
213      81
214      100
215      0
216      0
217      0
218      100
219      91
220      47
221      88
222      88
223      56
224      80
225      100
226      0
227      81
228      100
229      100
230      53
231      91
232      71
233      97
234      91
235      100
236      0
237      0
238      59
239      84
240      52
241      98
242      0
243      0
244      0
245      89
246      0
247      0
248      0
249      76
250      100
251      0
252      0
253      100
254      68
255      67
256      70
257      100
258      0
259      83
260      77
261      82
262      35
263      0
264      76
265      64
266      100
267      100
268      0
269      93
270      58
271      84
272      63
273      0
274      0
275      73
276      0
277      85
278      0
279      0
280      58
281      92
282      100
283      100
284      0
285      0
286      88
287      100
288      92
289      59
290      76
291      0
292      100
293      100
294      75
295      100
296      72
297      72
298      0
299      69
300      98
301      66
302      70
303      66
304      0
305      0
306      97
307      100
308      100
309      85
310      0
311      69
312      54
313      0
314      61
315      88
316      0
317      0
318      69
319      84
320      69
321      98
322      100
323      65
324      96
325      0
326      100
327      100
328      88
329      0
330      100
331      97
332      79
333      100
334      0
335      59
336      0
337      0
338      0
339      0
340      100
341      100
342      85
343      95
344      60
345      59
346      78
347      0
348      36
349      57
350      70
351      0
352      100
353      0
354      94
355      99
356      65
357      100
358      0
359      0
360      100
361      92
362      0
363      0
364      57
365      0
366      88
367      74
368      0
369      0
370      0
371      0
372      0
373      73
374      87
375      100
376      0
377      34
378      0
379      73
380      100
381      73
382      94
383      64
384      100
385      98
386      76
387      0
388      87
389      88
390      98
391      100
392      75
393      100
394      100
395      100
396      0
397      0
398      57
399      100
400      100
401      98
402      0
403      57
404      100
405      100
406      79
407      52
408      69
409      68
410      78
411      0
412      0
413      90
414      0
415      0
416      87
417      0
418      80
419      50
420      100
421      80
422      0
423      100
424      0
425      99
426      0
427      0
428      52
429      59
430      0
431      0
432      83
433      100
434      83
435      0
436      100
437      0
438      99
439      91
440      68
441      67
442      0
443      86
444      69
445      90
446      0
447      84
448      55
449      91
450      0
451      0
452      97
453      0
454      82
455      87
456      89
457      67
458      83
459      0
460      100
461      0
462      100
463      0
464      94
465      0
466      0
467      94
468      100
469      85
470      100
471      100
472      94
473      77
474      0
475      59
476      52
477      93
478      69
479      83
480      72
481      50
482      0
483      75
484      100
485      81
486      67
487      62
488      0
489      0
490      85
491      0
492      100
493      79
494      0
495      66
496      80
497      0
498      76
499      0
500      79
501      96
502      57
503      100
504      0
505      0
506      100
507      94
508      63
509      98
510      88
511      0
512      91
513      80
514      0
515      0
516      0
517      0
518      0
519      59
520      0
521      68
522      0
523      47
524      0
525      91
526      71
527      78
528      76
529      66
530      97
531      49
532      100
533      100
534      61
535      53
536      0
537      100
538      65
539      100
540      100
541      92
542      99
543      77
544      57
545      100
546      0
547      74
548      100
549      100
550      99
551      0
552      59
553      86
554      0
555      37
556      100
557      83
558      0
559      81
560      85
561      63
562      100
563      0
564      82
565      73
566      88
567      0
568      100
569      0
570      100
571      50
572      75
573      0
574      100
575      0
576      59
577      55
578      0
579      0
580      0
581      63
582      0
583      0
584      87
585      0
586      98
587      0
588      0
589      0
590      100
591      0
592      100
593      0
594      100
595      58
596      92
597      0
598      0
599      69
600      0
601      0
602      100
603      100
604      100
605      0
606      0
607      79
608      69
609      0
610      94
611      0
612      71
613      0
614      0
615      54
616      66
617      0
618      97
619      100
620      99
621      100
622      93
623      0
624      53
625      66
626      0
627      100
628      100
629      0
630      100
631      100
632      0
633      51
634      52
635      47
636      99
637      88
638      67
639      100
640      0
641      100
642      63
643      67
644      0
645      100
646      0
647      0
648      57
649      56
650      0
651      0
652      59
653      62
654      81
655      66
656      0
657      75
658      0
659      0
660      99
661      100
662      100
663      0
664      0
665      66
666      0
667      97
668      0
669      49
670      41
671      0
672      42
673      0
674      88
675      90
676      100
677      0
678      100
679      91
680      58
681      100
682      100
683      93
684      0
685      100
686      77
687      62
688      0
689      100
690      38
691      89
692      91
693      97
694      80
695      68
696      0
697      70
698      0
699      97
700      0
701      100
702      0
703      0
704      85
705      51
706      0
707      55
708      0
709      0
710      0
711      81
712      100
713      0
714      63
715      54
716      90
717      0
718      0
719      94
720      75
721      63
722      59
723      70
724      0
725      0
726      70
727      91
728      100
729      85
730      91
731      90
732      0
733      60
734      66
735      94
736      100
737      79
738      86
739      97
740      96
741      63
742      73
743      0
744      100
745      100
746      100
747      98
748      71
749      75
750      0
751      0
752      0
753      0
754      62
755      100
756      100
757      0
758      99
759      83
760      0
761      0
762      63
763      53
764      75
765      100
766      0
767      56
768      54
769      91
770      100
771      0
772      76
773      100
774      0
775      95
776      0
777      0
778      80
779      0
780      91
781      82
782      0
783      0
784      0
785      97
786      52
787      80
788      0
789      94
790      0
791      100
792      58
793      100
794      44
795      66
796      100
797      0
798      95
799      54
800      50
801      0
802      79
803      76
804      100
805      100
806      94
807      100
808      100
809      0
810      0
811      0
812      90
813      0
814      100
815      84
816      0
817      0
818      100
819      0
820      100
821      80
822      91
823      0
824      69
825      100
826      0
827      73
828      0
829      0
830      100
831      82
832      100
833      58
834      0
835      0
836      54
837      78
838      0
839      100
840      100
841      0
842      0
843      100
844      0
845      0
846      0
847      52
848      75
849      100
850      100
851      52
852      69
853      0
854      100
855      0
856      72
857      85
858      0
859      95
860      77
861      0
862      0
863      67
864      91
865      0
866      0
867      0
868      100
869      0
870      0
871      56
872      63
873      52
874      69
875      80
876      50
877      0
878      0
879      100
880      0
881      0
882      0
883      94
884      0
885      0
886      0
887      100
888      100
889      100
890      89
891      93
892      97
893      75
894      34
895      75
896      59
897      52
898      0
899      0
900      0
901      0
902      67
903      55
904      83
905      0
906      0
907      91
908      94
909      84
910      0
911      79
912      91
913      0
914      0
915      0
916      100
917      96
918      0
919      54
920      73
921      0
922      0
923      97
924      0
925      70
926      0
927      0
928      0
929      100
930      0
931      100
932      100
933      95
934      100
935      64
936      82
937      91
938      94
939      70
940      59
941      100
942      100
943      76
944      100
945      84
946      93
947      88
948      0
949      91
950      0
951      59
952      0
953      100
954      100
955      100
956      0
957      85
958      0
959      88
960      71
961      69
962      100
963      0
964      0
965      71
966      57
967      70
968      0
969      65
970      69
971      0
972      100
973      100
974      100
975      100
976      88
977      85
978      0
979      96
980      64
981      99
982      0
983      70
984      100
985      0
986      0
987      82
988      100
989      100
990      82
991      0
992      70
993      66
994      0
995      98
996      98
997      100
998      85
999      0
       33747.8
