0      0
1      54
2      100
3      0
4      84
5      0
6      100
7      100
8      97
9      0
10      100
11      100
12      100
13      75
14      0
15      100
16      0
17      0
18      100
19      0
20      0
21      76
22      78
23      50
24      99
25      0
26      100
27      0
28      100
29      78
30      100
31      0
32      100
33      100
34      98
35      48
36      100
37      70
38      93
39      100
40      83
41      100
42      100
43      95
44      85
45      0
46      100
47      0
48      0
49      100
50      100
51      100
52      0
53      0
54      100
55      100
56      80
57      61
58      48
59      0
60      100
61      96
62      100
63      100
64      0
65      83
66      0
67      0
68      0
69      93
70      84
71      100
72      0
73      87
74      0
75      85
76      87
77      0
78      57
79      0
80      0
81      0
82      97
83      99
84      87
85      84
86      100
87      100
88      41
89      90
90      99
91      74
92      0
93      82
94      100
95      54
96      0
97      65
98      76
99      100
       3582.72
