0      0
1      100
2      54
3      0
4      93
5      75
6      100
7      100
8      84
9      0
10      86
11      62
12      48
13      85
14      81
15      42
16      100
17      100
18      97
19      0
20      57
21      100
22      57
23      78
24      77
25      0
26      100
27      0
28      0
29      0
30      0
31      50
32      0
33      100
34      0
35      0
36      70
37      57
38      62
39      0
40      0
41      0
42      93
43      100
44      33
45      100
46      0
47      99
48      56
49      0
50      72
51      0
52      100
53      0
54      0
55      0
56      97
57      0
58      0
59      73
60      99
61      100
62      0
63      100
64      60
65      98
66      91
67      98
68      56
69      89
70      54
71      0
72      0
73      76
74      100
75      63
76      0
77      100
78      0
79      56
80      82
81      0
82      0
83      98
84      38
85      54
86      98
87      94
88      82
89      51
90      54
91      0
92      77
93      0
94      100
95      65
96      0
97      75
98      100
99      84
100      57
101      79
102      95
103      73
104      72
105      33
106      100
107      75
108      100
109      77
110      0
111      100
112      0
113      90
114      0
115      72
116      71
117      0
118      0
119      98
120      99
121      100
122      0
123      0
124      0
125      87
126      91
127      70
128      0
129      100
130      71
131      100
132      0
133      56
134      100
135      0
136      84
137      100
138      77
139      88
140      100
141      51
142      99
143      91
144      0
145      0
146      84
147      100
148      70
149      87
150      62
151      0
152      58
153      62
154      67
155      77
156      100
157      0
158      42
159      98
160      100
161      92
162      0
163      100
164      75
165      0
166      60
167      70
168      58
169      48
170      100
171      98
172      77
173      72
174      0
175      53
176      0
177      0
178      100
179      0
180      93
181      52
182      0
183      0
184      33
185      81
186      38
187      52
188      100
189      0
190      89
191      97
192      60
193      94
194      99
195      98
196      80
197      86
198      0
199      100
200      92
201      87
202      98
203      91
204      98
205      56
206      0
207      0
208      100
209      70
210      84
211      98
212      0
213      0
214      59
215      92
216      0
217      100
218      100
219      0
220      80
221      84
222      100
223      100
224      69
225      72
226      91
227      100
228      93
229      0
230      0
231      67
232      100
233      84
234      100
235      86
236      50
237      98
238      0
239      80
240      97
241      67
242      75
243      98
244      85
245      56
246      53
247      100
248      0
249      100
250      100
251      100
252      97
253      0
254      77
255      92
256      87
257      89
258      64
259      100
260      0
261      0
262      82
263      0
264      93
265      80
266      85
267      49
268      59
269      87
270      94
271      0
272      100
273      100
274      56
275      92
276      100
277      0
278      0
279      80
280      0
281      87
282      74
283      0
284      100
285      57
286      86
287      93
288      76
289      0
290      69
291      47
292      55
293      0
294      0
295      0
296      42
297      97
298      0
299      0
300      46
301      0
302      0
303      98
304      100
305      0
306      64
307      0
308      100
309      52
310      39
311      100
312      42
313      52
314      0
315      0
316      0
317      0
318      0
319      87
320      100
321      84
322      100
323      0
324      0
325      0
326      0
327      86
328      89
329      0
330      100
331      65
332      59
333      95
334      62
335      100
336      76
337      100
338      0
339      52
340      0
341      93
342      0
343      93
344      51
345      72
346      39
347      71
348      100
349      100
350      0
351      100
352      91
353      0
354      0
355      100
356      98
357      0
358      71
359      88
360      0
361      87
362      81
363      0
364      54
365      57
366      0
367      0
368      0
369      100
370      65
371      65
372      0
373      0
374      87
375      0
376      97
377      0
378      57
379      0
380      94
381      69
382      0
383      0
384      0
385      0
386      78
387      65
388      46
389      0
390      98
391      60
392      42
393      50
394      0
395      72
396      0
397      88
398      100
399      0
400      72
401      100
402      97
403      64
404      0
405      100
406      0
407      0
408      96
409      73
410      97
411      53
412      51
413      43
414      100
415      0
416      99
417      0
418      16
419      0
420      100
421      85
422      76
423      0
424      91
425      0
426      100
427      80
428      0
429      80
430      100
431      89
432      49
433      0
434      82
435      100
436      100
437      0
438      56
439      99
440      0
441      0
442      0
443      0
444      99
445      0
446      62
447      0
448      86
449      0
450      100
451      63
452      57
453      67
454      34
455      96
456      93
457      100
458      100
459      100
460      68
461      95
462      0
463      0
464      75
465      99
466      79
467      0
468      87
469      0
470      0
471      0
472      63
473      95
474      75
475      0
476      0
477      90
478      97
479      0
480      67
481      0
482      0
483      100
484      100
485      0
486      0
487      100
488      54
489      97
490      33
491      100
492      0
493      0
494      0
495      62
496      100
497      78
498      0
499      0
500      100
501      75
502      78
503      49
504      76
505      0
506      73
507      54
508      0
509      84
510      86
511      50
512      100
513      47
514      100
515      100
516      0
517      98
518      100
519      100
520      76
521      0
522      100
523      77
524      0
525      100
526      0
527      98
528      67
529      61
530      100
531      91
532      100
533      90
534      100
535      100
536      100
537      75
538      0
539      0
540      82
541      100
542      69
543      0
544      0
545      100
546      0
547      100
548      0
549      0
550      49
551      98
552      100
553      0
554      72
555      94
556      100
557      0
558      79
559      0
560      0
561      0
562      88
563      62
564      100
565      0
566      0
567      100
568      0
569      65
570      93
571      100
572      0
573      78
574      74
575      100
576      98
577      80
578      71
579      100
580      0
581      0
582      70
583      98
584      0
585      80
586      84
587      99
588      100
589      58
590      55
591      100
592      71
593      0
594      100
595      97
596      100
597      0
598      0
599      0
600      75
601      61
602      79
603      0
604      81
605      100
606      0
607      93
608      87
609      100
610      79
611      100
612      42
613      42
614      97
615      78
616      65
617      78
618      71
619      0
620      0
621      0
622      59
623      83
624      70
625      87
626      46
627      70
628      81
629      94
630      55
631      90
632      86
633      0
634      74
635      100
636      0
637      68
638      0
639      67
640      99
641      0
642      56
643      0
644      0
645      0
646      98
647      87
648      67
649      0
650      100
651      0
652      87
653      0
654      0
655      54
656      0
657      100
658      0
659      91
660      98
661      100
662      0
663      100
664      54
665      63
666      54
667      65
668      0
669      0
670      93
671      93
672      93
673      100
674      0
675      88
676      0
677      100
678      0
679      100
680      70
681      90
682      81
683      0
684      92
685      0
686      0
687      100
688      0
689      49
690      0
691      97
692      0
693      0
694      0
695      74
696      0
697      0
698      79
699      0
700      0
701      77
702      76
703      77
704      0
705      0
706      100
707      0
708      0
709      60
710      54
711      0
712      100
713      85
714      0
715      97
716      0
717      100
718      0
719      0
720      100
721      86
722      77
723      86
724      100
725      72
726      0
727      0
728      76
729      100
730      100
731      76
732      0
733      100
734      0
735      100
736      91
737      67
738      0
739      100
740      63
741      65
742      100
743      64
744      100
745      91
746      75
747      100
748      93
749      62
750      93
751      0
752      87
753      100
754      0
755      0
756      78
757      80
758      88
759      84
760      0
761      79
762      0
763      0
764      100
765      91
766      0
767      100
768      100
769      0
770      80
771      65
772      100
773      59
774      0
775      93
776      97
777      89
778      69
779      0
780      62
781      0
782      0
783      100
784      55
785      39
786      0
787      0
788      0
789      100
790      0
791      0
792      0
793      0
794      55
795      100
796      0
797      100
798      100
799      90
800      0
801      87
802      47
803      100
804      100
805      100
806      0
807      64
808      90
809      93
810      77
811      70
812      57
813      87
814      0
815      0
816      73
817      80
818      57
819      100
820      52
821      70
822      94
823      81
824      100
825      0
826      0
827      0
828      99
829      86
830      94
831      59
832      97
833      0
834      38
835      0
836      80
837      84
838      70
839      0
840      100
841      100
842      0
843      87
844      0
845      100
846      0
847      100
848      0
849      99
850      80
851      57
852      62
853      73
854      0
855      100
856      93
857      76
858      0
859      69
860      100
861      100
862      69
863      63
864      100
865      0
866      0
867      100
868      88
869      0
870      0
871      98
872      97
873      0
874      0
875      100
876      0
877      76
878      72
879      79
880      0
881      0
882      50
883      77
884      0
885      54
886      0
887      100
888      72
889      0
890      0
891      55
892      100
893      78
894      100
895      0
896      100
897      0
898      0
899      0
900      100
901      0
902      87
903      100
904      100
905      77
906      79
907      0
908      0
909      59
910      78
911      100
912      47
913      0
914      0
915      97
916      56
917      100
918      0
919      100
920      100
921      86
922      62
923      81
924      35
925      100
926      99
927      54
928      100
929      100
930      87
931      100
932      0
933      77
934      0
935      70
936      100
937      0
938      0
939      56
940      89
941      62
942      87
943      82
944      0
945      62
946      0
947      98
948      76
949      0
950      0
951      77
952      46
953      0
954      63
955      86
956      0
957      77
958      0
959      0
960      0
961      0
962      0
963      100
964      0
965      0
966      56
967      0
968      75
969      0
970      0
971      47
972      87
973      84
974      61
975      0
976      89
977      0
978      100
979      100
980      0
981      89
982      100
983      78
984      100
985      0
986      91
987      52
988      74
989      0
990      100
991      100
992      100
993      0
994      68
995      72
996      0
997      79
998      0
999      0
       33411
