0      53
1      0
2      66
3      99
4      74
5      0
6      48
7      53
8      66
9      0
10      99
11      0
12      99
13      99
14      100
15      55
16      0
17      53
18      78
19      97
20      60
21      72
22      53
23      0
24      100
25      100
26      0
27      99
28      41
29      93
30      100
31      0
32      93
33      97
34      0
35      100
36      0
37      100
38      71
39      39
40      95
41      66
42      100
43      0
44      71
45      0
46      0
47      0
48      0
49      0
50      91
51      0
52      0
53      0
54      62
55      59
56      99
57      100
58      59
59      0
60      63
61      97
62      56
63      91
64      100
65      71
66      0
67      0
68      0
69      0
70      0
71      93
72      0
73      70
74      86
75      51
76      100
77      90
78      0
79      54
80      100
81      100
82      100
83      78
84      0
85      71
86      77
87      66
88      0
89      0
90      0
91      0
92      83
93      59
94      53
95      100
96      100
97      100
98      100
99      80
100      100
101      81
102      74
103      0
104      0
105      87
106      100
107      0
108      100
109      44
110      0
111      90
112      0
113      100
114      91
115      72
116      64
117      99
118      0
119      59
120      0
121      100
122      0
123      55
124      53
125      55
126      0
127      90
128      73
129      70
130      98
131      100
132      0
133      0
134      60
135      0
136      100
137      88
138      100
139      0
140      0
141      0
142      74
143      90
144      98
145      0
146      0
147      78
148      84
149      0
150      73
151      85
152      85
153      85
154      87
155      0
156      100
157      99
158      100
159      100
160      81
161      57
162      100
163      97
164      99
165      63
166      60
167      77
168      0
169      99
170      83
171      53
172      0
173      0
174      57
175      100
176      100
177      0
178      99
179      0
180      0
181      84
182      75
183      74
184      100
185      95
186      66
187      0
188      100
189      0
190      70
191      0
192      0
193      0
194      93
195      100
196      0
197      100
198      62
199      88
200      1
201      51
202      0
203      100
204      0
205      64
206      50
207      59
208      57
209      0
210      100
211      0
212      100
213      0
214      65
215      0
216      100
217      60
218      100
219      57
220      0
221      100
222      47
223      100
224      100
225      0
226      55
227      100
228      56
229      67
230      100
231      66
232      100
233      100
234      73
235      66
236      0
237      71
238      0
239      0
240      100
241      0
242      0
243      99
244      0
245      0
246      92
247      67
248      0
249      38
250      0
251      100
252      100
253      100
254      0
255      88
256      100
257      89
258      100
259      60
260      0
261      84
262      0
263      87
264      76
265      0
266      0
267      0
268      81
269      41
270      0
271      100
272      72
273      86
274      0
275      89
276      100
277      83
278      51
279      53
280      0
281      92
282      100
283      0
284      89
285      0
286      50
287      0
288      99
289      80
290      96
291      98
292      0
293      48
294      0
295      100
296      0
297      81
298      88
299      0
300      99
301      96
302      82
303      66
304      55
305      84
306      100
307      55
308      73
309      0
310      81
311      0
312      99
313      0
314      0
315      79
316      100
317      83
318      80
319      88
320      0
321      97
322      0
323      0
324      0
325      99
326      68
327      0
328      100
329      90
330      72
331      53
332      81
333      100
334      84
335      99
336      96
337      81
338      59
339      99
340      0
341      0
342      0
343      0
344      0
345      100
346      100
347      90
348      76
349      97
350      0
351      0
352      100
353      0
354      77
355      99
356      0
357      94
358      100
359      99
360      100
361      44
362      0
363      0
364      81
365      0
366      100
367      48
368      0
369      0
370      0
371      100
372      92
373      0
374      84
375      52
376      52
377      68
378      100
379      0
380      0
381      66
382      100
383      100
384      100
385      74
386      84
387      100
388      75
389      100
390      100
391      0
392      63
393      0
394      0
395      0
396      80
397      0
398      0
399      99
400      0
401      0
402      0
403      100
404      100
405      100
406      0
407      0
408      72
409      62
410      0
411      79
412      0
413      0
414      97
415      73
416      100
417      74
418      84
419      95
420      100
421      100
422      100
423      100
424      96
425      53
426      0
427      79
428      0
429      100
430      100
431      100
432      60
433      96
434      78
435      86
436      84
437      60
438      86
439      60
440      59
441      0
442      99
443      0
444      63
445      0
446      99
447      0
448      0
449      0
450      99
451      99
452      53
453      88
454      0
455      0
456      0
457      62
458      0
459      0
460      50
461      63
462      0
463      99
464      66
465      82
466      86
467      54
468      0
469      99
470      44
471      79
472      92
473      73
474      0
475      88
476      100
477      0
478      0
479      99
480      0
481      99
482      0
483      0
484      0
485      99
486      0
487      100
488      0
489      100
490      71
491      82
492      89
493      0
494      52
495      42
496      70
497      92
498      99
499      100
       17373.8
