0      0
1      58
2      97
3      81
4      0
5      0
6      49
7      47
8      68
9      56
10      45
11      99
12      0
13      0
14      0
15      97
16      95
17      72
18      82
19      88
20      52
21      100
22      0
23      95
24      58
25      0
26      0
27      99
28      98
29      0
30      57
31      0
32      70
33      95
34      96
35      0
36      95
37      62
38      0
39      100
40      100
41      46
42      64
43      0
44      0
45      61
46      0
47      0
48      58
49      55
50      96
51      93
52      98
53      76
54      74
55      71
56      93
57      100
58      77
59      0
60      98
61      0
62      0
63      0
64      58
65      57
66      67
67      0
68      0
69      53
70      96
71      98
72      89
73      0
74      100
75      0
76      73
77      99
78      97
79      45
80      0
81      0
82      66
83      53
84      0
85      52
86      99
87      89
88      84
89      52
90      95
91      100
92      84
93      96
94      73
95      0
96      93
97      0
98      0
99      77
100      56
101      89
102      100
103      52
104      100
105      71
106      0
107      0
108      86
109      97
110      48
111      86
112      62
113      77
114      99
115      48
116      76
117      70
118      71
119      99
120      94
121      45
122      0
123      75
124      0
125      82
126      0
127      66
128      46
129      0
130      0
131      0
132      81
133      81
134      53
135      0
136      72
137      0
138      72
139      84
140      89
141      80
142      74
143      0
144      0
145      66
146      81
147      47
148      0
149      81
150      74
151      74
152      0
153      0
154      93
155      98
156      0
157      98
158      0
159      51
160      0
161      87
162      66
163      0
164      86
165      0
166      0
167      99
168      49
169      64
170      88
171      85
172      0
173      71
174      88
175      77
176      84
177      50
178      52
179      0
180      100
181      0
182      0
183      96
184      98
185      0
186      0
187      91
188      0
189      82
190      0
191      73
192      77
193      93
194      0
195      100
196      83
197      77
198      51
199      0
200      0
201      0
202      46
203      0
204      76
205      81
206      45
207      49
208      89
209      100
210      89
211      68
212      98
213      0
214      98
215      0
216      95
217      0
218      0
219      46
220      52
221      74
222      0
223      44
224      74
225      85
226      60
227      89
228      0
229      49
230      79
231      67
232      0
233      87
234      98
235      58
236      48
237      75
238      54
239      80
240      97
241      81
242      52
243      70
244      81
245      51
246      94
247      0
248      52
249      98
250      96
251      0
252      82
253      0
254      100
255      56
256      51
257      0
258      0
259      64
260      0
261      100
262      47
263      85
264      52
265      77
266      83
267      92
268      49
269      0
270      0
271      0
272      0
273      0
274      91
275      65
276      77
277      60
278      0
279      97
280      100
281      73
282      81
283      0
284      0
285      93
286      100
287      0
288      73
289      86
290      0
291      0
292      0
293      89
294      77
295      81
296      78
297      0
298      52
299      55
300      0
301      93
302      0
303      42
304      87
305      90
306      57
307      100
308      100
309      0
310      77
311      78
312      0
313      0
314      0
315      93
316      95
317      98
318      100
319      77
320      74
321      0
322      96
323      77
324      94
325      55
326      0
327      0
328      0
329      0
330      81
331      0
332      78
333      81
334      0
335      93
336      54
337      93
338      67
339      0
340      95
341      0
342      90
343      97
344      85
345      83
346      59
347      0
348      100
349      0
350      0
351      0
352      92
353      90
354      0
355      0
356      0
357      92
358      76
359      63
360      91
361      92
362      99
363      75
364      98
365      0
366      67
367      46
368      0
369      0
370      88
371      60
372      63
373      77
374      98
375      90
376      75
377      66
378      83
379      100
380      100
381      0
382      86
383      99
384      57
385      56
386      0
387      0
388      0
389      0
390      92
391      0
392      0
393      87
394      0
395      60
396      0
397      0
398      60
399      93
400      73
401      0
402      0
403      0
404      77
405      0
406      91
407      79
408      95
409      51
410      0
411      84
412      46
413      0
414      82
415      98
416      51
417      0
418      100
419      94
420      77
421      100
422      55
423      69
424      0
425      99
426      89
427      93
428      86
429      84
430      75
431      56
432      78
433      57
434      58
435      67
436      64
437      91
438      0
439      88
440      93
441      87
442      100
443      0
444      0
445      0
446      0
447      72
448      0
449      0
450      100
451      90
452      60
453      65
454      62
455      73
456      79
457      98
458      55
459      98
460      92
461      0
462      77
463      0
464      98
465      0
466      0
467      97
468      94
469      91
470      97
471      95
472      87
473      0
474      77
475      87
476      0
477      49
478      46
479      0
480      0
481      0
482      63
483      94
484      48
485      77
486      89
487      79
488      47
489      72
490      0
491      0
492      66
493      79
494      85
495      0
496      86
497      87
498      65
499      0
500      51
501      83
502      92
503      98
504      62
505      0
506      69
507      0
508      67
509      93
510      90
511      90
512      0
513      0
514      0
515      87
516      0
517      57
518      42
519      47
520      0
521      0
522      89
523      0
524      62
525      98
526      0
527      45
528      56
529      57
530      0
531      0
532      50
533      69
534      88
535      0
536      62
537      0
538      0
539      76
540      0
541      0
542      47
543      94
544      70
545      74
546      0
547      100
548      0
549      92
550      0
551      71
552      55
553      0
554      0
555      0
556      99
557      0
558      0
559      77
560      77
561      0
562      63
563      49
564      94
565      55
566      57
567      0
568      88
569      0
570      82
571      97
572      0
573      50
574      0
575      85
576      0
577      75
578      52
579      98
580      71
581      0
582      0
583      67
584      98
585      51
586      64
587      64
588      0
589      46
590      0
591      68
592      0
593      0
594      0
595      0
596      0
597      0
598      0
599      59
600      61
601      70
602      98
603      64
604      50
605      93
606      86
607      0
608      69
609      60
610      83
611      72
612      98
613      99
614      73
615      58
616      72
617      69
618      0
619      0
620      0
621      0
622      0
623      67
624      0
625      0
626      96
627      0
628      84
629      96
630      73
631      0
632      65
633      0
634      0
635      93
636      56
637      51
638      98
639      78
640      75
641      91
642      83
643      98
644      68
645      60
646      80
647      100
648      83
649      0
650      88
651      98
652      97
653      87
654      0
655      52
656      0
657      95
658      70
659      48
660      90
661      48
662      97
663      63
664      61
665      96
666      70
667      83
668      89
669      96
670      99
671      88
672      0
673      89
674      0
675      0
676      88
677      0
678      0
679      0
680      94
681      0
682      61
683      46
684      94
685      0
686      0
687      0
688      67
689      87
690      87
691      84
692      99
693      78
694      88
695      64
696      0
697      64
698      0
699      72
700      52
701      0
702      77
703      53
704      84
705      0
706      0
707      92
708      45
709      63
710      0
711      79
712      0
713      0
714      0
715      0
716      0
717      0
718      100
719      91
720      78
721      55
722      92
723      72
724      95
725      89
726      95
727      0
728      0
729      68
730      52
731      0
732      96
733      94
734      76
735      95
736      62
737      76
738      0
739      81
740      0
741      0
742      95
743      64
744      93
745      0
746      81
747      76
748      0
749      0
750      78
751      55
752      51
753      82
754      0
755      0
756      60
757      0
758      53
759      0
760      100
761      96
762      90
763      0
764      93
765      47
766      73
767      0
768      0
769      84
770      66
771      86
772      95
773      0
774      0
775      0
776      87
777      92
778      0
779      85
780      80
781      0
782      58
783      85
784      67
785      0
786      50
787      55
788      48
789      95
790      80
791      78
792      75
793      54
794      96
795      100
796      80
797      90
798      0
799      63
800      82
801      60
802      94
803      93
804      0
805      61
806      0
807      100
808      0
809      92
810      0
811      46
812      49
813      100
814      96
815      58
816      0
817      75
818      52
819      0
820      62
821      100
822      0
823      98
824      96
825      0
826      80
827      57
828      80
829      90
830      84
831      0
832      59
833      0
834      91
835      98
836      0
837      51
838      41
839      71
840      82
841      48
842      70
843      100
844      61
845      100
846      72
847      0
848      0
849      0
850      0
851      47
852      0
853      0
854      61
855      100
856      62
857      0
858      79
859      86
860      98
861      62
862      89
863      79
864      0
865      0
866      0
867      63
868      53
869      91
870      51
871      96
872      0
873      96
874      0
875      99
876      0
877      0
878      0
879      90
880      96
881      98
882      52
883      66
884      67
885      0
886      0
887      82
888      96
889      0
890      0
891      85
892      97
893      73
894      87
895      95
896      100
897      84
898      88
899      44
900      85
901      96
902      84
903      0
904      67
905      0
906      67
907      0
908      53
909      95
910      92
911      76
912      0
913      92
914      74
915      80
916      52
917      74
918      44
919      97
920      0
921      0
922      42
923      73
924      0
925      92
926      82
927      82
928      0
929      0
930      0
931      77
932      51
933      60
934      0
935      0
936      51
937      74
938      0
939      82
940      0
941      0
942      86
943      0
944      0
945      97
946      98
947      0
948      74
949      66
950      0
951      0
952      56
953      95
954      100
955      72
956      0
957      0
958      95
959      79
960      95
961      0
962      0
963      99
964      100
965      88
966      48
967      0
968      0
969      92
970      0
971      0
972      0
973      81
974      74
975      99
976      0
977      50
978      87
979      0
980      95
981      0
982      0
983      75
984      68
985      0
986      85
987      67
988      65
989      67
990      76
991      47
992      88
993      0
994      0
995      50
996      100
997      0
998      0
999      0
1000      88
1001      69
1002      57
1003      94
1004      55
1005      89
1006      59
1007      100
1008      0
1009      95
1010      0
1011      0
1012      52
1013      61
1014      82
1015      91
1016      49
1017      94
1018      81
1019      0
1020      73
1021      62
1022      79
1023      48
1024      0
1025      99
1026      98
1027      86
1028      100
1029      86
1030      0
1031      95
1032      99
1033      50
1034      77
1035      68
1036      93
1037      0
1038      90
1039      0
1040      46
1041      74
1042      0
1043      0
1044      97
1045      91
1046      89
1047      0
1048      99
1049      0
1050      62
1051      52
1052      62
1053      58
1054      95
1055      52
1056      0
1057      99
1058      53
1059      0
1060      0
1061      0
1062      95
1063      0
1064      72
1065      73
1066      85
1067      0
1068      83
1069      52
1070      85
1071      0
1072      50
1073      69
1074      99
1075      72
1076      54
1077      99
1078      0
1079      0
1080      98
1081      62
1082      100
1083      0
1084      54
1085      0
1086      61
1087      100
1088      82
1089      58
1090      72
1091      56
1092      0
1093      100
1094      0
1095      62
1096      100
1097      0
1098      0
1099      81
1100      0
1101      83
1102      99
1103      85
1104      0
1105      0
1106      0
1107      68
1108      98
1109      100
1110      86
1111      57
1112      56
1113      73
1114      0
1115      0
1116      82
1117      98
1118      55
1119      0
1120      0
1121      50
1122      57
1123      0
1124      95
1125      93
1126      49
1127      0
1128      0
1129      0
1130      98
1131      98
1132      99
1133      68
1134      93
1135      97
1136      78
1137      56
1138      68
1139      96
1140      0
1141      84
1142      60
1143      85
1144      96
1145      0
1146      62
1147      88
1148      83
1149      62
1150      63
1151      51
1152      0
1153      0
1154      63
1155      92
1156      0
1157      74
1158      91
1159      0
1160      84
1161      95
1162      91
1163      0
1164      91
1165      0
1166      44
1167      97
1168      0
1169      83
1170      98
1171      0
1172      0
1173      49
1174      99
1175      75
1176      0
1177      0
1178      47
1179      0
1180      59
1181      54
1182      95
1183      75
1184      99
1185      0
1186      60
1187      89
1188      57
1189      59
1190      99
1191      100
1192      55
1193      100
1194      99
1195      55
1196      98
1197      0
1198      98
1199      85
1200      86
1201      82
1202      47
1203      61
1204      65
1205      100
1206      52
1207      0
1208      0
1209      81
1210      77
1211      76
1212      0
1213      93
1214      76
1215      0
1216      98
1217      100
1218      91
1219      74
1220      73
1221      76
1222      52
1223      75
1224      0
1225      0
1226      67
1227      0
1228      51
1229      99
1230      100
1231      0
1232      64
1233      95
1234      93
1235      0
1236      47
1237      70
1238      56
1239      0
1240      72
1241      0
1242      69
1243      62
1244      91
1245      61
1246      0
1247      65
1248      0
1249      0
1250      98
1251      78
1252      71
1253      90
1254      100
1255      99
1256      87
1257      0
1258      91
1259      0
1260      72
1261      100
1262      100
1263      91
1264      64
1265      100
1266      0
1267      65
1268      81
1269      52
1270      48
1271      0
1272      0
1273      87
1274      100
1275      0
1276      0
1277      0
1278      0
1279      59
1280      0
1281      97
1282      56
1283      97
1284      100
1285      0
1286      0
1287      0
1288      0
1289      67
1290      0
1291      0
1292      72
1293      73
1294      50
1295      0
1296      99
1297      0
1298      98
1299      64
1300      86
1301      0
1302      0
1303      0
1304      63
1305      97
1306      100
1307      100
1308      74
1309      46
1310      64
1311      52
1312      0
1313      65
1314      83
1315      0
1316      87
1317      83
1318      99
1319      100
1320      88
1321      64
1322      48
1323      97
1324      0
1325      59
1326      98
1327      0
1328      53
1329      55
1330      0
1331      98
1332      85
1333      57
1334      73
1335      83
1336      51
1337      100
1338      0
1339      0
1340      90
1341      48
1342      88
1343      85
1344      82
1345      0
1346      0
1347      82
1348      70
1349      0
1350      98
1351      47
1352      0
1353      75
1354      99
1355      0
1356      96
1357      0
1358      71
1359      0
1360      96
1361      78
1362      0
1363      92
1364      0
1365      74
1366      52
1367      92
1368      93
1369      0
1370      91
1371      98
1372      99
1373      66
1374      75
1375      0
1376      0
1377      78
1378      0
1379      0
1380      95
1381      0
1382      0
1383      97
1384      95
1385      0
1386      0
1387      97
1388      71
1389      45
1390      87
1391      82
1392      88
1393      89
1394      0
1395      66
1396      75
1397      0
1398      79
1399      96
1400      82
1401      81
1402      93
1403      0
1404      0
1405      81
1406      0
1407      93
1408      99
1409      0
1410      63
1411      81
1412      98
1413      75
1414      84
1415      73
1416      64
1417      0
1418      100
1419      83
1420      47
1421      98
1422      0
1423      0
1424      66
1425      91
1426      42
1427      88
1428      0
1429      35
1430      70
1431      45
1432      56
1433      55
1434      45
1435      0
1436      100
1437      93
1438      0
1439      60
1440      100
1441      45
1442      0
1443      0
1444      0
1445      0
1446      91
1447      75
1448      0
1449      95
1450      56
1451      52
1452      95
1453      99
1454      49
1455      0
1456      43
1457      90
1458      61
1459      0
1460      75
1461      99
1462      83
1463      88
1464      83
1465      85
1466      100
1467      67
1468      84
1469      0
1470      98
1471      92
1472      0
1473      88
1474      81
1475      100
1476      0
1477      0
1478      81
1479      58
1480      0
1481      0
1482      0
1483      99
1484      98
1485      96
1486      96
1487      0
1488      61
1489      100
1490      95
1491      96
1492      0
1493      57
1494      100
1495      84
1496      69
1497      0
1498      0
1499      86
1500      68
1501      98
1502      82
1503      63
1504      62
1505      69
1506      0
1507      100
1508      61
1509      0
1510      97
1511      0
1512      71
1513      76
1514      73
1515      79
1516      91
1517      0
1518      0
1519      0
1520      0
1521      45
1522      67
1523      85
1524      0
1525      0
1526      43
1527      93
1528      0
1529      53
1530      65
1531      52
1532      98
1533      74
1534      60
1535      93
1536      0
1537      83
1538      0
1539      77
1540      58
1541      90
1542      100
1543      100
1544      0
1545      62
1546      0
1547      0
1548      69
1549      60
1550      47
1551      74
1552      99
1553      68
1554      0
1555      86
1556      81
1557      100
1558      51
1559      0
1560      0
1561      100
1562      98
1563      66
1564      0
1565      98
1566      0
1567      81
1568      81
1569      0
1570      96
1571      76
1572      98
1573      98
1574      47
1575      98
1576      88
1577      73
1578      0
1579      78
1580      0
1581      73
1582      0
1583      79
1584      91
1585      100
1586      0
1587      87
1588      76
1589      80
1590      0
1591      96
1592      69
1593      0
1594      92
1595      60
1596      44
1597      98
1598      0
1599      64
1600      89
1601      0
1602      89
1603      0
1604      0
1605      70
1606      83
1607      61
1608      0
1609      0
1610      98
1611      60
1612      54
1613      0
1614      0
1615      0
1616      85
1617      49
1618      58
1619      66
1620      0
1621      52
1622      0
1623      40
1624      0
1625      100
1626      100
1627      0
1628      46
1629      96
1630      77
1631      67
1632      0
1633      0
1634      73
1635      98
1636      87
1637      80
1638      0
1639      86
1640      88
1641      0
1642      93
1643      67
1644      68
1645      100
1646      68
1647      66
1648      64
1649      63
1650      0
1651      52
1652      99
1653      0
1654      60
1655      95
1656      81
1657      0
1658      69
1659      89
1660      65
1661      0
1662      60
1663      81
1664      99
1665      0
1666      77
1667      0
1668      80
1669      0
1670      76
1671      0
1672      0
1673      0
1674      0
1675      83
1676      0
1677      57
1678      0
1679      92
1680      0
1681      59
1682      0
1683      83
1684      67
1685      0
1686      0
1687      77
1688      81
1689      99
1690      77
1691      0
1692      55
1693      0
1694      75
1695      85
1696      0
1697      59
1698      72
1699      77
1700      0
1701      99
1702      58
1703      70
1704      98
1705      88
1706      82
1707      75
1708      0
1709      0
1710      0
1711      100
1712      59
1713      63
1714      53
1715      97
1716      0
1717      68
1718      77
1719      83
1720      99
1721      86
1722      85
1723      70
1724      89
1725      80
1726      0
1727      0
1728      90
1729      57
1730      80
1731      92
1732      0
1733      0
1734      83
1735      84
1736      0
1737      82
1738      32
1739      76
1740      0
1741      48
1742      0
1743      46
1744      0
1745      50
1746      55
1747      0
1748      62
1749      0
1750      0
1751      92
1752      66
1753      85
1754      76
1755      69
1756      96
1757      52
1758      99
1759      0
1760      0
1761      99
1762      63
1763      78
1764      99
1765      67
1766      75
1767      69
1768      0
1769      0
1770      56
1771      0
1772      74
1773      75
1774      49
1775      60
1776      0
1777      77
1778      0
1779      90
1780      0
1781      0
1782      0
1783      0
1784      62
1785      96
1786      0
1787      66
1788      95
1789      73
1790      79
1791      74
1792      47
1793      0
1794      0
1795      0
1796      62
1797      53
1798      0
1799      61
1800      0
1801      0
1802      96
1803      79
1804      58
1805      99
1806      55
1807      0
1808      80
1809      99
1810      92
1811      97
1812      0
1813      81
1814      89
1815      62
1816      0
1817      67
1818      90
1819      0
1820      0
1821      71
1822      0
1823      63
1824      0
1825      0
1826      81
1827      0
1828      0
1829      100
1830      0
1831      75
1832      0
1833      93
1834      100
1835      91
1836      64
1837      0
1838      96
1839      0
1840      72
1841      89
1842      0
1843      64
1844      48
1845      98
1846      61
1847      95
1848      0
1849      0
1850      96
1851      0
1852      92
1853      60
1854      92
1855      75
1856      64
1857      67
1858      65
1859      95
1860      91
1861      100
1862      0
1863      0
1864      87
1865      99
1866      0
1867      0
1868      75
1869      75
1870      63
1871      84
1872      0
1873      99
1874      56
1875      0
1876      0
1877      100
1878      0
1879      80
1880      81
1881      86
1882      64
1883      70
1884      0
1885      0
1886      0
1887      75
1888      0
1889      0
1890      58
1891      61
1892      51
1893      88
1894      0
1895      0
1896      98
1897      84
1898      0
1899      0
1900      69
1901      60
1902      0
1903      0
1904      0
1905      0
1906      92
1907      0
1908      91
1909      0
1910      99
1911      0
1912      50
1913      49
1914      0
1915      93
1916      88
1917      82
1918      100
1919      0
1920      0
1921      0
1922      0
1923      99
1924      0
1925      98
1926      0
1927      98
1928      69
1929      0
1930      0
1931      0
1932      59
1933      54
1934      79
1935      90
1936      95
1937      76
1938      73
1939      0
1940      67
1941      65
1942      99
1943      88
1944      0
1945      0
1946      0
1947      72
1948      0
1949      68
1950      0
1951      62
1952      94
1953      96
1954      82
1955      77
1956      0
1957      64
1958      90
1959      88
1960      0
1961      86
1962      0
1963      43
1964      0
1965      74
1966      40
1967      78
1968      0
1969      98
1970      81
1971      57
1972      59
1973      0
1974      46
1975      89
1976      93
1977      0
1978      89
1979      83
1980      0
1981      0
1982      58
1983      100
1984      84
1985      0
1986      0
1987      100
1988      98
1989      51
1990      0
1991      94
1992      32
1993      95
1994      0
1995      66
1996      100
1997      0
1998      62
1999      80
2000      80
2001      0
2002      0
2003      80
2004      98
2005      71
2006      63
2007      56
2008      49
2009      81
2010      0
2011      95
2012      100
2013      43
2014      51
2015      0
2016      69
2017      68
2018      61
2019      93
2020      42
2021      88
2022      52
2023      88
2024      50
2025      0
2026      94
2027      0
2028      91
2029      62
2030      0
2031      85
2032      0
2033      100
2034      96
2035      93
2036      0
2037      0
2038      44
2039      0
2040      0
2041      55
2042      99
2043      77
2044      0
2045      96
2046      60
2047      89
2048      100
2049      0
2050      0
2051      87
2052      82
2053      90
2054      0
2055      100
2056      0
2057      0
2058      84
2059      0
2060      65
2061      68
2062      0
2063      82
2064      49
2065      24
2066      99
2067      100
2068      87
2069      96
2070      0
2071      67
2072      75
2073      51
2074      0
2075      92
2076      64
2077      0
2078      0
2079      86
2080      98
2081      0
2082      0
2083      74
2084      0
2085      92
2086      97
2087      0
2088      41
2089      46
2090      0
2091      0
2092      66
2093      80
2094      0
2095      0
2096      81
2097      98
2098      60
2099      84
2100      89
2101      62
2102      77
2103      94
2104      99
2105      69
2106      0
2107      70
2108      46
2109      98
2110      96
2111      88
2112      92
2113      86
2114      76
2115      98
2116      84
2117      80
2118      0
2119      97
2120      0
2121      0
2122      0
2123      99
2124      0
2125      0
2126      0
2127      0
2128      81
2129      68
2130      88
2131      0
2132      66
2133      69
2134      82
2135      0
2136      74
2137      0
2138      0
2139      0
2140      0
2141      0
2142      0
2143      46
2144      0
2145      90
2146      49
2147      0
2148      100
2149      0
2150      54
2151      0
2152      0
2153      0
2154      0
2155      82
2156      96
2157      0
2158      100
2159      0
2160      61
2161      96
2162      88
2163      0
2164      0
2165      53
2166      92
2167      66
2168      100
2169      0
2170      82
2171      0
2172      0
2173      89
2174      90
2175      95
2176      100
2177      57
2178      100
2179      61
2180      67
2181      82
2182      0
2183      91
2184      96
2185      0
2186      96
2187      100
2188      96
2189      71
2190      50
2191      95
2192      0
2193      0
2194      66
2195      99
2196      51
2197      73
2198      98
2199      0
2200      65
2201      0
2202      84
2203      72
2204      0
2205      86
2206      0
2207      0
2208      90
2209      65
2210      0
2211      74
2212      64
2213      71
2214      80
2215      76
2216      93
2217      0
2218      75
2219      76
2220      57
2221      59
2222      47
2223      54
2224      0
2225      81
2226      80
2227      0
2228      93
2229      95
2230      70
2231      0
2232      0
2233      52
2234      58
2235      0
2236      86
2237      0
2238      99
2239      82
2240      87
2241      88
2242      79
2243      0
2244      0
2245      60
2246      0
2247      0
2248      100
2249      72
2250      58
2251      58
2252      0
2253      88
2254      90
2255      0
2256      95
2257      0
2258      52
2259      86
2260      60
2261      75
2262      0
2263      64
2264      0
2265      88
2266      0
2267      0
2268      0
2269      78
2270      87
2271      0
2272      95
2273      47
2274      81
2275      0
2276      79
2277      98
2278      46
2279      69
2280      0
2281      0
2282      90
2283      92
2284      0
2285      93
2286      97
2287      45
2288      94
2289      100
2290      0
2291      0
2292      0
2293      0
2294      45
2295      0
2296      83
2297      67
2298      52
2299      100
2300      58
2301      46
2302      0
2303      0
2304      0
2305      0
2306      42
2307      68
2308      0
2309      93
2310      82
2311      0
2312      63
2313      69
2314      55
2315      100
2316      47
2317      81
2318      0
2319      0
2320      61
2321      0
2322      81
2323      92
2324      98
2325      78
2326      0
2327      51
2328      0
2329      0
2330      93
2331      86
2332      0
2333      89
2334      0
2335      55
2336      84
2337      59
2338      45
2339      95
2340      64
2341      0
2342      57
2343      51
2344      0
2345      60
2346      88
2347      0
2348      0
2349      53
2350      0
2351      49
2352      76
2353      85
2354      50
2355      100
2356      0
2357      0
2358      100
2359      0
2360      81
2361      0
2362      0
2363      96
2364      83
2365      98
2366      0
2367      0
2368      61
2369      55
2370      88
2371      0
2372      0
2373      0
2374      50
2375      72
2376      90
2377      0
2378      97
2379      0
2380      79
2381      0
2382      80
2383      48
2384      98
2385      60
2386      0
2387      91
2388      60
2389      93
2390      100
2391      0
2392      0
2393      97
2394      77
2395      71
2396      72
2397      0
2398      38
2399      0
2400      63
2401      50
2402      57
2403      68
2404      84
2405      0
2406      94
2407      93
2408      0
2409      86
2410      77
2411      0
2412      68
2413      100
2414      0
2415      0
2416      69
2417      58
2418      100
2419      66
2420      75
2421      0
2422      65
2423      0
2424      0
2425      62
2426      62
2427      0
2428      100
2429      55
2430      71
2431      74
2432      58
2433      0
2434      96
2435      100
2436      0
2437      62
2438      61
2439      50
2440      87
2441      0
2442      99
2443      69
2444      58
2445      0
2446      84
2447      64
2448      0
2449      0
2450      59
2451      88
2452      0
2453      0
2454      91
2455      0
2456      45
2457      89
2458      66
2459      52
2460      92
2461      85
2462      100
2463      68
2464      0
2465      97
2466      100
2467      49
2468      0
2469      0
2470      59
2471      91
2472      67
2473      0
2474      0
2475      67
2476      0
2477      0
2478      73
2479      0
2480      0
2481      80
2482      0
2483      97
2484      0
2485      60
2486      71
2487      93
2488      0
2489      46
2490      76
2491      0
2492      75
2493      81
2494      45
2495      92
2496      81
2497      97
2498      95
2499      0
       85725.1
