0      0
1      0
2      92
3      93
4      0
5      0
6      73
7      95
8      88
9      73
10      62
11      78
12      0
13      74
14      99
15      0
16      77
17      96
18      94
19      59
20      59
21      94
22      0
23      0
24      0
25      99
26      61
27      100
28      72
29      0
30      97
31      59
32      0
33      95
34      0
35      98
36      80
37      0
38      81
39      63
40      50
41      0
42      0
43      0
44      0
45      48
46      0
47      71
48      80
49      90
50      88
51      0
52      96
53      57
54      73
55      0
56      0
57      87
58      80
59      88
60      65
61      0
62      97
63      91
64      69
65      0
66      95
67      54
68      79
69      0
70      100
71      45
72      61
73      71
74      0
75      69
76      0
77      62
78      74
79      57
80      100
81      0
82      81
83      95
84      90
85      0
86      80
87      0
88      87
89      65
90      0
91      0
92      0
93      79
94      0
95      86
96      89
97      75
98      0
99      56
100      84
101      0
102      0
103      100
104      89
105      89
106      0
107      81
108      100
109      95
110      60
111      67
112      99
113      0
114      89
115      63
116      59
117      85
118      83
119      92
120      76
121      97
122      100
123      0
124      85
125      0
126      98
127      81
128      0
129      98
130      85
131      96
132      95
133      0
134      67
135      97
136      65
137      0
138      0
139      0
140      73
141      0
142      99
143      97
144      100
145      77
146      81
147      84
148      0
149      80
150      60
151      73
152      60
153      57
154      59
155      0
156      68
157      76
158      0
159      95
160      0
161      0
162      88
163      52
164      0
165      0
166      97
167      86
168      55
169      0
170      0
171      67
172      100
173      0
174      94
175      66
176      0
177      99
178      97
179      72
180      0
181      0
182      52
183      0
184      96
185      83
186      0
187      53
188      100
189      65
190      70
191      58
192      44
193      0
194      0
195      98
196      96
197      68
198      91
199      67
200      77
201      98
202      54
203      69
204      97
205      76
206      0
207      68
208      82
209      99
210      83
211      83
212      0
213      73
214      0
215      0
216      74
217      0
218      96
219      86
220      100
221      69
222      68
223      98
224      85
225      85
226      0
227      0
228      0
229      42
230      57
231      58
232      98
233      97
234      89
235      53
236      95
237      97
238      76
239      58
240      0
241      0
242      66
243      63
244      98
245      0
246      0
247      0
248      0
249      84
250      60
251      60
252      0
253      96
254      0
255      85
256      0
257      100
258      0
259      0
260      74
261      0
262      96
263      0
264      50
265      0
266      0
267      99
268      62
269      97
270      69
271      0
272      0
273      96
274      83
275      88
276      66
277      73
278      94
279      63
280      62
281      49
282      82
283      88
284      94
285      0
286      79
287      58
288      0
289      86
290      72
291      50
292      0
293      71
294      51
295      87
296      66
297      56
298      91
299      100
300      0
301      88
302      49
303      80
304      99
305      71
306      100
307      0
308      0
309      0
310      70
311      61
312      0
313      100
314      0
315      81
316      97
317      44
318      42
319      99
320      99
321      70
322      0
323      98
324      96
325      75
326      0
327      88
328      72
329      81
330      90
331      57
332      0
333      94
334      0
335      68
336      89
337      0
338      0
339      83
340      93
341      51
342      85
343      73
344      97
345      42
346      44
347      52
348      0
349      0
350      80
351      0
352      0
353      85
354      85
355      74
356      0
357      97
358      0
359      79
360      51
361      88
362      68
363      98
364      66
365      93
366      48
367      42
368      0
369      69
370      94
371      0
372      0
373      96
374      0
375      95
376      0
377      80
378      0
379      70
380      60
381      0
382      0
383      74
384      0
385      90
386      0
387      0
388      95
389      0
390      83
391      0
392      73
393      96
394      91
395      82
396      0
397      81
398      80
399      0
400      93
401      90
402      0
403      78
404      58
405      72
406      0
407      99
408      0
409      86
410      100
411      91
412      76
413      0
414      96
415      0
416      72
417      0
418      75
419      0
420      72
421      0
422      90
423      0
424      99
425      63
426      85
427      0
428      97
429      0
430      0
431      0
432      0
433      0
434      98
435      100
436      72
437      0
438      96
439      66
440      81
441      46
442      0
443      0
444      0
445      91
446      0
447      100
448      72
449      91
450      100
451      68
452      100
453      54
454      0
455      0
456      73
457      0
458      76
459      80
460      93
461      0
462      0
463      62
464      77
465      94
466      90
467      0
468      83
469      63
470      82
471      0
472      57
473      84
474      70
475      77
476      78
477      73
478      50
479      86
480      75
481      92
482      94
483      0
484      0
485      0
486      86
487      60
488      73
489      0
490      0
491      52
492      0
493      87
494      90
495      0
496      67
497      77
498      84
499      94
500      66
501      49
502      100
503      66
504      95
505      77
506      0
507      79
508      98
509      59
510      50
511      90
512      0
513      0
514      92
515      0
516      0
517      90
518      71
519      95
520      98
521      100
522      0
523      0
524      98
525      0
526      59
527      68
528      0
529      50
530      0
531      52
532      0
533      75
534      89
535      0
536      97
537      47
538      0
539      56
540      0
541      69
542      0
543      91
544      73
545      55
546      52
547      0
548      0
549      0
550      92
551      99
552      0
553      52
554      0
555      74
556      83
557      0
558      48
559      68
560      0
561      0
562      87
563      68
564      94
565      94
566      0
567      100
568      96
569      0
570      85
571      0
572      0
573      100
574      92
575      45
576      85
577      57
578      90
579      97
580      0
581      77
582      100
583      69
584      85
585      50
586      93
587      0
588      0
589      53
590      83
591      0
592      90
593      80
594      94
595      0
596      70
597      95
598      99
599      93
600      68
601      94
602      100
603      99
604      0
605      0
606      54
607      0
608      0
609      0
610      99
611      47
612      78
613      95
614      0
615      88
616      96
617      88
618      98
619      97
620      69
621      0
622      100
623      71
624      69
625      0
626      59
627      53
628      58
629      0
630      76
631      0
632      96
633      96
634      60
635      0
636      99
637      49
638      62
639      100
640      0
641      73
642      0
643      95
644      0
645      0
646      57
647      69
648      0
649      69
650      0
651      0
652      0
653      58
654      96
655      69
656      0
657      85
658      0
659      95
660      98
661      0
662      0
663      61
664      100
665      90
666      94
667      69
668      100
669      84
670      53
671      82
672      0
673      72
674      58
675      0
676      96
677      78
678      55
679      0
680      0
681      73
682      99
683      84
684      0
685      84
686      96
687      100
688      70
689      0
690      46
691      99
692      0
693      94
694      80
695      52
696      98
697      65
698      87
699      0
700      57
701      98
702      0
703      68
704      61
705      0
706      90
707      81
708      0
709      0
710      100
711      91
712      85
713      0
714      57
715      95
716      0
717      0
718      63
719      45
720      87
721      64
722      73
723      98
724      0
725      0
726      0
727      0
728      52
729      77
730      60
731      0
732      73
733      0
734      89
735      0
736      90
737      0
738      94
739      99
740      82
741      0
742      95
743      72
744      45
745      0
746      0
747      95
748      89
749      92
750      54
751      0
752      57
753      96
754      0
755      96
756      85
757      49
758      69
759      64
760      0
761      48
762      0
763      92
764      71
765      57
766      79
767      78
768      0
769      77
770      82
771      0
772      53
773      78
774      0
775      74
776      72
777      0
778      0
779      99
780      58
781      97
782      98
783      98
784      100
785      85
786      0
787      0
788      0
789      64
790      92
791      80
792      0
793      90
794      94
795      88
796      0
797      96
798      0
799      53
800      96
801      0
802      83
803      0
804      46
805      77
806      100
807      94
808      97
809      81
810      54
811      97
812      57
813      57
814      0
815      57
816      0
817      0
818      92
819      0
820      64
821      99
822      0
823      0
824      97
825      0
826      70
827      81
828      0
829      69
830      89
831      44
832      69
833      74
834      85
835      0
836      98
837      96
838      0
839      92
840      91
841      95
842      78
843      0
844      72
845      95
846      85
847      78
848      90
849      54
850      66
851      97
852      74
853      0
854      0
855      91
856      98
857      95
858      49
859      0
860      72
861      0
862      73
863      99
864      73
865      80
866      0
867      66
868      0
869      62
870      49
871      84
872      52
873      0
874      0
875      81
876      0
877      56
878      73
879      98
880      0
881      63
882      58
883      97
884      0
885      68
886      0
887      0
888      91
889      96
890      0
891      98
892      0
893      93
894      95
895      0
896      0
897      0
898      59
899      100
900      87
901      0
902      90
903      99
904      92
905      0
906      97
907      0
908      0
909      100
910      79
911      76
912      85
913      93
914      91
915      88
916      0
917      0
918      0
919      60
920      97
921      0
922      72
923      60
924      0
925      90
926      89
927      51
928      81
929      71
930      73
931      0
932      75
933      0
934      0
935      68
936      0
937      0
938      64
939      80
940      0
941      86
942      0
943      0
944      87
945      0
946      99
947      74
948      74
949      47
950      0
951      0
952      0
953      96
954      0
955      0
956      94
957      98
958      65
959      98
960      98
961      0
962      0
963      0
964      0
965      83
966      0
967      0
968      97
969      81
970      0
971      84
972      51
973      70
974      63
975      72
976      50
977      0
978      0
979      0
980      73
981      62
982      82
983      0
984      96
985      73
986      0
987      98
988      73
989      63
990      78
991      65
992      0
993      83
994      92
995      0
996      0
997      0
998      73
999      94
1000      0
1001      100
1002      0
1003      0
1004      44
1005      0
1006      0
1007      73
1008      57
1009      96
1010      0
1011      0
1012      100
1013      77
1014      0
1015      97
1016      79
1017      85
1018      0
1019      58
1020      0
1021      91
1022      63
1023      0
1024      96
1025      81
1026      97
1027      51
1028      0
1029      57
1030      93
1031      77
1032      0
1033      0
1034      54
1035      0
1036      70
1037      51
1038      100
1039      63
1040      0
1041      0
1042      63
1043      0
1044      93
1045      0
1046      86
1047      66
1048      93
1049      0
1050      0
1051      97
1052      0
1053      0
1054      96
1055      88
1056      91
1057      73
1058      100
1059      0
1060      78
1061      0
1062      69
1063      0
1064      0
1065      96
1066      57
1067      74
1068      0
1069      53
1070      0
1071      0
1072      56
1073      93
1074      0
1075      59
1076      77
1077      0
1078      0
1079      0
1080      92
1081      0
1082      0
1083      54
1084      75
1085      80
1086      89
1087      0
1088      51
1089      51
1090      68
1091      0
1092      97
1093      92
1094      0
1095      0
1096      72
1097      0
1098      0
1099      87
1100      88
1101      79
1102      80
1103      79
1104      59
1105      59
1106      48
1107      54
1108      0
1109      100
1110      100
1111      0
1112      100
1113      0
1114      72
1115      0
1116      99
1117      0
1118      54
1119      48
1120      86
1121      47
1122      0
1123      0
1124      93
1125      100
1126      95
1127      61
1128      94
1129      86
1130      0
1131      95
1132      0
1133      91
1134      0
1135      0
1136      86
1137      58
1138      0
1139      65
1140      97
1141      94
1142      98
1143      0
1144      47
1145      0
1146      87
1147      61
1148      68
1149      0
1150      56
1151      76
1152      66
1153      72
1154      0
1155      88
1156      89
1157      85
1158      0
1159      0
1160      88
1161      68
1162      0
1163      0
1164      51
1165      0
1166      99
1167      68
1168      96
1169      78
1170      0
1171      0
1172      89
1173      53
1174      0
1175      97
1176      100
1177      57
1178      67
1179      95
1180      0
1181      96
1182      0
1183      55
1184      47
1185      0
1186      0
1187      91
1188      0
1189      0
1190      92
1191      68
1192      53
1193      94
1194      58
1195      68
1196      74
1197      79
1198      72
1199      0
1200      99
1201      0
1202      0
1203      90
1204      100
1205      0
1206      0
1207      99
1208      93
1209      0
1210      0
1211      0
1212      0
1213      0
1214      100
1215      0
1216      0
1217      67
1218      83
1219      93
1220      99
1221      53
1222      77
1223      96
1224      96
1225      92
1226      67
1227      85
1228      84
1229      0
1230      0
1231      74
1232      0
1233      0
1234      59
1235      79
1236      92
1237      0
1238      84
1239      63
1240      72
1241      95
1242      0
1243      0
1244      63
1245      0
1246      0
1247      98
1248      0
1249      50
1250      87
1251      77
1252      0
1253      64
1254      80
1255      99
1256      91
1257      57
1258      98
1259      73
1260      0
1261      68
1262      98
1263      0
1264      100
1265      99
1266      51
1267      0
1268      70
1269      0
1270      70
1271      79
1272      0
1273      87
1274      0
1275      70
1276      73
1277      0
1278      0
1279      70
1280      44
1281      0
1282      80
1283      57
1284      0
1285      0
1286      99
1287      0
1288      0
1289      85
1290      0
1291      100
1292      94
1293      0
1294      83
1295      0
1296      51
1297      54
1298      95
1299      0
1300      99
1301      78
1302      63
1303      87
1304      76
1305      67
1306      73
1307      80
1308      98
1309      0
1310      80
1311      97
1312      0
1313      52
1314      0
1315      85
1316      0
1317      87
1318      0
1319      0
1320      0
1321      62
1322      54
1323      84
1324      72
1325      48
1326      94
1327      56
1328      95
1329      85
1330      50
1331      0
1332      90
1333      0
1334      73
1335      95
1336      46
1337      0
1338      99
1339      0
1340      67
1341      97
1342      0
1343      70
1344      90
1345      0
1346      43
1347      93
1348      0
1349      0
1350      90
1351      0
1352      98
1353      0
1354      55
1355      99
1356      47
1357      52
1358      92
1359      0
1360      94
1361      86
1362      88
1363      71
1364      100
1365      0
1366      0
1367      98
1368      59
1369      81
1370      0
1371      50
1372      0
1373      0
1374      77
1375      60
1376      94
1377      85
1378      73
1379      72
1380      0
1381      75
1382      0
1383      79
1384      97
1385      48
1386      91
1387      0
1388      0
1389      0
1390      60
1391      0
1392      0
1393      0
1394      96
1395      93
1396      94
1397      59
1398      66
1399      57
1400      61
1401      100
1402      92
1403      98
1404      0
1405      0
1406      52
1407      0
1408      72
1409      59
1410      95
1411      0
1412      55
1413      48
1414      99
1415      84
1416      99
1417      0
1418      68
1419      77
1420      82
1421      94
1422      80
1423      99
1424      91
1425      50
1426      0
1427      76
1428      100
1429      80
1430      85
1431      0
1432      0
1433      74
1434      0
1435      82
1436      99
1437      91
1438      0
1439      79
1440      67
1441      0
1442      96
1443      73
1444      0
1445      85
1446      0
1447      63
1448      66
1449      50
1450      100
1451      63
1452      85
1453      57
1454      80
1455      0
1456      96
1457      81
1458      0
1459      76
1460      0
1461      0
1462      0
1463      58
1464      0
1465      86
1466      79
1467      99
1468      67
1469      0
1470      0
1471      0
1472      99
1473      69
1474      92
1475      67
1476      90
1477      78
1478      76
1479      69
1480      97
1481      0
1482      59
1483      68
1484      0
1485      60
1486      0
1487      94
1488      0
1489      0
1490      69
1491      0
1492      58
1493      96
1494      0
1495      55
1496      0
1497      100
1498      77
1499      0
1500      100
1501      0
1502      100
1503      0
1504      84
1505      98
1506      54
1507      82
1508      99
1509      68
1510      57
1511      88
1512      0
1513      0
1514      88
1515      97
1516      71
1517      64
1518      0
1519      98
1520      0
1521      0
1522      94
1523      90
1524      0
1525      51
1526      74
1527      96
1528      0
1529      74
1530      73
1531      91
1532      0
1533      0
1534      0
1535      0
1536      86
1537      52
1538      0
1539      69
1540      97
1541      57
1542      99
1543      99
1544      0
1545      0
1546      0
1547      73
1548      77
1549      100
1550      79
1551      0
1552      0
1553      0
1554      85
1555      99
1556      0
1557      100
1558      97
1559      79
1560      76
1561      79
1562      90
1563      76
1564      53
1565      0
1566      99
1567      0
1568      0
1569      50
1570      0
1571      100
1572      0
1573      0
1574      50
1575      74
1576      61
1577      0
1578      98
1579      54
1580      57
1581      88
1582      89
1583      0
1584      0
1585      95
1586      0
1587      0
1588      64
1589      0
1590      55
1591      74
1592      98
1593      79
1594      0
1595      0
1596      77
1597      72
1598      0
1599      100
1600      0
1601      0
1602      0
1603      60
1604      0
1605      93
1606      0
1607      66
1608      80
1609      56
1610      48
1611      0
1612      0
1613      81
1614      77
1615      69
1616      85
1617      54
1618      0
1619      60
1620      0
1621      0
1622      100
1623      63
1624      54
1625      94
1626      0
1627      91
1628      0
1629      0
1630      81
1631      87
1632      95
1633      0
1634      54
1635      0
1636      0
1637      98
1638      96
1639      0
1640      0
1641      92
1642      48
1643      85
1644      100
1645      92
1646      63
1647      0
1648      0
1649      0
1650      0
1651      0
1652      0
1653      0
1654      0
1655      93
1656      83
1657      92
1658      69
1659      100
1660      95
1661      88
1662      99
1663      0
1664      0
1665      58
1666      98
1667      68
1668      0
1669      49
1670      65
1671      97
1672      98
1673      99
1674      0
1675      0
1676      97
1677      81
1678      0
1679      86
1680      64
1681      0
1682      0
1683      59
1684      0
1685      0
1686      0
1687      65
1688      90
1689      85
1690      0
1691      90
1692      46
1693      98
1694      96
1695      0
1696      98
1697      0
1698      73
1699      90
1700      98
1701      99
1702      0
1703      0
1704      69
1705      91
1706      73
1707      61
1708      39
1709      0
1710      73
1711      98
1712      83
1713      51
1714      0
1715      0
1716      99
1717      73
1718      80
1719      75
1720      100
1721      0
1722      0
1723      0
1724      62
1725      0
1726      91
1727      70
1728      63
1729      52
1730      0
1731      0
1732      71
1733      70
1734      92
1735      89
1736      79
1737      0
1738      0
1739      0
1740      90
1741      85
1742      0
1743      0
1744      96
1745      72
1746      94
1747      0
1748      81
1749      51
1750      0
1751      96
1752      94
1753      0
1754      76
1755      76
1756      0
1757      0
1758      66
1759      0
1760      0
1761      57
1762      99
1763      0
1764      0
1765      94
1766      76
1767      50
1768      67
1769      100
1770      49
1771      57
1772      92
1773      89
1774      68
1775      0
1776      80
1777      89
1778      100
1779      79
1780      0
1781      0
1782      79
1783      60
1784      60
1785      69
1786      76
1787      95
1788      0
1789      0
1790      0
1791      80
1792      93
1793      0
1794      0
1795      89
1796      0
1797      96
1798      60
1799      0
1800      60
1801      85
1802      0
1803      91
1804      97
1805      93
1806      89
1807      98
1808      85
1809      71
1810      88
1811      84
1812      0
1813      80
1814      67
1815      0
1816      90
1817      76
1818      83
1819      0
1820      0
1821      89
1822      0
1823      98
1824      58
1825      0
1826      43
1827      98
1828      100
1829      0
1830      0
1831      94
1832      57
1833      48
1834      85
1835      85
1836      57
1837      0
1838      0
1839      87
1840      96
1841      0
1842      99
1843      81
1844      0
1845      0
1846      98
1847      0
1848      0
1849      96
1850      0
1851      59
1852      0
1853      99
1854      61
1855      96
1856      0
1857      0
1858      97
1859      86
1860      72
1861      0
1862      97
1863      96
1864      0
1865      73
1866      64
1867      60
1868      31
1869      100
1870      0
1871      89
1872      97
1873      70
1874      0
1875      0
1876      0
1877      61
1878      95
1879      0
1880      0
1881      99
1882      46
1883      89
1884      48
1885      63
1886      44
1887      91
1888      0
1889      98
1890      49
1891      100
1892      58
1893      0
1894      98
1895      95
1896      59
1897      65
1898      100
1899      79
1900      63
1901      72
1902      73
1903      91
1904      71
1905      0
1906      0
1907      99
1908      75
1909      0
1910      0
1911      90
1912      0
1913      94
1914      54
1915      98
1916      0
1917      0
1918      94
1919      0
1920      93
1921      0
1922      98
1923      49
1924      0
1925      95
1926      88
1927      75
1928      0
1929      93
1930      88
1931      54
1932      72
1933      96
1934      55
1935      69
1936      48
1937      68
1938      78
1939      0
1940      53
1941      0
1942      0
1943      0
1944      100
1945      88
1946      0
1947      95
1948      0
1949      60
1950      83
1951      51
1952      0
1953      77
1954      62
1955      0
1956      99
1957      0
1958      0
1959      72
1960      0
1961      44
1962      52
1963      100
1964      0
1965      0
1966      98
1967      78
1968      83
1969      0
1970      69
1971      100
1972      100
1973      88
1974      0
1975      68
1976      98
1977      0
1978      72
1979      0
1980      89
1981      0
1982      0
1983      0
1984      92
1985      92
1986      0
1987      0
1988      0
1989      76
1990      100
1991      97
1992      98
1993      80
1994      0
1995      0
1996      68
1997      65
1998      98
1999      57
2000      95
2001      0
2002      96
2003      92
2004      88
2005      80
2006      0
2007      85
2008      69
2009      0
2010      73
2011      0
2012      0
2013      74
2014      90
2015      73
2016      70
2017      97
2018      0
2019      91
2020      66
2021      99
2022      98
2023      93
2024      60
2025      0
2026      100
2027      71
2028      0
2029      65
2030      54
2031      68
2032      100
2033      85
2034      85
2035      92
2036      0
2037      0
2038      90
2039      99
2040      82
2041      63
2042      56
2043      0
2044      84
2045      80
2046      76
2047      0
2048      0
2049      0
2050      52
2051      0
2052      0
2053      96
2054      48
2055      76
2056      68
2057      0
2058      91
2059      69
2060      0
2061      0
2062      85
2063      0
2064      90
2065      81
2066      0
2067      83
2068      0
2069      91
2070      0
2071      84
2072      0
2073      0
2074      80
2075      78
2076      57
2077      0
2078      68
2079      75
2080      0
2081      79
2082      74
2083      84
2084      0
2085      96
2086      0
2087      58
2088      0
2089      95
2090      0
2091      92
2092      63
2093      0
2094      59
2095      57
2096      0
2097      74
2098      96
2099      71
2100      81
2101      98
2102      66
2103      95
2104      100
2105      82
2106      0
2107      96
2108      0
2109      0
2110      0
2111      0
2112      76
2113      66
2114      94
2115      59
2116      99
2117      57
2118      100
2119      0
2120      95
2121      0
2122      0
2123      0
2124      0
2125      0
2126      98
2127      0
2128      0
2129      0
2130      55
2131      0
2132      0
2133      56
2134      45
2135      0
2136      0
2137      50
2138      94
2139      0
2140      0
2141      92
2142      95
2143      45
2144      76
2145      89
2146      69
2147      0
2148      0
2149      0
2150      98
2151      74
2152      92
2153      0
2154      96
2155      0
2156      71
2157      91
2158      100
2159      80
2160      96
2161      0
2162      74
2163      65
2164      78
2165      98
2166      0
2167      85
2168      0
2169      86
2170      80
2171      99
2172      66
2173      0
2174      0
2175      93
2176      0
2177      72
2178      0
2179      70
2180      88
2181      91
2182      0
2183      87
2184      70
2185      0
2186      56
2187      0
2188      86
2189      0
2190      0
2191      97
2192      0
2193      98
2194      93
2195      0
2196      89
2197      83
2198      54
2199      86
2200      82
2201      98
2202      59
2203      46
2204      100
2205      0
2206      87
2207      68
2208      61
2209      0
2210      93
2211      80
2212      94
2213      89
2214      0
2215      80
2216      97
2217      78
2218      95
2219      0
2220      100
2221      99
2222      100
2223      54
2224      99
2225      77
2226      0
2227      98
2228      0
2229      85
2230      88
2231      72
2232      53
2233      87
2234      82
2235      92
2236      0
2237      90
2238      71
2239      61
2240      88
2241      99
2242      51
2243      56
2244      71
2245      73
2246      99
2247      0
2248      48
2249      100
2250      0
2251      0
2252      17
2253      79
2254      77
2255      76
2256      100
2257      53
2258      94
2259      0
2260      68
2261      0
2262      61
2263      0
2264      0
2265      75
2266      74
2267      0
2268      79
2269      100
2270      85
2271      86
2272      100
2273      0
2274      68
2275      93
2276      90
2277      66
2278      90
2279      61
2280      70
2281      0
2282      74
2283      71
2284      58
2285      99
2286      84
2287      0
2288      50
2289      98
2290      62
2291      0
2292      70
2293      0
2294      0
2295      0
2296      0
2297      0
2298      62
2299      49
2300      47
2301      54
2302      0
2303      88
2304      97
2305      68
2306      0
2307      52
2308      0
2309      0
2310      89
2311      48
2312      59
2313      99
2314      89
2315      85
2316      72
2317      0
2318      70
2319      85
2320      87
2321      0
2322      57
2323      56
2324      0
2325      91
2326      100
2327      57
2328      0
2329      88
2330      0
2331      62
2332      0
2333      0
2334      0
2335      72
2336      54
2337      84
2338      0
2339      0
2340      0
2341      80
2342      70
2343      84
2344      99
2345      48
2346      98
2347      64
2348      100
2349      100
2350      0
2351      63
2352      79
2353      94
2354      84
2355      85
2356      61
2357      0
2358      96
2359      0
2360      62
2361      98
2362      0
2363      90
2364      0
2365      0
2366      81
2367      0
2368      43
2369      53
2370      63
2371      61
2372      99
2373      0
2374      0
2375      0
2376      95
2377      67
2378      65
2379      99
2380      0
2381      99
2382      89
2383      85
2384      0
2385      73
2386      97
2387      98
2388      92
2389      63
2390      72
2391      78
2392      0
2393      90
2394      0
2395      0
2396      0
2397      99
2398      96
2399      78
2400      0
2401      95
2402      0
2403      75
2404      0
2405      88
2406      76
2407      0
2408      52
2409      100
2410      99
2411      0
2412      94
2413      0
2414      79
2415      0
2416      0
2417      0
2418      73
2419      100
2420      74
2421      0
2422      75
2423      88
2424      0
2425      0
2426      63
2427      83
2428      0
2429      0
2430      58
2431      0
2432      95
2433      92
2434      77
2435      0
2436      59
2437      73
2438      0
2439      0
2440      52
2441      0
2442      0
2443      0
2444      85
2445      92
2446      0
2447      0
2448      49
2449      0
2450      0
2451      96
2452      74
2453      0
2454      0
2455      0
2456      93
2457      0
2458      98
2459      100
2460      0
2461      88
2462      0
2463      44
2464      99
2465      66
2466      90
2467      47
2468      77
2469      100
2470      100
2471      45
2472      92
2473      94
2474      95
2475      76
2476      0
2477      99
2478      100
2479      96
2480      0
2481      0
2482      98
2483      57
2484      89
2485      83
2486      67
2487      74
2488      98
2489      67
2490      95
2491      0
2492      62
2493      77
2494      0
2495      0
2496      0
2497      94
2498      56
2499      0
       82925.8
