0      100
1      100
2      82
3      69
4      95
5      0
6      70
7      78
8      0
9      90
10      82
11      45
12      98
13      69
14      0
15      0
16      0
17      0
18      0
19      0
20      100
21      100
22      0
23      82
24      50
25      87
26      93
27      68
28      95
29      100
30      100
31      0
32      58
33      90
34      100
35      97
36      0
37      98
38      95
39      64
40      0
41      69
42      95
43      0
44      0
45      100
46      100
47      0
48      86
49      0
50      100
51      65
52      97
53      0
54      100
55      0
56      100
57      59
58      0
59      0
60      100
61      0
62      60
63      100
64      64
65      0
66      0
67      76
68      0
69      0
70      75
71      64
72      0
73      85
74      54
75      0
76      80
77      98
78      90
79      78
80      99
81      84
82      84
83      60
84      99
85      0
86      0
87      0
88      67
89      97
90      90
91      0
92      91
93      82
94      43
95      0
96      100
97      0
98      77
99      0
100      57
101      86
102      49
103      100
104      100
105      99
106      97
107      98
108      100
109      98
110      0
111      0
112      96
113      0
114      96
115      62
116      72
117      96
118      70
119      0
120      0
121      0
122      84
123      73
124      55
125      100
126      55
127      100
128      90
129      0
130      0
131      86
132      55
133      0
134      66
135      98
136      97
137      0
138      80
139      0
140      44
141      0
142      64
143      83
144      0
145      0
146      65
147      96
148      100
149      68
150      60
151      0
152      100
153      92
154      0
155      0
156      59
157      42
158      82
159      100
160      46
161      0
162      0
163      0
164      69
165      0
166      54
167      100
168      97
169      100
170      0
171      94
172      0
173      55
174      100
175      0
176      58
177      100
178      96
179      82
180      84
181      0
182      86
183      85
184      98
185      86
186      52
187      52
188      100
189      0
190      100
191      97
192      89
193      83
194      0
195      0
196      96
197      68
198      0
199      70
200      64
201      78
202      82
203      0
204      97
205      100
206      0
207      61
208      81
209      100
210      0
211      0
212      0
213      52
214      0
215      0
216      100
217      100
218      82
219      0
220      90
221      49
222      88
223      100
224      0
225      78
226      76
227      63
228      74
229      88
230      77
231      97
232      82
233      100
234      0
235      0
236      0
237      0
238      67
239      100
240      0
241      100
242      49
243      72
244      0
245      100
246      100
247      0
248      96
249      0
250      0
251      0
252      0
253      0
254      66
255      98
256      100
257      63
258      88
259      0
260      100
261      69
262      0
263      69
264      0
265      81
266      98
267      90
268      0
269      67
270      73
271      0
272      100
273      0
274      93
275      100
276      100
277      100
278      0
279      0
280      100
281      99
282      97
283      54
284      64
285      100
286      0
287      72
288      0
289      0
290      26
291      43
292      100
293      0
294      0
295      0
296      0
297      50
298      95
299      97
300      86
301      0
302      0
303      56
304      92
305      55
306      0
307      86
308      0
309      88
310      0
311      0
312      0
313      0
314      90
315      64
316      0
317      100
318      66
319      56
320      97
321      100
322      100
323      73
324      48
325      100
326      53
327      0
328      99
329      71
330      0
331      100
332      60
333      100
334      100
335      0
336      82
337      80
338      47
339      0
340      54
341      0
342      72
343      0
344      100
345      100
346      74
347      44
348      90
349      43
350      50
351      100
352      0
353      96
354      49
355      0
356      80
357      83
358      51
359      0
360      82
361      74
362      95
363      0
364      100
365      88
366      70
367      96
368      52
369      100
370      79
371      83
372      0
373      80
374      0
375      59
376      100
377      90
378      100
379      100
380      100
381      0
382      75
383      100
384      81
385      100
386      0
387      52
388      0
389      0
390      100
391      76
392      85
393      0
394      0
395      61
396      65
397      100
398      96
399      83
400      72
401      0
402      0
403      0
404      0
405      82
406      64
407      63
408      97
409      100
410      0
411      0
412      0
413      58
414      99
415      64
416      49
417      0
418      100
419      83
420      0
421      0
422      99
423      65
424      79
425      100
426      0
427      75
428      0
429      97
430      100
431      100
432      69
433      0
434      62
435      0
436      60
437      0
438      0
439      71
440      97
441      0
442      100
443      89
444      80
445      100
446      100
447      0
448      85
449      86
450      100
451      100
452      89
453      100
454      54
455      95
456      0
457      100
458      0
459      0
460      100
461      0
462      0
463      100
464      0
465      48
466      0
467      67
468      59
469      0
470      0
471      98
472      59
473      100
474      0
475      100
476      90
477      64
478      100
479      100
480      0
481      62
482      0
483      0
484      0
485      0
486      100
487      82
488      0
489      0
490      89
491      54
492      0
493      90
494      0
495      0
496      96
497      82
498      0
499      58
500      100
501      60
502      52
503      0
504      0
505      84
506      57
507      69
508      92
509      100
510      100
511      100
512      95
513      59
514      0
515      100
516      83
517      80
518      0
519      91
520      0
521      100
522      0
523      90
524      0
525      99
526      99
527      34
528      85
529      61
530      61
531      0
532      0
533      93
534      74
535      52
536      100
537      100
538      0
539      88
540      99
541      100
542      59
543      100
544      93
545      0
546      88
547      0
548      61
549      0
550      0
551      100
552      0
553      78
554      100
555      100
556      0
557      0
558      0
559      61
560      96
561      0
562      0
563      0
564      0
565      65
566      0
567      27
568      0
569      100
570      100
571      0
572      0
573      78
574      100
575      77
576      78
577      61
578      0
579      0
580      0
581      59
582      0
583      0
584      0
585      0
586      100
587      63
588      0
589      92
590      0
591      91
592      0
593      100
594      100
595      97
596      88
597      0
598      0
599      60
600      100
601      0
602      0
603      100
604      99
605      0
606      97
607      99
608      0
609      100
610      90
611      92
612      78
613      100
614      95
615      99
616      86
617      0
618      95
619      82
620      0
621      54
622      0
623      0
624      90
625      0
626      100
627      0
628      97
629      0
630      100
631      100
632      48
633      100
634      100
635      45
636      0
637      88
638      0
639      0
640      0
641      0
642      76
643      67
644      85
645      0
646      83
647      0
648      97
649      0
650      0
651      100
652      0
653      100
654      77
655      0
656      92
657      0
658      100
659      86
660      70
661      0
662      90
663      65
664      0
665      52
666      44
667      64
668      0
669      85
670      0
671      86
672      100
673      72
674      0
675      0
676      0
677      0
678      99
679      0
680      0
681      99
682      97
683      79
684      0
685      63
686      100
687      100
688      100
689      0
690      62
691      57
692      81
693      100
694      0
695      78
696      85
697      98
698      76
699      59
700      100
701      79
702      0
703      85
704      0
705      60
706      0
707      0
708      86
709      83
710      48
711      0
712      73
713      89
714      58
715      100
716      75
717      66
718      0
719      58
720      60
721      0
722      84
723      0
724      99
725      61
726      0
727      100
728      0
729      66
730      43
731      85
732      100
733      78
734      0
735      100
736      0
737      83
738      96
739      77
740      64
741      100
742      0
743      100
744      75
745      50
746      100
747      83
748      100
749      0
750      82
751      96
752      100
753      87
754      65
755      100
756      78
757      55
758      100
759      100
760      74
761      87
762      62
763      0
764      92
765      95
766      62
767      0
768      72
769      0
770      100
771      0
772      0
773      91
774      82
775      66
776      100
777      0
778      0
779      74
780      0
781      80
782      0
783      97
784      0
785      0
786      93
787      87
788      97
789      83
790      0
791      63
792      100
793      100
794      0
795      0
796      0
797      100
798      0
799      95
800      73
801      0
802      98
803      0
804      43
805      0
806      0
807      96
808      55
809      0
810      100
811      100
812      67
813      85
814      95
815      100
816      100
817      64
818      100
819      0
820      100
821      0
822      0
823      0
824      82
825      0
826      0
827      95
828      100
829      90
830      0
831      81
832      79
833      93
834      0
835      0
836      100
837      0
838      0
839      100
840      67
841      88
842      97
843      49
844      89
845      100
846      0
847      93
848      82
849      93
850      78
851      0
852      92
853      55
854      100
855      100
856      78
857      100
858      0
859      89
860      100
861      69
862      64
863      49
864      43
865      100
866      99
867      90
868      29
869      66
870      100
871      0
872      0
873      0
874      0
875      100
876      97
877      0
878      64
879      0
880      0
881      85
882      88
883      0
884      0
885      61
886      100
887      0
888      80
889      67
890      82
891      100
892      0
893      100
894      0
895      0
896      60
897      0
898      0
899      95
900      100
901      100
902      0
903      0
904      0
905      100
906      100
907      100
908      66
909      64
910      100
911      50
912      64
913      69
914      64
915      0
916      100
917      0
918      0
919      0
920      0
921      81
922      100
923      0
924      60
925      0
926      0
927      68
928      92
929      0
930      0
931      0
932      100
933      100
934      86
935      100
936      0
937      90
938      100
939      0
940      100
941      95
942      0
943      100
944      85
945      100
946      0
947      63
948      0
949      86
950      50
951      76
952      89
953      74
954      0
955      96
956      0
957      100
958      0
959      81
960      100
961      74
962      52
963      0
964      49
965      100
966      92
967      100
968      0
969      0
970      48
971      100
972      96
973      89
974      0
975      100
976      100
977      100
978      100
979      0
980      0
981      100
982      0
983      98
984      0
985      0
986      0
987      86
988      93
989      100
990      78
991      58
992      82
993      100
994      82
995      100
996      81
997      0
998      100
999      82
       32665
