0      80
1      58
2      62
3      100
4      0
5      0
6      88
7      0
8      77
9      78
10      100
11      49
12      0
13      100
14      0
15      66
16      80
17      0
18      99
19      0
20      0
21      100
22      0
23      50
24      49
25      0
26      0
27      0
28      98
29      66
30      97
31      0
32      75
33      89
34      0
35      100
36      100
37      87
38      38
39      70
40      100
41      0
42      0
43      0
44      0
45      0
46      0
47      95
48      50
49      100
50      58
51      0
52      98
53      0
54      0
55      100
56      75
57      0
58      65
59      100
60      0
61      45
62      80
63      76
64      78
65      0
66      100
67      81
68      70
69      62
70      0
71      0
72      88
73      88
74      0
75      0
76      0
77      100
78      88
79      75
80      74
81      100
82      94
83      84
84      73
85      100
86      74
87      93
88      99
89      49
90      58
91      87
92      88
93      0
94      0
95      0
96      71
97      83
98      89
99      50
100      100
101      0
102      0
103      98
104      0
105      0
106      91
107      73
108      0
109      100
110      91
111      0
112      69
113      0
114      93
115      0
116      0
117      0
118      74
119      66
120      100
121      84
122      54
123      96
124      0
125      78
126      58
127      0
128      0
129      81
130      61
131      100
132      100
133      0
134      100
135      61
136      76
137      61
138      91
139      70
140      0
141      77
142      0
143      48
144      0
145      77
146      85
147      92
148      95
149      0
150      100
151      71
152      96
153      96
154      100
155      0
156      0
157      100
158      69
159      78
160      0
161      0
162      46
163      71
164      0
165      53
166      59
167      0
168      0
169      0
170      91
171      0
172      0
173      50
174      50
175      96
176      84
177      93
178      0
179      53
180      100
181      84
182      93
183      80
184      0
185      0
186      80
187      0
188      0
189      0
190      58
191      48
192      59
193      100
194      89
195      0
196      0
197      53
198      0
199      86
200      97
201      0
202      0
203      0
204      100
205      0
206      88
207      100
208      100
209      0
210      0
211      0
212      0
213      83
214      93
215      63
216      0
217      46
218      82
219      0
220      77
221      0
222      66
223      99
224      83
225      58
226      87
227      55
228      93
229      77
230      91
231      93
232      59
233      62
234      65
235      93
236      58
237      0
238      97
239      97
240      0
241      71
242      97
243      0
244      0
245      0
246      100
247      0
248      100
249      0
250      66
251      26
252      100
253      0
254      50
255      75
256      100
257      0
258      0
259      66
260      96
261      100
262      0
263      0
264      96
265      100
266      92
267      82
268      100
269      0
270      0
271      75
272      93
273      100
274      47
275      93
276      92
277      93
278      0
279      100
280      77
281      59
282      0
283      38
284      85
285      0
286      0
287      0
288      93
289      50
290      0
291      0
292      100
293      0
294      0
295      0
296      0
297      0
298      50
299      0
300      0
301      100
302      50
303      67
304      100
305      64
306      99
307      65
308      99
309      82
310      100
311      82
312      58
313      74
314      64
315      76
316      0
317      58
318      85
319      0
320      100
321      100
322      0
323      83
324      98
325      0
326      54
327      64
328      50
329      97
330      0
331      0
332      96
333      0
334      100
335      97
336      70
337      0
338      98
339      79
340      59
341      0
342      100
343      100
344      83
345      47
346      98
347      0
348      63
349      0
350      92
351      0
352      0
353      50
354      98
355      0
356      60
357      88
358      99
359      84
360      100
361      100
362      82
363      0
364      96
365      0
366      100
367      0
368      0
369      74
370      80
371      80
372      59
373      0
374      85
375      0
376      0
377      0
378      40
379      83
380      100
381      0
382      61
383      74
384      100
385      0
386      0
387      0
388      0
389      0
390      67
391      0
392      0
393      77
394      61
395      88
396      98
397      98
398      79
399      91
400      0
401      83
402      100
403      84
404      91
405      100
406      0
407      100
408      99
409      100
410      0
411      93
412      76
413      91
414      62
415      100
416      53
417      100
418      97
419      96
420      73
421      100
422      83
423      68
424      100
425      0
426      0
427      85
428      67
429      65
430      0
431      83
432      0
433      65
434      93
435      59
436      0
437      74
438      0
439      96
440      96
441      50
442      95
443      91
444      67
445      65
446      100
447      58
448      50
449      68
450      94
451      100
452      55
453      0
454      87
455      100
456      0
457      100
458      0
459      0
460      89
461      99
462      97
463      50
464      56
465      100
466      54
467      100
468      96
469      59
470      0
471      0
472      0
473      39
474      0
475      0
476      49
477      0
478      64
479      69
480      0
481      100
482      91
483      100
484      83
485      55
486      52
487      0
488      0
489      0
490      0
491      96
492      0
493      99
494      82
495      0
496      62
497      80
498      0
499      0
500      83
501      0
502      0
503      98
504      0
505      85
506      63
507      48
508      0
509      91
510      100
511      0
512      83
513      0
514      100
515      100
516      0
517      54
518      88
519      100
520      0
521      75
522      94
523      100
524      99
525      75
526      75
527      100
528      68
529      100
530      0
531      0
532      53
533      0
534      77
535      84
536      100
537      0
538      79
539      0
540      86
541      57
542      68
543      0
544      91
545      84
546      98
547      65
548      0
549      93
550      0
551      0
552      87
553      0
554      98
555      0
556      72
557      100
558      64
559      100
560      77
561      38
562      97
563      0
564      84
565      85
566      98
567      53
568      94
569      100
570      53
571      100
572      71
573      74
574      93
575      100
576      68
577      100
578      0
579      0
580      77
581      86
582      51
583      94
584      61
585      100
586      85
587      100
588      0
589      91
590      100
591      100
592      78
593      71
594      49
595      0
596      0
597      100
598      56
599      100
600      93
601      82
602      0
603      98
604      0
605      26
606      0
607      74
608      0
609      0
610      100
611      0
612      0
613      77
614      49
615      100
616      0
617      0
618      93
619      0
620      0
621      100
622      0
623      76
624      75
625      97
626      100
627      0
628      100
629      89
630      0
631      74
632      55
633      100
634      56
635      100
636      0
637      66
638      0
639      0
640      100
641      39
642      98
643      0
644      75
645      0
646      100
647      100
648      0
649      100
650      0
651      0
652      0
653      89
654      61
655      54
656      100
657      0
658      39
659      68
660      88
661      62
662      0
663      100
664      97
665      100
666      100
667      84
668      100
669      100
670      100
671      63
672      69
673      100
674      0
675      68
676      63
677      100
678      94
679      68
680      61
681      0
682      72
683      0
684      0
685      74
686      93
687      0
688      60
689      61
690      64
691      98
692      0
693      100
694      67
695      0
696      96
697      0
698      100
699      100
700      91
701      91
702      0
703      0
704      100
705      89
706      100
707      0
708      53
709      0
710      82
711      74
712      100
713      0
714      97
715      0
716      88
717      100
718      0
719      100
720      0
721      68
722      96
723      0
724      0
725      78
726      100
727      73
728      0
729      0
730      86
731      100
732      84
733      57
734      58
735      0
736      76
737      52
738      48
739      98
740      83
741      0
742      51
743      100
744      0
745      87
746      100
747      53
748      0
749      86
750      0
751      0
752      65
753      85
754      100
755      74
756      0
757      62
758      82
759      100
760      66
761      74
762      61
763      93
764      0
765      0
766      0
767      100
768      81
769      100
770      70
771      0
772      0
773      55
774      65
775      0
776      0
777      96
778      100
779      0
780      100
781      74
782      0
783      71
784      42
785      58
786      90
787      0
788      89
789      0
790      0
791      0
792      0
793      100
794      67
795      0
796      60
797      72
798      100
799      96
800      76
801      69
802      0
803      98
804      0
805      85
806      49
807      100
808      96
809      59
810      0
811      56
812      0
813      0
814      91
815      63
816      56
817      0
818      54
819      88
820      0
821      89
822      61
823      0
824      52
825      0
826      0
827      100
828      0
829      0
830      93
831      0
832      0
833      46
834      77
835      0
836      65
837      66
838      100
839      0
840      82
841      0
842      0
843      89
844      0
845      37
846      0
847      91
848      66
849      99
850      0
851      100
852      92
853      0
854      94
855      0
856      82
857      69
858      63
859      88
860      90
861      0
862      0
863      100
864      100
865      100
866      89
867      44
868      92
869      100
870      64
871      74
872      93
873      0
874      0
875      68
876      0
877      100
878      93
879      0
880      93
881      59
882      0
883      0
884      64
885      100
886      0
887      100
888      100
889      76
890      0
891      100
892      75
893      76
894      71
895      100
896      98
897      40
898      50
899      100
900      100
901      0
902      0
903      0
904      87
905      62
906      0
907      100
908      0
909      0
910      0
911      0
912      0
913      49
914      0
915      100
916      78
917      91
918      100
919      0
920      0
921      100
922      65
923      0
924      91
925      0
926      51
927      0
928      98
929      42
930      85
931      82
932      92
933      61
934      63
935      0
936      65
937      100
938      0
939      100
940      100
941      0
942      100
943      0
944      85
945      91
946      62
947      38
948      0
949      63
950      100
951      0
952      0
953      82
954      58
955      38
956      93
957      100
958      100
959      95
960      96
961      0
962      100
963      100
964      65
965      100
966      48
967      0
968      53
969      100
970      0
971      85
972      76
973      96
974      55
975      100
976      71
977      89
978      84
979      66
980      100
981      100
982      0
983      0
984      60
985      68
986      82
987      39
988      0
989      47
990      0
991      0
992      0
993      77
994      0
995      0
996      94
997      100
998      0
999      50
       34666.2
