0      88
1      0
2      0
3      84
4      100
5      70
6      71
7      59
8      51
9      83
10      0
11      100
12      100
13      34
14      49
15      100
16      76
17      76
18      61
19      100
20      41
21      91
22      54
23      92
24      50
25      0
26      98
27      0
28      97
29      68
30      0
31      91
32      0
33      100
34      100
35      100
36      0
37      0
38      38
39      100
40      0
41      62
42      100
43      97
44      0
45      100
46      66
47      100
48      100
49      0
50      0
51      90
52      88
53      97
54      0
55      100
56      0
57      0
58      85
59      0
60      69
61      70
62      0
63      84
64      41
65      100
66      100
67      100
68      91
69      100
70      0
71      0
72      87
73      55
74      0
75      97
76      68
77      0
78      0
79      92
80      100
81      100
82      0
83      81
84      0
85      97
86      100
87      0
88      39
89      47
90      0
91      0
92      73
93      91
94      0
95      0
96      89
97      100
98      63
99      97
100      100
101      79
102      92
103      100
104      100
105      79
106      0
107      87
108      39
109      100
110      100
111      95
112      100
113      92
114      84
115      100
116      90
117      87
118      0
119      100
120      0
121      0
122      0
123      100
124      0
125      0
126      0
127      0
128      85
129      70
130      100
131      90
132      0
133      75
134      92
135      0
136      78
137      0
138      0
139      0
140      0
141      15
142      0
143      45
144      0
145      98
146      49
147      0
148      100
149      0
150      57
151      0
152      0
153      0
154      0
155      85
156      100
157      0
158      100
159      0
160      77
161      100
162      100
163      0
164      0
165      57
166      100
167      70
168      100
169      0
170      87
171      0
172      0
173      99
174      100
175      100
176      100
177      58
178      100
179      63
180      70
181      87
182      0
183      97
184      100
185      0
186      98
187      100
188      100
189      77
190      50
191      100
192      100
193      0
194      69
195      100
196      50
197      0
198      100
199      0
200      76
201      0
202      90
203      77
204      0
205      89
206      0
207      0
208      100
209      65
210      0
211      77
212      79
213      76
214      83
215      86
216      97
217      0
218      79
219      92
220      59
221      67
222      55
223      58
224      0
225      82
226      84
227      0
228      100
229      100
230      74
231      0
232      100
233      50
234      60
235      0
236      89
237      0
238      100
239      96
240      88
241      93
242      81
243      0
244      0
245      61
246      0
247      0
248      100
249      81
250      50
251      58
252      0
253      93
254      96
255      0
256      100
257      0
258      57
259      88
260      65
261      79
262      0
263      93
264      0
265      100
266      0
267      0
268      0
269      88
270      92
271      0
272      100
273      45
274      83
275      100
276      88
277      100
278      39
279      70
280      0
281      0
282      100
283      95
284      0
285      98
286      100
287      0
288      100
289      100
290      0
291      0
292      100
293      0
294      41
295      0
296      84
297      78
298      57
299      100
300      62
301      48
302      0
303      0
304      0
305      0
306      33
307      81
308      0
309      100
310      88
311      0
312      69
313      79
314      55
315      100
316      45
317      84
318      0
319      0
320      64
321      0
322      90
323      98
324      100
325      88
326      0
327      54
328      0
329      0
330      98
331      93
332      0
333      93
334      0
335      56
336      100
337      57
338      39
339      100
340      64
341      0
342      65
343      50
344      0
345      63
346      92
347      0
348      0
349      57
350      0
351      57
352      83
353      93
354      51
355      100
356      100
357      100
358      100
359      0
360      83
361      0
362      0
363      100
364      84
365      100
366      0
367      100
368      70
369      70
370      97
371      0
372      0
373      0
374      47
375      77
376      100
377      0
378      100
379      0
380      81
381      0
382      81
383      55
384      100
385      60
386      100
387      100
388      59
389      100
390      100
391      0
392      0
393      100
394      80
395      79
396      77
397      97
398      24
399      0
400      68
401      53
402      60
403      73
404      91
405      0
406      100
407      100
408      0
409      90
410      81
411      0
412      73
413      100
414      0
415      0
416      88
417      76
418      100
419      69
420      78
421      0
422      71
423      0
424      0
425      67
426      81
427      0
428      100
429      57
430      76
431      94
432      58
433      0
434      100
435      100
436      0
437      63
438      68
439      50
440      91
441      0
442      100
443      77
444      67
445      100
446      97
447      64
448      0
449      0
450      72
451      92
452      0
453      0
454      97
455      0
456      39
457      99
458      73
459      70
460      95
461      88
462      100
463      79
464      0
465      100
466      100
467      51
468      0
469      100
470      63
471      100
472      73
473      0
474      0
475      75
476      0
477      0
478      76
479      0
480      0
481      86
482      0
483      100
484      0
485      67
486      73
487      98
488      0
489      48
490      84
491      100
492      78
493      84
494      38
495      100
496      88
497      100
498      98
499      0
       16912.3
