0      98
1      0
2      0
3      0
4      100
5      68
6      58
7      62
8      100
9      100
10      53
11      94
12      69
13      72
14      0
15      100
16      0
17      60
18      100
19      100
20      100
21      100
22      72
23      0
24      0
25      100
26      93
27      100
28      0
29      100
30      0
31      100
32      100
33      0
34      100
35      0
36      100
37      96
38      98
39      52
40      94
41      90
42      88
43      0
44      66
45      0
46      69
47      73
48      86
49      0
50      0
51      0
52      0
53      0
54      81
55      0
56      0
57      100
58      100
59      0
60      0
61      73
62      0
63      100
64      0
65      0
66      100
67      46
68      100
69      100
70      71
71      61
72      0
73      0
74      100
75      99
76      0
77      70
78      0
79      79
80      0
81      82
82      42
83      0
84      100
85      97
86      100
87      100
88      97
89      79
90      73
91      0
92      68
93      96
94      0
95      100
96      71
97      100
98      100
99      69
100      0
101      94
102      0
103      100
104      98
105      0
106      100
107      47
108      0
109      96
110      0
111      48
112      100
113      0
114      100
115      100
116      77
117      0
118      100
119      86
120      86
121      44
122      94
123      0
124      0
125      78
126      100
127      0
128      66
129      0
130      97
131      0
132      52
133      100
134      100
135      100
136      0
137      81
138      100
139      99
140      100
141      100
142      0
143      87
144      100
145      100
146      53
147      0
148      100
149      66
150      58
151      0
152      0
153      58
154      0
155      0
156      78
157      100
158      46
159      46
160      0
161      0
162      0
163      0
164      0
165      0
166      0
167      52
168      52
169      92
170      96
171      82
172      100
173      69
174      76
175      0
176      100
177      100
178      84
179      100
180      100
181      0
182      100
183      100
184      0
185      100
186      78
187      0
188      100
189      99
190      100
191      0
192      100
193      0
194      61
195      100
196      100
197      100
198      82
199      58
       7357.79
