0      0
1      71
2      55
3      100
4      100
5      75
6      100
7      100
8      0
9      80
10      100
11      65
12      0
13      100
14      41
15      0
16      89
17      100
18      0
19      51
20      0
21      71
22      97
23      100
24      0
25      96
26      0
27      61
28      100
29      99
30      0
31      99
32      0
33      0
34      82
35      73
36      100
37      100
38      99
39      98
40      64
41      0
42      0
43      87
44      0
45      0
46      0
47      0
48      0
49      100
50      81
51      0
52      100
53      100
54      0
55      46
56      0
57      0
58      78
59      97
60      0
61      0
62      0
63      0
64      70
65      85
66      100
67      0
68      0
69      100
70      79
71      87
72      100
73      0
74      100
75      89
76      100
77      0
78      88
79      75
80      93
81      0
82      0
83      90
84      53
85      95
86      73
87      100
88      100
89      55
90      0
91      0
92      100
93      91
94      87
95      100
96      100
97      0
98      0
99      0
       3186.05
