0      0
1      0
2      0
3      82
4      53
5      0
6      54
7      0
8      0
9      94
10      93
11      78
12      100
13      0
14      0
15      0
16      50
17      0
18      81
19      59
20      100
21      0
22      94
23      92
24      70
25      54
26      59
27      70
28      0
29      75
30      95
31      0
32      0
33      0
34      0
35      0
36      0
37      81
38      0
39      98
40      88
41      0
42      0
43      95
44      99
45      0
46      86
47      0
48      97
49      96
50      61
51      93
52      60
53      0
54      0
55      93
56      100
57      82
58      94
59      1
60      0
61      0
62      54
63      0
64      63
65      83
66      63
67      0
68      0
69      0
70      68
71      0
72      82
73      67
74      94
75      0
76      79
77      69
78      66
79      0
80      87
81      0
82      0
83      97
84      0
85      0
86      86
87      0
88      0
89      0
90      0
91      81
92      63
93      88
94      0
95      49
96      99
97      74
98      100
99      73
100      0
101      0
102      90
103      63
104      71
105      65
106      99
107      91
108      0
109      99
110      0
111      52
112      77
113      54
114      0
115      0
116      58
117      86
118      92
119      0
120      0
121      0
122      96
123      99
124      86
125      84
126      88
127      100
128      0
129      0
130      47
131      82
132      0
133      50
134      70
135      0
136      52
137      92
138      0
139      53
140      66
141      63
142      100
143      83
144      62
145      91
146      99
147      0
148      0
149      0
150      0
151      0
152      93
153      64
154      57
155      0
156      75
157      92
158      86
159      0
160      0
161      65
162      52
163      60
164      95
165      100
166      89
167      0
168      0
169      97
170      100
171      84
172      81
173      0
174      0
175      0
176      0
177      0
178      81
179      95
180      0
181      98
182      67
183      61
184      93
185      61
186      96
187      0
188      0
189      0
190      0
191      72
192      66
193      0
194      61
195      0
196      83
197      95
198      61
199      0
200      68
201      0
202      79
203      0
204      89
205      48
206      77
207      52
208      76
209      50
210      58
211      68
212      72
213      74
214      82
215      59
216      0
217      0
218      94
219      99
220      66
221      0
222      95
223      0
224      0
225      60
226      53
227      80
228      69
229      58
230      63
231      0
232      75
233      50
234      63
235      67
236      0
237      88
238      87
239      88
240      94
241      55
242      0
243      0
244      59
245      0
246      0
247      0
248      95
249      100
250      76
251      90
252      98
253      58
254      92
255      0
256      0
257      97
258      100
259      98
260      0
261      100
262      94
263      63
264      0
265      96
266      0
267      100
268      87
269      0
270      0
271      98
272      0
273      57
274      87
275      0
276      0
277      0
278      72
279      90
280      89
281      0
282      0
283      61
284      81
285      0
286      0
287      30
288      51
289      0
290      44
291      95
292      50
293      0
294      0
295      87
296      0
297      85
298      51
299      0
300      78
301      96
302      45
303      65
304      0
305      87
306      65
307      54
308      95
309      93
310      75
311      0
312      0
313      81
314      65
315      93
316      0
317      0
318      0
319      85
320      67
321      63
322      0
323      62
324      0
325      0
326      82
327      63
328      0
329      63
330      0
331      0
332      79
333      96
334      88
335      98
336      0
337      83
338      85
339      83
340      99
341      0
342      100
343      100
344      67
345      0
346      51
347      0
348      74
349      44
350      0
351      59
352      100
353      62
354      48
355      48
356      68
357      96
358      85
359      0
360      67
361      100
362      86
363      88
364      95
365      0
366      91
367      99
368      74
369      66
370      77
371      65
372      0
373      0
374      80
375      0
376      0
377      87
378      67
379      0
380      49
381      97
382      0
383      77
384      82
385      59
386      70
387      0
388      74
389      99
390      93
391      95
392      0
393      0
394      0
395      75
396      99
397      75
398      0
399      76
400      71
401      80
402      86
403      0
404      0
405      80
406      98
407      96
408      80
409      98
410      0
411      70
412      0
413      88
414      73
415      90
416      81
417      0
418      92
419      0
420      68
421      85
422      0
423      83
424      65
425      49
426      0
427      0
428      91
429      81
430      0
431      83
432      0
433      0
434      52
435      61
436      0
437      91
438      96
439      72
440      0
441      0
442      66
443      0
444      91
445      96
446      48
447      94
448      0
449      90
450      73
451      98
452      0
453      0
454      84
455      60
456      0
457      96
458      80
459      0
460      80
461      63
462      68
463      91
464      0
465      0
466      97
467      0
468      79
469      0
470      85
471      0
472      99
473      0
474      62
475      94
476      83
477      0
478      0
479      88
480      0
481      0
482      89
483      69
484      96
485      99
486      93
487      0
488      89
489      88
490      100
491      69
492      83
493      62
494      77
495      93
496      99
497      100
498      79
499      0
500      0
501      0
502      93
503      0
504      0
505      0
506      0
507      0
508      56
509      93
510      59
511      93
512      0
513      49
514      85
515      100
516      94
517      86
518      54
519      53
520      0
521      0
522      95
523      79
524      63
525      0
526      66
527      99
528      58
529      0
530      0
531      91
532      49
533      81
534      97
535      0
536      0
537      90
538      0
539      48
540      88
541      0
542      56
543      87
544      0
545      97
546      92
547      99
548      85
549      0
550      49
551      0
552      0
553      97
554      0
555      97
556      100
557      95
558      0
559      86
560      0
561      75
562      100
563      100
564      54
565      87
566      0
567      80
568      72
569      0
570      94
571      58
572      0
573      0
574      77
575      77
576      76
577      50
578      0
579      61
580      98
581      70
582      95
583      47
584      89
585      78
586      69
587      0
588      0
589      42
590      50
591      0
592      52
593      81
594      81
595      88
596      61
597      0
598      96
599      53
600      85
601      0
602      97
603      52
604      73
605      95
606      88
607      0
608      77
609      99
610      82
611      0
612      73
613      56
614      0
615      0
616      86
617      86
618      57
619      56
620      0
621      94
622      0
623      91
624      99
625      0
626      0
627      0
628      81
629      0
630      64
631      0
632      0
633      0
634      67
635      62
636      98
637      93
638      80
639      95
640      0
641      98
642      89
643      97
644      91
645      0
646      61
647      0
648      93
649      77
650      87
651      76
652      86
653      0
654      97
655      78
656      75
657      86
658      100
659      97
660      0
661      0
662      94
663      77
664      76
665      0
666      86
667      99
668      75
669      47
670      0
671      94
672      54
673      0
674      95
675      98
676      99
677      0
678      62
679      0
680      62
681      58
682      0
683      51
684      0
685      0
686      77
687      76
688      50
689      93
690      0
691      85
692      0
693      56
694      92
695      59
696      0
697      62
698      83
699      0
700      0
701      44
702      0
703      100
704      0
705      47
706      84
707      91
708      0
709      53
710      0
711      0
712      93
713      0
714      0
715      0
716      100
717      0
718      0
719      0
720      97
721      76
722      99
723      62
724      0
725      0
726      68
727      100
728      79
729      99
730      79
731      0
732      59
733      99
734      86
735      0
736      65
737      93
738      0
739      46
740      92
741      91
742      61
743      81
744      94
745      73
746      67
747      81
748      96
749      0
750      85
751      97
752      92
753      82
754      90
755      93
756      79
757      67
758      100
759      98
760      0
761      0
762      99
763      99
764      82
765      50
766      0
767      0
768      80
769      99
770      0
771      96
772      0
773      95
774      99
775      99
776      77
777      71
778      75
779      65
780      88
781      0
782      91
783      75
784      0
785      0
786      81
787      0
788      58
789      98
790      78
791      92
792      88
793      67
794      71
795      49
796      96
797      81
798      73
799      0
800      66
801      0
802      96
803      77
804      40
805      46
806      85
807      0
808      98
809      100
810      53
811      0
812      94
813      97
814      0
815      66
816      99
817      85
818      63
819      53
820      88
821      92
822      94
823      0
824      83
825      96
826      80
827      78
828      0
829      49
830      48
831      60
832      53
833      89
834      52
835      0
836      45
837      72
838      59
839      92
840      44
841      74
842      64
843      83
844      74
845      94
846      51
847      0
848      72
849      0
850      86
851      100
852      85
853      49
854      0
855      52
856      0
857      0
858      0
859      63
860      79
861      0
862      71
863      49
864      53
865      0
866      0
867      79
868      68
869      98
870      68
871      77
872      97
873      0
874      0
875      0
876      90
877      0
878      0
879      57
880      49
881      51
882      0
883      76
884      57
885      81
886      0
887      87
888      94
889      80
890      0
891      100
892      99
893      94
894      0
895      100
896      0
897      92
898      50
899      0
900      100
901      91
902      0
903      88
904      0
905      51
906      0
907      0
908      0
909      53
910      0
911      51
912      52
913      100
914      54
915      85
916      0
917      0
918      0
919      100
920      52
921      90
922      0
923      0
924      0
925      77
926      100
927      64
928      0
929      65
930      0
931      95
932      98
933      89
934      0
935      92
936      95
937      66
938      67
939      0
940      0
941      0
942      100
943      78
944      0
945      46
946      91
947      0
948      0
949      77
950      56
951      0
952      0
953      82
954      52
955      84
956      0
957      0
958      95
959      0
960      65
961      100
962      0
963      50
964      60
965      47
966      88
967      98
968      94
969      0
970      96
971      67
972      99
973      76
974      46
975      69
976      88
977      0
978      0
979      78
980      0
981      68
982      68
983      56
984      0
985      0
986      100
987      99
988      80
989      0
990      0
991      0
992      84
993      0
994      0
995      91
996      80
997      0
998      84
999      0
1000      74
1001      94
1002      86
1003      98
1004      95
1005      67
1006      76
1007      84
1008      62
1009      67
1010      58
1011      66
1012      75
1013      0
1014      63
1015      55
1016      100
1017      83
1018      84
1019      95
1020      0
1021      0
1022      52
1023      0
1024      66
1025      100
1026      0
1027      0
1028      74
1029      100
1030      99
1031      66
1032      0
1033      81
1034      89
1035      71
1036      0
1037      0
1038      80
1039      95
1040      62
1041      100
1042      91
1043      84
1044      79
1045      47
1046      58
1047      0
1048      0
1049      83
1050      0
1051      0
1052      51
1053      50
1054      0
1055      0
1056      0
1057      52
1058      88
1059      0
1060      85
1061      98
1062      79
1063      70
1064      75
1065      91
1066      79
1067      0
1068      76
1069      63
1070      99
1071      93
1072      51
1073      46
1074      47
1075      77
1076      71
1077      0
1078      81
1079      93
1080      56
1081      85
1082      63
1083      93
1084      0
1085      0
1086      84
1087      0
1088      100
1089      66
1090      97
1091      0
1092      75
1093      0
1094      78
1095      72
1096      69
1097      65
1098      94
1099      58
1100      97
1101      0
1102      64
1103      0
1104      0
1105      85
1106      68
1107      50
1108      89
1109      0
1110      53
1111      97
1112      80
1113      67
1114      83
1115      61
1116      90
1117      0
1118      85
1119      72
1120      54
1121      55
1122      68
1123      88
1124      61
1125      97
1126      100
1127      78
1128      0
1129      0
1130      44
1131      0
1132      80
1133      90
1134      52
1135      0
1136      51
1137      86
1138      64
1139      72
1140      78
1141      0
1142      89
1143      0
1144      0
1145      100
1146      46
1147      0
1148      96
1149      99
1150      83
1151      88
1152      81
1153      0
1154      74
1155      89
1156      91
1157      0
1158      100
1159      99
1160      100
1161      0
1162      61
1163      97
1164      45
1165      0
1166      0
1167      94
1168      87
1169      98
1170      77
1171      85
1172      89
1173      0
1174      0
1175      75
1176      86
1177      89
1178      0
1179      62
1180      0
1181      88
1182      99
1183      0
1184      0
1185      0
1186      81
1187      48
1188      86
1189      81
1190      95
1191      0
1192      99
1193      59
1194      81
1195      79
1196      88
1197      0
1198      85
1199      65
1200      82
1201      0
1202      0
1203      66
1204      80
1205      0
1206      0
1207      0
1208      0
1209      93
1210      0
1211      74
1212      63
1213      99
1214      53
1215      97
1216      92
1217      93
1218      52
1219      100
1220      80
1221      57
1222      85
1223      0
1224      65
1225      0
1226      95
1227      88
1228      100
1229      61
1230      0
1231      0
1232      77
1233      81
1234      99
1235      0
1236      96
1237      65
1238      88
1239      0
1240      97
1241      96
1242      94
1243      80
1244      0
1245      62
1246      100
1247      0
1248      0
1249      99
1250      94
1251      67
1252      66
1253      0
1254      98
1255      94
1256      95
1257      99
1258      64
1259      68
1260      69
1261      93
1262      94
1263      74
1264      0
1265      0
1266      98
1267      0
1268      0
1269      71
1270      0
1271      96
1272      74
1273      0
1274      97
1275      94
1276      0
1277      0
1278      100
1279      0
1280      94
1281      0
1282      0
1283      96
1284      0
1285      0
1286      83
1287      81
1288      0
1289      0
1290      97
1291      0
1292      83
1293      62
1294      0
1295      96
1296      54
1297      69
1298      62
1299      0
1300      69
1301      99
1302      99
1303      0
1304      58
1305      77
1306      91
1307      0
1308      86
1309      60
1310      0
1311      48
1312      0
1313      52
1314      82
1315      0
1316      96
1317      99
1318      73
1319      85
1320      0
1321      97
1322      86
1323      62
1324      59
1325      100
1326      0
1327      97
1328      71
1329      0
1330      67
1331      0
1332      96
1333      76
1334      97
1335      49
1336      0
1337      47
1338      53
1339      89
1340      0
1341      99
1342      81
1343      98
1344      95
1345      69
1346      97
1347      0
1348      95
1349      56
1350      0
1351      63
1352      68
1353      0
1354      50
1355      100
1356      98
1357      98
1358      0
1359      72
1360      69
1361      99
1362      59
1363      94
1364      83
1365      64
1366      47
1367      60
1368      79
1369      94
1370      72
1371      0
1372      75
1373      90
1374      97
1375      64
1376      0
1377      0
1378      85
1379      0
1380      88
1381      62
1382      92
1383      75
1384      98
1385      51
1386      0
1387      67
1388      62
1389      59
1390      70
1391      0
1392      0
1393      0
1394      100
1395      72
1396      94
1397      0
1398      0
1399      77
1400      62
1401      0
1402      0
1403      96
1404      98
1405      0
1406      0
1407      50
1408      0
1409      100
1410      0
1411      0
1412      63
1413      0
1414      92
1415      79
1416      91
1417      79
1418      99
1419      70
1420      95
1421      0
1422      63
1423      0
1424      0
1425      0
1426      0
1427      54
1428      89
1429      98
1430      86
1431      89
1432      48
1433      0
1434      0
1435      0
1436      83
1437      67
1438      96
1439      0
1440      83
1441      0
1442      74
1443      0
1444      0
1445      81
1446      98
1447      93
1448      88
1449      0
1450      100
1451      0
1452      83
1453      69
1454      0
1455      0
1456      98
1457      0
1458      64
1459      94
1460      53
1461      0
1462      70
1463      0
1464      96
1465      97
1466      51
1467      0
1468      0
1469      82
1470      100
1471      85
1472      72
1473      100
1474      0
1475      47
1476      0
1477      53
1478      0
1479      0
1480      86
1481      99
1482      100
1483      0
1484      78
1485      99
1486      0
1487      0
1488      97
1489      75
1490      0
1491      51
1492      65
1493      59
1494      52
1495      83
1496      68
1497      63
1498      64
1499      0
1500      97
1501      47
1502      56
1503      63
1504      93
1505      90
1506      100
1507      99
1508      0
1509      87
1510      86
1511      86
1512      85
1513      62
1514      70
1515      98
1516      64
1517      54
1518      73
1519      0
1520      61
1521      0
1522      85
1523      96
1524      80
1525      54
1526      91
1527      58
1528      75
1529      78
1530      87
1531      52
1532      89
1533      57
1534      86
1535      100
1536      99
1537      100
1538      98
1539      92
1540      76
1541      0
1542      64
1543      66
1544      56
1545      0
1546      79
1547      68
1548      54
1549      94
1550      0
1551      0
1552      52
1553      0
1554      0
1555      67
1556      0
1557      65
1558      81
1559      96
1560      0
1561      54
1562      63
1563      64
1564      0
1565      0
1566      99
1567      0
1568      88
1569      100
1570      0
1571      0
1572      68
1573      58
1574      0
1575      99
1576      98
1577      0
1578      88
1579      0
1580      0
1581      100
1582      74
1583      62
1584      0
1585      84
1586      94
1587      94
1588      0
1589      94
1590      91
1591      54
1592      0
1593      0
1594      98
1595      94
1596      98
1597      72
1598      0
1599      85
1600      97
1601      61
1602      80
1603      0
1604      69
1605      83
1606      0
1607      0
1608      0
1609      58
1610      57
1611      0
1612      94
1613      99
1614      82
1615      0
1616      70
1617      67
1618      0
1619      95
1620      0
1621      59
1622      0
1623      97
1624      99
1625      99
1626      86
1627      71
1628      50
1629      0
1630      65
1631      49
1632      0
1633      0
1634      47
1635      74
1636      95
1637      52
1638      92
1639      88
1640      57
1641      95
1642      47
1643      58
1644      0
1645      85
1646      0
1647      77
1648      0
1649      68
1650      62
1651      54
1652      0
1653      62
1654      0
1655      0
1656      96
1657      97
1658      73
1659      94
1660      88
1661      46
1662      0
1663      0
1664      52
1665      0
1666      82
1667      0
1668      76
1669      0
1670      77
1671      93
1672      68
1673      100
1674      0
1675      59
1676      0
1677      0
1678      100
1679      98
1680      0
1681      83
1682      80
1683      0
1684      52
1685      0
1686      0
1687      0
1688      52
1689      0
1690      0
1691      99
1692      79
1693      0
1694      0
1695      0
1696      94
1697      0
1698      57
1699      89
1700      61
1701      0
1702      0
1703      54
1704      0
1705      88
1706      97
1707      0
1708      0
1709      94
1710      100
1711      96
1712      98
1713      0
1714      94
1715      0
1716      0
1717      88
1718      0
1719      83
1720      0
1721      82
1722      77
1723      80
1724      59
1725      85
1726      79
1727      87
1728      68
1729      0
1730      76
1731      98
1732      65
1733      0
1734      92
1735      0
1736      99
1737      0
1738      59
1739      0
1740      88
1741      84
1742      100
1743      0
1744      99
1745      85
1746      56
1747      98
1748      100
1749      99
1750      49
1751      74
1752      94
1753      84
1754      0
1755      63
1756      46
1757      0
1758      0
1759      0
1760      87
1761      0
1762      99
1763      92
1764      0
1765      55
1766      72
1767      100
1768      63
1769      63
1770      92
1771      87
1772      52
1773      99
1774      64
1775      0
1776      99
1777      0
1778      75
1779      81
1780      0
1781      52
1782      81
1783      74
1784      63
1785      0
1786      0
1787      75
1788      78
1789      82
1790      0
1791      99
1792      0
1793      0
1794      59
1795      65
1796      0
1797      85
1798      0
1799      93
1800      83
1801      0
1802      97
1803      94
1804      61
1805      58
1806      52
1807      0
1808      99
1809      58
1810      99
1811      76
1812      64
1813      0
1814      87
1815      56
1816      0
1817      0
1818      0
1819      77
1820      86
1821      81
1822      58
1823      0
1824      0
1825      84
1826      79
1827      0
1828      96
1829      0
1830      73
1831      0
1832      50
1833      50
1834      0
1835      98
1836      0
1837      0
1838      98
1839      61
1840      90
1841      95
1842      0
1843      68
1844      79
1845      99
1846      77
1847      0
1848      0
1849      93
1850      0
1851      66
1852      0
1853      90
1854      90
1855      91
1856      100
1857      63
1858      0
1859      0
1860      0
1861      53
1862      0
1863      79
1864      0
1865      53
1866      70
1867      0
1868      100
1869      65
1870      0
1871      97
1872      0
1873      0
1874      86
1875      74
1876      44
1877      75
1878      93
1879      0
1880      57
1881      77
1882      0
1883      80
1884      0
1885      0
1886      100
1887      47
1888      0
1889      62
1890      0
1891      88
1892      0
1893      51
1894      0
1895      77
1896      0
1897      100
1898      100
1899      0
1900      79
1901      0
1902      94
1903      83
1904      81
1905      0
1906      0
1907      64
1908      72
1909      49
1910      65
1911      91
1912      0
1913      95
1914      0
1915      71
1916      82
1917      0
1918      77
1919      70
1920      0
1921      0
1922      67
1923      0
1924      91
1925      79
1926      99
1927      74
1928      75
1929      79
1930      62
1931      59
1932      70
1933      100
1934      99
1935      65
1936      85
1937      0
1938      71
1939      72
1940      72
1941      0
1942      0
1943      94
1944      97
1945      0
1946      0
1947      70
1948      55
1949      88
1950      79
1951      99
1952      98
1953      92
1954      51
1955      64
1956      84
1957      92
1958      88
1959      83
1960      0
1961      100
1962      93
1963      17
1964      51
1965      84
1966      0
1967      98
1968      0
1969      50
1970      77
1971      87
1972      53
1973      52
1974      93
1975      92
1976      0
1977      52
1978      0
1979      95
1980      0
1981      66
1982      78
1983      0
1984      0
1985      0
1986      53
1987      0
1988      98
1989      45
1990      94
1991      0
1992      0
1993      77
1994      0
1995      57
1996      0
1997      65
1998      99
1999      99
2000      99
2001      86
2002      83
2003      83
2004      50
2005      0
2006      0
2007      93
2008      71
2009      0
2010      71
2011      90
2012      95
2013      73
2014      96
2015      47
2016      51
2017      91
2018      83
2019      71
2020      76
2021      0
2022      0
2023      0
2024      0
2025      74
2026      0
2027      86
2028      62
2029      97
2030      0
2031      50
2032      79
2033      0
2034      56
2035      95
2036      96
2037      40
2038      0
2039      0
2040      98
2041      70
2042      0
2043      96
2044      71
2045      0
2046      0
2047      0
2048      62
2049      93
2050      100
2051      0
2052      58
2053      73
2054      0
2055      0
2056      72
2057      69
2058      91
2059      0
2060      0
2061      55
2062      0
2063      84
2064      0
2065      81
2066      51
2067      88
2068      80
2069      96
2070      0
2071      76
2072      48
2073      87
2074      86
2075      0
2076      56
2077      99
2078      47
2079      99
2080      47
2081      77
2082      98
2083      100
2084      65
2085      53
2086      92
2087      0
2088      0
2089      97
2090      62
2091      0
2092      0
2093      98
2094      0
2095      97
2096      95
2097      0
2098      86
2099      100
2100      47
2101      59
2102      0
2103      0
2104      95
2105      51
2106      84
2107      91
2108      98
2109      99
2110      91
2111      0
2112      55
2113      57
2114      49
2115      98
2116      87
2117      97
2118      93
2119      0
2120      0
2121      0
2122      91
2123      0
2124      43
2125      0
2126      98
2127      91
2128      0
2129      94
2130      67
2131      0
2132      0
2133      0
2134      59
2135      97
2136      77
2137      67
2138      53
2139      67
2140      56
2141      92
2142      76
2143      0
2144      81
2145      98
2146      0
2147      56
2148      62
2149      79
2150      75
2151      77
2152      63
2153      0
2154      90
2155      46
2156      51
2157      88
2158      86
2159      0
2160      100
2161      91
2162      85
2163      0
2164      100
2165      88
2166      74
2167      83
2168      82
2169      74
2170      94
2171      62
2172      0
2173      0
2174      0
2175      50
2176      0
2177      0
2178      0
2179      0
2180      80
2181      0
2182      62
2183      0
2184      61
2185      0
2186      81
2187      81
2188      59
2189      0
2190      0
2191      53
2192      0
2193      91
2194      0
2195      0
2196      0
2197      64
2198      60
2199      100
2200      0
2201      0
2202      64
2203      0
2204      80
2205      59
2206      99
2207      98
2208      87
2209      86
2210      65
2211      66
2212      0
2213      73
2214      0
2215      87
2216      58
2217      57
2218      62
2219      81
2220      0
2221      62
2222      60
2223      0
2224      98
2225      52
2226      62
2227      47
2228      0
2229      88
2230      58
2231      0
2232      92
2233      96
2234      0
2235      92
2236      88
2237      0
2238      0
2239      0
2240      95
2241      98
2242      61
2243      85
2244      79
2245      96
2246      0
2247      62
2248      53
2249      0
2250      99
2251      0
2252      100
2253      66
2254      0
2255      100
2256      84
2257      58
2258      74
2259      77
2260      75
2261      51
2262      58
2263      0
2264      99
2265      54
2266      72
2267      84
2268      63
2269      0
2270      93
2271      61
2272      99
2273      81
2274      0
2275      0
2276      92
2277      0
2278      85
2279      0
2280      0
2281      93
2282      0
2283      0
2284      85
2285      96
2286      96
2287      0
2288      47
2289      71
2290      0
2291      86
2292      0
2293      89
2294      62
2295      0
2296      0
2297      70
2298      0
2299      99
2300      85
2301      48
2302      0
2303      91
2304      68
2305      0
2306      94
2307      59
2308      0
2309      100
2310      54
2311      86
2312      0
2313      59
2314      47
2315      0
2316      68
2317      0
2318      49
2319      72
2320      0
2321      0
2322      0
2323      85
2324      69
2325      86
2326      62
2327      0
2328      0
2329      56
2330      0
2331      0
2332      82
2333      85
2334      99
2335      77
2336      0
2337      0
2338      65
2339      83
2340      0
2341      79
2342      70
2343      55
2344      98
2345      0
2346      0
2347      87
2348      0
2349      83
2350      75
2351      0
2352      95
2353      100
2354      0
2355      74
2356      94
2357      99
2358      81
2359      47
2360      65
2361      0
2362      0
2363      65
2364      51
2365      98
2366      0
2367      0
2368      0
2369      0
2370      0
2371      70
2372      60
2373      58
2374      98
2375      89
2376      90
2377      90
2378      0
2379      99
2380      100
2381      0
2382      77
2383      66
2384      81
2385      75
2386      0
2387      98
2388      0
2389      68
2390      100
2391      0
2392      80
2393      52
2394      0
2395      93
2396      100
2397      77
2398      84
2399      58
2400      0
2401      62
2402      53
2403      80
2404      89
2405      93
2406      66
2407      0
2408      0
2409      81
2410      94
2411      47
2412      0
2413      0
2414      52
2415      0
2416      0
2417      0
2418      0
2419      72
2420      55
2421      77
2422      64
2423      0
2424      64
2425      100
2426      75
2427      0
2428      71
2429      52
2430      46
2431      65
2432      91
2433      0
2434      0
2435      0
2436      76
2437      0
2438      0
2439      61
2440      0
2441      0
2442      77
2443      75
2444      0
2445      54
2446      56
2447      95
2448      54
2449      65
2450      0
2451      94
2452      0
2453      97
2454      0
2455      96
2456      0
2457      49
2458      69
2459      88
2460      95
2461      58
2462      64
2463      94
2464      0
2465      70
2466      79
2467      72
2468      95
2469      99
2470      0
2471      0
2472      67
2473      49
2474      74
2475      97
2476      52
2477      45
2478      0
2479      0
2480      0
2481      0
2482      97
2483      0
2484      96
2485      88
2486      63
2487      78
2488      99
2489      50
2490      80
2491      77
2492      96
2493      83
2494      81
2495      72
2496      58
2497      61
2498      0
2499      0
       83999.8
