0      0
1      0
2      100
3      100
4      100
5      0
6      0
7      81
8      75
9      0
10      100
11      0
12      75
13      100
14      0
15      57
16      72
17      0
18      100
19      100
20      100
21      100
22      100
23      0
24      54
25      69
26      0
27      100
28      100
29      0
30      100
31      100
32      0
33      55
34      48
35      43
36      100
37      91
38      70
39      100
40      0
41      100
42      66
43      70
44      0
45      100
46      0
47      0
48      58
49      58
50      0
51      0
52      61
53      61
54      87
55      69
56      0
57      75
58      0
59      0
60      100
61      100
62      100
63      0
64      0
65      69
66      0
67      100
68      0
69      43
70      37
71      0
72      36
73      0
74      93
75      98
76      100
77      0
78      100
79      98
80      61
81      100
82      100
83      98
84      0
85      100
86      79
87      61
88      100
89      100
90      36
91      96
92      95
93      100
94      88
95      72
96      0
97      73
98      0
99      100
100      0
101      100
102      0
103      0
104      92
105      52
106      0
107      64
108      0
109      0
110      0
111      84
112      100
113      0
114      64
115      54
116      96
117      46
118      0
119      98
120      76
121      66
122      61
123      73
124      0
125      0
126      75
127      95
128      100
129      91
130      98
131      94
132      0
133      64
134      71
135      100
136      100
137      82
138      91
139      100
140      100
141      67
142      75
143      0
144      100
145      100
146      100
147      99
148      91
149      76
150      0
151      0
152      0
153      0
154      63
155      100
156      100
157      100
158      100
159      81
160      0
161      0
162      65
163      54
164      77
165      100
166      0
167      60
168      54
169      94
170      100
171      0
172      77
173      100
174      0
175      100
176      90
177      0
178      83
179      0
180      96
181      92
182      0
183      0
184      0
185      100
186      53
187      82
188      100
189      100
190      0
191      100
192      57
193      100
194      43
195      68
196      100
197      0
198      100
199      66
       6512.05
