0      0
1      100
2      71
3      0
4      0
5      100
6      0
7      0
8      84
9      29
10      87
11      0
12      62
13      100
14      83
15      52
16      100
17      100
18      0
19      0
20      100
21      0
22      100
23      62
24      59
25      80
26      75
27      100
28      58
29      59
30      80
31      0
32      62
33      86
34      0
35      100
36      40
37      73
38      0
39      78
40      0
41      0
42      52
43      100
44      64
45      97
46      0
47      0
48      100
49      100
50      0
51      92
52      0
53      100
54      72
55      100
56      35
57      100
58      54
59      100
60      58
61      0
62      42
63      69
64      0
65      100
66      84
67      99
68      100
69      96
70      100
71      100
72      0
73      44
74      66
75      0
76      0
77      100
78      0
79      0
80      79
81      0
82      97
83      100
84      0
85      0
86      0
87      100
88      71
89      80
90      77
91      100
92      59
93      66
94      0
95      100
96      0
97      100
98      0
99      75
       3309.63
