0      79
1      100
2      60
3      100
4      0
5      0
6      100
7      97
8      65
9      98
10      96
11      0
12      92
13      83
14      0
15      0
16      0
17      0
18      0
19      63
20      0
21      66
22      0
23      45
24      0
25      94
26      75
27      79
28      77
29      68
30      99
31      48
32      100
33      100
34      65
35      51
36      0
37      100
38      66
39      0
40      100
41      96
42      100
43      78
44      56
45      100
46      0
47      76
48      100
49      100
50      100
51      100
52      62
53      95
54      0
55      31
56      100
57      78
58      0
59      82
60      86
61      75
62      100
63      0
64      85
65      77
66      94
67      0
68      100
69      0
70      100
71      46
72      78
73      100
74      100
75      0
76      59
77      53
78      0
79      0
80      0
81      65
82      0
83      0
84      89
85      0
86      98
87      100
88      0
89      0
90      100
91      0
92      100
93      0
94      100
95      58
96      95
97      0
98      100
99      69
100      0
101      0
102      100
103      100
104      100
105      0
106      0
107      80
108      75
109      0
110      96
111      0
112      75
113      0
114      0
115      50
116      67
117      0
118      96
119      100
120      100
121      100
122      96
123      0
124      49
125      67
126      0
127      100
128      100
129      0
130      100
131      100
132      0
133      51
134      46
135      42
136      100
137      89
138      67
139      100
140      0
141      100
142      67
143      72
144      0
145      100
146      100
147      0
148      60
149      59
150      0
151      0
152      60
153      62
154      82
155      68
156      0
157      76
158      0
159      0
160      100
161      100
162      100
163      0
164      0
165      66
166      0
167      98
168      0
169      44
170      30
171      0
172      42
173      0
174      86
175      92
176      100
177      0
178      100
179      94
180      61
181      100
182      100
183      97
184      0
185      100
186      79
187      59
188      100
189      100
190      41
191      89
192      91
193      100
194      85
195      69
196      0
197      74
198      0
199      97
200      0
201      100
202      0
203      0
204      86
205      53
206      0
207      56
208      0
209      0
210      0
211      83
212      100
213      0
214      65
215      55
216      94
217      0
218      0
219      93
220      75
221      65
222      58
223      72
224      0
225      0
226      74
227      91
228      100
229      87
230      91
231      88
232      0
233      63
234      67
235      96
236      100
237      79
238      89
239      100
240      97
241      61
242      75
243      0
244      100
245      100
246      100
247      99
248      57
249      72
250      0
251      0
252      0
253      0
254      62
255      100
256      100
257      100
258      99
259      79
260      0
261      0
262      61
263      55
264      77
265      100
266      0
267      55
268      50
269      94
270      100
271      0
272      75
273      100
274      0
275      97
276      0
277      0
278      80
279      0
280      94
281      84
282      0
283      0
284      0
285      100
286      48
287      82
288      100
289      97
290      0
291      100
292      56
293      100
294      44
295      66
296      100
297      0
298      97
299      58
300      51
301      0
302      79
303      64
304      100
305      100
306      98
307      100
308      100
309      0
310      0
311      0
312      89
313      0
314      100
315      85
316      0
317      0
318      100
319      0
320      100
321      85
322      91
323      100
324      72
325      100
326      0
327      76
328      0
329      0
330      100
331      82
332      100
333      58
334      0
335      0
336      58
337      79
338      0
339      100
340      100
341      0
342      0
343      100
344      0
345      0
346      0
347      51
348      76
349      100
350      100
351      49
352      73
353      0
354      100
355      0
356      77
357      86
358      0
359      98
360      78
361      0
362      0
363      68
364      95
365      0
366      0
367      0
368      100
369      0
370      0
371      55
372      63
373      53
374      72
375      81
376      43
377      100
378      100
379      100
380      0
381      0
382      0
383      98
384      0
385      0
386      0
387      100
388      100
389      100
390      91
391      97
392      99
393      77
394      35
395      72
396      61
397      47
398      0
399      0
400      0
401      100
402      68
403      55
404      84
405      0
406      0
407      91
408      96
409      84
410      0
411      87
412      93
413      0
414      0
415      0
416      100
417      99
418      0
419      56
420      76
421      0
422      0
423      100
424      0
425      72
426      0
427      0
428      0
429      100
430      0
431      100
432      100
433      98
434      100
435      66
436      82
437      95
438      96
439      71
440      56
441      100
442      100
443      82
444      100
445      89
446      95
447      89
448      0
449      90
450      0
451      60
452      0
453      100
454      100
455      100
456      0
457      88
458      0
459      94
460      71
461      71
462      100
463      0
464      0
465      71
466      57
467      73
468      0
469      63
470      72
471      0
472      100
473      100
474      100
475      100
476      89
477      85
478      0
479      97
480      66
481      100
482      0
483      72
484      100
485      0
486      0
487      83
488      100
489      100
490      82
491      0
492      72
493      65
494      0
495      100
496      100
497      100
498      85
499      0
       16264.1
