0      100
1      100
2      60
3      100
4      100
5      0
6      0
7      0
8      90
9      0
10      90
11      49
12      100
13      0
14      100
15      94
16      0
17      79
18      100
19      80
20      0
21      0
22      84
23      100
24      0
25      0
26      0
27      66
28      0
29      99
30      0
31      66
32      0
33      0
34      100
35      0
36      100
37      0
38      82
39      0
40      53
41      0
42      100
43      0
44      0
45      0
46      86
47      100
48      83
49      0
50      0
51      100
52      86
53      100
54      100
55      100
56      100
57      53
58      65
59      32
60      68
61      99
62      75
63      65
64      0
65      100
66      94
67      100
68      75
69      0
70      76
71      100
72      100
73      76
74      100
75      97
76      100
77      71
78      44
79      0
80      96
81      100
82      80
83      71
84      0
85      92
86      100
87      84
88      100
89      82
90      0
91      100
92      0
93      82
94      84
95      65
96      83
97      89
98      91
99      0
100      0
101      0
102      65
103      0
104      100
105      87
106      0
107      0
108      66
109      76
110      100
111      94
112      0
113      93
114      100
115      100
116      65
117      0
118      94
119      76
120      100
121      61
122      65
123      100
124      78
125      96
126      64
127      86
128      99
129      84
130      100
131      0
132      100
133      79
134      0
135      100
136      100
137      73
138      100
139      100
140      94
141      100
142      51
143      49
144      0
145      0
146      0
147      63
148      86
149      0
150      0
151      56
152      0
153      96
154      99
155      45
156      100
157      100
158      100
159      64
160      100
161      100
162      0
163      100
164      61
165      100
166      0
167      73
168      0
169      0
170      0
171      0
172      63
173      0
174      52
175      0
176      99
177      100
178      53
179      100
180      0
181      90
182      82
183      100
184      90
185      45
186      92
187      85
188      100
189      100
190      0
191      0
192      66
193      100
194      99
195      0
196      100
197      0
198      0
199      0
       6990.68
