0      100
1      100
2      68
3      99
4      84
5      100
6      77
7      47
8      100
9      100
10      0
11      100
12      84
13      71
14      67
15      53
16      50
17      100
18      100
19      50
20      61
21      100
22      83
23      0
24      97
25      52
26      66
27      100
28      0
29      71
30      100
31      96
32      0
33      31
34      100
35      61
36      58
37      0
38      100
39      0
40      0
41      0
42      0
43      38
44      0
45      71
46      0
47      94
48      0
49      100
50      61
51      83
52      74
53      65
54      93
55      0
56      0
57      65
58      99
59      83
60      0
61      100
62      73
63      0
64      0
65      100
66      0
67      100
68      81
69      100
70      95
71      61
72      83
73      0
74      100
75      0
76      100
77      36
78      96
79      0
80      92
81      90
82      99
83      58
84      100
85      93
86      100
87      0
88      0
89      73
90      83
91      67
92      78
93      94
94      61
95      0
96      61
97      95
98      0
99      100
100      100
101      41
102      97
103      91
104      99
105      87
106      31
107      52
108      77
109      0
110      0
111      0
112      82
113      79
114      0
115      100
116      0
117      0
118      74
119      0
120      99
121      57
122      48
123      100
124      0
125      100
126      73
127      100
128      92
129      100
130      95
131      0
132      100
133      64
134      0
135      61
136      48
137      57
138      0
139      0
140      77
141      100
142      67
143      85
144      0
145      100
146      68
147      0
148      0
149      52
150      59
151      72
152      92
153      84
154      0
155      0
156      100
157      0
158      0
159      0
160      100
161      0
162      100
163      100
164      0
165      94
166      100
167      0
168      100
169      0
170      100
171      0
172      0
173      0
174      97
175      100
176      68
177      0
178      92
179      100
180      49
181      100
182      0
183      100
184      94
185      97
186      0
187      0
188      0
189      61
190      78
191      49
192      0
193      54
194      100
195      100
196      55
197      0
198      65
199      0
200      68
201      0
202      100
203      97
204      100
205      46
206      45
207      0
208      0
209      94
210      0
211      100
212      100
213      100
214      100
215      90
216      85
217      80
218      85
219      92
220      100
221      100
222      45
223      100
224      69
225      59
226      0
227      99
228      100
229      94
230      0
231      0
232      0
233      0
234      92
235      58
236      44
237      100
238      100
239      87
240      37
241      0
242      76
243      68
244      100
245      0
246      97
247      76
248      100
249      0
250      61
251      0
252      99
253      99
254      94
255      99
256      16
257      78
258      99
259      100
260      0
261      77
262      90
263      100
264      100
265      79
266      79
267      99
268      0
269      0
270      79
271      99
272      100
273      0
274      42
275      41
276      0
277      76
278      100
279      76
280      0
281      57
282      0
283      81
284      0
285      0
286      54
287      0
288      82
289      68
290      100
291      61
292      80
293      100
294      87
295      99
296      62
297      100
298      0
299      86
300      82
301      0
302      67
303      0
304      100
305      100
306      96
307      88
308      0
309      100
310      99
311      86
312      0
313      88
314      80
315      0
316      100
317      0
318      0
319      0
320      100
321      0
322      0
323      0
324      91
325      0
326      100
327      0
328      87
329      80
330      95
331      0
332      99
333      100
334      68
335      55
336      0
337      0
338      0
339      99
340      100
341      85
342      100
343      0
344      45
345      0
346      0
347      69
348      0
349      71
350      100
351      100
352      80
353      0
354      0
355      100
356      100
357      73
358      0
359      100
360      66
361      0
362      100
363      0
364      91
365      0
366      0
367      0
368      0
369      100
370      0
371      73
372      77
373      0
374      58
375      92
376      0
377      0
378      57
379      96
380      100
381      67
382      45
383      0
384      0
385      58
386      63
387      0
388      100
389      66
390      0
391      100
392      48
393      81
394      100
395      57
396      63
397      100
398      70
399      0
400      0
401      79
402      82
403      0
404      0
405      82
406      0
407      0
408      100
409      0
410      0
411      65
412      0
413      0
414      0
415      0
416      48
417      0
418      41
419      100
420      72
421      37
422      0
423      49
424      100
425      94
426      0
427      0
428      80
429      79
430      92
431      0
432      100
433      62
434      99
435      74
436      58
437      0
438      99
439      0
440      0
441      84
442      0
443      0
444      99
445      58
446      100
447      94
448      100
449      0
450      49
451      100
452      100
453      81
454      98
455      100
456      74
457      99
458      90
459      68
460      67
461      100
462      100
463      74
464      77
465      0
466      100
467      100
468      0
469      100
470      55
471      100
472      100
473      0
474      0
475      100
476      0
477      82
478      100
479      0
480      45
481      0
482      100
483      64
484      61
485      55
486      0
487      0
488      0
489      0
490      100
491      94
492      0
493      0
494      56
495      0
496      100
497      97
498      94
499      100
       17301.3
