0      100
1      0
2      42
3      90
4      100
5      100
6      62
7      0
8      86
9      0
10      85
11      63
12      71
13      0
14      90
15      88
16      95
17      0
18      86
19      0
20      84
21      100
22      0
23      82
24      0
25      100
26      100
27      88
28      100
29      92
30      100
31      50
32      0
33      0
34      62
35      76
36      0
37      0
38      46
39      100
40      0
41      100
42      100
43      62
44      0
45      52
46      0
47      100
48      48
49      60
       1732.65
