0      0
1      89
2      0
3      100
4      96
5      0
6      0
7      42
8      0
9      92
10      0
11      44
12      100
13      0
14      100
15      100
16      66
17      0
18      100
19      0
20      85
21      42
22      96
23      0
24      0
25      72
26      0
27      0
28      62
29      0
30      91
31      0
32      47
33      100
34      100
35      97
36      0
37      81
38      100
39      96
40      100
41      100
42      0
43      87
44      100
45      100
46      49
47      0
48      100
49      57
       1793.11
