0      77
1      100
2      75
3      100
4      95
5      0
6      82
7      0
8      0
9      0
10      41
11      63
12      100
13      0
14      0
15      0
16      0
17      0
18      81
19      86
20      94
21      0
22      50
23      100
24      0
25      0
26      98
27      100
28      0
29      100
30      98
31      75
32      41
33      0
34      66
35      0
36      99
37      100
38      50
39      100
40      100
41      85
42      0
43      0
44      100
45      100
46      100
47      100
48      100
49      0
       1620.51
