0      0
1      68
2      63
3      100
4      0
5      92
6      47
7      0
8      56
9      72
10      0
11      84
12      0
13      100
14      0
15      51
16      95
17      0
18      0
19      100
20      58
21      0
22      100
23      100
24      98
25      0
26      87
27      0
28      1
29      0
30      89
31      0
32      100
33      100
34      0
35      0
36      0
37      100
38      0
39      72
40      74
41      81
42      72
43      80
44      100
45      89
46      100
47      100
48      94
49      100
       1655.35
