0      0
1      100
2      73
3      0
4      100
5      100
6      0
7      0
8      85
9      28
10      90
11      0
12      63
13      100
14      83
15      55
16      100
17      100
18      0
19      0
20      100
21      0
22      100
23      62
24      60
25      80
26      74
27      100
28      56
29      60
30      79
31      0
32      62
33      85
34      0
35      100
36      37
37      75
38      0
39      83
40      0
41      0
42      53
43      100
44      65
45      100
46      0
47      0
48      100
49      100
       1693.03
