nlkp_i_200_3
200  100.000000  2690.000000
0.166839
0.188894
0.123989
0.145143
0.180485
0.175548
0.114524
0.177552
0.118306
0.114627
0.130046
0.169073
0.187925
0.167936
0.128407
0.170929
0.106381
0.158360
0.186256
0.158528
0.163038
0.181639
0.146559
0.191519
0.108479
0.111102
0.103770
0.134555
0.137299
0.125801
0.137523
0.131355
0.199642
0.137272
0.115369
0.109003
0.126001
0.156221
0.121921
0.158802
0.146896
0.183486
0.119928
0.154298
0.165945
0.132446
0.128180
0.150700
0.127091
0.172855
0.173244
0.122322
0.180452
0.174424
0.104889
0.172442
0.115283
0.116243
0.118346
0.120499
0.188477
0.129506
0.194092
0.144675
0.155313
0.179975
0.129387
0.167603
0.171672
0.130905
0.142551
0.144139
0.150396
0.102479
0.138578
0.157944
0.141033
0.178285
0.112260
0.159051
0.179562
0.170709
0.145226
0.149178
0.175991
0.135125
0.185674
0.188188
0.185393
0.110647
0.125856
0.170291
0.196548
0.189370
0.149276
0.105848
0.136799
0.156627
0.126302
0.160880
0.118067
0.177666
0.165687
0.144288
0.196862
0.167304
0.122478
0.120044
0.108317
0.180652
0.168488
0.142354
0.150704
0.155322
0.151137
0.195860
0.158964
0.186323
0.108460
0.158923
0.196141
0.143825
0.142823
0.101565
0.105905
0.195780
0.199958
0.177578
0.106997
0.182956
0.160563
0.126909
0.162197
0.103724
0.161941
0.122806
0.145547
0.168645
0.102009
0.126167
0.129332
0.170012
0.137957
0.183435
0.174873
0.124554
0.159705
0.199612
0.192033
0.134245
0.172277
0.111834
0.166841
0.133050
0.122537
0.108462
0.169056
0.164161
0.153893
0.168654
0.114083
0.181054
0.117814
0.111997
0.137007
0.153776
0.182973
0.173453
0.116996
0.173003
0.137589
0.192567
0.162834
0.146825
0.118391
0.163802
0.108043
0.194380
0.181156
0.183390
0.127149
0.180305
0.132274
0.143207
0.115888
0.197382
0.189543
0.180462
0.148458
0.149683
0.175066
0.134931
0.110778
0.161933
0.169121
0.181151
0.153569
0.135335
0.159146
0.163158
86.206151
44.261830
3.077206
36.225716
86.466744
89.413067
45.120468
3.024894
52.745011
44.658647
35.805231
89.779986
8.810452
56.854023
90.986791
63.792500
91.078548
98.491362
13.775874
22.028024
91.968853
25.114055
68.169911
52.593547
41.073424
11.506064
85.261648
15.706841
37.543763
98.970548
99.331678
25.009138
93.647649
21.787836
17.022262
43.161828
8.043659
23.445078
8.435395
74.592788
82.704068
49.578695
95.494995
90.470628
9.698638
38.409979
40.353291
85.379864
91.492410
23.983317
30.588338
5.299504
0.383606
99.359229
17.152996
61.680055
21.696189
51.894905
16.702166
21.175546
83.452304
44.710680
13.635558
0.513674
15.225264
74.589577
29.803040
51.763481
32.283505
37.132231
18.357326
72.487459
29.618764
38.499563
37.416384
26.427182
46.562887
37.297732
64.149274
79.351020
70.790626
6.216160
15.197430
58.085026
75.940773
79.582222
31.534568
72.688734
97.603853
58.214647
85.285215
64.447940
18.350311
22.679310
93.438168
38.202486
94.543697
76.385288
50.634945
76.845552
67.824843
54.624750
83.923224
44.512120
55.526274
41.990619
75.708279
63.084029
17.442833
27.308198
87.565176
40.256795
78.476273
54.893325
80.878738
61.960855
20.384039
51.638046
91.061892
45.082220
37.411700
49.784857
18.585397
24.828804
28.351814
42.675611
97.409298
8.383564
30.311662
0.136465
51.623957
22.036404
12.609571
82.435680
31.614621
99.003792
30.044432
67.874117
46.728992
58.620125
72.477540
5.130410
60.326307
71.943692
25.264377
59.613280
5.105601
81.564821
44.139769
73.601079
64.903784
29.665299
79.332332
94.525408
18.762313
33.794064
69.899380
36.397213
43.703092
70.266166
95.881739
75.883477
83.558586
56.946850
32.459886
18.479325
6.283621
96.196816
64.965164
81.701992
22.413509
70.542689
26.612211
99.691445
21.471677
71.429849
77.653267
8.581666
94.588970
51.378648
94.432931
27.519492
69.757556
53.311505
63.563343
19.752645
47.207878
68.607412
92.977715
21.204203
65.150044
46.836643
50.596820
93.016272
72.138334
38.074863
88.517238
46.991104
28.252223
81.343610
24.124306
1.938667
67.545656
85.491084
79.071379
55.992970
72.862707
17.338993
6.407977
18.762514
4.253668
76.729689
53.572739
6.000164
85.184756
10.477351
59.350091
20.803339
87.000116
93.264812
76.406444
43.062316
22.138493
44.360960
71.505555
92.200099
98.720584
2.607724
57.155205
84.016564
83.292465
84.439912
76.010327
74.195912
28.358606
25.537606
55.698271
62.991207
43.599327
12.709750
31.659145
46.324095
11.877940
75.068596
78.193654
83.886704
99.919620
81.929310
95.900037
16.339688
21.298704
36.201315
93.622468
95.842141
97.996019
63.744848
30.386225
72.159575
98.570700
65.331106
83.477492
62.512679
36.301683
75.620055
24.466307
1.163444
33.859537
4.418496
1.224870
20.043440
29.988589
2.336330
8.783593
86.038064
68.552696
89.150113
47.259409
0.805733
43.693157
79.099251
62.561213
82.702727
6.125289
9.564947
37.090977
75.797990
35.526221
44.193409
51.912731
32.752156
76.497314
67.469359
12.232732
44.256924
10.655985
68.384090
10.993305
74.482181
90.942145
38.317707
89.502037
23.063026
75.628969
1.797894
56.498883
54.791509
66.834116
10.431347
58.243436
12.555132
74.195181
41.037149
60.882832
87.321249
50.098577
53.171791
52.406695
42.602133
46.789724
47.429208
12.712944
79.078518
12.152645
13.631285
76.023268
16.693149
52.788808
69.493252
87.327000
84.756485
42.328444
28.250611
34.998171
89.716460
79.217024
4.369375
32.573922
60.415055
87.130993
2.400001
67.931469
37.385239
13.209537
83.563897
5.976144
56.698112
99.668147
77.999747
82.884864
23.937051
30.185083
43.979787
20.065191
20.338453
1.648121
57.744077
16.597807
94.977069
92.654370
75.393121
35.231632
51.446341
26.167910
94.707012
51.873096
95.969995
1.302839
86.413531
2.761918
14.253148
24.715439
4.948026
96.873184
42.086705
28.796149
26.174856
76.380081
39.672783
99.568488
47.378393
66.865370
4.180376
3.601829
38.654988
27.215503
47.086555
80.508449
32.234772
67.071711
99.232743
91.205684
51.536840
98.264896
40.056802
74.219335
21.957430
80.328608
5.632483
46.440388
53.976381
-6.882734
-91.092071
-49.164251
-64.005438
-95.940913
-77.143351
-1.525768
-6.882604
-88.452099
-21.416962
-54.471178
-33.580875
-93.781137
-43.514055
-66.886570
-1.118720
-71.272049
-11.919107
-73.447786
-67.463743
-40.043846
-99.696513
-70.850767
-83.022062
-41.843941
-70.641447
-10.583852
-58.632211
-25.026124
-99.882181
-75.109031
-3.943326
-69.810423
-95.153995
-12.621048
-95.839523
-15.873182
-27.434667
-28.486755
-57.607015
-9.704020
-71.019718
-67.517333
-38.276831
-34.331002
-51.538338
-45.764548
-44.864778
-14.078768
-78.010532
-83.737027
-7.324332
-53.926575
-37.791843
-39.802687
-9.662218
-35.449593
-8.208430
-59.394781
-73.643632
-83.791974
-11.872581
-25.150775
-11.099532
-88.646813
-61.193534
-86.897026
-46.668421
-25.185484
-60.715470
-70.336587
-16.814841
-49.355059
-83.414929
-32.295600
-7.727794
-20.930361
-84.939668
-28.451934
-47.100100
-49.837203
-78.325469
-36.343998
-9.503914
-65.589303
-28.060000
-29.420201
-0.139207
-55.649750
-85.175829
-90.756095
-18.736432
-90.775807
-22.716283
-76.473295
-0.587710
-19.546920
-4.882623
-29.064650
-81.836806
-64.933764
-7.046104
-75.565848
-71.066953
-96.493588
-78.332314
-19.912039
-56.713274
-1.494447
-47.185214
-95.292347
-56.546934
-94.878507
-22.354403
-27.370967
-67.042158
-8.942933
-76.237392
-79.776414
-38.965507
-70.914489
-46.026251
-81.603216
-13.641326
-23.405647
-51.174813
-14.182286
-48.102055
-69.245772
-28.694577
-50.268147
-42.040559
-21.615685
-71.944939
-98.745864
-6.981824
-84.284388
-22.544296
-36.417272
-20.227702
-59.824561
-61.704757
-10.333142
-11.235246
-36.315037
-97.075791
-71.281778
-65.965350
-25.765450
-53.915013
-31.951351
-84.579725
-56.518409
-38.880025
-42.995997
-78.125153
-2.100795
-36.596998
-27.193666
-32.658030
-33.777928
-91.802151
-73.199889
-17.721934
-72.885290
-20.607404
-25.887368
-77.848741
-21.273763
-82.837090
-8.572098
-61.074885
-69.056724
-27.171167
-56.505021
-56.872654
-6.582702
-41.592112
-13.707211
-88.055316
-32.237493
-60.062756
-87.139099
-11.009668
-0.112034
-22.073192
-17.265391
-37.555644
-45.302825
-78.490197
-82.336708
-59.538294
-19.323845
-13.741011
-78.388067
-91.829528
-69.388964
-27.756035
-11.695776
-71.427774
14.000000
18.000000
19.000000
9.000000
14.000000
9.000000
19.000000
16.000000
11.000000
17.000000
3.000000
9.000000
13.000000
12.000000
3.000000
1.000000
4.000000
17.000000
4.000000
12.000000
19.000000
13.000000
12.000000
3.000000
6.000000
4.000000
7.000000
11.000000
8.000000
3.000000
5.000000
12.000000
10.000000
10.000000
6.000000
7.000000
9.000000
7.000000
19.000000
13.000000
4.000000
17.000000
7.000000
16.000000
7.000000
1.000000
13.000000
18.000000
10.000000
2.000000
10.000000
10.000000
17.000000
16.000000
10.000000
10.000000
10.000000
3.000000
3.000000
12.000000
9.000000
14.000000
9.000000
6.000000
10.000000
8.000000
5.000000
17.000000
10.000000
10.000000
8.000000
9.000000
15.000000
4.000000
15.000000
5.000000
18.000000
17.000000
16.000000
13.000000
1.000000
9.000000
14.000000
19.000000
16.000000
2.000000
1.000000
7.000000
4.000000
1.000000
1.000000
10.000000
11.000000
10.000000
7.000000
11.000000
16.000000
17.000000
7.000000
13.000000
1.000000
2.000000
4.000000
11.000000
12.000000
18.000000
16.000000
6.000000
16.000000
13.000000
17.000000
17.000000
18.000000
5.000000
19.000000
9.000000
11.000000
1.000000
7.000000
1.000000
14.000000
4.000000
17.000000
9.000000
8.000000
5.000000
13.000000
5.000000
2.000000
2.000000
10.000000
5.000000
9.000000
8.000000
14.000000
16.000000
9.000000
2.000000
15.000000
6.000000
2.000000
5.000000
8.000000
5.000000
12.000000
6.000000
8.000000
6.000000
8.000000
10.000000
7.000000
10.000000
1.000000
11.000000
5.000000
11.000000
6.000000
16.000000
4.000000
19.000000
18.000000
18.000000
10.000000
6.000000
11.000000
19.000000
7.000000
2.000000
10.000000
6.000000
11.000000
10.000000
15.000000
15.000000
3.000000
11.000000
16.000000
17.000000
4.000000
6.000000
7.000000
9.000000
3.000000
19.000000
18.000000
18.000000
6.000000
1.000000
17.000000
1.000000
15.000000
6.000000
15.000000
18.000000
2.000000
5.000000
9.000000
11.000000
8.000000
9.000000
6.000000
4.000000
16.000000
5.000000
3.000000
7.000000
6.000000
17.000000
5.000000
5.000000
11.000000
1.000000
9.000000
17.000000
5.000000
17.000000
8.000000
6.000000
14.000000
7.000000
10.000000
9.000000
16.000000
17.000000
7.000000
10.000000
18.000000
11.000000
2.000000
14.000000
15.000000
12.000000
6.000000
15.000000
18.000000
15.000000
16.000000
7.000000
10.000000
4.000000
12.000000
12.000000
9.000000
2.000000
17.000000
15.000000
9.000000
14.000000
12.000000
16.000000
16.000000
11.000000
8.000000
17.000000
7.000000
12.000000
12.000000
7.000000
18.000000
3.000000
10.000000
8.000000
17.000000
7.000000
11.000000
2.000000
9.000000
9.000000
11.000000
2.000000
18.000000
1.000000
3.000000
13.000000
2.000000
18.000000
15.000000
15.000000
3.000000
7.000000
2.000000
13.000000
6.000000
13.000000
15.000000
4.000000
12.000000
6.000000
13.000000
4.000000
12.000000
11.000000
1.000000
8.000000
3.000000
18.000000
10.000000
9.000000
7.000000
14.000000
8.000000
13.000000
4.000000
13.000000
14.000000
1.000000
18.000000
16.000000
17.000000
12.000000
9.000000
5.000000
9.000000
6.000000
9.000000
11.000000
2.000000
16.000000
9.000000
3.000000
12.000000
12.000000
15.000000
2.000000
4.000000
6.000000
16.000000
5.000000
15.000000
16.000000
4.000000
1.000000
13.000000
5.000000
15.000000
15.000000
19.000000
18.000000
18.000000
4.000000
15.000000
17.000000
19.000000
3.000000
4.000000
17.000000
8.000000
7.000000
12.000000
14.000000
11.000000
9.000000
5.000000
11.000000
5.000000
12.000000
14.000000
3.000000
3.000000
15.000000
9.000000
7.000000
6.000000
4.000000
4.000000
7.000000
2.000000
14.000000
8.000000
11.000000
19.000000
8.000000
11.000000
14.000000
4.000000
13.000000
12.000000
14.000000
12.000000
3.000000
4.000000
17.000000
17.000000
14.000000
15.000000
5.000000
19.000000
2.000000
17.000000
16.000000
16.000000
5.000000
10.000000
16.000000
11.000000
8.000000
1.000000
10.000000
4.000000
14.000000
100.000000
100.000000
100.000000
100.000000
100.000000
100.000000
100.000000
100.000000
100.000000
100.000000
100.000000
100.000000
100.000000
100.000000
100.000000
100.000000
100.000000
100.000000
100.000000
100.000000
100.000000
100.000000
100.000000
100.000000
100.000000
100.000000
100.000000
100.000000
100.000000
100.000000
100.000000
100.000000
100.000000
100.000000
100.000000
100.000000
100.000000
100.000000
100.000000
100.000000
100.000000
100.000000
100.000000
100.000000
100.000000
100.000000
100.000000
100.000000
100.000000
100.000000
100.000000
100.000000
100.000000
100.000000
100.000000
100.000000
100.000000
100.000000
100.000000
100.000000
100.000000
100.000000
100.000000
100.000000
100.000000
100.000000
100.000000
100.000000
100.000000
100.000000
100.000000
100.000000
100.000000
100.000000
100.000000
100.000000
100.000000
100.000000
100.000000
100.000000
100.000000
100.000000
100.000000
100.000000
100.000000
100.000000
100.000000
100.000000
100.000000
100.000000
100.000000
100.000000
100.000000
100.000000
100.000000
100.000000
100.000000
100.000000
100.000000
100.000000
100.000000
100.000000
100.000000
100.000000
100.000000
100.000000
100.000000
100.000000
100.000000
100.000000
100.000000
100.000000
100.000000
100.000000
100.000000
100.000000
100.000000
100.000000
100.000000
100.000000
100.000000
100.000000
100.000000
100.000000
100.000000
100.000000
100.000000
100.000000
100.000000
100.000000
100.000000
100.000000
100.000000
100.000000
100.000000
100.000000
100.000000
100.000000
100.000000
100.000000
100.000000
100.000000
100.000000
100.000000
100.000000
100.000000
100.000000
100.000000
100.000000
100.000000
100.000000
100.000000
100.000000
100.000000
100.000000
100.000000
100.000000
100.000000
100.000000
100.000000
100.000000
100.000000
100.000000
100.000000
100.000000
100.000000
100.000000
100.000000
100.000000
100.000000
100.000000
100.000000
100.000000
100.000000
100.000000
100.000000
100.000000
100.000000
100.000000
100.000000
100.000000
100.000000
100.000000
100.000000
100.000000
100.000000
100.000000
100.000000
100.000000
100.000000
100.000000
100.000000
100.000000
100.000000
100.000000
100.000000
100.000000
100.000000
100.000000
100.000000
