nlkp_i_10_1
10  100.000000  156.000000
0.128170
0.156505
0.147867
0.185296
0.145564
0.170532
0.169383
0.168340
0.144599
0.140869
63.683195
34.971521
21.163437
42.804650
39.452580
48.484816
94.143123
29.279603
9.517791
89.070325
73.926185
0.353774
78.573597
64.525179
2.617823
13.185645
69.896629
47.661327
10.237664
50.467346
-96.535553
-97.215471
-96.039203
-93.167346
-74.906147
-54.929015
-47.047255
-2.939069
-14.498883
-7.994591
13.000000
1.000000
19.000000
19.000000
19.000000
19.000000
11.000000
13.000000
12.000000
3.000000
7.000000
17.000000
5.000000
13.000000
8.000000
15.000000
5.000000
16.000000
14.000000
3.000000
100.000000
100.000000
100.000000
100.000000
100.000000
100.000000
100.000000
100.000000
100.000000
100.000000
