nlkp_i_1000_0
1000  100.000000  13813.000000
0.143770
0.125495
0.192996
0.199464
0.188209
0.184803
0.125793
0.147766
0.191390
0.160143
0.162258
0.133020
0.100378
0.123207
0.173519
0.139300
0.174481
0.130585
0.197599
0.171721
0.154893
0.197500
0.105935
0.107309
0.137638
0.157718
0.158364
0.195968
0.107724
0.122838
0.167621
0.101738
0.188882
0.135459
0.149768
0.109952
0.128348
0.187508
0.125152
0.192082
0.122528
0.117465
0.185449
0.181494
0.158256
0.151420
0.190497
0.199815
0.168650
0.150240
0.176413
0.161671
0.197480
0.132244
0.186902
0.157481
0.146643
0.114760
0.108819
0.112558
0.195941
0.180456
0.155191
0.134877
0.177649
0.163493
0.172986
0.127528
0.166203
0.185344
0.192195
0.171655
0.158962
0.185677
0.109857
0.118827
0.186482
0.139828
0.194096
0.160922
0.166499
0.134070
0.196570
0.130789
0.133107
0.147483
0.149498
0.128146
0.145687
0.151643
0.140648
0.145130
0.100514
0.115109
0.110105
0.122699
0.181325
0.117608
0.192463
0.159435
0.108665
0.162090
0.131617
0.176571
0.144951
0.161661
0.141503
0.154732
0.181682
0.129472
0.119138
0.110972
0.171262
0.181887
0.166993
0.188144
0.139930
0.199112
0.108158
0.124832
0.194040
0.127117
0.179474
0.136396
0.185964
0.154525
0.176296
0.126437
0.151141
0.139492
0.162991
0.140130
0.194309
0.193624
0.142528
0.155381
0.119218
0.163294
0.137184
0.100379
0.141073
0.182459
0.193172
0.108493
0.155745
0.129958
0.109191
0.181864
0.160844
0.154360
0.113297
0.132701
0.155029
0.124436
0.165056
0.149531
0.172615
0.198159
0.128112
0.134386
0.191610
0.157176
0.126324
0.187536
0.148178
0.109788
0.192469
0.141563
0.129449
0.124229
0.182663
0.154552
0.188861
0.168871
0.145827
0.125017
0.102542
0.157784
0.133380
0.101161
0.147201
0.108799
0.135012
0.183298
0.128963
0.133154
0.116377
0.195243
0.157567
0.171190
0.125160
0.147480
0.122324
0.199432
0.129780
0.139871
0.128788
0.146944
0.114040
0.110452
0.178343
0.137439
0.183201
0.110523
0.143745
0.140506
0.173609
0.156053
0.119334
0.121985
0.158290
0.171701
0.139974
0.114020
0.105957
0.128802
0.191125
0.147654
0.173920
0.157441
0.175523
0.163290
0.183797
0.113799
0.115148
0.162220
0.151601
0.185557
0.103250
0.162636
0.132762
0.161412
0.115897
0.142668
0.193770
0.148368
0.143183
0.160567
0.137053
0.127023
0.118054
0.140382
0.149240
0.191135
0.174563
0.182357
0.193560
0.148445
0.143169
0.186436
0.186410
0.153130
0.106854
0.131213
0.184679
0.174984
0.180140
0.132661
0.171165
0.184612
0.128288
0.147292
0.165302
0.163750
0.109164
0.110909
0.103229
0.196668
0.142767
0.129462
0.165472
0.173623
0.151371
0.185058
0.121236
0.130713
0.138240
0.155406
0.115946
0.195550
0.123237
0.124332
0.147948
0.159507
0.133545
0.130348
0.152608
0.198214
0.170103
0.154282
0.179740
0.154669
0.110644
0.152648
0.183304
0.134200
0.192835
0.146696
0.173333
0.103580
0.124668
0.124483
0.165556
0.136774
0.142131
0.107378
0.132926
0.159738
0.166792
0.171625
0.198962
0.182306
0.134405
0.106328
0.165868
0.148605
0.156564
0.153310
0.165716
0.149558
0.195753
0.172876
0.155055
0.147096
0.183079
0.130985
0.135309
0.114257
0.106729
0.125366
0.180656
0.196686
0.141877
0.183729
0.125904
0.195747
0.124228
0.143509
0.141875
0.169867
0.120320
0.143940
0.180226
0.111537
0.142320
0.105813
0.140598
0.169390
0.191358
0.182035
0.152374
0.187348
0.143323
0.155466
0.176654
0.140020
0.161999
0.104704
0.120185
0.130503
0.184474
0.161850
0.154504
0.159738
0.104255
0.191392
0.109517
0.150175
0.127179
0.132420
0.158026
0.195117
0.172555
0.121029
0.101249
0.162273
0.113748
0.199463
0.133181
0.104951
0.137028
0.142297
0.152577
0.147253
0.139527
0.164305
0.133607
0.123925
0.198961
0.147036
0.160392
0.160312
0.151683
0.118795
0.198785
0.179147
0.174562
0.174277
0.141448
0.109737
0.172667
0.138929
0.155038
0.178208
0.161300
0.139834
0.199113
0.100858
0.141685
0.198868
0.124198
0.137082
0.148565
0.132517
0.188923
0.193866
0.168061
0.154948
0.124322
0.111000
0.154557
0.165780
0.103315
0.111167
0.188838
0.165817
0.174180
0.132724
0.154064
0.150570
0.114275
0.192418
0.187723
0.121853
0.104135
0.103878
0.166096
0.152947
0.127218
0.127595
0.130671
0.137493
0.119363
0.117443
0.176504
0.103424
0.174557
0.136288
0.187122
0.185261
0.119252
0.131155
0.103934
0.122520
0.149468
0.118046
0.156389
0.153381
0.182985
0.156817
0.149041
0.104177
0.137610
0.137453
0.116261
0.180982
0.139276
0.139020
0.113894
0.111879
0.112237
0.187992
0.132975
0.175198
0.199786
0.138962
0.160724
0.148143
0.123807
0.141118
0.170360
0.183367
0.182972
0.164643
0.175230
0.179960
0.139224
0.103460
0.112898
0.175796
0.101239
0.170638
0.101691
0.117503
0.148140
0.199301
0.190578
0.112215
0.155046
0.145212
0.184941
0.101793
0.173098
0.114926
0.163702
0.144732
0.169164
0.172764
0.155680
0.122654
0.195517
0.100773
0.127133
0.106548
0.100963
0.141920
0.105519
0.117281
0.109848
0.195932
0.151350
0.133313
0.111126
0.120584
0.146024
0.125540
0.106467
0.122031
0.173951
0.145987
0.119097
0.198022
0.162695
0.164323
0.105993
0.141160
0.174665
0.147880
0.193254
0.131212
0.166304
0.167434
0.191340
0.156945
0.105732
0.139380
0.166955
0.112090
0.124003
0.103786
0.187732
0.129925
0.139629
0.163944
0.111421
0.119702
0.197149
0.163778
0.176273
0.161390
0.186529
0.156728
0.174695
0.138309
0.173927
0.146816
0.150420
0.127370
0.125251
0.120953
0.160765
0.145111
0.122723
0.107510
0.106479
0.164885
0.128712
0.154690
0.162220
0.199883
0.152713
0.186532
0.191713
0.183271
0.180009
0.126328
0.114476
0.141610
0.160379
0.185735
0.107995
0.177807
0.186028
0.132019
0.155910
0.128320
0.119904
0.103310
0.131251
0.115762
0.143307
0.142349
0.178784
0.188587
0.175206
0.132618
0.179889
0.112466
0.171630
0.169455
0.166716
0.118691
0.115210
0.152654
0.113141
0.167822
0.121873
0.155615
0.137782
0.176236
0.149624
0.153909
0.128809
0.134040
0.191654
0.110668
0.111517
0.157535
0.132828
0.138956
0.165220
0.114703
0.128831
0.123616
0.101011
0.101761
0.166320
0.124024
0.135482
0.108083
0.139873
0.158242
0.163951
0.132288
0.196734
0.135955
0.145104
0.102658
0.173601
0.129487
0.111133
0.172686
0.165065
0.178748
0.163923
0.113105
0.194380
0.194872
0.189911
0.184879
0.160527
0.195418
0.136113
0.104106
0.136526
0.119694
0.113729
0.142249
0.109092
0.153784
0.107933
0.194403
0.195197
0.156660
0.137019
0.102461
0.163173
0.124355
0.191564
0.125383
0.168898
0.197233
0.148540
0.103319
0.197476
0.170691
0.165457
0.194754
0.171177
0.187684
0.162979
0.145416
0.171827
0.108529
0.142392
0.111680
0.100534
0.121252
0.130151
0.123287
0.154747
0.192341
0.197632
0.190637
0.138000
0.115368
0.111292
0.118411
0.109439
0.174513
0.108739
0.163099
0.125314
0.110505
0.111433
0.176968
0.134980
0.189910
0.139817
0.101397
0.193809
0.175717
0.181848
0.104912
0.189537
0.166752
0.115456
0.133867
0.175036
0.113056
0.135129
0.154756
0.163628
0.145977
0.105282
0.191837
0.125453
0.198989
0.197683
0.173903
0.128105
0.158976
0.135214
0.199309
0.155405
0.153706
0.159227
0.187271
0.113155
0.183311
0.147856
0.179559
0.187781
0.136889
0.150263
0.120947
0.114280
0.188083
0.178912
0.155552
0.158439
0.122535
0.136764
0.134229
0.151440
0.197963
0.141174
0.158263
0.184117
0.112710
0.184332
0.179351
0.162207
0.108749
0.181149
0.161804
0.140828
0.163304
0.137727
0.156400
0.124838
0.150700
0.168947
0.126003
0.172304
0.115288
0.154345
0.165338
0.174046
0.126446
0.149070
0.147818
0.132978
0.116866
0.186493
0.149665
0.101015
0.184472
0.192292
0.100470
0.188260
0.137726
0.101784
0.166190
0.118384
0.136395
0.111705
0.192340
0.122576
0.155696
0.107212
0.117169
0.153530
0.183112
0.131049
0.153060
0.194818
0.179845
0.138174
0.118801
0.185000
0.151044
0.156101
0.117534
0.163101
0.134559
0.147985
0.133783
0.189605
0.134654
0.197499
0.139545
0.106168
0.140263
0.174936
0.157290
0.181625
0.157994
0.165863
0.161324
0.136529
0.118829
0.163056
0.197274
0.171240
0.183329
0.155477
0.180067
0.144417
0.178519
0.199110
0.103063
0.129923
0.137564
0.176818
0.170937
0.189992
0.194292
0.163506
0.183266
0.186014
0.102043
0.118337
0.157814
0.172699
0.173146
0.182195
0.134548
0.183973
0.146594
0.195940
0.123503
0.112721
0.152189
0.184234
0.172658
0.190193
0.176548
0.100374
0.110451
0.171156
0.160376
0.167618
0.116019
0.136018
0.172529
0.171499
0.164161
0.155889
0.142518
0.170140
0.116188
0.168644
0.172714
0.160774
0.123530
0.122652
0.148688
0.104668
0.150310
0.133706
0.110825
0.136156
0.112445
0.134724
0.142128
0.178680
0.135046
0.152539
0.136731
0.138716
0.121212
0.135364
0.139786
0.150780
0.183541
0.143569
0.191610
0.127833
0.190832
0.182422
0.171144
0.184014
0.126270
0.165134
0.110202
0.135054
0.107830
0.181009
0.122666
0.134228
0.140633
0.181937
0.198774
0.183281
0.180088
0.131627
0.179966
0.134930
0.157089
0.136573
0.139960
0.189987
0.104540
0.119560
0.199010
0.171050
0.117465
0.138795
0.124216
0.129956
0.117742
0.157757
0.186203
0.142661
0.117186
0.173724
0.149329
0.153798
0.190076
0.129333
0.151278
0.186342
0.194227
0.147781
0.168434
0.164230
0.145483
0.125389
0.102801
0.172819
0.178076
0.128300
0.165033
0.121869
0.104153
0.115304
0.134448
0.101583
0.131071
0.115318
0.103007
0.151007
0.126478
0.106055
0.197171
0.168588
0.144531
0.154599
0.165487
0.164183
0.164454
0.118825
0.134394
0.192737
0.142715
0.133586
0.143852
0.120057
0.174379
87.539119
13.683229
30.072085
42.840080
10.550488
54.009351
57.270961
6.385351
20.602484
72.411427
66.396131
17.433051
74.813583
45.715879
69.390947
64.054716
38.819224
4.941919
15.632751
96.611219
25.742106
57.200132
58.005122
98.367911
29.946122
47.912164
91.332257
63.375261
94.847734
80.799256
9.508948
0.899224
17.131635
65.885233
32.564356
41.740516
82.395662
62.856104
18.622406
59.049081
89.517354
72.706011
27.956894
13.035534
15.537595
38.410544
26.176960
30.668407
6.373894
51.849303
30.780436
34.200193
62.348262
82.954235
44.648052
19.380583
35.464288
30.121638
10.212331
60.230963
89.886635
94.840503
81.609837
3.615480
44.528577
42.746479
2.181970
92.748161
53.961999
71.131792
21.714594
26.700409
84.545201
51.000298
36.162562
19.613255
93.156958
31.882292
3.258739
18.388100
98.081883
68.745913
27.722397
46.579837
7.392772
37.816193
84.410243
76.610911
60.700170
42.681366
13.761601
14.337531
90.424871
59.417119
56.884064
50.085766
80.076890
67.851125
8.258048
42.485395
94.258894
50.042835
53.454258
59.741202
44.369895
25.234907
4.051536
38.684203
46.135834
26.692266
56.673175
35.064436
2.809583
86.508788
57.545620
16.289306
54.063844
57.793235
86.677379
30.342635
20.834184
45.515061
91.853561
71.593382
45.690721
56.172684
50.465283
35.031242
80.873724
68.494504
71.810772
36.300449
35.597991
54.180463
76.580326
8.966027
4.301635
66.458336
57.741631
25.135512
1.927841
32.759497
61.116127
32.496886
59.478358
48.042486
70.228930
13.648411
71.487532
70.842352
74.331242
25.163969
48.156045
72.611657
53.662197
54.975465
22.066871
7.800217
29.184645
16.227528
65.645914
67.605440
73.341644
87.134812
41.260838
4.032031
56.301149
10.660310
34.917564
83.128646
95.028614
44.058791
30.056346
29.796651
41.144063
56.836946
51.733903
43.791741
4.480499
21.829072
22.801834
41.436996
86.181372
54.867733
45.159694
67.594760
27.393771
24.369202
57.658679
36.966818
80.967936
80.398041
10.551915
33.554070
12.921213
17.230745
14.521110
18.467946
31.178866
85.230313
6.117629
61.156333
37.512171
45.032681
34.674287
29.103141
92.740098
56.823342
27.477789
53.209021
87.174665
40.605106
0.907944
47.449543
99.289261
1.849939
62.089778
54.138054
43.456836
49.250296
60.954600
23.412336
89.204044
89.457456
31.109306
3.330990
32.636747
75.317577
23.133205
85.689052
22.085232
10.294719
74.559452
85.438147
76.925798
68.503793
18.341675
18.269607
43.758031
91.253884
89.605447
19.812578
32.551988
75.145509
43.177142
57.022067
29.207612
61.248427
94.828264
22.512929
24.702476
31.679446
25.392808
37.668303
10.585349
57.093658
31.441371
25.098138
83.997382
64.830892
91.443181
14.531406
60.397682
51.115521
7.098666
77.117975
26.869266
90.925907
30.780027
51.097321
76.309549
28.277041
45.240848
47.889470
19.256508
99.252182
0.076749
66.784399
95.796923
12.637118
24.266572
16.576726
45.017830
67.644880
42.399223
23.491201
49.438897
14.978871
7.809300
44.617213
74.830316
65.328245
51.449035
24.192974
88.691350
16.535022
10.859201
96.709399
24.225245
3.082293
56.385077
89.940278
65.179284
60.215584
67.266324
14.396996
3.995719
15.219300
86.252264
59.908580
24.100690
25.416639
37.881304
30.580406
46.972357
50.004000
83.573429
22.057171
3.734551
68.422135
79.499022
10.412701
41.881320
80.752283
26.161452
95.161744
19.699109
82.940876
41.099641
88.830475
76.074665
10.400495
87.747368
42.670689
57.210474
46.609712
26.552549
25.178266
3.141651
69.563943
12.475462
8.013753
61.074828
52.788788
74.321712
81.827466
61.528293
69.747306
38.761756
49.408861
16.203351
47.572427
42.519141
37.780556
21.187327
68.803021
35.513032
40.575416
65.491320
94.762995
79.552750
82.701256
55.566164
48.652017
63.209515
15.789130
46.209946
24.989654
22.240381
57.592058
19.910831
56.461892
16.487272
80.141574
25.079102
56.821612
93.478452
46.561291
62.032631
73.999772
14.916470
29.271181
26.625034
64.993604
63.547820
20.711901
50.175435
42.351899
63.021415
83.120360
87.249716
39.533738
87.733707
89.846312
96.177274
62.181193
67.417691
58.496959
14.421699
30.765762
25.545794
30.488018
59.547735
69.555191
31.870272
92.384529
87.815338
30.143722
0.141823
42.122374
48.981647
8.991932
24.239240
48.061027
51.961407
29.255048
85.244554
58.388848
91.331101
16.954506
82.048024
35.044645
83.114550
36.429376
25.440793
58.010125
72.321407
29.576265
96.896869
68.547421
77.878490
41.793142
17.095620
1.993213
99.012825
23.015817
77.463294
63.013446
79.509198
61.273687
2.654873
20.762518
90.597886
83.517926
45.724630
31.240191
69.081196
48.073281
30.672029
97.208492
16.102743
40.711398
10.516114
98.537188
62.799790
37.851915
47.225865
56.145759
33.216127
58.555977
0.066737
98.882650
15.900762
96.534633
70.900956
7.566669
36.968991
61.725563
91.575181
97.421646
49.087153
45.122977
81.112176
8.792024
71.609563
60.341707
6.939262
41.972338
87.763011
95.489243
16.078654
79.512829
30.173615
76.060809
3.758221
92.401630
28.105318
28.240031
38.873088
66.821903
88.811430
88.485473
34.673846
78.571660
73.621800
42.576516
27.758623
76.400923
66.593490
59.986964
81.706703
72.067445
12.449320
59.289935
23.534137
31.100686
31.857486
39.810889
9.330102
74.704268
97.209844
16.227844
86.864233
31.827549
48.329104
21.651413
6.596315
36.370626
0.792787
81.613404
24.159141
59.809155
28.365114
2.194060
76.504795
73.644240
62.246152
49.613144
71.157123
30.290102
50.281962
81.348456
65.967724
72.998289
68.252498
88.418975
96.669378
8.077538
74.816376
61.174431
51.182611
88.829737
92.309534
6.763141
90.926320
57.503683
81.152673
96.262046
94.557774
61.126278
74.496244
65.421063
1.194589
68.355202
0.980479
56.092067
28.238359
94.888645
31.910402
17.560510
71.049690
93.273138
2.974764
6.929023
3.001181
34.149643
56.439173
61.083895
38.708361
49.226788
95.003940
94.206262
94.301868
41.315296
11.882090
85.560455
59.401093
74.235123
87.434536
51.344076
23.906510
31.926481
5.427220
38.221051
15.419257
70.269332
75.636380
89.520895
80.202778
74.779376
24.992298
59.783412
30.427633
57.546817
22.354291
90.603093
82.600523
40.042626
6.003287
32.519530
51.152407
8.187931
23.975913
55.204357
1.850161
85.902727
59.329239
97.689620
65.720756
41.895163
77.716575
18.733699
34.396682
60.687786
31.704654
6.079842
93.193214
76.265147
24.461280
35.648078
23.642062
17.768760
88.393164
91.271040
13.905609
43.399427
69.828385
93.856084
37.597079
66.528603
57.475444
45.752523
88.105069
93.886096
14.308618
8.741817
37.361663
41.600844
40.465652
84.557552
78.683275
93.780475
59.148711
25.312038
2.621067
97.866984
33.514901
38.778481
50.368556
85.027036
4.192936
2.479478
15.896257
82.695646
88.281856
94.151066
64.011926
91.574402
65.363547
85.804830
29.133338
16.954032
23.164632
83.739600
15.804659
67.286805
78.467443
85.958024
35.302910
5.662273
71.551509
72.738908
64.459270
23.847101
88.387167
50.318851
79.859118
62.111776
29.985101
91.223601
32.405172
9.099043
6.081777
53.305113
40.774137
88.252695
17.755513
3.674890
31.322617
86.616409
10.513766
36.939505
58.170637
92.363994
35.315452
78.617192
68.619285
39.054550
89.191210
86.523288
9.462638
82.116511
32.908777
39.829022
22.286035
94.641969
48.328895
36.395889
7.921884
56.838853
91.425800
86.028398
94.483820
59.141642
54.292711
49.718422
11.856071
75.090491
43.350058
30.325888
46.309966
8.402659
90.773524
11.573459
32.789987
76.322695
83.756550
69.089601
15.202336
46.196781
49.179397
3.101685
80.741643
72.945761
87.243177
94.149750
54.768594
3.492879
30.846927
37.190439
23.144567
60.669210
29.133564
71.278984
4.203687
20.394923
32.166013
21.327238
94.633250
97.069683
44.751696
34.639528
10.983131
24.580277
96.936675
8.361778
68.721985
71.897855
49.637341
4.354760
31.464821
20.181176
77.824656
11.043657
52.398833
33.379848
95.961025
55.758259
3.685776
49.941393
58.416905
0.295729
37.001036
30.551378
0.215359
39.213909
57.762225
49.201789
94.669267
99.436827
27.462867
63.820096
79.464100
87.992530
3.622782
3.640833
44.645761
57.318487
52.924165
15.069440
15.228285
48.817295
68.144474
23.043756
66.506014
16.407446
4.988086
14.902418
48.280772
28.077353
73.678724
33.771979
91.729027
36.588212
69.336512
8.848309
14.433577
14.093388
17.570061
4.369642
34.289021
69.950670
55.835049
53.552717
37.748663
47.692569
37.015788
65.968401
79.276892
48.670157
90.403560
33.070162
71.133596
51.944821
74.881963
51.843287
86.860505
95.691187
69.822531
67.659321
37.144005
9.076999
64.352672
31.255085
81.476104
82.339522
17.027458
65.542244
17.223843
51.394350
33.938613
4.554167
10.668269
94.344102
42.703916
63.311001
31.543199
14.989074
74.446381
88.824391
93.276432
79.295637
29.042358
57.990410
95.520707
8.859759
22.736981
87.961590
70.101327
71.287218
28.985295
21.274267
4.612468
36.752206
8.634187
14.255610
73.479779
6.180709
70.737564
36.746088
29.780696
94.881041
69.881596
40.363045
89.568170
16.558748
27.317639
81.255431
27.086284
74.538037
84.443180
25.170843
8.234880
81.310772
12.334886
90.574171
47.614584
43.488042
57.359732
54.658541
46.826416
42.668931
64.770591
86.673581
71.138558
65.346391
15.456295
84.536866
10.959968
0.936736
52.882693
35.856650
64.310636
94.671192
45.363797
98.470777
0.413687
92.275322
33.231943
22.660612
14.095012
97.680094
42.895055
99.724353
88.737790
88.971860
43.423489
83.546916
53.439091
83.556510
3.629445
81.233163
49.972075
33.195125
20.222557
82.972577
8.114875
30.910957
74.796492
92.550079
88.480985
81.767772
90.815200
56.287471
20.787766
2.614289
76.673745
10.588995
63.386095
16.055995
26.347728
27.312778
22.543943
10.975199
79.604441
90.270318
21.183706
60.491623
75.806295
47.748401
18.669666
42.956736
14.880176
35.882275
15.823323
35.744936
92.740643
19.579604
4.234268
67.505724
56.652611
70.671959
26.609857
55.603433
31.302854
37.341916
14.864905
0.063363
44.602252
14.120697
33.857633
64.849024
50.786621
2.800159
98.955099
51.402739
30.131184
98.917085
48.465637
91.977224
89.809035
0.851929
34.784801
72.233615
92.286974
13.398561
1.130317
47.962466
35.277582
81.412012
6.738307
1.312501
9.384062
79.496960
7.334108
86.716767
75.203809
22.047510
53.598106
29.889567
4.905184
60.679203
46.285225
96.152721
95.574572
40.678983
59.084263
79.511347
31.522713
38.259241
41.603252
82.136079
89.182002
5.404916
61.944726
76.292231
58.413969
0.545380
7.104366
29.353267
82.196767
79.770543
82.251439
54.549002
6.846738
82.581561
87.327612
18.587951
5.353195
20.882154
87.638731
30.261937
11.693272
77.170925
92.981568
11.279565
61.074452
36.999455
32.597085
68.958176
5.019797
78.567009
4.499147
67.529538
89.785712
24.637529
97.588917
56.757430
86.173321
47.787203
93.088930
5.925172
91.968620
0.793933
55.753105
32.478165
36.415560
70.543735
92.368299
39.732504
80.729144
61.681629
78.296774
2.985320
48.559200
60.016472
20.242297
23.495181
68.623816
61.015545
49.574240
39.116560
87.660359
62.328364
0.050365
7.673493
20.211473
25.408680
89.975056
32.420133
22.566282
43.446715
79.821705
22.205845
49.141410
5.800650
85.679993
69.721284
23.396496
33.152766
16.988616
89.746123
56.897623
94.042774
43.937556
30.274628
18.730614
51.103893
47.591614
90.760306
46.588078
21.083170
9.513270
11.443622
64.329404
26.164920
29.293534
31.674869
46.024257
24.778163
11.513824
29.705240
40.958872
21.702442
92.437780
96.135672
48.850034
82.258179
5.716207
27.819106
30.634366
78.546018
3.856074
59.175131
69.146497
47.525523
68.959596
46.269757
46.327767
30.989318
93.003324
56.000233
65.686220
85.021173
42.734144
15.838220
59.430025
58.126840
63.482912
86.623981
45.889309
36.708705
10.680970
46.050575
41.772500
15.793923
2.552159
26.161579
18.312548
41.472718
84.055526
9.263544
91.845093
72.204490
61.643759
35.418145
99.509068
26.405305
31.845816
61.492436
2.716879
81.001497
1.556087
97.547491
29.306062
17.834689
31.759531
44.044687
58.118672
77.054682
99.972320
36.515254
83.717725
12.183394
8.288457
78.516036
18.779960
42.192416
7.982927
93.325756
48.260684
5.186896
9.094638
16.679633
54.526296
73.823859
29.437920
14.114914
0.399310
90.421375
53.304901
13.855749
6.072524
37.179048
77.521066
58.624394
14.887600
2.397779
16.344267
88.059792
79.742551
0.457770
80.521291
76.321628
41.209299
2.750948
86.442335
77.080444
91.166329
45.440053
55.417663
99.876023
8.876680
63.372511
54.804089
15.260748
39.065539
25.664259
23.133225
79.169159
84.803729
0.986010
58.559888
18.633550
61.855316
59.984088
49.335536
54.216302
97.150778
39.348836
1.949576
88.905579
94.199114
47.117312
21.595227
11.790431
92.499480
93.606190
0.203028
36.337184
40.712938
65.729368
25.732909
98.508662
6.108895
29.307029
13.479509
26.656080
66.614455
20.622662
82.520839
92.112045
95.551635
46.924112
62.628809
83.913900
67.221824
91.740693
0.443630
32.838220
61.474729
93.801648
24.428257
14.220438
98.793735
98.155250
28.590878
57.383425
60.478847
47.560579
26.223306
60.742347
55.267371
80.409159
2.704692
64.772381
24.791740
76.230037
27.197994
16.458642
69.625789
49.090222
73.081603
56.251651
38.539665
22.515579
41.768903
11.607991
11.206960
13.888912
54.389246
35.704862
73.049295
34.997733
62.249303
90.532396
73.112417
25.218094
57.982504
24.597146
76.307919
54.576711
19.230911
92.732443
6.197120
96.317117
63.260622
68.106120
37.368713
19.364587
5.174315
82.755754
58.110840
77.886419
92.740096
9.170660
57.382806
75.168754
8.448207
68.710565
68.305954
4.621437
99.074197
11.864134
34.012207
82.280086
43.840103
98.495180
82.534134
23.638390
54.895438
20.776350
28.682412
65.922294
87.271429
96.602515
61.965759
90.536881
69.630236
99.457568
99.062755
71.702542
61.190724
53.154446
47.513863
86.213839
81.075435
23.299077
50.946185
3.564065
19.598510
70.439547
65.194790
39.240579
47.859168
38.707687
44.670248
48.367191
81.376993
69.964290
97.133536
30.963949
62.681248
70.472401
44.305237
17.129055
59.131854
79.464824
2.924184
11.706457
12.934814
70.641736
55.169940
84.353156
97.662643
69.628204
44.340373
47.078875
1.250197
40.775321
63.562044
49.502932
11.523931
50.945971
49.307338
55.021463
9.260810
33.389701
13.233839
89.461402
22.055336
86.333616
70.560653
70.705568
32.537210
99.451883
89.704950
11.873951
61.644751
68.136970
0.683104
22.925852
10.635414
56.725760
91.647434
68.302053
48.630871
92.938543
64.477740
53.470894
31.252206
91.103799
9.720871
77.001650
95.701274
35.645542
65.485214
85.603544
25.836178
55.430874
52.612069
44.532856
28.627791
84.657690
46.749250
23.097402
2.953710
6.232826
26.664572
67.462365
1.499264
57.352314
61.414096
17.306953
11.324194
37.525095
23.403216
76.073808
67.129857
59.482936
26.864996
34.268787
44.004545
6.573185
0.220011
48.882733
1.445776
13.280867
74.878851
92.365629
19.998380
94.411970
87.044770
10.212535
77.765803
99.571948
72.761227
10.473565
36.873730
8.005444
73.697448
6.933293
11.784064
9.628056
77.088816
46.689865
29.817063
3.272965
61.767558
85.496411
70.232369
69.202268
64.569446
40.977621
74.730521
33.383626
10.584980
89.450552
18.216618
64.552449
71.690972
21.438042
83.169427
66.786607
95.152935
50.165175
78.015262
16.321648
97.915080
13.740812
2.953158
83.410065
81.583641
43.161517
4.550467
54.703277
26.182670
53.147156
42.957454
94.483563
23.671549
82.243561
73.528873
30.604877
38.965687
73.083007
46.710786
19.031767
80.054282
7.027983
43.784550
18.642846
54.794679
48.131765
28.424092
11.382784
37.199595
0.480160
30.404342
98.906106
31.053976
19.985919
20.132231
94.954119
73.178950
44.621920
17.152530
2.170076
76.789133
47.664557
66.678308
45.872071
51.091423
7.774761
34.121428
22.508656
52.157435
42.140003
22.886459
87.074776
28.653811
23.310794
52.190863
31.544404
20.380871
21.483842
65.515323
32.616195
21.453169
55.627861
86.854692
19.935021
63.375714
78.045808
37.258519
79.748528
88.520781
55.025561
96.826202
78.488320
52.776282
72.205770
9.018393
86.430178
42.375606
18.660310
32.763705
1.922640
85.207757
77.251522
32.149249
97.858589
91.170572
87.482261
56.854842
20.734490
31.937593
91.221793
26.644309
17.000720
44.748485
25.522637
25.893402
66.576491
48.217543
22.282840
27.921176
15.729856
55.577830
66.983336
44.678255
43.526212
80.475237
12.710571
28.494185
70.935326
57.341919
7.630802
98.497392
1.237441
82.377883
35.579460
42.513153
97.626593
58.876265
16.612486
72.096111
83.252351
28.329273
75.225964
20.589327
61.410570
27.318833
25.676226
25.868341
16.402243
65.051238
11.564076
52.131534
95.764947
58.184925
29.094471
36.304451
0.934617
11.427115
42.616195
90.542716
84.231809
19.715498
70.809505
17.064399
47.693765
10.454063
68.892075
1.053051
41.595492
89.625926
90.141333
46.160207
85.793048
94.319934
39.576082
2.136272
97.436778
24.463398
93.677556
56.070581
6.407479
52.202008
71.705499
50.428225
40.143987
32.737541
5.524254
51.045020
74.253147
12.757305
74.878895
84.368742
38.885303
2.281399
80.565172
97.406955
76.020856
92.201747
15.012304
89.427839
70.647420
9.199057
70.697792
14.443133
85.856841
79.191737
18.007090
90.984533
57.763508
48.954449
67.246339
47.808865
56.083597
65.898113
84.002012
73.144370
86.237638
98.053185
74.961102
47.972693
32.143898
32.413575
67.382465
90.204259
60.475369
73.425454
17.583873
86.564738
9.364795
85.234565
18.054973
88.342695
26.346847
22.222885
30.005009
0.275397
5.620063
83.169265
44.418115
42.891372
16.119456
62.502530
13.390879
95.892674
77.152505
89.767131
17.896762
93.728634
89.789168
44.862880
53.678747
32.925458
74.879652
86.322290
86.701814
26.679619
64.626878
47.050716
70.174814
45.461650
55.686864
86.960912
22.651936
16.246296
48.265642
54.996519
45.636761
10.945522
72.235764
48.856710
56.904792
36.330853
75.705592
36.958874
38.708129
24.331275
79.471521
45.640354
67.703516
28.366342
34.926820
48.203170
45.594940
29.969975
91.511723
50.332391
5.364172
18.450060
48.137898
1.992264
93.411295
14.206398
25.852069
69.501747
42.360412
21.456068
9.923289
88.118678
39.213928
46.101858
78.666173
85.376635
67.792846
64.227415
27.907194
39.264010
4.063900
0.524398
56.862277
25.398752
29.732219
50.060693
52.508763
57.530798
43.420275
19.421332
97.315264
70.278618
29.094023
85.719923
34.062686
21.762013
81.618560
11.551473
86.815294
79.689998
73.688308
28.560084
99.681510
66.351593
66.736269
77.323267
91.014758
22.514228
6.886608
1.322045
34.671853
89.338692
86.543529
37.097311
94.398830
51.574959
72.311682
8.064254
60.793376
45.281103
74.854637
60.642837
21.044394
62.507817
60.003167
99.328532
49.340913
91.824360
66.077868
42.715807
32.379425
10.103437
62.542481
94.932711
74.170320
14.165871
89.027279
37.454865
67.813996
75.601442
16.874600
16.373564
63.210939
40.452989
30.622467
76.160143
11.877876
73.588293
97.144069
31.408035
81.054365
80.565388
55.913328
92.595575
88.377515
39.076725
45.100512
18.050533
11.597288
78.781480
94.489287
87.075615
11.503554
47.120923
23.190540
6.137298
33.513195
75.205523
3.533455
73.175596
13.727119
65.080311
36.122531
53.595721
83.338524
5.275621
64.658442
25.148785
36.313789
1.058083
35.307540
38.371834
44.525252
93.758661
45.775247
85.236379
74.141304
99.210265
89.712131
97.192644
0.696089
51.495829
73.079885
97.715534
5.310422
55.724164
51.285584
96.430501
7.887482
16.856281
49.394893
40.179236
54.423173
36.245826
29.448886
1.518291
37.257811
78.983420
40.515440
9.237336
39.057494
54.052656
66.724886
34.459475
37.840694
78.816034
57.845316
73.307020
66.080882
65.198252
92.251547
21.850408
35.822186
90.298866
0.352581
0.320906
70.103801
71.877321
65.435142
41.546895
79.775288
88.185765
29.023234
85.232729
78.009563
21.278809
2.355900
60.283323
9.646726
67.226848
12.464919
48.835691
45.092737
52.121881
46.347084
59.791465
14.419482
13.003124
98.822880
82.590807
23.084499
37.777587
33.097545
2.296929
33.215003
5.360434
40.738319
83.410508
13.186341
56.326150
65.909612
78.447458
97.929372
51.248147
81.101320
97.936547
88.315466
55.119144
5.512555
31.201077
78.963832
25.180235
32.069010
24.888770
78.915418
90.685270
13.945434
98.499179
0.093534
44.291622
53.334220
27.789654
64.268675
20.510796
1.057748
98.660821
23.128103
93.222654
78.505850
7.450201
22.735595
69.334681
9.241676
80.973744
12.964918
70.254944
74.752714
37.273896
85.599715
10.397064
53.929316
96.503246
45.571997
62.178099
85.225732
91.841257
84.592845
-23.483917
-69.139163
-19.498584
-22.029917
-73.167001
-43.495555
-7.821220
-52.239581
-91.572385
-88.085604
-40.923958
-18.522038
-58.187795
-6.117270
-81.066168
-86.910599
-24.402026
-26.959463
-6.106353
-64.275697
-98.167731
-1.270799
-91.245332
-90.961957
-42.397725
-29.899820
-16.641156
-61.897378
-43.789168
-46.329224
-93.446659
-71.965870
-34.447342
-79.101485
-78.614540
-53.753827
-89.375337
-35.115529
-24.578539
-83.244799
-29.409452
-88.828717
-57.944246
-63.868922
-1.057139
-94.170004
-86.033443
-59.820012
-13.254873
-55.596438
-16.746587
-79.865485
-85.767462
-86.651460
-79.902350
-30.304284
-71.979352
-57.266311
-30.034205
-91.563172
-37.088482
-74.690150
-94.756443
-97.834013
-43.673958
-72.553603
-52.332354
-69.822437
-85.268632
-56.860120
-8.132740
-53.531907
-69.340836
-10.770123
-72.016414
-80.545614
-84.970564
-48.514858
-70.538750
-94.637061
-62.381503
-77.869588
-41.697587
-17.950021
-23.289625
-22.192446
-8.023930
-80.843072
-74.158445
-57.326703
-0.834814
-51.498749
-68.903741
-20.405644
-36.403058
-60.686246
-61.296090
-19.857566
-74.200725
-57.074166
-44.834079
-31.184116
-77.900622
-37.309349
-51.653324
-71.098537
-91.586925
-4.551029
-54.044295
-42.380710
-2.392226
-72.645098
-77.474175
-32.837163
-89.750250
-41.274946
-39.743698
-56.872809
-20.799958
-90.311926
-90.006085
-69.112069
-41.771757
-38.585314
-10.406278
-7.371511
-75.464918
-13.662737
-56.604326
-36.107047
-26.714019
-18.251880
-97.063820
-58.723584
-55.852650
-66.518312
-95.419889
-10.463811
-4.003993
-29.665247
-6.106177
-76.972873
-98.100290
-64.364949
-59.723449
-1.433014
-77.738013
-89.308054
-7.067463
-1.684799
-3.491588
-95.373193
-47.891471
-59.207925
-30.312419
-34.487960
-44.679529
-93.851046
-26.462691
-36.902649
-19.195116
-4.522132
-5.902861
-42.123983
-93.891284
-32.473683
-54.029434
-61.728134
-82.031176
-12.633567
-88.541105
-55.510952
-52.912834
-43.483511
-11.187282
-12.474640
-51.598588
-98.923161
-1.664240
-91.884409
-25.699619
-26.990756
-76.371591
-53.906881
-30.046204
-32.876244
-22.676039
-25.376628
-91.171357
-62.236874
-52.124675
-37.025377
-46.566147
-47.096270
-82.820099
-28.450357
-45.730309
-55.916966
-56.396542
-74.882354
-5.123460
-75.213570
-11.781461
-41.998218
-8.975305
-1.098267
-59.778856
-66.738934
-90.554054
-82.505028
-18.785647
-57.983640
-54.593365
-2.990518
-65.548846
-65.076997
-54.357231
-31.718752
-34.497588
-10.152291
-64.984099
-50.916329
-9.048356
-41.666639
-82.009660
-45.505792
-70.329993
-84.250363
-58.156765
-1.072152
-45.733310
-53.017907
-65.672092
-71.994890
-79.601224
-87.116783
-39.693371
-2.865538
-76.244628
-79.715472
-77.229774
-12.632504
-77.044715
-72.159886
-55.797244
-21.765978
-73.911318
-65.880289
-81.207701
-75.241199
-34.514602
-44.492680
-56.899957
-65.928057
-1.305142
-30.768099
-19.195647
-25.843609
-86.002419
-53.982199
-3.488171
-0.300006
-66.974367
-96.118445
-22.653418
-59.266929
-53.594615
-59.515369
-44.672033
-46.807848
-1.195325
-62.977204
-10.088905
-95.410574
-0.640392
-78.399260
-30.172833
-70.182091
-35.557539
-10.754130
-18.374956
-68.797169
-5.079359
-23.652444
-44.904987
-34.521265
-70.727623
-81.111370
-71.040183
-51.970342
-73.638879
-43.428072
-51.742281
-51.566853
-53.570970
-0.569656
-36.817862
-85.835313
-18.137983
-97.237086
-80.243736
-43.028680
-95.136626
-23.666526
-19.254771
-70.371517
-19.308570
-12.877634
-63.676786
-74.818865
-27.833744
-68.400198
-87.310822
-34.915339
-58.548796
-33.980335
-51.459283
-72.021407
-39.973496
-64.907508
-16.398136
-0.721037
-53.313825
-79.634728
-62.374021
-32.488319
-63.074866
-3.943765
-87.592765
-68.514934
-47.931012
-8.417909
-13.664163
-13.320666
-69.281061
-35.800794
-77.957243
-52.260216
-84.867330
-59.333711
-39.431010
-61.323514
-0.750267
-70.251532
-91.759579
-27.465919
-21.603897
-16.314377
-80.914275
-31.557426
-16.098994
-71.764858
-90.256934
-22.408474
-55.368388
-61.314074
-51.186833
-93.652243
-13.961898
-27.538958
-85.352060
-26.961634
-45.409427
-58.700017
-59.617036
-35.440405
-30.414141
-0.196200
-86.865972
-22.725130
-18.065223
-89.710720
-49.384170
-86.022438
-70.344912
-88.698464
-42.236537
-10.950426
-97.870867
-23.728204
-47.352932
-76.831699
-44.425306
-58.729110
-80.135950
-27.656992
-55.126950
-58.680814
-13.271392
-80.716354
-75.985508
-23.705211
-30.293336
-10.162415
-38.621305
-57.918778
-28.176181
-28.594680
-84.187182
-45.504464
-10.978731
-2.082911
-3.105527
-77.139118
-62.277929
-88.310111
-97.024802
-20.798709
-49.283113
-13.054047
-35.468831
-89.667642
-16.843683
-86.382367
-23.980389
-30.921708
-23.797433
-63.159425
-26.522295
-72.246047
-77.430318
-3.994989
-35.898826
-91.306843
-18.671961
-58.215766
-22.155206
-72.522500
-64.063882
-6.731489
-35.628105
-97.428869
-75.484308
-15.609247
-60.398799
-70.861460
-62.793536
-69.176622
-41.095984
-57.050362
-18.010233
-76.248851
-3.398880
-44.240068
-13.626221
-16.037002
-47.486783
-81.677541
-57.097912
-72.706695
-99.292846
-72.652698
-64.607949
-85.925592
-90.460071
-87.058302
-66.294327
-78.556139
-65.000002
-34.120377
-85.659602
-6.618157
-35.211927
-56.258751
-80.705685
-29.927265
-12.908232
-76.197436
-48.788125
-17.851875
-21.979976
-8.195423
-28.404306
-91.809429
-67.830798
-50.875480
-22.409820
-99.350332
-51.270563
-9.324658
-57.640166
-40.833336
-11.633532
-41.545428
-13.049219
-9.191432
-91.947665
-6.462258
-85.982349
-94.896752
-90.921497
-25.606870
-50.950629
-40.103606
-48.903264
-27.129074
-1.601355
-2.288144
-37.797551
-36.933509
-52.387396
-23.811478
-15.318837
-40.260742
-0.911888
-77.590214
-97.176223
-36.043045
-98.431862
-68.012415
-66.701326
-59.175227
-97.393804
-32.003798
-25.126354
-4.520723
-44.429657
-52.982515
-32.901745
-95.142120
-46.502726
-78.533683
-41.029055
-51.213369
-62.880437
-80.731024
-34.936548
-79.125472
-48.810111
-95.332912
-21.177803
-54.148567
-68.198787
-69.668190
-89.752543
-17.247868
-43.109148
-25.771256
-40.755423
-22.494824
-4.492332
-0.052881
-11.171032
-70.123205
-88.323006
-64.414926
-46.746561
-21.624284
-4.161429
-52.160958
-84.708726
-61.718708
-60.628935
-80.780330
-22.201212
-18.679556
-66.087200
-5.578569
-76.597677
-10.065501
-90.855735
-57.011333
-55.206568
-21.605344
-27.030185
-25.971888
-88.915804
-71.014973
-78.168626
-50.588654
-7.028742
-41.213056
-44.585226
-88.598012
-25.737338
-85.209808
-22.622746
-67.171998
-77.543249
-97.302442
-53.834956
-77.818106
-84.864815
-51.626118
-65.948294
-47.381077
-99.719553
-64.488674
-86.994729
-84.893289
-55.359587
-36.781161
-41.961534
-89.137684
-61.658758
-56.005620
-50.970890
-22.653169
-66.132049
-17.120378
-93.335221
-72.012305
-38.045582
-88.969179
-65.408572
-37.964623
-4.598970
-41.625464
-11.347836
-0.077686
-42.869566
-55.746730
-81.153284
-1.960726
-28.126321
-56.665538
-86.641818
-52.676104
-23.092249
-58.490184
-99.430518
-80.516023
-36.414712
-81.474855
-25.996672
-0.636700
-25.192067
-96.011962
-58.765441
-50.002375
-3.202194
-9.314517
-29.314046
-66.310458
-79.214555
-45.479109
-72.477741
-98.386197
-4.458858
-8.023981
-90.486402
-19.113706
-83.483353
-79.948256
-66.187936
-33.412028
-51.182141
-85.461752
-96.882618
-14.919996
-27.098966
-23.263675
-71.020026
-8.258826
-45.252589
-19.136782
-28.692255
-93.673797
-52.319101
-18.075080
-77.607164
-97.109156
-25.225077
-40.084707
-69.219739
-42.929555
-99.931994
-56.071524
-73.116767
-62.165946
-51.881098
-22.838347
-26.080110
-10.486348
-80.990501
-10.862796
-81.936692
-28.971298
-91.214371
-86.113015
-51.392415
-50.934258
-44.487237
-39.448460
-62.007275
-93.058592
-89.045614
-8.195430
-47.918747
-19.292824
-32.193906
-44.035331
-8.865258
-14.727426
-77.394522
-17.844319
-28.125179
-82.743714
-6.407696
-18.719084
-75.866177
-69.863324
-17.056433
-79.415338
-46.271606
-2.896136
-94.325121
-50.211964
-62.460807
-26.180555
-63.614965
-85.001261
-95.733337
-71.830994
-3.276803
-7.226677
-54.772942
-0.646748
-61.621422
-15.976823
-8.066699
-45.561740
-12.905746
-14.007336
-4.041065
-40.175757
-41.730930
-29.927307
-32.441187
-4.257897
-75.206352
-8.851457
-42.657329
-6.315417
-40.225204
-44.276140
-74.857957
-3.913119
-43.921478
-44.682819
-8.378544
-66.165243
-12.234402
-38.711578
-33.756411
-86.546511
-75.089122
-70.940661
-25.643816
-1.661415
-64.440989
-55.207712
-27.316144
-17.487561
-27.131793
-62.962813
-59.314392
-95.325409
-11.258834
-92.269339
-64.618249
-63.023452
-70.760873
-57.369888
-6.146942
-71.735630
-37.845316
-60.775926
-31.822761
-1.705492
-24.929139
-47.500453
-80.580641
-7.894711
-34.257125
-10.030096
-85.851884
-6.582361
-69.466501
-38.595377
-61.491549
-12.731275
-50.564425
-97.864475
-56.797962
-67.086362
-24.189314
-55.945909
-81.410092
-24.965436
-3.019609
-32.342555
-34.222690
-32.368113
-69.570702
-49.235381
-96.018189
-92.314812
-54.539791
-44.964986
-99.801250
-5.282832
-59.537067
-90.106426
-24.075590
-84.375309
-49.762544
-79.312887
-56.087212
-13.312388
-78.326304
-17.653797
-75.647003
-25.111742
-86.279046
-7.234432
-57.381457
-88.272795
-25.637187
-3.768079
-60.528256
-59.394531
-58.360472
-80.853457
-66.174347
-32.151594
-19.110193
-65.179866
-26.738121
-24.569421
-64.522094
-42.201032
-52.948374
-28.021403
-22.925734
-95.141415
-31.267758
-16.301780
-40.995942
-50.747056
-67.295442
-21.800554
-27.256139
-91.412156
-97.740219
-88.366480
-5.227418
-71.115291
-84.561123
-40.546197
-30.357457
-80.777412
-68.940572
-66.459855
-9.270970
-57.348742
-27.554529
-93.134054
-66.790289
-67.453492
-99.218301
-91.831701
-92.825914
-22.702550
-63.336161
-63.772074
-45.573885
-41.278362
-15.241322
-31.666213
-52.777490
-14.339720
-22.566635
-62.415823
-93.990244
-75.050252
-61.496904
-69.775471
-15.480620
-86.221341
-71.706609
-96.349026
-2.901384
-77.369043
-27.104407
-88.835480
-42.688044
-68.629227
-93.784380
-89.612015
-80.017583
-66.766171
-79.268574
-13.910900
-68.844714
-92.218468
-41.619131
-65.858471
-41.809179
-38.759609
-98.468752
-74.577598
-22.048988
-40.798198
-11.450127
-91.925833
-41.732309
-49.824074
-19.172512
-38.106241
-42.669403
-46.007848
-22.071000
-66.558353
-83.768719
-35.525264
-10.159957
-4.109101
-20.466263
-83.358464
-36.998253
-54.470552
-90.611976
-93.691928
-16.080729
-1.955915
-19.667175
-96.082600
-24.567100
-35.514360
-87.737305
-76.170043
-52.933306
-54.231377
-85.741779
-85.631475
-79.564612
-66.053213
-39.151709
-46.291888
-97.929989
-93.328729
-4.234870
-42.026200
-62.646036
-3.595535
-15.338870
-94.021647
-18.472827
-72.014704
-78.157392
-75.561363
-76.148173
-81.051696
-62.075907
-19.735636
-50.573025
-26.078410
-62.220744
-16.081686
-38.622893
-3.700132
-86.405135
-69.518647
-34.812192
-45.574808
-15.953639
-55.287574
-34.290715
-49.507600
-95.583303
-19.041830
-26.290682
-27.478055
-52.710271
-53.311221
-75.494281
-55.559370
-67.691704
-18.188409
-28.375436
-98.347597
-97.272273
-13.890967
-8.814718
-68.859710
-57.899738
-39.924368
-9.047827
-51.513106
-91.834620
-12.403673
-49.347616
-13.789686
-46.112769
-61.049018
-23.235894
-84.336591
-46.690135
-98.205816
17.000000
8.000000
7.000000
11.000000
9.000000
10.000000
7.000000
11.000000
2.000000
3.000000
15.000000
10.000000
14.000000
15.000000
7.000000
11.000000
15.000000
14.000000
18.000000
11.000000
19.000000
10.000000
15.000000
10.000000
2.000000
1.000000
10.000000
4.000000
10.000000
6.000000
3.000000
1.000000
16.000000
7.000000
6.000000
3.000000
1.000000
17.000000
5.000000
6.000000
7.000000
4.000000
9.000000
7.000000
13.000000
10.000000
13.000000
17.000000
14.000000
17.000000
5.000000
6.000000
14.000000
10.000000
4.000000
11.000000
6.000000
4.000000
7.000000
16.000000
10.000000
15.000000
6.000000
4.000000
8.000000
1.000000
10.000000
9.000000
15.000000
19.000000
8.000000
13.000000
12.000000
17.000000
12.000000
18.000000
7.000000
4.000000
16.000000
16.000000
16.000000
8.000000
11.000000
19.000000
16.000000
18.000000
14.000000
10.000000
5.000000
19.000000
17.000000
8.000000
8.000000
7.000000
15.000000
13.000000
18.000000
10.000000
6.000000
18.000000
13.000000
15.000000
16.000000
17.000000
6.000000
16.000000
18.000000
16.000000
8.000000
12.000000
14.000000
18.000000
7.000000
3.000000
9.000000
16.000000
11.000000
16.000000
3.000000
8.000000
15.000000
14.000000
15.000000
7.000000
7.000000
1.000000
7.000000
16.000000
15.000000
5.000000
11.000000
8.000000
9.000000
1.000000
3.000000
11.000000
3.000000
5.000000
17.000000
5.000000
8.000000
7.000000
10.000000
5.000000
15.000000
5.000000
11.000000
12.000000
16.000000
11.000000
2.000000
4.000000
18.000000
13.000000
9.000000
18.000000
6.000000
1.000000
6.000000
16.000000
18.000000
16.000000
2.000000
13.000000
13.000000
11.000000
1.000000
3.000000
10.000000
12.000000
12.000000
16.000000
4.000000
16.000000
2.000000
11.000000
3.000000
18.000000
17.000000
16.000000
7.000000
18.000000
15.000000
2.000000
1.000000
3.000000
4.000000
15.000000
15.000000
1.000000
11.000000
14.000000
17.000000
16.000000
13.000000
18.000000
12.000000
8.000000
4.000000
8.000000
13.000000
3.000000
9.000000
10.000000
8.000000
9.000000
7.000000
8.000000
1.000000
16.000000
4.000000
14.000000
10.000000
19.000000
10.000000
5.000000
10.000000
4.000000
14.000000
4.000000
15.000000
1.000000
19.000000
9.000000
5.000000
10.000000
11.000000
17.000000
10.000000
13.000000
18.000000
7.000000
1.000000
2.000000
5.000000
1.000000
5.000000
4.000000
14.000000
17.000000
10.000000
2.000000
7.000000
1.000000
16.000000
13.000000
10.000000
8.000000
18.000000
17.000000
1.000000
4.000000
13.000000
12.000000
2.000000
6.000000
5.000000
17.000000
15.000000
6.000000
13.000000
3.000000
8.000000
8.000000
2.000000
12.000000
7.000000
4.000000
14.000000
16.000000
17.000000
15.000000
6.000000
6.000000
9.000000
15.000000
1.000000
5.000000
8.000000
18.000000
7.000000
11.000000
12.000000
12.000000
19.000000
14.000000
5.000000
13.000000
12.000000
5.000000
18.000000
12.000000
17.000000
4.000000
18.000000
3.000000
14.000000
17.000000
5.000000
3.000000
13.000000
19.000000
12.000000
2.000000
11.000000
19.000000
4.000000
18.000000
5.000000
4.000000
6.000000
3.000000
18.000000
14.000000
13.000000
8.000000
7.000000
15.000000
1.000000
5.000000
19.000000
16.000000
2.000000
19.000000
18.000000
9.000000
16.000000
14.000000
2.000000
18.000000
19.000000
17.000000
9.000000
9.000000
16.000000
8.000000
2.000000
9.000000
13.000000
3.000000
18.000000
12.000000
17.000000
6.000000
3.000000
7.000000
11.000000
14.000000
6.000000
18.000000
13.000000
16.000000
15.000000
14.000000
10.000000
14.000000
19.000000
1.000000
9.000000
19.000000
6.000000
4.000000
10.000000
5.000000
6.000000
4.000000
8.000000
13.000000
3.000000
1.000000
2.000000
5.000000
13.000000
12.000000
7.000000
14.000000
18.000000
18.000000
14.000000
8.000000
11.000000
14.000000
16.000000
18.000000
17.000000
10.000000
7.000000
15.000000
16.000000
14.000000
2.000000
13.000000
13.000000
2.000000
18.000000
6.000000
16.000000
17.000000
10.000000
19.000000
19.000000
6.000000
15.000000
7.000000
8.000000
6.000000
10.000000
13.000000
7.000000
7.000000
16.000000
2.000000
19.000000
17.000000
16.000000
19.000000
16.000000
10.000000
17.000000
4.000000
5.000000
4.000000
8.000000
16.000000
2.000000
16.000000
6.000000
16.000000
17.000000
11.000000
1.000000
13.000000
6.000000
8.000000
1.000000
13.000000
5.000000
2.000000
6.000000
18.000000
1.000000
5.000000
19.000000
4.000000
14.000000
7.000000
17.000000
10.000000
14.000000
3.000000
5.000000
7.000000
6.000000
10.000000
2.000000
6.000000
9.000000
15.000000
7.000000
7.000000
3.000000
19.000000
15.000000
2.000000
6.000000
15.000000
3.000000
13.000000
15.000000
8.000000
19.000000
18.000000
19.000000
12.000000
7.000000
3.000000
17.000000
17.000000
18.000000
11.000000
17.000000
10.000000
15.000000
5.000000
19.000000
11.000000
17.000000
13.000000
11.000000
19.000000
6.000000
3.000000
17.000000
16.000000
8.000000
19.000000
9.000000
19.000000
5.000000
13.000000
13.000000
14.000000
18.000000
4.000000
1.000000
14.000000
13.000000
19.000000
14.000000
8.000000
7.000000
13.000000
5.000000
19.000000
2.000000
9.000000
11.000000
14.000000
10.000000
7.000000
14.000000
17.000000
18.000000
4.000000
1.000000
15.000000
16.000000
7.000000
3.000000
4.000000
10.000000
10.000000
3.000000
19.000000
3.000000
17.000000
19.000000
19.000000
1.000000
12.000000
17.000000
15.000000
1.000000
9.000000
3.000000
3.000000
14.000000
14.000000
1.000000
6.000000
11.000000
3.000000
10.000000
18.000000
2.000000
12.000000
7.000000
12.000000
14.000000
14.000000
14.000000
7.000000
18.000000
8.000000
15.000000
17.000000
4.000000
17.000000
1.000000
10.000000
9.000000
9.000000
1.000000
19.000000
7.000000
6.000000
14.000000
6.000000
8.000000
18.000000
18.000000
7.000000
15.000000
13.000000
17.000000
3.000000
8.000000
9.000000
9.000000
11.000000
2.000000
14.000000
3.000000
11.000000
9.000000
1.000000
19.000000
8.000000
16.000000
13.000000
13.000000
6.000000
4.000000
3.000000
6.000000
12.000000
4.000000
18.000000
19.000000
7.000000
15.000000
18.000000
2.000000
10.000000
4.000000
11.000000
17.000000
6.000000
17.000000
14.000000
11.000000
9.000000
7.000000
4.000000
15.000000
3.000000
2.000000
10.000000
19.000000
9.000000
12.000000
17.000000
6.000000
4.000000
1.000000
1.000000
18.000000
5.000000
7.000000
19.000000
18.000000
16.000000
12.000000
14.000000
9.000000
19.000000
9.000000
13.000000
8.000000
15.000000
4.000000
6.000000
16.000000
13.000000
5.000000
17.000000
11.000000
7.000000
18.000000
19.000000
8.000000
7.000000
2.000000
8.000000
7.000000
10.000000
18.000000
11.000000
4.000000
7.000000
9.000000
13.000000
18.000000
17.000000
14.000000
9.000000
19.000000
13.000000
19.000000
17.000000
5.000000
18.000000
17.000000
9.000000
11.000000
10.000000
19.000000
1.000000
10.000000
6.000000
10.000000
19.000000
16.000000
3.000000
6.000000
18.000000
5.000000
8.000000
4.000000
16.000000
3.000000
10.000000
16.000000
15.000000
4.000000
15.000000
4.000000
4.000000
18.000000
15.000000
11.000000
2.000000
1.000000
9.000000
18.000000
17.000000
17.000000
14.000000
18.000000
14.000000
9.000000
3.000000
7.000000
10.000000
6.000000
9.000000
4.000000
7.000000
15.000000
9.000000
13.000000
10.000000
5.000000
17.000000
13.000000
4.000000
7.000000
12.000000
14.000000
14.000000
15.000000
10.000000
15.000000
1.000000
3.000000
8.000000
15.000000
4.000000
3.000000
15.000000
19.000000
1.000000
8.000000
11.000000
10.000000
6.000000
17.000000
4.000000
9.000000
6.000000
6.000000
16.000000
8.000000
4.000000
14.000000
3.000000
13.000000
18.000000
10.000000
17.000000
10.000000
11.000000
7.000000
1.000000
16.000000
2.000000
4.000000
6.000000
7.000000
16.000000
19.000000
11.000000
3.000000
8.000000
11.000000
2.000000
6.000000
17.000000
10.000000
16.000000
9.000000
18.000000
6.000000
5.000000
12.000000
16.000000
17.000000
2.000000
15.000000
2.000000
8.000000
5.000000
1.000000
15.000000
3.000000
16.000000
10.000000
10.000000
7.000000
3.000000
12.000000
9.000000
4.000000
18.000000
12.000000
6.000000
13.000000
19.000000
16.000000
17.000000
7.000000
13.000000
10.000000
2.000000
16.000000
14.000000
5.000000
5.000000
11.000000
13.000000
19.000000
3.000000
18.000000
7.000000
2.000000
15.000000
2.000000
9.000000
16.000000
1.000000
1.000000
8.000000
12.000000
13.000000
16.000000
5.000000
2.000000
2.000000
9.000000
7.000000
1.000000
7.000000
1.000000
11.000000
18.000000
1.000000
18.000000
3.000000
19.000000
11.000000
4.000000
9.000000
1.000000
4.000000
18.000000
6.000000
3.000000
8.000000
9.000000
6.000000
8.000000
6.000000
13.000000
7.000000
18.000000
12.000000
7.000000
6.000000
4.000000
16.000000
5.000000
14.000000
7.000000
1.000000
9.000000
18.000000
7.000000
17.000000
12.000000
11.000000
6.000000
3.000000
1.000000
10.000000
18.000000
3.000000
6.000000
13.000000
2.000000
7.000000
17.000000
7.000000
11.000000
10.000000
13.000000
8.000000
9.000000
10.000000
10.000000
9.000000
14.000000
5.000000
12.000000
11.000000
9.000000
15.000000
7.000000
18.000000
4.000000
17.000000
2.000000
19.000000
18.000000
3.000000
3.000000
5.000000
8.000000
7.000000
13.000000
5.000000
2.000000
16.000000
18.000000
15.000000
9.000000
19.000000
1.000000
15.000000
6.000000
18.000000
2.000000
19.000000
13.000000
11.000000
18.000000
7.000000
7.000000
17.000000
12.000000
18.000000
14.000000
12.000000
7.000000
1.000000
17.000000
1.000000
15.000000
15.000000
7.000000
2.000000
13.000000
18.000000
2.000000
8.000000
14.000000
4.000000
11.000000
2.000000
12.000000
8.000000
12.000000
1.000000
16.000000
4.000000
16.000000
11.000000
1.000000
2.000000
5.000000
1.000000
7.000000
4.000000
4.000000
12.000000
15.000000
18.000000
5.000000
17.000000
6.000000
9.000000
16.000000
11.000000
19.000000
18.000000
16.000000
10.000000
12.000000
5.000000
19.000000
16.000000
4.000000
2.000000
2.000000
18.000000
11.000000
11.000000
5.000000
14.000000
18.000000
5.000000
9.000000
8.000000
17.000000
2.000000
13.000000
3.000000
6.000000
12.000000
13.000000
1.000000
16.000000
12.000000
14.000000
11.000000
11.000000
11.000000
11.000000
8.000000
12.000000
12.000000
11.000000
10.000000
3.000000
9.000000
2.000000
3.000000
13.000000
11.000000
2.000000
12.000000
3.000000
7.000000
1.000000
13.000000
6.000000
15.000000
10.000000
9.000000
17.000000
4.000000
8.000000
4.000000
5.000000
5.000000
16.000000
7.000000
15.000000
1.000000
7.000000
18.000000
15.000000
12.000000
3.000000
15.000000
9.000000
4.000000
15.000000
10.000000
9.000000
12.000000
8.000000
12.000000
9.000000
13.000000
19.000000
4.000000
17.000000
19.000000
16.000000
1.000000
5.000000
4.000000
13.000000
10.000000
15.000000
10.000000
5.000000
11.000000
12.000000
4.000000
3.000000
10.000000
5.000000
6.000000
7.000000
11.000000
9.000000
4.000000
10.000000
8.000000
1.000000
16.000000
6.000000
12.000000
17.000000
7.000000
2.000000
16.000000
16.000000
3.000000
18.000000
11.000000
9.000000
1.000000
8.000000
8.000000
5.000000
8.000000
19.000000
2.000000
14.000000
6.000000
18.000000
18.000000
1.000000
10.000000
3.000000
7.000000
4.000000
10.000000
15.000000
11.000000
8.000000
4.000000
10.000000
5.000000
12.000000
3.000000
18.000000
5.000000
5.000000
6.000000
3.000000
1.000000
16.000000
10.000000
6.000000
7.000000
4.000000
2.000000
10.000000
16.000000
8.000000
2.000000
14.000000
15.000000
11.000000
14.000000
6.000000
6.000000
13.000000
18.000000
17.000000
6.000000
14.000000
18.000000
9.000000
18.000000
13.000000
4.000000
1.000000
3.000000
16.000000
17.000000
16.000000
2.000000
4.000000
5.000000
6.000000
9.000000
1.000000
14.000000
2.000000
1.000000
9.000000
9.000000
9.000000
15.000000
17.000000
17.000000
13.000000
7.000000
3.000000
9.000000
17.000000
17.000000
19.000000
2.000000
18.000000
16.000000
12.000000
17.000000
3.000000
17.000000
19.000000
5.000000
1.000000
16.000000
19.000000
11.000000
5.000000
2.000000
8.000000
1.000000
19.000000
3.000000
3.000000
15.000000
15.000000
12.000000
11.000000
3.000000
17.000000
8.000000
8.000000
13.000000
1.000000
2.000000
15.000000
8.000000
9.000000
5.000000
3.000000
9.000000
4.000000
19.000000
7.000000
19.000000
1.000000
14.000000
14.000000
2.000000
18.000000
1.000000
6.000000
6.000000
18.000000
10.000000
13.000000
10.000000
1.000000
13.000000
17.000000
16.000000
17.000000
15.000000
9.000000
1.000000
17.000000
1.000000
6.000000
10.000000
9.000000
6.000000
14.000000
5.000000
7.000000
2.000000
18.000000
4.000000
3.000000
8.000000
6.000000
19.000000
14.000000
12.000000
14.000000
10.000000
16.000000
12.000000
9.000000
7.000000
6.000000
14.000000
6.000000
1.000000
7.000000
3.000000
12.000000
7.000000
14.000000
12.000000
6.000000
14.000000
11.000000
19.000000
6.000000
7.000000
6.000000
19.000000
19.000000
14.000000
10.000000
5.000000
17.000000
11.000000
11.000000
9.000000
6.000000
3.000000
8.000000
12.000000
18.000000
8.000000
17.000000
17.000000
13.000000
3.000000
3.000000
19.000000
15.000000
2.000000
2.000000
10.000000
10.000000
3.000000
16.000000
8.000000
11.000000
17.000000
13.000000
18.000000
5.000000
12.000000
2.000000
2.000000
18.000000
13.000000
10.000000
11.000000
18.000000
16.000000
3.000000
10.000000
14.000000
8.000000
1.000000
6.000000
17.000000
4.000000
14.000000
17.000000
10.000000
13.000000
9.000000
7.000000
8.000000
16.000000
16.000000
2.000000
19.000000
3.000000
1.000000
11.000000
13.000000
2.000000
14.000000
5.000000
7.000000
18.000000
11.000000
14.000000
1.000000
8.000000
4.000000
10.000000
12.000000
2.000000
12.000000
2.000000
5.000000
6.000000
19.000000
6.000000
16.000000
9.000000
14.000000
7.000000
10.000000
10.000000
15.000000
13.000000
4.000000
9.000000
12.000000
19.000000
18.000000
9.000000
10.000000
6.000000
8.000000
12.000000
12.000000
11.000000
19.000000
9.000000
5.000000
10.000000
10.000000
5.000000
16.000000
16.000000
4.000000
11.000000
17.000000
13.000000
15.000000
1.000000
18.000000
4.000000
3.000000
7.000000
14.000000
11.000000
15.000000
8.000000
17.000000
18.000000
3.000000
12.000000
3.000000
12.000000
13.000000
19.000000
15.000000
1.000000
10.000000
10.000000
14.000000
13.000000
14.000000
11.000000
4.000000
6.000000
14.000000
9.000000
14.000000
12.000000
14.000000
2.000000
16.000000
5.000000
2.000000
3.000000
7.000000
18.000000
17.000000
12.000000
1.000000
1.000000
8.000000
3.000000
11.000000
11.000000
14.000000
15.000000
15.000000
2.000000
13.000000
7.000000
18.000000
14.000000
6.000000
5.000000
8.000000
13.000000
13.000000
17.000000
13.000000
6.000000
15.000000
4.000000
16.000000
8.000000
9.000000
19.000000
11.000000
3.000000
3.000000
6.000000
17.000000
15.000000
8.000000
3.000000
7.000000
17.000000
13.000000
7.000000
19.000000
5.000000
8.000000
7.000000
14.000000
9.000000
12.000000
11.000000
11.000000
11.000000
12.000000
3.000000
17.000000
16.000000
16.000000
12.000000
2.000000
4.000000
17.000000
16.000000
2.000000
2.000000
11.000000
15.000000
19.000000
2.000000
10.000000
12.000000
9.000000
17.000000
11.000000
2.000000
4.000000
1.000000
2.000000
9.000000
6.000000
15.000000
14.000000
11.000000
17.000000
6.000000
10.000000
17.000000
14.000000
10.000000
8.000000
16.000000
7.000000
3.000000
8.000000
1.000000
13.000000
7.000000
8.000000
12.000000
5.000000
5.000000
2.000000
8.000000
13.000000
10.000000
7.000000
18.000000
19.000000
7.000000
9.000000
7.000000
2.000000
13.000000
16.000000
19.000000
13.000000
4.000000
15.000000
12.000000
4.000000
11.000000
7.000000
12.000000
3.000000
15.000000
16.000000
8.000000
19.000000
2.000000
9.000000
19.000000
3.000000
6.000000
15.000000
17.000000
5.000000
3.000000
4.000000
2.000000
12.000000
12.000000
3.000000
13.000000
19.000000
3.000000
9.000000
6.000000
13.000000
18.000000
10.000000
8.000000
12.000000
14.000000
18.000000
9.000000
13.000000
18.000000
15.000000
7.000000
8.000000
3.000000
1.000000
1.000000
6.000000
11.000000
17.000000
13.000000
19.000000
3.000000
5.000000
7.000000
3.000000
12.000000
14.000000
17.000000
11.000000
5.000000
15.000000
8.000000
5.000000
5.000000
5.000000
12.000000
7.000000
17.000000
10.000000
16.000000
14.000000
4.000000
16.000000
13.000000
2.000000
11.000000
5.000000
11.000000
10.000000
9.000000
19.000000
16.000000
4.000000
3.000000
10.000000
7.000000
15.000000
9.000000
7.000000
13.000000
8.000000
12.000000
2.000000
3.000000
1.000000
5.000000
1.000000
3.000000
7.000000
4.000000
13.000000
9.000000
17.000000
10.000000
2.000000
6.000000
18.000000
15.000000
9.000000
12.000000
3.000000
11.000000
9.000000
13.000000
3.000000
2.000000
12.000000
7.000000
11.000000
12.000000
12.000000
4.000000
19.000000
1.000000
4.000000
19.000000
19.000000
3.000000
3.000000
11.000000
10.000000
7.000000
17.000000
11.000000
11.000000
4.000000
5.000000
18.000000
8.000000
10.000000
8.000000
5.000000
4.000000
1.000000
17.000000
8.000000
7.000000
7.000000
8.000000
5.000000
3.000000
18.000000
1.000000
2.000000
14.000000
19.000000
19.000000
12.000000
2.000000
12.000000
8.000000
3.000000
6.000000
4.000000
18.000000
8.000000
15.000000
1.000000
5.000000
8.000000
2.000000
8.000000
14.000000
2.000000
16.000000
1.000000
4.000000
15.000000
13.000000
14.000000
7.000000
9.000000
16.000000
13.000000
10.000000
15.000000
5.000000
9.000000
19.000000
10.000000
5.000000
1.000000
15.000000
3.000000
1.000000
18.000000
16.000000
13.000000
9.000000
3.000000
10.000000
4.000000
6.000000
9.000000
14.000000
17.000000
12.000000
4.000000
13.000000
12.000000
4.000000
3.000000
15.000000
16.000000
6.000000
11.000000
10.000000
14.000000
13.000000
18.000000
4.000000
4.000000
12.000000
7.000000
18.000000
8.000000
1.000000
16.000000
11.000000
15.000000
16.000000
3.000000
7.000000
18.000000
9.000000
11.000000
14.000000
10.000000
8.000000
13.000000
1.000000
12.000000
6.000000
18.000000
10.000000
9.000000
6.000000
5.000000
15.000000
4.000000
9.000000
16.000000
4.000000
14.000000
4.000000
1.000000
4.000000
17.000000
19.000000
15.000000
15.000000
15.000000
16.000000
6.000000
3.000000
19.000000
18.000000
7.000000
14.000000
16.000000
12.000000
5.000000
17.000000
12.000000
1.000000
16.000000
7.000000
16.000000
8.000000
17.000000
14.000000
15.000000
9.000000
2.000000
12.000000
14.000000
8.000000
6.000000
9.000000
11.000000
4.000000
1.000000
19.000000
15.000000
19.000000
7.000000
4.000000
18.000000
18.000000
4.000000
10.000000
9.000000
6.000000
16.000000
19.000000
13.000000
2.000000
4.000000
16.000000
11.000000
19.000000
13.000000
14.000000
8.000000
6.000000
14.000000
18.000000
3.000000
18.000000
2.000000
16.000000
11.000000
13.000000
13.000000
2.000000
13.000000
17.000000
11.000000
13.000000
7.000000
2.000000
15.000000
2.000000
6.000000
1.000000
1.000000
6.000000
11.000000
9.000000
18.000000
8.000000
6.000000
6.000000
17.000000
13.000000
17.000000
1.000000
11.000000
5.000000
8.000000
1.000000
18.000000
19.000000
8.000000
9.000000
3.000000
18.000000
19.000000
3.000000
8.000000
15.000000
4.000000
17.000000
8.000000
4.000000
7.000000
8.000000
5.000000
8.000000
19.000000
14.000000
4.000000
14.000000
8.000000
18.000000
2.000000
5.000000
14.000000
14.000000
8.000000
8.000000
1.000000
12.000000
18.000000
19.000000
11.000000
7.000000
19.000000
5.000000
16.000000
1.000000
8.000000
5.000000
15.000000
1.000000
7.000000
15.000000
12.000000
19.000000
4.000000
13.000000
17.000000
11.000000
16.000000
2.000000
1.000000
1.000000
7.000000
15.000000
15.000000
3.000000
12.000000
1.000000
13.000000
5.000000
12.000000
6.000000
17.000000
16.000000
19.000000
11.000000
13.000000
11.000000
5.000000
17.000000
17.000000
18.000000
13.000000
100.000000
100.000000
100.000000
100.000000
100.000000
100.000000
100.000000
100.000000
100.000000
100.000000
100.000000
100.000000
100.000000
100.000000
100.000000
100.000000
100.000000
100.000000
100.000000
100.000000
100.000000
100.000000
100.000000
100.000000
100.000000
100.000000
100.000000
100.000000
100.000000
100.000000
100.000000
100.000000
100.000000
100.000000
100.000000
100.000000
100.000000
100.000000
100.000000
100.000000
100.000000
100.000000
100.000000
100.000000
100.000000
100.000000
100.000000
100.000000
100.000000
100.000000
100.000000
100.000000
100.000000
100.000000
100.000000
100.000000
100.000000
100.000000
100.000000
100.000000
100.000000
100.000000
100.000000
100.000000
100.000000
100.000000
100.000000
100.000000
100.000000
100.000000
100.000000
100.000000
100.000000
100.000000
100.000000
100.000000
100.000000
100.000000
100.000000
100.000000
100.000000
100.000000
100.000000
100.000000
100.000000
100.000000
100.000000
100.000000
100.000000
100.000000
100.000000
100.000000
100.000000
100.000000
100.000000
100.000000
100.000000
100.000000
100.000000
100.000000
100.000000
100.000000
100.000000
100.000000
100.000000
100.000000
100.000000
100.000000
100.000000
100.000000
100.000000
100.000000
100.000000
100.000000
100.000000
100.000000
100.000000
100.000000
100.000000
100.000000
100.000000
100.000000
100.000000
100.000000
100.000000
100.000000
100.000000
100.000000
100.000000
100.000000
100.000000
100.000000
100.000000
100.000000
100.000000
100.000000
100.000000
100.000000
100.000000
100.000000
100.000000
100.000000
100.000000
100.000000
100.000000
100.000000
100.000000
100.000000
100.000000
100.000000
100.000000
100.000000
100.000000
100.000000
100.000000
100.000000
100.000000
100.000000
100.000000
100.000000
100.000000
100.000000
100.000000
100.000000
100.000000
100.000000
100.000000
100.000000
100.000000
100.000000
100.000000
100.000000
100.000000
100.000000
100.000000
100.000000
100.000000
100.000000
100.000000
100.000000
100.000000
100.000000
100.000000
100.000000
100.000000
100.000000
100.000000
100.000000
100.000000
100.000000
100.000000
100.000000
100.000000
100.000000
100.000000
100.000000
100.000000
100.000000
100.000000
100.000000
100.000000
100.000000
100.000000
100.000000
100.000000
100.000000
100.000000
100.000000
100.000000
100.000000
100.000000
100.000000
100.000000
100.000000
100.000000
100.000000
100.000000
100.000000
100.000000
100.000000
100.000000
100.000000
100.000000
100.000000
100.000000
100.000000
100.000000
100.000000
100.000000
100.000000
100.000000
100.000000
100.000000
100.000000
100.000000
100.000000
100.000000
100.000000
100.000000
100.000000
100.000000
100.000000
100.000000
100.000000
100.000000
100.000000
100.000000
100.000000
100.000000
100.000000
100.000000
100.000000
100.000000
100.000000
100.000000
100.000000
100.000000
100.000000
100.000000
100.000000
100.000000
100.000000
100.000000
100.000000
100.000000
100.000000
100.000000
100.000000
100.000000
100.000000
100.000000
100.000000
100.000000
100.000000
100.000000
100.000000
100.000000
100.000000
100.000000
100.000000
100.000000
100.000000
100.000000
100.000000
100.000000
100.000000
100.000000
100.000000
100.000000
100.000000
100.000000
100.000000
100.000000
100.000000
100.000000
100.000000
100.000000
100.000000
100.000000
100.000000
100.000000
100.000000
100.000000
100.000000
100.000000
100.000000
100.000000
100.000000
100.000000
100.000000
100.000000
100.000000
100.000000
100.000000
100.000000
100.000000
100.000000
100.000000
100.000000
100.000000
100.000000
100.000000
100.000000
100.000000
100.000000
100.000000
100.000000
100.000000
100.000000
100.000000
100.000000
100.000000
100.000000
100.000000
100.000000
100.000000
100.000000
100.000000
100.000000
100.000000
100.000000
100.000000
100.000000
100.000000
100.000000
100.000000
100.000000
100.000000
100.000000
100.000000
100.000000
100.000000
100.000000
100.000000
100.000000
100.000000
100.000000
100.000000
100.000000
100.000000
100.000000
100.000000
100.000000
100.000000
100.000000
100.000000
100.000000
100.000000
100.000000
100.000000
100.000000
100.000000
100.000000
100.000000
100.000000
100.000000
100.000000
100.000000
100.000000
100.000000
100.000000
100.000000
100.000000
100.000000
100.000000
100.000000
100.000000
100.000000
100.000000
100.000000
100.000000
100.000000
100.000000
100.000000
100.000000
100.000000
100.000000
100.000000
100.000000
100.000000
100.000000
100.000000
100.000000
100.000000
100.000000
100.000000
100.000000
100.000000
100.000000
100.000000
100.000000
100.000000
100.000000
100.000000
100.000000
100.000000
100.000000
100.000000
100.000000
100.000000
100.000000
100.000000
100.000000
100.000000
100.000000
100.000000
100.000000
100.000000
100.000000
100.000000
100.000000
100.000000
100.000000
100.000000
100.000000
100.000000
100.000000
100.000000
100.000000
100.000000
100.000000
100.000000
100.000000
100.000000
100.000000
100.000000
100.000000
100.000000
100.000000
100.000000
100.000000
100.000000
100.000000
100.000000
100.000000
100.000000
100.000000
100.000000
100.000000
100.000000
100.000000
100.000000
100.000000
100.000000
100.000000
100.000000
100.000000
100.000000
100.000000
100.000000
100.000000
100.000000
100.000000
100.000000
100.000000
100.000000
100.000000
100.000000
100.000000
100.000000
100.000000
100.000000
100.000000
100.000000
100.000000
100.000000
100.000000
100.000000
100.000000
100.000000
100.000000
100.000000
100.000000
100.000000
100.000000
100.000000
100.000000
100.000000
100.000000
100.000000
100.000000
100.000000
100.000000
100.000000
100.000000
100.000000
100.000000
100.000000
100.000000
100.000000
100.000000
100.000000
100.000000
100.000000
100.000000
100.000000
100.000000
100.000000
100.000000
100.000000
100.000000
100.000000
100.000000
100.000000
100.000000
100.000000
100.000000
100.000000
100.000000
100.000000
100.000000
100.000000
100.000000
100.000000
100.000000
100.000000
100.000000
100.000000
100.000000
100.000000
100.000000
100.000000
100.000000
100.000000
100.000000
100.000000
100.000000
100.000000
100.000000
100.000000
100.000000
100.000000
100.000000
100.000000
100.000000
100.000000
100.000000
100.000000
100.000000
100.000000
100.000000
100.000000
100.000000
100.000000
100.000000
100.000000
100.000000
100.000000
100.000000
100.000000
100.000000
100.000000
100.000000
100.000000
100.000000
100.000000
100.000000
100.000000
100.000000
100.000000
100.000000
100.000000
100.000000
100.000000
100.000000
100.000000
100.000000
100.000000
100.000000
100.000000
100.000000
100.000000
100.000000
100.000000
100.000000
100.000000
100.000000
100.000000
100.000000
100.000000
100.000000
100.000000
100.000000
100.000000
100.000000
100.000000
100.000000
100.000000
100.000000
100.000000
100.000000
100.000000
100.000000
100.000000
100.000000
100.000000
100.000000
100.000000
100.000000
100.000000
100.000000
100.000000
100.000000
100.000000
100.000000
100.000000
100.000000
100.000000
100.000000
100.000000
100.000000
100.000000
100.000000
100.000000
100.000000
100.000000
100.000000
100.000000
100.000000
100.000000
100.000000
100.000000
100.000000
100.000000
100.000000
100.000000
100.000000
100.000000
100.000000
100.000000
100.000000
100.000000
100.000000
100.000000
100.000000
100.000000
100.000000
100.000000
100.000000
100.000000
100.000000
100.000000
100.000000
100.000000
100.000000
100.000000
100.000000
100.000000
100.000000
100.000000
100.000000
100.000000
100.000000
100.000000
100.000000
100.000000
100.000000
100.000000
100.000000
100.000000
100.000000
100.000000
100.000000
100.000000
100.000000
100.000000
100.000000
100.000000
100.000000
100.000000
100.000000
100.000000
100.000000
100.000000
100.000000
100.000000
100.000000
100.000000
100.000000
100.000000
100.000000
100.000000
100.000000
100.000000
100.000000
100.000000
100.000000
100.000000
100.000000
100.000000
100.000000
100.000000
100.000000
100.000000
100.000000
100.000000
100.000000
100.000000
100.000000
100.000000
100.000000
100.000000
100.000000
100.000000
100.000000
100.000000
100.000000
100.000000
100.000000
100.000000
100.000000
100.000000
100.000000
100.000000
100.000000
100.000000
100.000000
100.000000
100.000000
100.000000
100.000000
100.000000
100.000000
100.000000
100.000000
100.000000
100.000000
100.000000
100.000000
100.000000
100.000000
100.000000
100.000000
100.000000
100.000000
100.000000
100.000000
100.000000
100.000000
100.000000
100.000000
100.000000
100.000000
100.000000
100.000000
100.000000
100.000000
100.000000
100.000000
100.000000
100.000000
100.000000
100.000000
100.000000
100.000000
100.000000
100.000000
100.000000
100.000000
100.000000
100.000000
100.000000
100.000000
100.000000
100.000000
100.000000
100.000000
100.000000
100.000000
100.000000
100.000000
100.000000
100.000000
100.000000
100.000000
100.000000
100.000000
100.000000
100.000000
100.000000
100.000000
100.000000
100.000000
100.000000
100.000000
100.000000
100.000000
100.000000
100.000000
100.000000
100.000000
100.000000
100.000000
100.000000
100.000000
100.000000
100.000000
100.000000
100.000000
100.000000
100.000000
100.000000
100.000000
100.000000
100.000000
100.000000
100.000000
100.000000
100.000000
100.000000
100.000000
100.000000
100.000000
100.000000
100.000000
100.000000
100.000000
100.000000
100.000000
100.000000
100.000000
100.000000
100.000000
100.000000
100.000000
100.000000
100.000000
100.000000
100.000000
100.000000
100.000000
100.000000
100.000000
100.000000
100.000000
100.000000
100.000000
100.000000
100.000000
100.000000
100.000000
100.000000
100.000000
100.000000
100.000000
100.000000
100.000000
100.000000
100.000000
100.000000
100.000000
100.000000
100.000000
100.000000
100.000000
100.000000
100.000000
100.000000
100.000000
100.000000
100.000000
100.000000
100.000000
100.000000
100.000000
100.000000
100.000000
100.000000
100.000000
100.000000
100.000000
100.000000
100.000000
100.000000
100.000000
100.000000
100.000000
100.000000
100.000000
100.000000
100.000000
100.000000
100.000000
100.000000
100.000000
100.000000
100.000000
100.000000
100.000000
100.000000
100.000000
100.000000
100.000000
100.000000
100.000000
100.000000
100.000000
100.000000
100.000000
100.000000
100.000000
100.000000
100.000000
100.000000
100.000000
100.000000
100.000000
100.000000
100.000000
100.000000
100.000000
100.000000
100.000000
100.000000
100.000000
100.000000
100.000000
100.000000
100.000000
100.000000
100.000000
100.000000
100.000000
100.000000
100.000000
100.000000
100.000000
100.000000
100.000000
100.000000
100.000000
100.000000
100.000000
100.000000
100.000000
100.000000
100.000000
100.000000
100.000000
100.000000
100.000000
100.000000
100.000000
100.000000
100.000000
100.000000
100.000000
100.000000
100.000000
100.000000
100.000000
100.000000
100.000000
100.000000
100.000000
100.000000
100.000000
100.000000
100.000000
100.000000
100.000000
100.000000
100.000000
100.000000
100.000000
100.000000
100.000000
100.000000
100.000000
100.000000
100.000000
100.000000
100.000000
100.000000
100.000000
100.000000
100.000000
100.000000
100.000000
100.000000
