nlkp_i_100_2
100  100.000000  1370.000000
0.194779
0.148065
0.145560
0.196252
0.132047
0.109879
0.113069
0.188420
0.139871
0.149536
0.181839
0.100778
0.177412
0.197534
0.198262
0.123989
0.160344
0.169104
0.169056
0.100214
0.114703
0.108323
0.155472
0.138319
0.186815
0.113765
0.152082
0.178577
0.186317
0.183842
0.168549
0.194842
0.197581
0.120881
0.143317
0.136402
0.142995
0.123278
0.117602
0.112213
0.113640
0.155625
0.127364
0.124256
0.119830
0.110143
0.139367
0.146836
0.113181
0.195254
0.106229
0.194900
0.172689
0.136667
0.136309
0.131484
0.175778
0.136618
0.104435
0.196776
0.187861
0.154317
0.139409
0.159968
0.199892
0.182398
0.199817
0.112073
0.197930
0.162105
0.158521
0.121004
0.186468
0.176483
0.178480
0.151090
0.101928
0.107434
0.183267
0.148753
0.134457
0.160862
0.137129
0.181854
0.180608
0.199605
0.187721
0.198760
0.156885
0.155972
0.187685
0.195082
0.175061
0.166181
0.136102
0.111244
0.115750
0.180817
0.181830
0.183237
60.633450
12.818631
82.397554
90.736047
42.303534
90.983076
28.014734
75.934680
23.738928
40.456068
50.141500
22.640550
4.610997
62.569118
93.133287
37.470708
52.380962
74.923660
0.386067
85.875758
34.318648
16.081761
79.454254
76.036692
81.079880
9.652826
29.647919
80.748414
19.769490
12.373805
29.753699
97.619330
9.299395
91.206767
42.392960
68.007275
86.255040
45.211759
6.109979
23.042513
64.465995
66.878095
48.128843
7.809419
48.044254
16.906837
25.774476
12.301370
55.694417
25.623522
30.735604
70.746725
7.132520
17.941213
61.034329
1.458301
40.277816
89.454772
13.824139
52.654553
73.806954
2.720958
62.497129
65.431755
10.074582
18.577462
31.309090
12.789327
93.376612
35.042077
48.443632
13.136727
93.440112
58.944344
91.591826
40.807854
56.030608
33.142762
67.407378
88.511964
7.649714
91.957241
80.902096
50.383049
26.298671
9.321032
95.355443
34.261803
50.375385
84.924412
87.681178
34.942352
15.729118
5.542915
69.264696
1.549765
68.705129
2.883753
80.782692
67.701590
44.968068
47.889612
75.467629
89.739151
3.746195
37.084378
16.416898
62.766306
80.039090
12.081778
60.187959
73.983684
39.525895
17.218276
21.330780
16.025643
80.616673
51.072578
96.611684
73.540734
19.255315
0.463358
74.404560
58.905349
10.792753
28.144397
18.831861
27.622610
99.718565
15.667495
28.751885
51.793679
91.662250
27.808228
97.877006
1.977505
46.708166
65.331992
73.109753
80.260315
22.367988
65.079901
64.833596
51.431817
81.432871
81.886878
84.044334
61.705382
92.626144
44.260396
8.952298
57.204179
15.270672
82.503404
43.628313
66.178803
76.403517
63.946402
11.292781
64.518954
15.445539
80.172265
54.793268
37.929538
58.346120
10.936890
83.790602
38.468845
39.765782
63.514144
15.889449
85.339803
18.104094
83.446591
58.235760
15.630746
82.107719
11.057246
54.311468
30.064357
75.787072
84.002649
1.974043
96.138302
78.893010
26.145781
39.904506
37.801543
12.136854
9.128384
62.300382
86.357515
95.307950
56.192181
98.496995
70.969342
39.665774
55.764874
50.603539
57.841195
-88.966127
-81.689910
-4.188516
-68.422892
-26.344307
-54.628325
-23.594541
-61.488982
-33.725811
-28.784062
-81.911233
-63.445095
-94.950332
-90.443523
-78.296477
-7.541043
-12.656534
-65.462829
-91.848352
-12.628064
-39.746086
-97.848020
-99.803659
-0.008043
-76.805262
-45.764527
-59.235063
-26.463531
-68.539895
-20.553260
-36.624125
-77.879778
-95.821938
-44.285074
-35.791520
-76.358313
-16.893012
-53.463007
-32.405417
-64.484273
-56.486831
-5.408914
-69.147824
-19.527823
-90.809822
-18.724225
-86.331793
-91.266533
-74.668890
-7.444591
-23.979838
-18.430285
-57.986104
-75.212163
-24.311005
-44.002601
-61.490040
-53.585628
-47.778911
-27.367238
-60.833796
-66.161664
-3.053349
-90.216363
-40.406323
-52.343100
-62.828480
-73.549649
-0.123963
-86.569717
-56.023641
-76.910490
-54.759801
-62.489502
-67.046142
-1.117831
-52.542834
-40.486840
-78.287755
-6.054095
-72.275252
-37.642979
-68.985999
-12.324801
-2.799618
-35.020388
-35.549232
-13.551702
-23.862714
-32.877812
-24.437409
-90.017049
-36.761140
-33.533464
-71.292785
-16.471676
-19.343203
-58.316490
-44.000186
-35.478001
18.000000
4.000000
10.000000
13.000000
4.000000
6.000000
9.000000
1.000000
8.000000
14.000000
5.000000
16.000000
7.000000
13.000000
14.000000
18.000000
5.000000
8.000000
2.000000
18.000000
12.000000
14.000000
12.000000
1.000000
8.000000
1.000000
10.000000
17.000000
19.000000
1.000000
6.000000
3.000000
18.000000
3.000000
7.000000
5.000000
3.000000
2.000000
2.000000
15.000000
10.000000
15.000000
12.000000
8.000000
19.000000
7.000000
18.000000
6.000000
5.000000
12.000000
5.000000
15.000000
17.000000
14.000000
3.000000
16.000000
5.000000
14.000000
12.000000
1.000000
3.000000
12.000000
14.000000
16.000000
11.000000
17.000000
7.000000
18.000000
18.000000
6.000000
11.000000
15.000000
17.000000
12.000000
14.000000
10.000000
4.000000
7.000000
18.000000
18.000000
15.000000
16.000000
15.000000
14.000000
13.000000
2.000000
6.000000
2.000000
2.000000
19.000000
11.000000
4.000000
8.000000
11.000000
7.000000
18.000000
2.000000
13.000000
14.000000
3.000000
10.000000
6.000000
4.000000
17.000000
1.000000
15.000000
18.000000
4.000000
4.000000
18.000000
3.000000
13.000000
4.000000
1.000000
11.000000
17.000000
17.000000
7.000000
7.000000
19.000000
8.000000
10.000000
15.000000
15.000000
4.000000
4.000000
10.000000
11.000000
15.000000
9.000000
7.000000
6.000000
9.000000
8.000000
1.000000
5.000000
3.000000
17.000000
18.000000
3.000000
14.000000
16.000000
12.000000
19.000000
16.000000
2.000000
4.000000
2.000000
14.000000
12.000000
7.000000
8.000000
16.000000
2.000000
10.000000
3.000000
1.000000
5.000000
14.000000
3.000000
16.000000
1.000000
15.000000
18.000000
4.000000
4.000000
8.000000
15.000000
1.000000
6.000000
9.000000
1.000000
14.000000
15.000000
16.000000
8.000000
18.000000
3.000000
12.000000
2.000000
18.000000
16.000000
9.000000
7.000000
18.000000
16.000000
15.000000
3.000000
13.000000
8.000000
5.000000
8.000000
19.000000
2.000000
1.000000
16.000000
12.000000
17.000000
5.000000
17.000000
100.000000
100.000000
100.000000
100.000000
100.000000
100.000000
100.000000
100.000000
100.000000
100.000000
100.000000
100.000000
100.000000
100.000000
100.000000
100.000000
100.000000
100.000000
100.000000
100.000000
100.000000
100.000000
100.000000
100.000000
100.000000
100.000000
100.000000
100.000000
100.000000
100.000000
100.000000
100.000000
100.000000
100.000000
100.000000
100.000000
100.000000
100.000000
100.000000
100.000000
100.000000
100.000000
100.000000
100.000000
100.000000
100.000000
100.000000
100.000000
100.000000
100.000000
100.000000
100.000000
100.000000
100.000000
100.000000
100.000000
100.000000
100.000000
100.000000
100.000000
100.000000
100.000000
100.000000
100.000000
100.000000
100.000000
100.000000
100.000000
100.000000
100.000000
100.000000
100.000000
100.000000
100.000000
100.000000
100.000000
100.000000
100.000000
100.000000
100.000000
100.000000
100.000000
100.000000
100.000000
100.000000
100.000000
100.000000
100.000000
100.000000
100.000000
100.000000
100.000000
100.000000
100.000000
100.000000
100.000000
100.000000
100.000000
100.000000
100.000000
