nlkp_i_1000_1
1000  100.000000  13605.000000
0.158393
0.193028
0.172770
0.127165
0.165446
0.179029
0.111387
0.142322
0.129835
0.144583
0.184111
0.188404
0.150687
0.145317
0.126220
0.179778
0.120424
0.164430
0.198884
0.128945
0.130326
0.185593
0.131778
0.155139
0.144794
0.138955
0.158922
0.107710
0.191125
0.187808
0.107256
0.124068
0.128400
0.169843
0.198406
0.194176
0.179217
0.197952
0.100496
0.168656
0.162246
0.104648
0.136455
0.165971
0.155268
0.152735
0.113486
0.114756
0.157755
0.136058
0.170773
0.190797
0.128811
0.111295
0.180406
0.183738
0.141621
0.179053
0.164720
0.175771
0.117208
0.176723
0.141270
0.172086
0.119324
0.168729
0.147893
0.140989
0.181040
0.132831
0.104795
0.178662
0.144039
0.174248
0.189335
0.171443
0.125468
0.188317
0.189290
0.126969
0.112779
0.196824
0.139264
0.188397
0.128956
0.147743
0.199179
0.140231
0.112153
0.132384
0.133030
0.168105
0.148105
0.187377
0.143501
0.163455
0.101641
0.161669
0.154921
0.134144
0.120199
0.189306
0.114691
0.134455
0.141627
0.170111
0.194418
0.126859
0.173110
0.188294
0.147527
0.146196
0.114804
0.129490
0.141200
0.172668
0.144262
0.153250
0.128341
0.185573
0.130050
0.159498
0.113498
0.104328
0.187657
0.175541
0.165148
0.144820
0.172582
0.115552
0.160049
0.123579
0.151612
0.153740
0.130434
0.116234
0.119200
0.160775
0.112509
0.119320
0.148927
0.111183
0.137881
0.196070
0.198292
0.196272
0.106771
0.160592
0.106955
0.103151
0.158488
0.107912
0.146958
0.136749
0.123553
0.107914
0.127545
0.140694
0.124509
0.139961
0.199252
0.123458
0.124579
0.116138
0.115516
0.156656
0.105245
0.145499
0.191973
0.139788
0.119025
0.155529
0.133189
0.190923
0.106756
0.151082
0.100969
0.189891
0.175008
0.115990
0.133075
0.172625
0.168630
0.116977
0.148575
0.181659
0.155122
0.182558
0.128657
0.141745
0.148440
0.188793
0.192653
0.117023
0.148679
0.120652
0.139818
0.184831
0.198323
0.167768
0.142262
0.116412
0.198228
0.187038
0.139957
0.176627
0.100463
0.158723
0.114917
0.133779
0.112769
0.152457
0.188537
0.108017
0.199347
0.193981
0.188278
0.115573
0.154557
0.138303
0.144662
0.149306
0.122796
0.120953
0.111100
0.152096
0.160056
0.184272
0.177060
0.181236
0.141548
0.123413
0.148612
0.164932
0.182536
0.155107
0.160316
0.147086
0.159001
0.151566
0.129095
0.155846
0.115285
0.170069
0.190809
0.159473
0.115552
0.134276
0.124575
0.170373
0.145077
0.173801
0.165966
0.197458
0.187910
0.162714
0.113270
0.127308
0.159460
0.149976
0.130404
0.193772
0.128066
0.121197
0.168257
0.177704
0.105300
0.149687
0.160558
0.187138
0.103459
0.100516
0.180133
0.169457
0.143593
0.167076
0.107855
0.104484
0.170558
0.100999
0.174584
0.133848
0.137981
0.147899
0.133938
0.135652
0.117881
0.123606
0.168263
0.123724
0.131622
0.198059
0.124876
0.152719
0.123367
0.167297
0.190056
0.175898
0.118966
0.165194
0.142561
0.180888
0.111875
0.139305
0.118590
0.182672
0.193805
0.103904
0.116779
0.143177
0.139030
0.117559
0.152179
0.111935
0.145756
0.163771
0.116448
0.111139
0.113477
0.164259
0.120105
0.139997
0.138586
0.141774
0.177298
0.163531
0.160546
0.193930
0.122022
0.199002
0.118254
0.177277
0.101869
0.167487
0.168104
0.153193
0.169809
0.160990
0.156741
0.187011
0.177249
0.180308
0.101286
0.140017
0.188867
0.187400
0.125751
0.161425
0.164632
0.195494
0.114372
0.168283
0.115995
0.186430
0.156213
0.147260
0.120282
0.119301
0.138314
0.183451
0.162349
0.178882
0.112924
0.107197
0.123539
0.192867
0.110049
0.159507
0.103671
0.185488
0.186514
0.171944
0.173125
0.184491
0.147646
0.169206
0.137938
0.145410
0.117364
0.138967
0.125849
0.159298
0.115146
0.197858
0.157800
0.192579
0.193075
0.123436
0.151315
0.149177
0.180260
0.155777
0.124172
0.121916
0.179164
0.186493
0.101321
0.199606
0.147526
0.159687
0.185247
0.113590
0.100013
0.166194
0.135652
0.160066
0.190686
0.134232
0.196447
0.146610
0.143266
0.123390
0.197273
0.135475
0.152520
0.193205
0.142536
0.188949
0.160289
0.135153
0.169105
0.129930
0.127726
0.181390
0.100612
0.170543
0.139404
0.125595
0.114022
0.191219
0.168236
0.115886
0.165300
0.118496
0.165242
0.153781
0.101380
0.185809
0.191087
0.191952
0.139625
0.127847
0.130251
0.102228
0.175267
0.120984
0.125986
0.191960
0.136645
0.135166
0.150878
0.117252
0.140276
0.199174
0.159010
0.184721
0.196956
0.130966
0.166993
0.162356
0.107402
0.190937
0.176661
0.156395
0.100131
0.188916
0.141404
0.100509
0.157646
0.167987
0.170684
0.142066
0.143360
0.139048
0.135173
0.184208
0.124277
0.176383
0.172399
0.150617
0.154489
0.120600
0.138289
0.141252
0.180351
0.113964
0.191646
0.147509
0.159683
0.151115
0.103035
0.142387
0.107638
0.190906
0.125512
0.135942
0.186200
0.133447
0.134787
0.158347
0.161143
0.125159
0.199753
0.135152
0.169117
0.133955
0.131127
0.149219
0.126607
0.196063
0.114990
0.174397
0.182102
0.159742
0.151073
0.149737
0.121403
0.123370
0.145485
0.136551
0.167900
0.101353
0.196926
0.121785
0.148916
0.163528
0.106853
0.153053
0.162704
0.138130
0.192585
0.150079
0.138058
0.142450
0.193657
0.134433
0.152131
0.139288
0.155154
0.109387
0.102449
0.181750
0.184330
0.117363
0.136058
0.128402
0.152115
0.178411
0.194202
0.116748
0.118488
0.142334
0.181439
0.124610
0.142465
0.103119
0.121208
0.131716
0.187544
0.102154
0.107688
0.158706
0.176437
0.126839
0.184897
0.149748
0.196461
0.193948
0.119723
0.128454
0.113177
0.100668
0.135595
0.124630
0.161370
0.199031
0.133936
0.165949
0.108930
0.154233
0.148102
0.149608
0.140554
0.109244
0.173890
0.135763
0.171033
0.193719
0.167564
0.159875
0.179059
0.189211
0.112149
0.107376
0.101135
0.147440
0.115344
0.149162
0.198883
0.135314
0.193309
0.111172
0.110551
0.175398
0.154060
0.114642
0.125432
0.169561
0.172521
0.196761
0.126838
0.108916
0.119173
0.169729
0.193625
0.175146
0.133001
0.121136
0.165722
0.176251
0.149080
0.164892
0.162153
0.131995
0.161299
0.112567
0.103067
0.188063
0.118393
0.172347
0.131075
0.128480
0.159845
0.177475
0.118668
0.121246
0.124294
0.151004
0.174123
0.163978
0.144525
0.189064
0.154780
0.187694
0.112677
0.181137
0.196689
0.140366
0.181011
0.141514
0.104590
0.149840
0.159246
0.111579
0.114001
0.130787
0.176272
0.143689
0.118764
0.141293
0.129214
0.153789
0.120529
0.109234
0.125861
0.128976
0.115394
0.157548
0.102541
0.168934
0.166871
0.197357
0.186885
0.148507
0.175312
0.109257
0.158589
0.161434
0.174633
0.182885
0.140070
0.170469
0.103532
0.130834
0.181688
0.111129
0.182959
0.190820
0.183617
0.171470
0.143301
0.125273
0.171679
0.109601
0.153408
0.119099
0.182734
0.164135
0.144475
0.138714
0.102449
0.134942
0.140933
0.169890
0.172025
0.150976
0.162614
0.117506
0.188242
0.199714
0.134127
0.169192
0.146527
0.148141
0.121035
0.193297
0.160457
0.154027
0.137000
0.164022
0.135398
0.127796
0.117596
0.144499
0.113962
0.193858
0.143458
0.161166
0.117011
0.162223
0.162489
0.148073
0.147025
0.101733
0.190430
0.141259
0.118748
0.150110
0.196769
0.177763
0.190343
0.193511
0.126718
0.191889
0.131595
0.168599
0.171202
0.167354
0.155492
0.138780
0.137673
0.180294
0.182893
0.128208
0.198431
0.170120
0.141810
0.140697
0.170564
0.133770
0.147426
0.147301
0.168342
0.113641
0.193620
0.135267
0.107717
0.139092
0.183348
0.100404
0.169682
0.195940
0.197946
0.109341
0.118649
0.116910
0.126515
0.129641
0.175358
0.187916
0.107430
0.169820
0.109144
0.157303
0.117332
0.161019
0.137838
0.143887
0.154423
0.175499
0.135924
0.165517
0.134874
0.157228
0.166438
0.196608
0.149194
0.112318
0.143565
0.121966
0.195220
0.119048
0.178460
0.150640
0.125768
0.198574
0.133104
0.144589
0.100462
0.129408
0.177744
0.180475
0.104382
0.122741
0.191884
0.157936
0.120564
0.117901
0.154605
0.179707
0.144993
0.146529
0.119860
0.168624
0.121092
0.163449
0.114830
0.192157
0.115900
0.127864
0.134466
0.170186
0.184523
0.145577
0.179646
0.109101
0.132944
0.181145
0.151971
0.173870
0.155827
0.194430
0.109041
0.155760
0.152404
0.187921
0.152202
0.136331
0.163957
0.118451
0.168096
0.178570
0.199261
0.186843
0.161358
0.128423
0.192844
0.104600
0.159534
0.171550
0.105789
0.173145
0.148387
0.109654
0.138858
0.158794
0.113261
0.160042
0.131250
0.106122
0.111578
0.132820
0.189675
0.193471
0.113238
0.128083
0.180990
0.128349
0.141966
0.113210
0.192593
0.114824
0.189833
0.130398
0.123511
0.170575
0.164300
0.188968
0.182240
0.117030
0.133477
0.100184
0.118941
0.192919
0.197022
0.161271
0.143861
0.144374
0.147904
0.183960
0.153490
0.187273
0.129395
0.151474
0.134256
0.167559
0.132990
0.191817
0.177206
0.197260
0.166885
0.196902
0.181284
0.190100
0.106425
0.148252
0.118617
0.181071
0.131247
0.117468
0.115390
0.151053
0.182850
0.117930
0.126772
0.177469
0.155112
0.167795
0.184503
0.158010
0.111991
0.140916
0.144093
0.115325
0.171419
0.174050
0.122129
0.187800
0.199629
0.146829
0.112747
0.104425
0.122565
0.131955
0.119828
0.103067
0.115269
0.143261
0.174520
0.161874
0.130730
0.160440
0.133576
0.135978
0.162243
0.187988
0.192994
0.137965
0.162207
0.109765
0.168921
0.138545
0.174298
0.195037
0.177168
0.147422
0.170482
0.127281
0.180569
0.101474
0.116256
0.144478
0.141915
0.116272
0.157040
0.107230
0.114853
0.179649
0.176437
0.131506
0.168561
0.115180
0.153049
0.118891
0.119903
0.155623
0.167784
0.150702
0.120826
0.196968
0.134794
0.110081
0.109275
0.107444
0.128897
0.155062
0.113890
0.144810
0.161021
0.130043
31.393934
82.205876
80.858824
47.438803
45.302036
30.050547
61.603827
85.433043
93.850846
66.951165
8.305321
39.031891
43.321323
14.542503
22.806963
46.665247
71.986672
91.356846
71.431214
30.096739
87.931951
53.433546
58.776121
6.441536
36.314217
42.734902
22.522096
89.654500
5.695749
29.054600
2.756364
46.193847
57.809669
82.382566
39.337575
5.343087
70.647965
31.460885
27.248978
52.128986
19.529343
77.638512
8.133971
67.106335
50.609495
88.161592
30.927508
70.764987
81.709666
84.987939
88.956205
80.065049
85.612955
34.088162
25.153477
60.459430
81.313970
41.708951
33.857269
76.212171
64.516143
35.929109
25.435176
86.763272
4.830554
21.680517
4.282051
72.957432
66.438484
74.448851
28.440652
52.594927
99.576529
78.611279
4.781189
3.400317
13.423971
6.140596
65.122859
39.872681
72.393267
10.423885
99.521551
19.326880
71.402617
36.147423
30.701584
34.712721
3.397819
90.514435
71.843383
32.755433
59.216657
35.726224
26.395387
8.202331
1.487558
17.048006
36.320479
50.688934
62.417539
69.330159
75.586365
62.450452
74.582383
72.976663
33.547777
90.509676
40.749142
73.673016
34.772925
40.616077
29.376747
2.177508
52.826734
18.448387
38.403571
23.351211
11.626743
48.783595
70.914293
56.162648
39.220021
34.295332
44.960943
58.950085
67.338682
66.643885
75.387270
21.272600
96.216437
86.292835
14.875230
62.562993
96.535327
41.344363
44.162055
22.411778
37.538877
44.749139
68.139074
12.846789
23.656600
46.636126
37.116493
17.433164
49.220736
23.684593
12.501599
21.672274
61.722948
81.818754
67.756938
18.945042
67.487589
19.764245
41.609639
55.824048
30.173147
56.748208
92.602776
64.286166
51.907080
58.346374
71.292541
96.036184
82.307553
52.784546
25.851638
81.588286
88.234561
44.426856
95.863262
4.530685
50.367356
54.205273
50.169627
75.216305
76.324817
23.658413
19.046522
99.233469
89.537778
3.593634
49.328418
30.401778
93.547017
65.994395
49.226454
32.554498
11.492549
61.931642
33.530201
73.741650
64.346460
83.932821
99.130347
42.619143
45.560510
51.800473
85.933961
33.800218
29.766122
81.377072
38.332042
43.979902
35.284658
13.086614
35.460526
52.080395
74.753819
35.096767
15.524968
3.016441
13.265654
95.832347
74.443139
17.659944
30.170930
96.701332
7.507057
15.786822
16.307704
43.613738
66.902169
40.205208
79.355213
29.689678
85.827209
17.458550
57.857301
30.356192
27.111654
38.683513
70.997507
27.134905
54.199066
58.719332
76.919419
78.926442
20.676656
54.127642
27.682274
27.412876
16.760034
48.298873
53.711773
25.632608
84.051627
56.834929
93.446071
0.968705
58.176347
13.815966
6.551741
51.284620
48.783950
16.332217
61.738674
17.963527
82.229918
37.281931
42.233448
12.653357
84.253741
19.201890
63.877503
16.204968
79.341180
0.310350
86.020977
92.128200
42.231934
41.477907
38.551198
84.946031
28.987782
16.142776
53.262731
1.977927
46.820066
77.046876
93.112597
13.876291
14.781445
40.281434
28.246564
38.578356
62.667114
50.121126
84.403379
77.396756
6.427039
34.256095
87.851477
82.980168
10.108015
77.476651
28.981852
98.263174
39.798051
81.480512
87.285544
49.799016
40.525849
83.391865
63.519434
88.437524
46.182387
5.880010
4.049670
82.817134
22.491983
75.143182
20.418844
92.093868
13.570609
21.640388
43.640576
18.089765
19.086062
49.693686
92.278349
96.162865
93.317807
63.458081
97.858252
46.355565
76.655717
61.916973
79.444848
3.499504
16.070004
40.590217
65.305815
41.120977
93.033166
70.807131
25.690490
85.717803
20.750125
24.973049
3.570707
62.985781
92.871838
19.292628
12.287769
34.584610
28.043495
27.960758
22.785903
74.201428
81.455737
55.101698
66.957049
35.835897
32.658317
96.997743
9.333357
15.672021
50.837670
20.795816
74.208386
6.681545
40.605667
56.967113
3.341096
81.427406
38.666441
20.811747
43.661331
62.938719
63.837291
2.947708
33.332859
43.763388
94.032971
63.867474
26.960342
60.063639
48.191466
71.059568
58.149960
78.037535
47.355991
3.138904
66.015893
11.381746
67.453012
64.069371
40.392441
32.097406
80.036829
76.236680
60.272882
77.572964
23.502476
0.221892
50.002596
69.054070
66.056254
78.529986
60.639097
96.156130
88.746003
57.475810
13.056682
68.477965
85.326205
55.595152
50.377445
61.868427
69.097418
63.936724
78.068531
12.921937
19.861681
10.592278
39.328318
54.972258
6.616295
50.257007
72.643314
48.222872
70.838045
85.728070
75.617032
93.947969
94.719858
80.353286
82.873050
23.579311
11.436804
59.992294
97.600541
69.609269
72.098645
25.826609
54.534906
86.894154
90.810071
32.272095
51.991023
63.062759
86.725501
2.483034
24.514385
52.996544
40.343754
8.432308
23.428877
41.967990
79.046406
20.255602
33.998589
14.994266
68.560978
40.368654
62.001040
88.301203
4.533721
82.083265
0.733443
93.548438
7.535205
32.720383
57.848785
85.149762
11.399246
21.184967
78.351980
35.674982
26.419062
69.307609
49.757367
23.164134
36.401281
62.438858
63.759648
74.228256
32.843526
9.239826
60.212169
93.878935
53.037836
34.714599
92.461015
93.314855
4.489423
70.487348
38.541153
64.400458
47.504362
83.020225
64.503441
81.067037
54.808099
88.572108
96.536967
69.487370
68.604583
37.398576
51.104210
18.981745
69.812366
24.578273
97.319888
23.855718
78.507499
69.383173
19.278003
55.673565
44.651315
94.265342
26.728799
35.473553
87.124164
55.480311
7.044353
50.107287
83.653627
53.929083
96.783279
15.316738
80.230367
23.364827
17.502340
45.480826
28.166784
99.051909
61.574417
29.399334
70.216468
60.149894
97.323630
73.633415
28.742040
67.819828
24.384003
74.971692
99.435020
3.446182
0.052737
93.359103
17.801674
29.971940
44.348781
57.888503
61.221879
0.495809
79.254049
91.760052
7.463209
29.853889
81.968106
16.684778
81.854983
73.860514
74.912072
1.318720
76.602848
60.449912
61.273983
0.800231
4.580526
34.374024
16.501504
49.057836
35.701465
72.340781
53.594200
52.938287
9.235279
88.792476
93.707690
27.408223
60.938321
67.704304
20.699552
37.128057
76.139885
99.562457
14.621355
61.767190
72.558667
65.967059
19.622584
23.179056
9.518673
46.276202
94.085872
48.165403
58.589714
89.128450
43.579472
7.579445
87.542308
57.369613
96.036303
28.714414
93.645503
92.792338
4.928506
62.558405
6.016590
35.189601
68.594005
79.076151
99.638738
34.661400
21.642140
12.527810
11.157458
12.543736
93.721249
55.876039
91.836256
50.012438
8.402645
86.164132
58.250846
35.357640
62.462037
11.686481
77.871037
47.211334
85.644977
47.285171
69.569826
85.884483
72.978588
51.523009
62.412808
53.935313
10.235534
26.087649
16.767262
18.152023
6.705190
95.408506
73.543426
65.546325
81.113373
52.541345
31.807422
44.294821
7.232054
4.062859
11.825772
41.802923
89.990007
29.749659
39.422233
95.152481
85.989129
18.674682
23.221435
82.352418
13.153539
94.891974
69.004518
3.204570
49.229846
60.794310
72.965022
70.172580
1.502489
11.217319
64.113005
4.691444
25.697885
14.206723
70.153853
81.362955
2.017842
59.653553
35.014189
40.002760
24.102521
8.077327
80.545817
18.736106
58.210018
75.392597
30.374734
65.816293
5.252430
26.526648
41.075261
48.766551
28.433033
45.733667
45.925184
46.608058
11.761358
19.592087
67.885300
61.078356
77.708125
70.746819
90.798485
73.036439
31.797622
85.672225
52.447886
64.321603
39.965246
53.882906
49.250213
47.574854
52.627934
82.132747
51.951240
88.960339
1.804851
85.439443
28.242628
88.931999
76.358396
31.229526
85.227242
65.091416
4.650028
80.668922
27.105627
93.055618
41.598825
41.499852
57.222379
73.007208
37.284370
39.086641
74.551367
16.163779
90.634746
81.500203
47.321387
20.553139
73.562571
82.267567
50.117406
23.957077
17.459289
59.137980
80.568577
69.123656
23.707653
54.558211
5.823355
23.246058
16.596029
72.074416
64.527781
45.182114
83.370684
10.165975
90.374342
47.555188
49.247989
27.292476
71.565456
4.383078
41.939469
99.284952
64.483921
30.055504
94.338879
12.315224
45.396854
69.909932
1.839178
23.389921
57.616167
10.882302
95.503955
20.434897
99.671024
48.524667
3.155954
25.167211
91.702835
5.923721
15.102354
62.026572
44.654827
54.026851
74.057586
72.342620
44.650698
96.486023
12.661400
1.527704
49.475682
99.125291
22.721073
81.362979
78.315832
0.884476
59.950734
15.767220
3.905509
56.028024
58.488146
94.837240
18.030490
87.042767
35.010457
66.116537
62.023308
7.401140
43.888139
12.479376
13.554669
62.783938
4.435847
65.108197
90.666492
71.339202
0.367608
86.265653
62.223180
44.772373
93.290359
43.786961
7.260194
46.430277
98.539937
94.271244
59.618403
82.095513
61.837546
98.197553
76.584128
23.018791
65.371493
82.357636
79.284498
75.665582
45.526692
28.069238
99.930086
14.792233
95.868150
25.604727
8.974862
36.887011
92.156794
83.363056
13.156265
63.668999
68.224243
39.237344
42.530859
21.853072
83.574946
26.170465
33.874985
39.203587
91.695436
3.727497
44.643359
27.348038
37.156094
29.184333
38.354269
87.135804
29.892827
22.503954
12.319595
66.016809
82.773617
6.086396
54.780398
53.535183
1.587048
90.161622
24.315958
3.285365
41.263241
25.579835
19.497762
68.971319
65.291813
99.069379
40.931717
60.403341
91.134004
1.635510
96.869705
15.667952
24.636258
44.559333
6.595486
27.571643
37.831460
27.128031
56.254749
92.005219
28.622862
49.135061
78.957391
23.609377
12.006372
68.107572
28.659009
79.905218
99.727427
62.974997
46.234973
4.377487
85.945492
42.466129
36.115175
50.838448
71.790865
77.968064
30.266930
94.588832
71.717585
12.373527
72.920439
29.191249
83.967665
66.159926
86.012665
90.199757
31.250517
44.223441
81.702101
93.319103
73.987818
80.037197
82.139495
18.488604
40.535458
70.827426
70.586667
74.260497
98.990554
72.012971
7.229600
71.456126
96.235288
13.739942
80.576306
49.160245
84.364249
3.984615
92.358297
15.907217
60.349297
45.087709
79.136673
5.552411
97.635501
59.510727
84.463290
22.617906
34.784790
79.888006
42.753279
39.051363
45.267166
60.982606
50.120697
6.998525
4.280435
76.990351
91.701533
64.942599
24.115104
67.297907
77.821252
72.763239
26.481761
82.750187
49.755876
65.025505
9.225143
24.955620
43.572245
91.579633
21.049764
86.493440
52.535384
29.656188
23.451996
92.669274
39.036347
22.734545
53.074968
80.689177
12.221371
11.585844
16.001530
64.030049
12.209972
28.147999
30.322213
19.360301
56.529432
71.581360
5.919611
54.873434
36.233711
90.336087
73.902260
14.132606
61.966746
39.546066
17.388712
73.036308
79.227316
54.124855
95.869376
88.194351
20.708295
48.421627
37.444997
64.668514
87.170526
1.752117
58.781124
4.640324
24.397196
41.442441
1.695321
52.808447
30.821527
98.715578
52.830866
64.443597
45.219945
18.723622
88.372636
6.132691
15.768461
91.218985
93.988618
77.458792
53.182882
99.621057
78.703589
21.398716
28.937855
11.509878
41.610553
56.049439
91.816487
60.380945
17.083126
30.103245
98.936305
62.545121
21.779278
54.774247
35.681674
48.678961
3.890230
90.067855
53.181640
60.256186
37.271005
9.927536
70.691402
21.435834
10.490930
86.172347
91.376609
72.952274
31.466584
65.535132
64.967691
52.646566
57.224423
10.486153
15.663250
6.389629
70.120043
25.413252
60.968862
98.992854
93.162837
41.917928
8.432964
4.975524
89.368527
16.482924
34.989419
39.080343
0.885104
89.362901
77.271639
56.627056
4.235530
17.243792
97.202690
87.269120
59.527280
48.922596
98.509594
31.236578
40.236632
42.261805
20.647568
68.278248
30.653434
74.745285
49.175679
14.843108
0.769141
59.318773
69.204068
17.911812
60.693619
93.201452
97.338954
43.934942
54.400422
2.259740
32.087302
84.562105
6.151027
45.157789
74.472642
80.128591
46.400623
96.687739
47.728074
28.633294
88.863317
9.838893
6.304904
38.926264
81.823769
2.405528
8.728631
26.890155
16.238766
67.463510
43.767450
55.939001
7.372402
59.651295
26.732093
99.206910
25.991025
72.278786
33.383198
10.673510
5.422835
44.945736
97.124696
63.061030
26.705218
78.289797
24.722386
88.096875
32.763683
41.192371
94.814803
19.042714
46.736262
32.726226
45.278802
69.470613
8.329978
10.843687
7.179367
82.771813
58.121190
40.619374
57.133482
4.738186
31.017138
18.021797
37.806262
25.113487
34.927853
76.673171
66.700723
57.071245
16.732435
54.097521
80.714686
87.596990
1.796390
57.768013
31.784722
60.704670
87.277496
56.402632
15.677805
59.792884
42.058518
54.026822
93.624198
51.835908
8.973643
35.065039
70.418065
36.591689
63.662975
96.128393
53.080030
97.006506
0.576912
23.865160
85.078327
42.548517
52.120469
93.379384
16.776779
38.291359
0.185375
60.293441
12.730073
94.895523
57.443148
29.682572
61.642394
87.370154
79.037059
99.488418
87.845804
51.466318
31.687867
84.773623
56.284305
97.732399
94.537917
49.169677
16.347358
94.870102
82.409816
4.707555
84.407387
67.710046
67.317195
72.677663
13.321170
74.108587
95.286057
61.124590
11.718578
20.803051
25.068921
21.679058
19.340219
32.274529
33.549018
51.057109
74.994834
53.444607
62.117409
86.930456
92.961031
96.882350
85.463555
12.935854
69.595801
52.766726
86.739467
65.567295
39.720021
78.292326
64.509816
5.002595
79.973804
43.538936
7.526277
15.996529
21.670082
41.356303
20.966059
50.703249
71.818180
1.682154
45.387312
94.493325
58.832624
3.291444
29.019082
24.576122
49.347279
71.276288
31.120111
13.481430
12.902258
75.042694
35.618994
21.998960
29.772616
55.842422
95.289994
66.790832
66.505486
76.174326
96.116490
31.207901
3.812465
28.951811
85.982378
80.010646
14.856299
79.817797
51.483862
57.005872
75.295623
69.309233
58.477420
60.775762
56.432014
55.751271
60.162377
26.263527
88.856199
94.401576
1.199127
5.113229
20.743848
45.080441
58.010475
63.903775
82.334425
9.122874
78.899387
48.455823
65.828135
22.326445
86.324663
70.222629
50.902934
87.498468
39.269051
50.230160
61.112794
93.266482
92.788869
59.596348
79.499936
64.773553
63.037723
15.750269
23.179495
17.254129
43.016319
94.977107
59.108622
76.647640
60.527659
86.055964
35.921700
46.300421
20.892775
64.802960
5.564946
79.763322
98.968209
56.494018
16.957888
74.442284
32.638340
17.872341
90.700818
95.297245
22.981952
92.772029
22.484452
52.309242
31.559692
91.537557
30.567428
44.752859
2.200712
30.512125
34.634969
21.567287
22.890333
95.708525
57.848817
9.743981
83.288334
61.274163
66.002639
10.223841
90.614141
13.101776
24.235621
90.784923
5.936890
40.570770
31.988047
23.103328
17.626946
73.959191
11.470457
99.968529
47.494288
40.015814
0.547761
60.470586
78.341815
23.884477
15.578591
70.321225
44.438325
4.976589
60.268281
44.962465
87.583708
31.852407
41.004911
42.018029
23.668584
22.740048
11.124751
85.385730
64.710656
67.109133
78.750569
88.452323
90.055138
89.253437
67.969605
82.301588
41.392669
73.654915
36.544622
12.015206
45.812732
33.212460
35.736122
87.815643
10.571846
6.085325
10.771229
11.026827
1.078269
9.687946
41.624043
83.098602
33.363349
57.596769
65.929716
31.873236
87.879547
11.401000
69.834213
32.938396
52.778020
14.567014
22.001817
89.789879
43.768653
98.450451
29.412274
54.055330
71.952228
9.033633
70.788977
0.310771
44.578126
11.928333
1.256237
51.687863
85.177000
94.958459
89.896869
82.127400
97.681301
58.228482
10.713786
91.997283
27.366094
25.967913
74.159612
44.392908
47.435261
33.558152
69.414073
75.491662
27.720988
86.497475
81.872445
25.961133
10.504100
99.877106
42.107129
2.525014
7.821053
29.678069
39.456507
27.988042
30.383644
82.817921
92.374292
60.300456
82.420513
97.797686
95.760254
68.775036
86.953642
85.677108
93.375792
1.489189
54.075994
88.693239
65.869161
24.982951
94.864534
33.630094
25.414811
79.680862
82.217443
56.191844
85.172584
25.351854
22.450670
39.315157
71.930860
90.416508
83.837632
9.375816
23.646942
96.344963
66.989889
38.502863
15.109925
68.896320
17.444108
19.759834
6.177086
19.787726
52.373452
10.822714
90.001986
55.064346
83.750546
53.863361
78.025910
19.651034
63.464327
54.907745
98.086021
4.306214
1.610892
84.785201
81.931820
42.673558
98.480559
36.515061
85.787257
67.742425
21.856020
7.356898
35.337024
31.058129
89.820114
77.176380
4.401858
53.182195
99.194874
92.418308
66.643909
17.361874
41.458534
14.343613
34.104354
72.401607
19.502756
51.541366
98.237131
21.950561
87.677845
92.287688
93.610231
67.587117
6.340626
66.291705
77.434140
3.109694
88.784950
12.974887
95.942091
79.367085
32.793652
85.898917
4.686607
62.556796
39.393248
15.635891
72.790782
2.829710
68.068353
37.733636
70.150202
16.578527
80.704584
33.704976
39.900050
12.396130
68.422512
3.079504
90.914586
64.477609
91.821811
74.321231
80.210402
64.453743
75.042483
31.630961
23.531386
49.275280
72.936650
56.284568
50.332084
48.048367
71.829209
38.488155
64.392255
99.009180
72.998890
13.585345
96.700872
98.122259
4.320141
84.547441
86.181615
59.606452
28.314334
66.688226
1.359024
28.823402
14.336257
50.926937
6.012796
81.887037
85.021197
35.798839
60.119866
49.263467
92.532447
47.144234
21.752322
61.221684
19.820123
86.827935
12.802953
48.386578
60.647275
0.861333
69.588335
77.310386
52.306020
94.825874
69.932326
91.030171
67.181305
96.565144
55.780557
25.624643
48.771720
0.791420
94.969692
55.794166
9.092221
61.240734
61.444342
23.748275
14.886098
6.554709
19.131393
30.461417
40.419448
11.333565
58.310036
77.697518
52.346619
90.402487
11.617066
63.882795
67.866307
0.189204
78.825328
85.641683
52.754444
97.153875
92.547251
14.436231
46.178370
49.878559
90.757301
77.906017
17.232599
0.435943
15.782926
24.100056
53.685120
73.677084
34.277088
82.115915
36.643103
13.137675
92.730028
45.719479
24.383739
95.833982
93.252945
8.108216
0.247370
62.014960
38.293477
78.073884
16.382121
2.586211
62.582716
67.458383
1.790580
12.976458
11.459800
33.971071
17.103597
5.236621
30.646123
12.052407
48.555311
83.787339
87.487102
40.748295
36.883108
81.132427
20.889458
18.704783
82.629413
58.612726
10.355686
34.275191
73.028753
1.259665
1.062880
85.269825
71.909132
20.348218
89.072113
99.800751
94.476502
72.653991
30.233742
63.783362
75.392489
16.829107
94.348498
34.718006
63.797471
72.203668
43.162087
82.363899
72.579570
4.812907
46.245388
65.965257
4.360887
48.939932
1.821673
5.216326
31.029210
51.789512
87.921868
31.064232
66.866590
2.159683
48.585383
33.780829
3.611894
79.631326
42.930095
47.206736
88.387646
87.770471
78.590306
44.265502
87.793589
32.800047
58.259968
65.814700
39.984041
69.985237
34.343418
48.876554
2.701331
9.045323
31.233645
74.626425
37.998511
22.895952
42.665770
58.651968
49.001180
41.998489
51.387688
43.040316
78.864411
10.772678
9.787133
53.935224
84.289136
90.792774
44.932332
64.795460
75.285175
25.048678
55.873186
91.761024
47.028115
99.320819
27.063588
74.098408
9.726637
73.350638
37.587699
26.600042
49.862351
30.789741
0.265157
52.921360
85.501788
84.895651
39.737290
52.529336
7.990146
50.313096
18.600910
39.717494
45.720026
60.321458
38.358501
85.999079
19.917376
68.568102
66.737131
45.039175
95.438829
86.483462
99.908643
33.653618
32.845130
54.130910
45.274222
89.548826
58.853011
49.999640
63.558992
22.897969
16.848003
31.444567
91.948529
11.454570
31.647708
30.927221
81.711617
5.562594
96.796757
9.751306
6.027063
23.723807
78.176345
19.368644
61.136233
5.639141
54.697260
49.320578
57.865806
81.876104
17.679665
55.232315
32.147061
15.359430
96.667777
2.186935
23.398208
8.851523
58.925117
45.987539
32.010583
45.128971
6.752851
74.996810
48.584575
7.938454
40.487857
43.132856
89.013564
80.841077
65.816796
84.285861
88.684252
59.707924
10.397858
26.577782
48.469389
15.191366
96.651412
56.035462
60.538145
26.782131
14.883465
21.510031
12.890060
74.050394
35.090236
92.752095
54.666186
46.251682
32.315358
9.692121
42.647303
46.908096
36.101001
57.752421
12.840464
80.078898
49.609669
35.900132
19.828852
98.891484
27.796684
9.180568
23.400229
14.835967
76.427617
12.131922
66.026389
73.640653
52.131787
96.501983
45.279078
17.363466
57.170157
59.268645
32.882907
69.736464
66.461650
70.756643
53.919597
11.446773
24.062338
28.737871
8.100115
13.061726
86.310391
18.575158
40.074667
62.723746
45.558451
11.799775
15.537840
16.150236
83.937873
21.509380
26.872389
73.362390
50.551166
4.990618
71.154547
78.228928
68.289552
0.296620
54.235113
5.679181
50.746712
98.713772
45.276836
26.889629
20.616619
71.615571
32.957290
69.859585
11.673917
60.343065
47.762180
7.283063
18.753768
70.192661
39.557914
42.886693
31.205039
37.419578
31.127217
4.002325
49.394754
31.634685
80.255799
68.423164
12.508745
26.162568
93.455055
41.413934
13.499246
31.567761
-10.770833
-33.346650
-5.228733
-13.128825
-88.984893
-5.213822
-20.406870
-41.125119
-39.923941
-58.182930
-75.020840
-40.602403
-98.983973
-52.628277
-68.039465
-30.258030
-85.846708
-40.572228
-89.922958
-24.013928
-60.091696
-55.344306
-76.402308
-25.453680
-58.701641
-84.409766
-50.150561
-24.189996
-10.384088
-18.899154
-57.975811
-51.458328
-43.312071
-12.678831
-57.408532
-88.717754
-34.371568
-56.836657
-37.197504
-60.362123
-52.516709
-7.328756
-41.494710
-99.607667
-29.984372
-81.690039
-49.834663
-37.503531
-26.603124
-91.785399
-35.748041
-74.001443
-92.162343
-15.052293
-13.839067
-95.827947
-7.284418
-78.141036
-83.944134
-42.263560
-57.472414
-55.019047
-72.042650
-96.446939
-16.214316
-32.895384
-63.667151
-48.208301
-5.077823
-28.696855
-10.556178
-22.934270
-31.761643
-77.093762
-85.161262
-54.842480
-49.447557
-10.367275
-28.112199
-57.175058
-55.954181
-63.202369
-92.939243
-53.596002
-77.409748
-64.203511
-0.034699
-13.983912
-6.853165
-28.896205
-15.617268
-9.405704
-78.456214
-20.921857
-55.441990
-58.868658
-85.641273
-90.375996
-99.290519
-6.167353
-50.993040
-89.132200
-73.784599
-62.681246
-57.991417
-35.361926
-38.267958
-10.619129
-99.797733
-78.135816
-97.751397
-97.057424
-0.995758
-97.498871
-70.172199
-26.574253
-82.519076
-49.949714
-27.763215
-46.059828
-15.149869
-62.432055
-19.068616
-11.475287
-92.741604
-8.940365
-64.602590
-4.458679
-36.659549
-43.851968
-87.530824
-44.223370
-37.470400
-43.345283
-8.043283
-38.321697
-83.764008
-68.597043
-55.126567
-74.293119
-25.353951
-98.853734
-90.449975
-67.171268
-36.724745
-52.283395
-53.825831
-27.889856
-74.591408
-17.967914
-0.850326
-63.211299
-81.613902
-83.482631
-69.526079
-33.036612
-53.212784
-44.831040
-69.817456
-96.635253
-24.920175
-8.426307
-22.154022
-43.950662
-70.493464
-84.512145
-62.879603
-46.858323
-41.531890
-99.660378
-41.056242
-73.537237
-42.470112
-95.845186
-2.854636
-64.881732
-7.006585
-63.179427
-93.176415
-99.367521
-68.321566
-25.478886
-3.931593
-22.752079
-46.490816
-27.476020
-23.430505
-8.677267
-12.431622
-68.072358
-83.408013
-28.360393
-3.368702
-81.728245
-9.249768
-35.266894
-71.999341
-96.630686
-96.945874
-42.584832
-64.861904
-0.546277
-65.656738
-71.816008
-25.381674
-53.466270
-13.519429
-71.604859
-73.465241
-14.801084
-70.295836
-58.124962
-94.699116
-45.239165
-37.096026
-31.410351
-2.987910
-21.133149
-88.722817
-61.102098
-65.242738
-67.715028
-99.582110
-26.557804
-16.555356
-38.802373
-87.742309
-20.540076
-92.576825
-0.010162
-4.426262
-24.299939
-7.414191
-90.113192
-74.520656
-62.380274
-91.042458
-56.621212
-92.841598
-29.798326
-98.191633
-31.247069
-31.679302
-85.382836
-57.377165
-39.844016
-84.208507
-84.838225
-92.526849
-72.629246
-41.690991
-28.982800
-3.553040
-58.011534
-60.689900
-90.800643
-17.126527
-94.752156
-0.439148
-43.930197
-44.023397
-45.214298
-60.177741
-54.272278
-66.896370
-57.612503
-42.997050
-80.172170
-20.125526
-29.256740
-57.193007
-73.910574
-1.944181
-92.956126
-71.796612
-4.490015
-84.300094
-8.427113
-34.081516
-66.737636
-41.232391
-13.560336
-93.538648
-36.697998
-15.636662
-95.544408
-18.590435
-48.265718
-70.565060
-1.693733
-71.779714
-46.514468
-90.805446
-46.408740
-41.566039
-74.758176
-70.131289
-70.512245
-6.713260
-49.801822
-49.617676
-88.748501
-67.817476
-14.224460
-80.846385
-55.125986
-51.010619
-0.052935
-73.857211
-48.217405
-87.683176
-50.720117
-43.547643
-93.580032
-44.278680
-83.434062
-26.378584
-5.858646
-0.198559
-5.095171
-63.316583
-83.283433
-20.578933
-89.405648
-72.076881
-5.142086
-97.409862
-77.037723
-99.319542
-81.998667
-28.260054
-36.858963
-95.936768
-16.282442
-64.193695
-88.172135
-68.923821
-5.139887
-73.477053
-11.497640
-90.984268
-3.316859
-16.514172
-77.325740
-57.922966
-66.008932
-16.447289
-97.309777
-81.794070
-61.364195
-38.599138
-78.878588
-40.511860
-27.150987
-34.535956
-7.160410
-22.217957
-34.719905
-21.076559
-9.062107
-20.268065
-55.942702
-79.458802
-0.501819
-8.507511
-35.765098
-71.138250
-22.762130
-16.274133
-57.567708
-0.222512
-62.279390
-41.210599
-57.946136
-12.723103
-9.786792
-39.408643
-41.772147
-47.829600
-60.845284
-99.094769
-1.515660
-32.953405
-55.244975
-94.521921
-72.482998
-81.014533
-69.222532
-1.392255
-86.659859
-88.841656
-78.202977
-46.441818
-67.946897
-86.725513
-8.580717
-0.146018
-34.742437
-14.291606
-90.476805
-4.101110
-21.025765
-34.938478
-72.890244
-45.898957
-43.449683
-50.388816
-66.370321
-49.844807
-52.971403
-18.030513
-55.459021
-69.194306
-64.262911
-31.433259
-95.605949
-94.490293
-44.073527
-67.894945
-87.645851
-48.636046
-57.946810
-46.295282
-45.764728
-59.281981
-33.349455
-69.136710
-64.648637
-30.212641
-82.570485
-90.962513
-77.015977
-78.338489
-33.444432
-40.007653
-15.815496
-33.152710
-49.684736
-29.311172
-42.852337
-99.276075
-71.098626
-99.563094
-65.644845
-75.034840
-24.223649
-61.640626
-12.346629
-63.923001
-86.768226
-71.228518
-73.670580
-35.700065
-26.690205
-64.098011
-0.082854
-76.743437
-71.175620
-33.935895
-65.007601
-8.196172
-8.406324
-26.950877
-90.941542
-27.051929
-75.558205
-22.274874
-28.860753
-73.871499
-4.897352
-0.363704
-69.418389
-49.136464
-97.076554
-53.660474
-8.577912
-57.824350
-24.717924
-94.697838
-0.910298
-85.244917
-51.682318
-6.268191
-13.284538
-51.656289
-1.681411
-73.360459
-36.426991
-18.404551
-49.037287
-72.879230
-41.513914
-21.943948
-85.533131
-93.624506
-74.104176
-27.342534
-80.278285
-57.879814
-40.456065
-6.640526
-85.324033
-24.444993
-66.414533
-36.682709
-33.375836
-51.066533
-29.248606
-14.701613
-78.556461
-28.190679
-23.133698
-50.954242
-29.394806
-97.947138
-28.662116
-83.522374
-63.696994
-63.024018
-23.983375
-0.640097
-77.482031
-51.456142
-93.020760
-53.818169
-90.282776
-72.151065
-27.184977
-38.621417
-78.912008
-1.460667
-34.879209
-2.382396
-66.137310
-4.369984
-42.366326
-41.837285
-85.455453
-80.722160
-62.221162
-16.821088
-17.295401
-95.098021
-58.187652
-27.200293
-54.740951
-54.738427
-29.582398
-42.947670
-45.515679
-97.890233
-14.364024
-64.709356
-74.801166
-76.151045
-17.868292
-54.258636
-24.591117
-68.787210
-30.891780
-9.409514
-83.294648
-77.582877
-31.175689
-33.806925
-3.729307
-5.111741
-59.769239
-12.816718
-38.388728
-1.551023
-43.388153
-67.204684
-10.686472
-1.833511
-7.112772
-42.692475
-98.485427
-67.632069
-20.660737
-63.571996
-65.412738
-93.847688
-46.660019
-60.675822
-15.463917
-23.254573
-91.618973
-66.449491
-39.128853
-79.099098
-67.618785
-86.968691
-32.108399
-19.485428
-2.792378
-2.669000
-91.055115
-13.156379
-43.384366
-12.390834
-50.043388
-52.579477
-23.353299
-74.087052
-32.407841
-42.761433
-10.581571
-99.535263
-35.470107
-31.964440
-14.673462
-46.872658
-94.099649
-81.213670
-60.959376
-98.788853
-41.807291
-80.109644
-82.889705
-33.443999
-39.037606
-19.361086
-62.337515
-36.972401
-86.706599
-15.262529
-66.691876
-16.091523
-81.312511
-66.396489
-91.539615
-47.386374
-18.255827
-8.290755
-50.398803
-0.120593
-95.115556
-66.863386
-0.231437
-28.939967
-48.392989
-91.253032
-70.833101
-11.950119
-78.883423
-71.293540
-99.013047
-20.141550
-13.130574
-51.975381
-7.548222
-17.632664
-28.549455
-15.882646
-95.511711
-3.308035
-98.194682
-65.656314
-89.570485
-73.960318
-44.605941
-93.935709
-70.852213
-64.396039
-30.675639
-12.151691
-55.259477
-8.626537
-75.713286
-10.550468
-86.864855
-6.831041
-34.036858
-19.745181
-34.888364
-1.353982
-0.757959
-11.649958
-73.822416
-79.765713
-60.050756
-86.934223
-59.131494
-80.954033
-60.983698
-39.551523
-45.060870
-51.893194
-57.015826
-26.849429
-25.875929
-42.550113
-31.746221
-94.711984
-53.484531
-74.950074
-88.903881
-49.999230
-61.156294
-5.457858
-14.431780
-69.639974
-99.860196
-27.390799
-99.211314
-43.045431
-32.899477
-14.211670
-5.538129
-62.559350
-12.005451
-95.788808
-2.625917
-26.089042
-64.447098
-5.580497
-1.981219
-42.523417
-93.539457
-68.742982
-66.410659
-64.253068
-65.353913
-59.426398
-45.268649
-39.189158
-20.708236
-47.346135
-33.080248
-5.990877
-6.425925
-51.666499
-16.230211
-47.224586
-1.107895
-22.687124
-47.415156
-88.316795
-85.591635
-70.011502
-96.934458
-55.812031
-77.928381
-39.518669
-60.225135
-81.458521
-35.035433
-67.470427
-15.793179
-38.300773
-88.597029
-98.799759
-27.415832
-68.226108
-31.754983
-56.627297
-60.048697
-19.620113
-96.956217
-7.803815
-68.002062
-17.907596
-82.412887
-53.237541
-42.392889
-10.207890
-98.518986
-84.328789
-47.828609
-52.306834
-11.814631
-52.179623
-85.782386
-71.261765
-65.570692
-52.912467
-99.494348
-80.586593
-63.949035
-15.540299
-37.130285
-18.638194
-73.945234
-91.527987
-67.241874
-0.166210
-27.394233
-27.903824
-59.676647
-72.826513
-42.800602
-19.958703
-91.535154
-55.972574
-91.206523
-7.540155
-3.351082
-40.444290
-28.595728
-38.682739
-27.776234
-33.337587
-12.874605
-7.561611
-47.117188
-62.154813
-76.702491
-30.645513
-77.904773
-6.397774
-45.929786
-34.838740
-19.845487
-1.974840
-62.833592
-72.091647
-94.561382
-55.241722
-86.632134
-19.086123
-15.716990
-40.658842
-58.540819
-43.362660
-13.040742
-9.758858
-47.962215
-12.908641
-10.960287
-63.077149
-66.998007
-49.320926
-13.305415
-19.615773
-59.864834
-17.257551
-41.454808
-33.801310
-20.312996
-89.618168
-13.953725
-93.483398
-91.179229
-21.477193
-36.849789
-95.236773
-84.591219
-64.506595
-7.223886
-69.635756
-34.684379
-45.541584
-73.281933
-64.172128
-67.303873
-69.344677
-34.137213
-95.203983
-65.409094
-18.425028
-62.731187
-41.023494
-59.463489
-28.211829
-2.118330
-43.113873
-91.371065
-15.457143
-76.053783
-40.205778
-32.928620
-99.936614
-66.538593
-74.134470
-73.502070
-5.502654
-28.065332
-28.239336
-88.270807
-46.600580
-84.450396
-91.044498
-44.745716
-24.024061
-66.661804
-1.121570
-97.536585
-43.955873
-5.588597
-32.956708
-4.065351
-70.078265
-31.724351
-16.191971
-60.002113
-42.041553
-22.725071
-22.126358
-59.238779
-89.870860
-37.582738
-36.748968
-59.113350
-61.886650
-15.998255
-95.685180
-79.130326
-89.357070
-50.425144
-51.516418
-20.869263
-9.487549
-32.815421
-52.583532
-84.574664
-56.059664
-37.927388
-20.696701
-30.829377
-89.603964
-45.219457
-27.275895
-50.741925
-27.810297
-3.258713
-9.571273
-14.439671
-23.625485
-24.727032
-91.893973
-32.696407
-9.754298
-67.174535
-17.263527
-40.498229
-1.849328
-99.356607
-95.556573
-57.673286
-47.894650
-5.490911
-73.284829
-62.023143
-20.040422
-25.541506
-65.813092
-98.040911
-95.379488
-47.130293
-25.487612
-90.470980
-6.218024
-99.201453
-82.646378
-35.330830
-98.631433
-93.650241
-8.769850
-26.184468
-83.652757
-38.561737
-28.943601
-73.804057
-61.612715
-45.101539
-16.419689
-45.410368
-34.673313
-86.879707
-19.463797
-64.681391
-71.595750
-63.442394
-0.908373
-13.091461
-89.616544
-81.152911
-80.928353
-99.030681
-96.807356
-71.022331
-76.934939
-76.546908
-23.785728
-88.628226
-49.225669
-66.051116
-33.724309
-67.221378
-44.482079
-27.858900
-11.027601
-52.498595
-13.957459
-42.609891
-2.089582
-54.420762
-54.891867
-62.314571
2.000000
13.000000
3.000000
8.000000
1.000000
12.000000
5.000000
12.000000
7.000000
13.000000
13.000000
15.000000
1.000000
19.000000
3.000000
7.000000
8.000000
7.000000
7.000000
15.000000
3.000000
7.000000
4.000000
7.000000
15.000000
18.000000
4.000000
15.000000
15.000000
10.000000
19.000000
1.000000
9.000000
19.000000
18.000000
9.000000
12.000000
14.000000
17.000000
3.000000
11.000000
17.000000
13.000000
16.000000
19.000000
7.000000
18.000000
13.000000
15.000000
19.000000
2.000000
4.000000
3.000000
12.000000
1.000000
17.000000
2.000000
19.000000
4.000000
17.000000
9.000000
18.000000
4.000000
3.000000
4.000000
5.000000
10.000000
8.000000
15.000000
9.000000
5.000000
15.000000
5.000000
9.000000
4.000000
3.000000
16.000000
3.000000
5.000000
7.000000
9.000000
1.000000
13.000000
12.000000
2.000000
3.000000
8.000000
9.000000
11.000000
4.000000
12.000000
4.000000
18.000000
13.000000
2.000000
11.000000
9.000000
4.000000
6.000000
7.000000
5.000000
17.000000
13.000000
19.000000
15.000000
5.000000
13.000000
1.000000
11.000000
3.000000
16.000000
9.000000
15.000000
12.000000
4.000000
6.000000
4.000000
15.000000
15.000000
17.000000
3.000000
5.000000
11.000000
19.000000
8.000000
12.000000
3.000000
19.000000
12.000000
6.000000
13.000000
1.000000
16.000000
14.000000
10.000000
5.000000
2.000000
4.000000
9.000000
5.000000
13.000000
18.000000
15.000000
1.000000
12.000000
3.000000
1.000000
4.000000
14.000000
8.000000
1.000000
8.000000
4.000000
8.000000
18.000000
11.000000
9.000000
1.000000
7.000000
5.000000
8.000000
16.000000
7.000000
14.000000
2.000000
5.000000
5.000000
17.000000
4.000000
10.000000
6.000000
7.000000
9.000000
3.000000
6.000000
8.000000
11.000000
5.000000
12.000000
6.000000
7.000000
3.000000
14.000000
3.000000
1.000000
6.000000
7.000000
10.000000
15.000000
19.000000
7.000000
13.000000
19.000000
8.000000
4.000000
17.000000
7.000000
3.000000
6.000000
10.000000
2.000000
12.000000
18.000000
7.000000
2.000000
15.000000
3.000000
4.000000
13.000000
2.000000
3.000000
3.000000
17.000000
19.000000
11.000000
13.000000
9.000000
8.000000
19.000000
18.000000
14.000000
19.000000
9.000000
9.000000
18.000000
1.000000
19.000000
15.000000
16.000000
11.000000
14.000000
7.000000
7.000000
4.000000
14.000000
10.000000
12.000000
5.000000
1.000000
9.000000
16.000000
17.000000
8.000000
7.000000
9.000000
17.000000
11.000000
3.000000
12.000000
4.000000
19.000000
14.000000
5.000000
18.000000
10.000000
17.000000
2.000000
13.000000
18.000000
19.000000
6.000000
19.000000
19.000000
9.000000
13.000000
16.000000
13.000000
4.000000
3.000000
5.000000
6.000000
2.000000
19.000000
12.000000
10.000000
3.000000
15.000000
7.000000
1.000000
19.000000
3.000000
19.000000
18.000000
11.000000
13.000000
18.000000
19.000000
10.000000
4.000000
15.000000
3.000000
17.000000
10.000000
4.000000
19.000000
9.000000
5.000000
3.000000
13.000000
18.000000
19.000000
9.000000
6.000000
8.000000
2.000000
14.000000
10.000000
16.000000
7.000000
11.000000
14.000000
19.000000
15.000000
7.000000
3.000000
17.000000
19.000000
19.000000
5.000000
16.000000
10.000000
2.000000
19.000000
1.000000
11.000000
18.000000
6.000000
1.000000
1.000000
4.000000
14.000000
15.000000
1.000000
14.000000
19.000000
7.000000
16.000000
17.000000
15.000000
15.000000
9.000000
1.000000
14.000000
5.000000
8.000000
12.000000
5.000000
18.000000
4.000000
15.000000
13.000000
11.000000
9.000000
17.000000
8.000000
13.000000
13.000000
10.000000
18.000000
15.000000
19.000000
12.000000
10.000000
7.000000
15.000000
3.000000
7.000000
4.000000
17.000000
15.000000
18.000000
2.000000
2.000000
10.000000
6.000000
5.000000
16.000000
18.000000
19.000000
7.000000
7.000000
9.000000
15.000000
6.000000
5.000000
9.000000
2.000000
19.000000
10.000000
5.000000
13.000000
13.000000
8.000000
12.000000
9.000000
1.000000
5.000000
17.000000
4.000000
16.000000
9.000000
16.000000
16.000000
10.000000
16.000000
15.000000
5.000000
16.000000
10.000000
18.000000
8.000000
14.000000
17.000000
19.000000
18.000000
12.000000
13.000000
6.000000
5.000000
5.000000
8.000000
9.000000
1.000000
19.000000
10.000000
15.000000
18.000000
19.000000
17.000000
3.000000
8.000000
11.000000
8.000000
4.000000
3.000000
18.000000
6.000000
9.000000
1.000000
16.000000
13.000000
9.000000
11.000000
4.000000
9.000000
7.000000
19.000000
9.000000
11.000000
13.000000
10.000000
13.000000
12.000000
2.000000
11.000000
17.000000
11.000000
14.000000
10.000000
4.000000
1.000000
16.000000
12.000000
2.000000
19.000000
1.000000
18.000000
12.000000
14.000000
9.000000
19.000000
4.000000
3.000000
2.000000
7.000000
3.000000
19.000000
14.000000
2.000000
1.000000
13.000000
6.000000
4.000000
17.000000
18.000000
1.000000
12.000000
8.000000
1.000000
7.000000
15.000000
7.000000
7.000000
9.000000
16.000000
11.000000
13.000000
14.000000
7.000000
13.000000
5.000000
12.000000
8.000000
10.000000
12.000000
13.000000
2.000000
19.000000
5.000000
9.000000
13.000000
13.000000
12.000000
7.000000
15.000000
18.000000
5.000000
10.000000
3.000000
19.000000
8.000000
16.000000
3.000000
18.000000
17.000000
10.000000
7.000000
18.000000
5.000000
16.000000
9.000000
16.000000
2.000000
3.000000
16.000000
16.000000
11.000000
19.000000
9.000000
11.000000
3.000000
7.000000
1.000000
4.000000
12.000000
19.000000
15.000000
2.000000
14.000000
3.000000
4.000000
8.000000
2.000000
19.000000
4.000000
8.000000
7.000000
1.000000
14.000000
3.000000
3.000000
19.000000
9.000000
16.000000
10.000000
9.000000
19.000000
4.000000
10.000000
15.000000
11.000000
15.000000
12.000000
11.000000
13.000000
9.000000
14.000000
9.000000
11.000000
9.000000
10.000000
1.000000
4.000000
9.000000
10.000000
4.000000
14.000000
10.000000
10.000000
7.000000
15.000000
17.000000
8.000000
15.000000
1.000000
3.000000
14.000000
12.000000
18.000000
19.000000
6.000000
15.000000
14.000000
12.000000
13.000000
1.000000
3.000000
2.000000
3.000000
9.000000
10.000000
5.000000
2.000000
16.000000
7.000000
6.000000
9.000000
7.000000
3.000000
17.000000
3.000000
7.000000
17.000000
1.000000
16.000000
19.000000
16.000000
12.000000
4.000000
18.000000
8.000000
5.000000
18.000000
4.000000
12.000000
10.000000
10.000000
16.000000
6.000000
15.000000
3.000000
12.000000
11.000000
6.000000
9.000000
8.000000
2.000000
17.000000
13.000000
11.000000
12.000000
4.000000
19.000000
12.000000
17.000000
15.000000
4.000000
16.000000
17.000000
9.000000
15.000000
6.000000
15.000000
10.000000
14.000000
8.000000
14.000000
16.000000
3.000000
19.000000
8.000000
18.000000
13.000000
11.000000
7.000000
3.000000
16.000000
15.000000
9.000000
14.000000
15.000000
10.000000
11.000000
16.000000
19.000000
2.000000
7.000000
14.000000
11.000000
10.000000
5.000000
2.000000
16.000000
13.000000
11.000000
12.000000
3.000000
19.000000
17.000000
14.000000
11.000000
9.000000
15.000000
2.000000
15.000000
5.000000
2.000000
4.000000
1.000000
9.000000
18.000000
18.000000
12.000000
2.000000
10.000000
6.000000
13.000000
3.000000
18.000000
2.000000
7.000000
12.000000
16.000000
14.000000
11.000000
11.000000
16.000000
3.000000
13.000000
4.000000
14.000000
16.000000
1.000000
11.000000
13.000000
9.000000
9.000000
3.000000
7.000000
5.000000
3.000000
15.000000
9.000000
5.000000
11.000000
10.000000
18.000000
10.000000
2.000000
5.000000
12.000000
16.000000
16.000000
4.000000
10.000000
14.000000
14.000000
12.000000
13.000000
3.000000
9.000000
10.000000
12.000000
8.000000
10.000000
4.000000
15.000000
19.000000
12.000000
4.000000
12.000000
13.000000
9.000000
19.000000
4.000000
1.000000
12.000000
6.000000
4.000000
6.000000
4.000000
6.000000
12.000000
2.000000
4.000000
10.000000
14.000000
3.000000
15.000000
11.000000
13.000000
2.000000
18.000000
18.000000
2.000000
18.000000
5.000000
18.000000
5.000000
4.000000
11.000000
11.000000
17.000000
15.000000
12.000000
4.000000
18.000000
1.000000
6.000000
9.000000
10.000000
2.000000
7.000000
2.000000
15.000000
10.000000
1.000000
8.000000
1.000000
4.000000
2.000000
3.000000
14.000000
2.000000
2.000000
14.000000
5.000000
14.000000
19.000000
3.000000
3.000000
10.000000
7.000000
19.000000
13.000000
1.000000
17.000000
12.000000
17.000000
1.000000
10.000000
7.000000
9.000000
18.000000
5.000000
12.000000
9.000000
15.000000
4.000000
6.000000
17.000000
2.000000
10.000000
12.000000
3.000000
6.000000
3.000000
2.000000
17.000000
10.000000
11.000000
6.000000
11.000000
15.000000
16.000000
4.000000
4.000000
8.000000
1.000000
14.000000
5.000000
12.000000
3.000000
9.000000
19.000000
9.000000
15.000000
13.000000
2.000000
16.000000
16.000000
2.000000
5.000000
19.000000
17.000000
3.000000
7.000000
18.000000
3.000000
11.000000
19.000000
10.000000
6.000000
18.000000
13.000000
13.000000
8.000000
14.000000
14.000000
1.000000
18.000000
18.000000
1.000000
6.000000
3.000000
14.000000
7.000000
5.000000
15.000000
16.000000
16.000000
12.000000
4.000000
2.000000
17.000000
10.000000
15.000000
6.000000
7.000000
13.000000
13.000000
13.000000
19.000000
3.000000
14.000000
6.000000
5.000000
14.000000
5.000000
14.000000
18.000000
19.000000
7.000000
4.000000
15.000000
15.000000
10.000000
13.000000
5.000000
3.000000
1.000000
1.000000
14.000000
4.000000
17.000000
4.000000
18.000000
3.000000
14.000000
3.000000
16.000000
17.000000
7.000000
15.000000
17.000000
11.000000
15.000000
16.000000
17.000000
5.000000
16.000000
12.000000
14.000000
4.000000
1.000000
11.000000
15.000000
16.000000
9.000000
14.000000
17.000000
11.000000
18.000000
5.000000
12.000000
2.000000
3.000000
6.000000
12.000000
2.000000
19.000000
1.000000
18.000000
6.000000
13.000000
4.000000
18.000000
18.000000
13.000000
4.000000
8.000000
18.000000
18.000000
1.000000
5.000000
4.000000
9.000000
15.000000
2.000000
4.000000
2.000000
10.000000
1.000000
13.000000
9.000000
6.000000
13.000000
19.000000
4.000000
8.000000
2.000000
6.000000
14.000000
9.000000
16.000000
3.000000
2.000000
9.000000
17.000000
11.000000
12.000000
8.000000
3.000000
15.000000
3.000000
13.000000
8.000000
1.000000
12.000000
4.000000
14.000000
14.000000
4.000000
18.000000
17.000000
15.000000
19.000000
3.000000
16.000000
3.000000
7.000000
13.000000
13.000000
16.000000
10.000000
13.000000
17.000000
7.000000
18.000000
2.000000
2.000000
12.000000
11.000000
13.000000
7.000000
12.000000
5.000000
5.000000
15.000000
18.000000
19.000000
14.000000
19.000000
1.000000
17.000000
19.000000
14.000000
13.000000
8.000000
8.000000
12.000000
10.000000
16.000000
17.000000
16.000000
19.000000
7.000000
6.000000
9.000000
12.000000
15.000000
1.000000
5.000000
1.000000
9.000000
1.000000
12.000000
1.000000
4.000000
8.000000
8.000000
5.000000
5.000000
9.000000
17.000000
8.000000
13.000000
6.000000
18.000000
2.000000
18.000000
16.000000
8.000000
4.000000
11.000000
10.000000
1.000000
16.000000
19.000000
3.000000
16.000000
10.000000
15.000000
18.000000
7.000000
2.000000
2.000000
18.000000
8.000000
1.000000
13.000000
1.000000
15.000000
5.000000
7.000000
8.000000
2.000000
9.000000
2.000000
16.000000
11.000000
11.000000
3.000000
3.000000
10.000000
4.000000
8.000000
5.000000
5.000000
13.000000
5.000000
16.000000
8.000000
11.000000
5.000000
5.000000
12.000000
17.000000
9.000000
10.000000
5.000000
17.000000
6.000000
15.000000
5.000000
3.000000
10.000000
8.000000
11.000000
19.000000
11.000000
16.000000
6.000000
10.000000
3.000000
6.000000
15.000000
2.000000
5.000000
11.000000
18.000000
5.000000
13.000000
10.000000
16.000000
4.000000
3.000000
18.000000
12.000000
12.000000
13.000000
5.000000
2.000000
15.000000
17.000000
15.000000
10.000000
17.000000
17.000000
8.000000
3.000000
4.000000
10.000000
3.000000
10.000000
15.000000
8.000000
1.000000
3.000000
17.000000
7.000000
12.000000
10.000000
19.000000
1.000000
18.000000
19.000000
15.000000
17.000000
2.000000
6.000000
7.000000
6.000000
2.000000
7.000000
3.000000
10.000000
6.000000
16.000000
18.000000
8.000000
2.000000
17.000000
19.000000
19.000000
11.000000
18.000000
12.000000
1.000000
13.000000
17.000000
17.000000
7.000000
8.000000
12.000000
6.000000
3.000000
12.000000
6.000000
5.000000
3.000000
19.000000
15.000000
11.000000
2.000000
12.000000
10.000000
12.000000
18.000000
14.000000
17.000000
11.000000
5.000000
19.000000
15.000000
7.000000
12.000000
9.000000
3.000000
7.000000
18.000000
19.000000
11.000000
7.000000
3.000000
4.000000
19.000000
14.000000
5.000000
9.000000
1.000000
5.000000
15.000000
16.000000
5.000000
6.000000
4.000000
15.000000
4.000000
2.000000
11.000000
8.000000
14.000000
17.000000
6.000000
9.000000
7.000000
1.000000
6.000000
5.000000
5.000000
19.000000
5.000000
17.000000
16.000000
3.000000
10.000000
11.000000
12.000000
19.000000
13.000000
1.000000
4.000000
16.000000
15.000000
12.000000
15.000000
2.000000
16.000000
5.000000
19.000000
18.000000
11.000000
10.000000
17.000000
10.000000
8.000000
13.000000
12.000000
5.000000
15.000000
17.000000
8.000000
4.000000
12.000000
16.000000
7.000000
14.000000
12.000000
19.000000
15.000000
15.000000
13.000000
8.000000
10.000000
9.000000
5.000000
3.000000
3.000000
3.000000
8.000000
13.000000
19.000000
15.000000
18.000000
5.000000
6.000000
12.000000
19.000000
10.000000
8.000000
9.000000
2.000000
18.000000
7.000000
17.000000
17.000000
4.000000
9.000000
8.000000
8.000000
7.000000
8.000000
12.000000
8.000000
11.000000
17.000000
3.000000
2.000000
1.000000
4.000000
19.000000
8.000000
15.000000
13.000000
7.000000
8.000000
10.000000
12.000000
1.000000
19.000000
7.000000
1.000000
4.000000
5.000000
1.000000
11.000000
11.000000
9.000000
1.000000
8.000000
15.000000
8.000000
1.000000
1.000000
7.000000
8.000000
1.000000
18.000000
18.000000
19.000000
6.000000
14.000000
4.000000
12.000000
10.000000
10.000000
2.000000
14.000000
1.000000
12.000000
11.000000
8.000000
5.000000
19.000000
13.000000
2.000000
9.000000
15.000000
7.000000
8.000000
12.000000
14.000000
18.000000
1.000000
19.000000
17.000000
16.000000
18.000000
11.000000
14.000000
7.000000
10.000000
9.000000
14.000000
17.000000
5.000000
5.000000
18.000000
3.000000
9.000000
11.000000
7.000000
12.000000
13.000000
2.000000
14.000000
6.000000
14.000000
8.000000
14.000000
18.000000
12.000000
13.000000
10.000000
10.000000
10.000000
14.000000
12.000000
4.000000
10.000000
6.000000
10.000000
9.000000
9.000000
16.000000
9.000000
11.000000
19.000000
12.000000
15.000000
12.000000
15.000000
15.000000
11.000000
1.000000
18.000000
12.000000
18.000000
4.000000
5.000000
2.000000
19.000000
19.000000
11.000000
16.000000
1.000000
11.000000
2.000000
15.000000
12.000000
1.000000
8.000000
9.000000
1.000000
17.000000
12.000000
15.000000
18.000000
18.000000
13.000000
11.000000
6.000000
15.000000
2.000000
7.000000
14.000000
9.000000
6.000000
15.000000
8.000000
1.000000
13.000000
4.000000
8.000000
6.000000
3.000000
3.000000
17.000000
13.000000
8.000000
12.000000
18.000000
3.000000
17.000000
7.000000
11.000000
16.000000
10.000000
17.000000
7.000000
3.000000
18.000000
5.000000
7.000000
2.000000
4.000000
8.000000
9.000000
15.000000
4.000000
17.000000
5.000000
6.000000
13.000000
2.000000
10.000000
15.000000
5.000000
12.000000
1.000000
5.000000
1.000000
19.000000
9.000000
2.000000
11.000000
16.000000
12.000000
15.000000
11.000000
15.000000
19.000000
9.000000
15.000000
18.000000
18.000000
10.000000
6.000000
10.000000
6.000000
4.000000
18.000000
13.000000
9.000000
15.000000
11.000000
4.000000
13.000000
5.000000
14.000000
5.000000
2.000000
2.000000
18.000000
11.000000
3.000000
17.000000
13.000000
3.000000
19.000000
3.000000
12.000000
3.000000
16.000000
6.000000
3.000000
15.000000
10.000000
2.000000
13.000000
14.000000
10.000000
15.000000
17.000000
18.000000
19.000000
16.000000
17.000000
5.000000
5.000000
2.000000
9.000000
3.000000
5.000000
7.000000
15.000000
11.000000
15.000000
19.000000
12.000000
12.000000
10.000000
11.000000
19.000000
6.000000
3.000000
11.000000
4.000000
2.000000
12.000000
17.000000
3.000000
1.000000
1.000000
11.000000
8.000000
9.000000
3.000000
12.000000
16.000000
5.000000
4.000000
14.000000
6.000000
2.000000
9.000000
19.000000
9.000000
14.000000
15.000000
16.000000
8.000000
18.000000
5.000000
5.000000
15.000000
10.000000
17.000000
2.000000
6.000000
14.000000
3.000000
1.000000
10.000000
17.000000
16.000000
16.000000
16.000000
10.000000
17.000000
14.000000
10.000000
14.000000
9.000000
14.000000
3.000000
19.000000
19.000000
18.000000
15.000000
5.000000
15.000000
3.000000
9.000000
15.000000
17.000000
1.000000
8.000000
5.000000
1.000000
10.000000
5.000000
5.000000
12.000000
3.000000
18.000000
13.000000
1.000000
14.000000
12.000000
2.000000
16.000000
12.000000
19.000000
19.000000
18.000000
16.000000
13.000000
3.000000
9.000000
15.000000
1.000000
19.000000
17.000000
11.000000
17.000000
17.000000
1.000000
7.000000
10.000000
8.000000
15.000000
8.000000
6.000000
15.000000
10.000000
10.000000
11.000000
5.000000
19.000000
17.000000
13.000000
13.000000
5.000000
13.000000
6.000000
13.000000
19.000000
3.000000
7.000000
11.000000
12.000000
11.000000
19.000000
4.000000
18.000000
1.000000
1.000000
4.000000
12.000000
5.000000
7.000000
6.000000
13.000000
3.000000
12.000000
19.000000
7.000000
2.000000
18.000000
18.000000
10.000000
2.000000
12.000000
2.000000
8.000000
9.000000
15.000000
4.000000
4.000000
6.000000
4.000000
6.000000
8.000000
11.000000
14.000000
9.000000
2.000000
11.000000
15.000000
14.000000
16.000000
16.000000
4.000000
7.000000
1.000000
1.000000
16.000000
8.000000
13.000000
8.000000
14.000000
14.000000
7.000000
9.000000
4.000000
1.000000
17.000000
19.000000
14.000000
8.000000
9.000000
6.000000
4.000000
5.000000
19.000000
5.000000
3.000000
16.000000
13.000000
9.000000
10.000000
13.000000
9.000000
3.000000
17.000000
13.000000
8.000000
18.000000
17.000000
8.000000
19.000000
15.000000
12.000000
8.000000
10.000000
18.000000
9.000000
12.000000
4.000000
8.000000
9.000000
11.000000
18.000000
18.000000
18.000000
3.000000
12.000000
4.000000
16.000000
18.000000
6.000000
8.000000
7.000000
10.000000
1.000000
8.000000
7.000000
11.000000
17.000000
13.000000
8.000000
8.000000
5.000000
2.000000
8.000000
18.000000
19.000000
14.000000
7.000000
2.000000
4.000000
3.000000
10.000000
13.000000
10.000000
4.000000
7.000000
12.000000
18.000000
18.000000
4.000000
13.000000
13.000000
19.000000
5.000000
9.000000
17.000000
14.000000
15.000000
1.000000
8.000000
17.000000
17.000000
4.000000
2.000000
4.000000
3.000000
7.000000
7.000000
3.000000
9.000000
2.000000
18.000000
7.000000
12.000000
11.000000
8.000000
7.000000
17.000000
12.000000
13.000000
2.000000
17.000000
19.000000
5.000000
7.000000
9.000000
4.000000
18.000000
11.000000
8.000000
2.000000
14.000000
12.000000
17.000000
10.000000
16.000000
3.000000
18.000000
3.000000
14.000000
12.000000
6.000000
8.000000
7.000000
10.000000
7.000000
11.000000
7.000000
13.000000
3.000000
1.000000
18.000000
10.000000
9.000000
11.000000
19.000000
16.000000
1.000000
15.000000
17.000000
13.000000
10.000000
18.000000
4.000000
9.000000
18.000000
15.000000
5.000000
10.000000
12.000000
18.000000
7.000000
15.000000
9.000000
12.000000
2.000000
8.000000
3.000000
13.000000
15.000000
11.000000
4.000000
13.000000
8.000000
16.000000
13.000000
14.000000
10.000000
18.000000
7.000000
3.000000
7.000000
17.000000
8.000000
18.000000
6.000000
14.000000
12.000000
11.000000
4.000000
5.000000
6.000000
7.000000
3.000000
17.000000
4.000000
12.000000
2.000000
14.000000
1.000000
13.000000
1.000000
7.000000
1.000000
4.000000
4.000000
2.000000
100.000000
100.000000
100.000000
100.000000
100.000000
100.000000
100.000000
100.000000
100.000000
100.000000
100.000000
100.000000
100.000000
100.000000
100.000000
100.000000
100.000000
100.000000
100.000000
100.000000
100.000000
100.000000
100.000000
100.000000
100.000000
100.000000
100.000000
100.000000
100.000000
100.000000
100.000000
100.000000
100.000000
100.000000
100.000000
100.000000
100.000000
100.000000
100.000000
100.000000
100.000000
100.000000
100.000000
100.000000
100.000000
100.000000
100.000000
100.000000
100.000000
100.000000
100.000000
100.000000
100.000000
100.000000
100.000000
100.000000
100.000000
100.000000
100.000000
100.000000
100.000000
100.000000
100.000000
100.000000
100.000000
100.000000
100.000000
100.000000
100.000000
100.000000
100.000000
100.000000
100.000000
100.000000
100.000000
100.000000
100.000000
100.000000
100.000000
100.000000
100.000000
100.000000
100.000000
100.000000
100.000000
100.000000
100.000000
100.000000
100.000000
100.000000
100.000000
100.000000
100.000000
100.000000
100.000000
100.000000
100.000000
100.000000
100.000000
100.000000
100.000000
100.000000
100.000000
100.000000
100.000000
100.000000
100.000000
100.000000
100.000000
100.000000
100.000000
100.000000
100.000000
100.000000
100.000000
100.000000
100.000000
100.000000
100.000000
100.000000
100.000000
100.000000
100.000000
100.000000
100.000000
100.000000
100.000000
100.000000
100.000000
100.000000
100.000000
100.000000
100.000000
100.000000
100.000000
100.000000
100.000000
100.000000
100.000000
100.000000
100.000000
100.000000
100.000000
100.000000
100.000000
100.000000
100.000000
100.000000
100.000000
100.000000
100.000000
100.000000
100.000000
100.000000
100.000000
100.000000
100.000000
100.000000
100.000000
100.000000
100.000000
100.000000
100.000000
100.000000
100.000000
100.000000
100.000000
100.000000
100.000000
100.000000
100.000000
100.000000
100.000000
100.000000
100.000000
100.000000
100.000000
100.000000
100.000000
100.000000
100.000000
100.000000
100.000000
100.000000
100.000000
100.000000
100.000000
100.000000
100.000000
100.000000
100.000000
100.000000
100.000000
100.000000
100.000000
100.000000
100.000000
100.000000
100.000000
100.000000
100.000000
100.000000
100.000000
100.000000
100.000000
100.000000
100.000000
100.000000
100.000000
100.000000
100.000000
100.000000
100.000000
100.000000
100.000000
100.000000
100.000000
100.000000
100.000000
100.000000
100.000000
100.000000
100.000000
100.000000
100.000000
100.000000
100.000000
100.000000
100.000000
100.000000
100.000000
100.000000
100.000000
100.000000
100.000000
100.000000
100.000000
100.000000
100.000000
100.000000
100.000000
100.000000
100.000000
100.000000
100.000000
100.000000
100.000000
100.000000
100.000000
100.000000
100.000000
100.000000
100.000000
100.000000
100.000000
100.000000
100.000000
100.000000
100.000000
100.000000
100.000000
100.000000
100.000000
100.000000
100.000000
100.000000
100.000000
100.000000
100.000000
100.000000
100.000000
100.000000
100.000000
100.000000
100.000000
100.000000
100.000000
100.000000
100.000000
100.000000
100.000000
100.000000
100.000000
100.000000
100.000000
100.000000
100.000000
100.000000
100.000000
100.000000
100.000000
100.000000
100.000000
100.000000
100.000000
100.000000
100.000000
100.000000
100.000000
100.000000
100.000000
100.000000
100.000000
100.000000
100.000000
100.000000
100.000000
100.000000
100.000000
100.000000
100.000000
100.000000
100.000000
100.000000
100.000000
100.000000
100.000000
100.000000
100.000000
100.000000
100.000000
100.000000
100.000000
100.000000
100.000000
100.000000
100.000000
100.000000
100.000000
100.000000
100.000000
100.000000
100.000000
100.000000
100.000000
100.000000
100.000000
100.000000
100.000000
100.000000
100.000000
100.000000
100.000000
100.000000
100.000000
100.000000
100.000000
100.000000
100.000000
100.000000
100.000000
100.000000
100.000000
100.000000
100.000000
100.000000
100.000000
100.000000
100.000000
100.000000
100.000000
100.000000
100.000000
100.000000
100.000000
100.000000
100.000000
100.000000
100.000000
100.000000
100.000000
100.000000
100.000000
100.000000
100.000000
100.000000
100.000000
100.000000
100.000000
100.000000
100.000000
100.000000
100.000000
100.000000
100.000000
100.000000
100.000000
100.000000
100.000000
100.000000
100.000000
100.000000
100.000000
100.000000
100.000000
100.000000
100.000000
100.000000
100.000000
100.000000
100.000000
100.000000
100.000000
100.000000
100.000000
100.000000
100.000000
100.000000
100.000000
100.000000
100.000000
100.000000
100.000000
100.000000
100.000000
100.000000
100.000000
100.000000
100.000000
100.000000
100.000000
100.000000
100.000000
100.000000
100.000000
100.000000
100.000000
100.000000
100.000000
100.000000
100.000000
100.000000
100.000000
100.000000
100.000000
100.000000
100.000000
100.000000
100.000000
100.000000
100.000000
100.000000
100.000000
100.000000
100.000000
100.000000
100.000000
100.000000
100.000000
100.000000
100.000000
100.000000
100.000000
100.000000
100.000000
100.000000
100.000000
100.000000
100.000000
100.000000
100.000000
100.000000
100.000000
100.000000
100.000000
100.000000
100.000000
100.000000
100.000000
100.000000
100.000000
100.000000
100.000000
100.000000
100.000000
100.000000
100.000000
100.000000
100.000000
100.000000
100.000000
100.000000
100.000000
100.000000
100.000000
100.000000
100.000000
100.000000
100.000000
100.000000
100.000000
100.000000
100.000000
100.000000
100.000000
100.000000
100.000000
100.000000
100.000000
100.000000
100.000000
100.000000
100.000000
100.000000
100.000000
100.000000
100.000000
100.000000
100.000000
100.000000
100.000000
100.000000
100.000000
100.000000
100.000000
100.000000
100.000000
100.000000
100.000000
100.000000
100.000000
100.000000
100.000000
100.000000
100.000000
100.000000
100.000000
100.000000
100.000000
100.000000
100.000000
100.000000
100.000000
100.000000
100.000000
100.000000
100.000000
100.000000
100.000000
100.000000
100.000000
100.000000
100.000000
100.000000
100.000000
100.000000
100.000000
100.000000
100.000000
100.000000
100.000000
100.000000
100.000000
100.000000
100.000000
100.000000
100.000000
100.000000
100.000000
100.000000
100.000000
100.000000
100.000000
100.000000
100.000000
100.000000
100.000000
100.000000
100.000000
100.000000
100.000000
100.000000
100.000000
100.000000
100.000000
100.000000
100.000000
100.000000
100.000000
100.000000
100.000000
100.000000
100.000000
100.000000
100.000000
100.000000
100.000000
100.000000
100.000000
100.000000
100.000000
100.000000
100.000000
100.000000
100.000000
100.000000
100.000000
100.000000
100.000000
100.000000
100.000000
100.000000
100.000000
100.000000
100.000000
100.000000
100.000000
100.000000
100.000000
100.000000
100.000000
100.000000
100.000000
100.000000
100.000000
100.000000
100.000000
100.000000
100.000000
100.000000
100.000000
100.000000
100.000000
100.000000
100.000000
100.000000
100.000000
100.000000
100.000000
100.000000
100.000000
100.000000
100.000000
100.000000
100.000000
100.000000
100.000000
100.000000
100.000000
100.000000
100.000000
100.000000
100.000000
100.000000
100.000000
100.000000
100.000000
100.000000
100.000000
100.000000
100.000000
100.000000
100.000000
100.000000
100.000000
100.000000
100.000000
100.000000
100.000000
100.000000
100.000000
100.000000
100.000000
100.000000
100.000000
100.000000
100.000000
100.000000
100.000000
100.000000
100.000000
100.000000
100.000000
100.000000
100.000000
100.000000
100.000000
100.000000
100.000000
100.000000
100.000000
100.000000
100.000000
100.000000
100.000000
100.000000
100.000000
100.000000
100.000000
100.000000
100.000000
100.000000
100.000000
100.000000
100.000000
100.000000
100.000000
100.000000
100.000000
100.000000
100.000000
100.000000
100.000000
100.000000
100.000000
100.000000
100.000000
100.000000
100.000000
100.000000
100.000000
100.000000
100.000000
100.000000
100.000000
100.000000
100.000000
100.000000
100.000000
100.000000
100.000000
100.000000
100.000000
100.000000
100.000000
100.000000
100.000000
100.000000
100.000000
100.000000
100.000000
100.000000
100.000000
100.000000
100.000000
100.000000
100.000000
100.000000
100.000000
100.000000
100.000000
100.000000
100.000000
100.000000
100.000000
100.000000
100.000000
100.000000
100.000000
100.000000
100.000000
100.000000
100.000000
100.000000
100.000000
100.000000
100.000000
100.000000
100.000000
100.000000
100.000000
100.000000
100.000000
100.000000
100.000000
100.000000
100.000000
100.000000
100.000000
100.000000
100.000000
100.000000
100.000000
100.000000
100.000000
100.000000
100.000000
100.000000
100.000000
100.000000
100.000000
100.000000
100.000000
100.000000
100.000000
100.000000
100.000000
100.000000
100.000000
100.000000
100.000000
100.000000
100.000000
100.000000
100.000000
100.000000
100.000000
100.000000
100.000000
100.000000
100.000000
100.000000
100.000000
100.000000
100.000000
100.000000
100.000000
100.000000
100.000000
100.000000
100.000000
100.000000
100.000000
100.000000
100.000000
100.000000
100.000000
100.000000
100.000000
100.000000
100.000000
100.000000
100.000000
100.000000
100.000000
100.000000
100.000000
100.000000
100.000000
100.000000
100.000000
100.000000
100.000000
100.000000
100.000000
100.000000
100.000000
100.000000
100.000000
100.000000
100.000000
100.000000
100.000000
100.000000
100.000000
100.000000
100.000000
100.000000
100.000000
100.000000
100.000000
100.000000
100.000000
100.000000
100.000000
100.000000
100.000000
100.000000
100.000000
100.000000
100.000000
100.000000
100.000000
100.000000
100.000000
100.000000
100.000000
100.000000
100.000000
100.000000
100.000000
100.000000
100.000000
100.000000
100.000000
100.000000
100.000000
100.000000
100.000000
100.000000
100.000000
100.000000
100.000000
100.000000
100.000000
100.000000
100.000000
100.000000
100.000000
100.000000
100.000000
100.000000
100.000000
100.000000
100.000000
100.000000
100.000000
100.000000
100.000000
100.000000
100.000000
100.000000
100.000000
100.000000
100.000000
100.000000
100.000000
100.000000
100.000000
100.000000
100.000000
100.000000
100.000000
100.000000
100.000000
100.000000
100.000000
100.000000
100.000000
100.000000
100.000000
100.000000
100.000000
100.000000
100.000000
100.000000
100.000000
100.000000
100.000000
100.000000
100.000000
100.000000
100.000000
100.000000
100.000000
100.000000
100.000000
100.000000
100.000000
100.000000
100.000000
100.000000
100.000000
100.000000
100.000000
100.000000
100.000000
100.000000
100.000000
100.000000
100.000000
100.000000
100.000000
100.000000
100.000000
100.000000
100.000000
100.000000
100.000000
100.000000
100.000000
100.000000
100.000000
100.000000
100.000000
100.000000
100.000000
100.000000
100.000000
100.000000
100.000000
100.000000
100.000000
100.000000
100.000000
100.000000
100.000000
100.000000
100.000000
100.000000
100.000000
100.000000
100.000000
100.000000
100.000000
100.000000
100.000000
100.000000
100.000000
100.000000
100.000000
100.000000
100.000000
100.000000
100.000000
100.000000
100.000000
100.000000
100.000000
100.000000
