0      42
1      0
2      99
3      95
4      0
5      97
6      93
7      58
8      98
9      80
10      0
11      0
12      65
13      61
14      70
15      90
16      83
17      0
18      0
19      75
20      88
21      87
22      100
23      89
24      90
25      74
26      0
27      87
28      85
29      97
30      54
31      79
32      86
33      100
34      76
35      96
36      0
37      0
38      99
39      91
40      97
41      0
42      85
43      78
44      77
45      96
46      0
47      0
48      79
49      0
50      78
51      100
52      56
53      96
54      94
55      0
56      61
57      99
58      97
59      0
60      0
61      0
62      60
63      89
64      60
65      85
66      90
67      100
68      0
69      90
70      0
71      100
72      0
73      0
74      0
75      0
76      0
77      99
78      100
79      94
80      97
81      52
82      0
83      95
84      84
85      0
86      0
87      0
88      0
89      100
90      0
91      0
92      0
93      90
94      94
95      96
96      68
97      0
98      79
99      78
100      0
101      0
102      0
103      88
104      81
105      0
106      79
107      49
108      0
109      96
110      99
111      0
112      0
113      0
114      0
115      0
116      0
117      66
118      0
119      0
120      99
121      65
122      98
123      100
124      95
125      58
126      98
127      98
128      0
129      98
130      0
131      0
132      74
133      96
134      0
135      0
136      0
137      94
138      0
139      0
140      100
141      100
142      0
143      100
144      0
145      0
146      0
147      100
148      95
149      97
150      96
151      0
152      0
153      0
154      93
155      0
156      0
157      0
158      0
159      0
160      0
161      99
162      0
163      0
164      0
165      86
166      92
167      93
168      100
169      0
170      69
171      0
172      0
173      100
174      0
175      0
176      0
177      90
178      84
179      0
180      83
181      82
182      99
183      0
184      0
185      78
186      91
187      83
188      100
189      0
190      94
191      75
192      0
193      0
194      0
195      90
196      74
197      96
198      0
199      53
200      100
201      99
202      97
203      72
204      81
205      70
206      99
207      30
208      0
209      100
210      100
211      0
212      0
213      0
214      0
215      0
216      99
217      99
218      90
219      68
220      91
221      55
222      69
223      72
224      0
225      99
226      0
227      98
228      0
229      0
230      97
231      96
232      61
233      62
234      50
235      0
236      71
237      98
238      64
239      0
240      0
241      0
242      0
243      90
244      100
245      0
246      100
247      0
248      100
249      94
250      84
251      93
252      0
253      80
254      80
255      94
256      88
257      0
258      79
259      0
260      93
261      87
262      0
263      97
264      82
265      98
266      0
267      57
268      97
269      0
270      95
271      0
272      65
273      79
274      96
275      97
276      0
277      96
278      97
279      89
280      79
281      23
282      94
283      0
284      94
285      97
286      77
287      0
288      0
289      0
290      48
291      77
292      0
293      98
294      0
295      0
296      33
297      97
298      0
299      0
300      0
301      0
302      0
303      0
304      0
305      100
306      0
307      0
308      74
309      89
310      92
311      71
312      0
313      0
314      0
315      65
316      0
317      84
318      97
319      0
320      0
321      0
322      67
323      87
324      0
325      98
326      100
327      80
328      98
329      0
330      99
331      0
332      64
333      0
334      0
335      99
336      97
337      100
338      99
339      56
340      99
341      55
342      84
343      0
344      0
345      84
346      0
347      0
348      84
349      71
350      0
351      98
352      84
353      61
354      0
355      77
356      0
357      99
358      63
359      0
360      0
361      0
362      0
363      0
364      100
365      0
366      0
367      88
368      0
369      100
370      48
371      0
372      0
373      0
374      0
375      0
376      0
377      89
378      74
379      0
380      0
381      61
382      95
383      94
384      0
385      0
386      100
387      99
388      89
389      92
390      100
391      94
392      0
393      0
394      33
395      35
396      90
397      0
398      100
399      98
400      91
401      0
402      0
403      0
404      96
405      64
406      0
407      97
408      100
409      90
410      0
411      75
412      68
413      62
414      53
415      0
416      100
417      0
418      0
419      78
420      97
421      100
422      0
423      0
424      0
425      0
426      0
427      0
428      84
429      89
430      0
431      100
432      99
433      67
434      0
435      0
436      50
437      0
438      0
439      85
440      99
441      72
442      0
443      0
444      0
445      0
446      99
447      87
448      85
449      89
450      86
451      48
452      0
453      95
454      0
455      0
456      0
457      100
458      100
459      0
460      100
461      0
462      0
463      88
464      98
465      67
466      0
467      0
468      95
469      0
470      74
471      61
472      0
473      58
474      66
475      0
476      100
477      56
478      97
479      100
480      0
481      33
482      100
483      100
484      61
485      78
486      65
487      0
488      48
489      95
490      0
491      93
492      98
493      0
494      0
495      99
496      0
497      100
498      0
499      78
500      0
501      88
502      67
503      0
504      0
505      0
506      0
507      0
508      0
509      0
510      89
511      100
512      82
513      100
514      0
515      0
516      0
517      58
518      84
519      0
520      100
521      0
522      62
523      0
524      0
525      98
526      0
527      0
528      89
529      100
530      100
531      80
532      99
533      99
534      89
535      83
536      79
537      0
538      0
539      0
540      0
541      71
542      44
543      99
544      0
545      67
546      0
547      0
548      100
549      0
550      0
551      92
552      0
553      0
554      54
555      0
556      97
557      84
558      85
559      0
560      87
561      65
562      63
563      0
564      0
565      80
566      99
567      0
568      58
569      0
570      0
571      0
572      0
573      100
574      0
575      0
576      99
577      100
578      0
579      0
580      55
581      97
582      98
583      98
584      0
585      82
586      94
587      91
588      99
589      100
590      99
591      0
592      80
593      90
594      89
595      100
596      97
597      96
598      0
599      0
600      80
601      74
602      87
603      45
604      0
605      0
606      0
607      100
608      66
609      84
610      69
611      0
612      57
613      75
614      100
615      53
616      80
617      86
618      0
619      74
620      0
621      100
622      97
623      79
624      49
625      69
626      92
627      0
628      96
629      94
630      0
631      0
632      75
633      96
634      0
635      86
636      0
637      92
638      100
639      0
640      57
641      98
642      0
643      75
644      0
645      0
646      96
647      0
648      0
649      0
650      85
651      100
652      53
653      0
654      100
655      94
656      0
657      96
658      100
659      100
660      0
661      49
662      89
663      0
664      98
665      0
666      0
667      0
668      0
669      0
670      74
671      100
672      0
673      91
674      100
675      0
676      0
677      0
678      0
679      75
680      99
681      59
682      0
683      0
684      98
685      95
686      0
687      97
688      97
689      0
690      0
691      100
692      60
693      93
694      0
695      80
696      0
697      52
698      79
699      37
700      46
701      54
702      100
703      0
704      100
705      0
706      87
707      98
708      0
709      97
710      98
711      75
712      0
713      100
714      98
715      100
716      0
717      89
718      83
719      53
720      0
721      99
722      100
723      0
724      99
725      0
726      0
727      62
728      40
729      0
730      100
731      0
732      0
733      99
734      89
735      99
736      0
737      98
738      99
739      0
740      0
741      79
742      41
743      0
744      73
745      96
746      99
747      98
748      100
749      0
750      38
751      0
752      98
753      0
754      0
755      90
756      0
757      82
758      100
759      97
760      0
761      0
762      97
763      0
764      0
765      0
766      95
767      83
768      90
769      0
770      0
771      0
772      71
773      0
774      0
775      75
776      0
777      93
778      0
779      95
780      0
781      0
782      0
783      0
784      97
785      58
786      65
787      81
788      100
789      97
790      97
791      59
792      88
793      0
794      99
795      0
796      54
797      0
798      98
799      0
800      0
801      94
802      0
803      81
804      98
805      97
806      0
807      0
808      47
809      95
810      0
811      97
812      98
813      0
814      76
815      100
816      0
817      74
818      0
819      100
820      0
821      65
822      45
823      0
824      0
825      87
826      0
827      100
828      74
829      96
830      67
831      0
832      57
833      64
834      0
835      0
836      98
837      48
838      99
839      0
840      0
841      82
842      86
843      0
844      99
845      0
846      0
847      0
848      0
849      0
850      0
851      76
852      90
853      0
854      0
855      0
856      0
857      0
858      0
859      0
860      75
861      67
862      0
863      0
864      44
865      0
866      99
867      97
868      97
869      51
870      0
871      0
872      87
873      0
874      100
875      0
876      96
877      55
878      95
879      0
880      84
881      99
882      0
883      53
884      86
885      0
886      99
887      99
888      0
889      55
890      0
891      77
892      100
893      99
894      99
895      95
896      0
897      83
898      100
899      93
900      100
901      66
902      0
903      99
904      0
905      100
906      99
907      0
908      0
909      94
910      98
911      0
912      0
913      100
914      0
915      52
916      88
917      0
918      0
919      0
920      55
921      0
922      0
923      99
924      95
925      100
926      0
927      0
928      96
929      0
930      92
931      100
932      0
933      52
934      97
935      0
936      81
937      95
938      0
939      97
940      97
941      95
942      99
943      81
944      97
945      97
946      0
947      0
948      99
949      0
950      71
951      83
952      0
953      0
954      0
955      0
956      98
957      0
958      0
959      0
960      77
961      99
962      0
963      0
964      0
965      84
966      0
967      68
968      100
969      96
970      100
971      98
972      89
973      100
974      78
975      0
976      52
977      94
978      81
979      68
980      95
981      0
982      82
983      96
984      0
985      79
986      97
987      0
988      0
989      88
990      93
991      0
992      0
993      0
994      80
995      66
996      0
997      100
998      99
999      0
       32437.9
