0      0
1      0
2      0
3      100
4      0
5      0
6      100
7      100
8      77
9      93
10      58
11      100
12      100
13      0
14      100
15      100
16      0
17      81
18      82
19      0
20      99
21      100
22      0
23      0
24      0
25      100
26      100
27      0
28      100
29      0
30      0
31      0
32      63
33      0
34      100
35      0
36      0
37      0
38      0
39      73
40      100
41      100
42      0
43      87
44      92
45      99
46      0
47      99
48      79
49      84
50      99
51      0
52      0
53      0
54      79
55      100
56      0
57      0
58      0
59      98
60      0
61      67
62      100
63      29
64      100
65      50
66      92
67      100
68      100
69      0
70      0
71      0
72      0
73      0
74      100
75      64
76      0
77      0
78      99
79      74
80      0
81      53
82      0
83      47
84      0
85      98
86      100
87      0
88      72
89      100
90      100
91      0
92      96
93      0
94      56
95      0
96      0
97      100
98      58
99      91
100      0
101      72
102      87
103      44
104      99
105      0
106      0
107      53
108      0
109      93
110      100
111      0
112      100
113      0
114      100
115      0
116      52
117      100
118      58
119      79
120      100
121      72
122      100
123      81
124      98
125      0
126      100
127      68
128      0
129      0
130      100
131      0
132      64
133      66
134      100
135      61
136      65
137      0
138      0
139      100
140      0
141      100
142      83
143      99
144      0
145      100
146      0
147      0
148      57
149      0
150      0
151      99
152      100
153      80
154      100
155      0
156      0
157      97
158      0
159      85
160      0
161      0
162      100
163      100
164      0
165      100
166      93
167      100
168      0
169      50
170      72
171      100
172      98
173      99
174      64
175      0
176      65
177      98
178      0
179      0
180      0
181      100
182      0
183      64
184      79
185      0
186      100
187      0
188      0
189      100
190      79
191      0
192      0
193      100
194      100
195      93
196      93
197      100
198      0
199      0
       6932.82
