0      77
1      0
2      95
3      100
4      87
5      75
6      100
7      89
8      0
9      100
10      56
11      0
12      96
13      66
14      49
15      99
16      0
17      0
18      87
19      100
20      0
21      0
22      45
23      57
24      0
25      0
26      100
27      0
28      100
29      69
30      100
31      0
32      100
33      100
34      67
35      100
36      100
37      85
38      0
39      0
40      82
41      0
42      84
43      0
44      100
45      0
46      0
47      58
48      100
49      0
50      79
51      0
52      0
53      100
54      100
55      0
56      41
57      100
58      99
59      89
60      0
61      0
62      0
63      0
64      0
65      100
66      88
67      0
68      83
69      66
70      91
71      100
72      100
73      92
74      0
75      0
76      100
77      0
78      75
79      0
80      0
81      99
82      0
83      0
84      0
85      76
86      72
87      0
88      0
89      0
90      100
91      100
92      100
93      78
94      100
95      0
96      0
97      0
98      85
99      100
       3449.22
