0      100
1      61
2      0
3      0
4      84
5      0
6      0
7      0
8      84
9      67
10      100
11      0
12      72
13      96
14      0
15      0
16      0
17      95
18      0
19      99
20      78
21      0
22      0
23      97
24      81
25      0
26      69
27      94
28      96
29      80
30      52
31      93
32      45
33      88
34      65
35      82
36      0
37      84
38      99
39      0
40      0
41      96
42      97
43      0
44      70
45      100
46      54
47      0
48      0
49      0
50      0
51      71
52      100
53      84
54      100
55      100
56      0
57      100
58      99
59      0
60      83
61      0
62      98
63      0
64      73
65      91
66      65
67      98
68      99
69      39
70      0
71      100
72      0
73      91
74      100
75      95
76      0
77      73
78      100
79      0
80      98
81      0
82      55
83      99
84      100
85      71
86      0
87      77
88      0
89      83
90      0
91      100
92      0
93      0
94      0
95      98
96      0
97      99
98      77
99      0
100      0
101      92
102      61
103      99
104      89
105      0
106      99
107      0
108      90
109      0
110      100
111      100
112      0
113      0
114      0
115      0
116      100
117      99
118      0
119      97
120      0
121      0
122      96
123      100
124      97
125      0
126      0
127      87
128      0
129      0
130      0
131      0
132      100
133      0
134      58
135      58
136      0
137      75
138      97
139      95
140      100
141      0
142      0
143      100
144      0
145      100
146      0
147      57
148      94
149      100
150      0
151      87
152      0
153      69
154      0
155      0
156      0
157      96
158      82
159      0
160      54
161      95
162      0
163      71
164      0
165      100
166      98
167      58
168      100
169      97
170      0
171      76
172      0
173      100
174      49
175      100
176      0
177      100
178      87
179      83
180      0
181      0
182      0
183      0
184      97
185      0
186      0
187      44
188      0
189      0
190      99
191      0
192      0
193      99
194      54
195      99
196      80
197      54
198      46
199      79
200      0
201      100
202      39
203      0
204      0
205      90
206      98
207      0
208      99
209      79
210      58
211      0
212      0
213      64
214      100
215      80
216      0
217      97
218      97
219      62
220      98
221      99
222      80
223      100
224      98
225      0
226      0
227      85
228      64
229      0
230      99
231      0
232      0
233      100
234      0
235      96
236      0
237      0
238      0
239      66
240      0
241      0
242      73
243      0
244      100
245      0
246      99
247      0
248      95
249      0
250      100
251      98
252      94
253      0
254      0
255      61
256      100
257      48
258      96
259      91
260      0
261      0
262      96
263      77
264      69
265      94
266      0
267      90
268      87
269      0
270      100
271      0
272      0
273      100
274      67
275      0
276      98
277      89
278      0
279      100
280      0
281      0
282      0
283      92
284      0
285      100
286      96
287      0
288      75
289      70
290      93
291      0
292      0
293      0
294      0
295      98
296      0
297      95
298      0
299      0
300      0
301      87
302      89
303      0
304      75
305      54
306      53
307      0
308      0
309      99
310      83
311      0
312      0
313      99
314      0
315      100
316      0
317      44
318      0
319      96
320      0
321      100
322      0
323      75
324      0
325      100
326      0
327      80
328      95
329      0
330      93
331      0
332      0
333      64
334      99
335      0
336      0
337      75
338      0
339      100
340      92
341      0
342      98
343      57
344      94
345      52
346      0
347      97
348      100
349      71
350      0
351      0
352      91
353      89
354      0
355      100
356      82
357      0
358      100
359      0
360      78
361      65
362      0
363      61
364      86
365      67
366      99
367      78
368      100
369      0
370      77
371      64
372      0
373      0
374      100
375      0
376      0
377      69
378      95
379      0
380      100
381      59
382      0
383      83
384      0
385      74
386      60
387      88
388      95
389      66
390      0
391      96
392      0
393      0
394      82
395      100
396      0
397      0
398      75
399      0
400      100
401      91
402      92
403      63
404      0
405      94
406      100
407      0
408      82
409      99
410      0
411      69
412      100
413      0
414      0
415      72
416      100
417      79
418      0
419      98
420      92
421      89
422      73
423      92
424      100
425      55
426      0
427      0
428      99
429      0
430      68
431      98
432      61
433      0
434      0
435      0
436      82
437      0
438      0
439      0
440      59
441      100
442      0
443      99
444      58
445      0
446      99
447      36
448      88
449      0
450      53
451      0
452      0
453      0
454      93
455      71
456      97
457      0
458      0
459      0
460      0
461      0
462      0
463      58
464      78
465      0
466      0
467      92
468      86
469      86
470      99
471      0
472      0
473      79
474      89
475      0
476      99
477      74
478      99
479      100
480      0
481      65
482      67
483      94
484      0
485      0
486      50
487      56
488      64
489      91
490      100
491      0
492      0
493      71
494      99
495      74
496      100
497      0
498      97
499      48
       16758
