0      91
1      74
2      0
3      83
4      67
5      0
6      0
7      85
8      0
9      83
10      0
11      0
12      92
13      97
14      100
15      56
16      0
17      99
18      0
19      92
20      0
21      100
22      88
23      0
24      0
25      0
26      97
27      0
28      0
29      67
30      0
31      0
32      90
33      83
34      89
35      94
36      0
37      88
38      81
39      0
40      93
41      0
42      0
43      0
44      85
45      92
46      51
47      100
48      0
49      100
50      0
51      0
52      0
53      95
54      90
55      0
56      0
57      0
58      0
59      69
60      64
61      90
62      0
63      60
64      95
65      98
66      94
67      70
68      100
69      0
70      49
71      95
72      0
73      0
74      100
75      90
76      87
77      97
78      86
79      0
80      0
81      80
82      64
83      93
84      0
85      83
86      0
87      97
88      0
89      97
90      99
91      83
92      93
93      0
94      78
95      95
96      0
97      0
98      89
99      68
100      73
101      100
102      0
103      81
104      86
105      100
106      0
107      0
108      72
109      0
110      88
111      91
112      94
113      77
114      0
115      0
116      53
117      100
118      0
119      0
120      0
121      100
122      95
123      70
124      97
125      86
126      53
127      0
128      97
129      98
130      0
131      74
132      0
133      58
134      96
135      0
136      0
137      0
138      0
139      97
140      0
141      0
142      68
143      0
144      92
145      0
146      87
147      0
148      0
149      0
150      0
151      66
152      0
153      0
154      0
155      99
156      0
157      0
158      0
159      0
160      0
161      0
162      0
163      100
164      94
165      0
166      96
167      96
168      87
169      99
170      0
171      0
172      0
173      77
174      0
175      52
176      99
177      94
178      99
179      84
180      0
181      75
182      0
183      0
184      99
185      94
186      0
187      0
188      91
189      80
190      0
191      0
192      91
193      59
194      86
195      66
196      0
197      97
198      0
199      68
200      100
201      0
202      0
203      86
204      0
205      0
206      94
207      0
208      99
209      0
210      62
211      96
212      100
213      0
214      88
215      90
216      98
217      86
218      51
219      0
220      0
221      0
222      0
223      98
224      0
225      73
226      93
227      71
228      85
229      89
230      70
231      0
232      94
233      96
234      0
235      80
236      0
237      86
238      0
239      92
240      0
241      0
242      92
243      0
244      0
245      78
246      75
247      99
248      0
249      78
250      84
251      0
252      91
253      96
254      88
255      0
256      97
257      100
258      80
259      0
260      0
261      97
262      0
263      77
264      62
265      98
266      69
267      0
268      94
269      0
270      96
271      0
272      0
273      0
274      86
275      57
276      75
277      0
278      48
279      0
280      42
281      0
282      86
283      0
284      69
285      0
286      100
287      0
288      0
289      0
290      0
291      89
292      68
293      0
294      57
295      0
296      0
297      95
298      99
299      0
300      90
301      78
302      98
303      0
304      40
305      0
306      0
307      0
308      95
309      97
310      0
311      0
312      97
313      54
314      92
315      0
316      0
317      0
318      0
319      78
320      90
321      82
322      97
323      99
324      0
325      0
326      0
327      91
328      0
329      97
330      0
331      38
332      0
333      0
334      75
335      100
336      96
337      0
338      0
339      85
340      60
341      0
342      0
343      0
344      87
345      0
346      0
347      0
348      94
349      0
350      78
351      89
352      0
353      69
354      76
355      90
356      86
357      0
358      99
359      0
360      87
361      75
362      96
363      0
364      0
365      0
366      0
367      95
368      0
369      91
370      0
371      100
372      0
373      100
374      94
375      88
376      73
377      87
378      90
379      59
380      0
381      86
382      0
383      72
384      46
385      98
386      85
387      0
388      0
389      67
390      0
391      72
392      91
393      75
394      81
395      0
396      78
397      80
398      79
399      72
400      0
401      90
402      92
403      65
404      82
405      0
406      67
407      67
408      0
409      98
410      0
411      0
412      0
413      0
414      0
415      74
416      97
417      87
418      95
419      85
420      81
421      88
422      80
423      59
424      57
425      100
426      0
427      0
428      97
429      0
430      0
431      95
432      0
433      94
434      0
435      66
436      0
437      99
438      0
439      92
440      91
441      0
442      100
443      90
444      0
445      59
446      0
447      0
448      65
449      0
450      0
451      0
452      0
453      0
454      96
455      95
456      0
457      0
458      0
459      0
460      100
461      0
462      61
463      99
464      0
465      87
466      86
467      99
468      64
469      0
470      96
471      0
472      95
473      97
474      92
475      0
476      0
477      88
478      99
479      99
480      75
481      0
482      0
483      47
484      0
485      0
486      95
487      80
488      57
489      0
490      0
491      0
492      0
493      0
494      0
495      0
496      94
497      97
498      87
499      76
500      0
501      0
502      0
503      0
504      99
505      97
506      94
507      80
508      0
509      83
510      0
511      0
512      0
513      0
514      0
515      100
516      92
517      85
518      0
519      78
520      80
521      42
522      0
523      92
524      86
525      0
526      90
527      0
528      67
529      76
530      99
531      77
532      0
533      0
534      100
535      89
536      0
537      53
538      84
539      61
540      0
541      97
542      0
543      0
544      97
545      0
546      0
547      0
548      0
549      0
550      99
551      99
552      55
553      0
554      93
555      95
556      98
557      100
558      96
559      0
560      0
561      100
562      99
563      0
564      82
565      0
566      0
567      88
568      0
569      87
570      83
571      0
572      0
573      91
574      0
575      0
576      0
577      92
578      85
579      96
580      83
581      0
582      76
583      99
584      0
585      95
586      0
587      89
588      0
589      0
590      0
591      50
592      72
593      58
594      81
595      0
596      74
597      0
598      64
599      99
600      67
601      100
602      0
603      0
604      0
605      0
606      82
607      0
608      76
609      0
610      37
611      0
612      0
613      0
614      92
615      96
616      69
617      0
618      0
619      0
620      39
621      0
622      0
623      0
624      69
625      87
626      95
627      0
628      0
629      0
630      99
631      0
632      100
633      90
634      0
635      94
636      73
637      76
638      0
639      0
640      41
641      0
642      91
643      42
644      98
645      0
646      0
647      71
648      80
649      98
650      62
651      79
652      0
653      95
654      0
655      0
656      0
657      0
658      0
659      86
660      93
661      45
662      91
663      0
664      0
665      97
666      73
667      0
668      0
669      43
670      91
671      91
672      91
673      0
674      0
675      0
676      99
677      60
678      0
679      99
680      0
681      0
682      77
683      87
684      0
685      0
686      76
687      0
688      0
689      95
690      0
691      100
692      0
693      93
694      100
695      0
696      0
697      0
698      0
699      80
700      87
701      72
702      96
703      56
704      99
705      86
706      96
707      100
708      0
709      71
710      78
711      79
712      88
713      80
714      53
715      76
716      98
717      92
718      75
719      41
720      79
721      100
722      0
723      0
724      0
725      97
726      0
727      96
728      68
729      80
730      53
731      0
732      90
733      92
734      55
735      86
736      0
737      91
738      0
739      98
740      96
741      58
742      94
743      0
744      67
745      95
746      0
747      97
748      93
749      89
750      0
751      100
752      0
753      98
754      97
755      0
756      99
757      0
758      89
759      0
760      87
761      0
762      62
763      90
764      0
765      92
766      0
767      0
768      0
769      95
770      77
771      89
772      0
773      93
774      98
775      57
776      0
777      0
778      0
779      89
780      0
781      45
782      99
783      93
784      92
785      0
786      89
787      0
788      0
789      0
790      0
791      42
792      0
793      0
794      95
795      0
796      89
797      0
798      0
799      99
800      0
801      88
802      88
803      0
804      84
805      0
806      0
807      90
808      88
809      33
810      82
811      100
812      0
813      82
814      97
815      0
816      98
817      0
818      0
819      100
820      0
821      0
822      0
823      0
824      0
825      79
826      0
827      0
828      71
829      89
830      39
831      93
832      100
833      97
834      100
835      0
836      0
837      95
838      78
839      0
840      87
841      48
842      48
843      98
844      92
845      82
846      82
847      93
848      100
849      0
850      100
851      0
852      100
853      0
854      0
855      97
856      93
857      0
858      0
859      86
860      0
861      0
862      98
863      98
864      98
865      97
866      0
867      0
868      99
869      75
870      0
871      0
872      81
873      59
874      73
875      80
876      97
877      0
878      96
879      98
880      0
881      97
882      0
883      0
884      100
885      97
886      90
887      0
888      94
889      0
890      82
891      0
892      0
893      67
894      39
895      0
896      85
897      0
898      95
899      0
900      96
901      75
902      99
903      100
904      91
905      92
906      0
907      98
908      99
909      0
910      0
911      89
912      0
913      81
914      74
915      0
916      0
917      95
918      98
919      71
920      0
921      98
922      96
923      0
924      85
925      80
926      0
927      98
928      85
929      89
930      98
931      94
932      0
933      100
934      89
935      89
936      90
937      98
938      89
939      0
940      0
941      73
942      0
943      56
944      0
945      94
946      0
947      73
948      78
949      68
950      0
951      100
952      69
953      0
954      91
955      0
956      0
957      0
958      0
959      68
960      51
961      90
962      0
963      85
964      69
965      59
966      87
967      0
968      0
969      84
970      0
971      96
972      0
973      96
974      100
975      74
976      77
977      0
978      0
979      0
980      0
981      93
982      94
983      73
984      96
985      75
986      81
987      97
988      88
989      89
990      82
991      52
992      74
993      87
994      0
995      94
996      0
997      0
998      92
999      98
1000      99
1001      0
1002      0
1003      80
1004      0
1005      79
1006      78
1007      74
1008      0
1009      0
1010      0
1011      0
1012      0
1013      0
1014      97
1015      0
1016      0
1017      0
1018      73
1019      80
1020      0
1021      86
1022      59
1023      92
1024      69
1025      100
1026      0
1027      87
1028      98
1029      0
1030      47
1031      83
1032      79
1033      0
1034      0
1035      59
1036      0
1037      0
1038      92
1039      83
1040      100
1041      94
1042      66
1043      99
1044      0
1045      85
1046      70
1047      87
1048      64
1049      90
1050      0
1051      95
1052      99
1053      0
1054      0
1055      98
1056      88
1057      0
1058      79
1059      0
1060      97
1061      88
1062      68
1063      99
1064      82
1065      0
1066      91
1067      93
1068      65
1069      0
1070      0
1071      0
1072      0
1073      89
1074      0
1075      0
1076      98
1077      87
1078      0
1079      58
1080      87
1081      0
1082      0
1083      0
1084      99
1085      0
1086      98
1087      0
1088      0
1089      0
1090      82
1091      98
1092      91
1093      86
1094      0
1095      62
1096      0
1097      89
1098      0
1099      94
1100      99
1101      99
1102      0
1103      0
1104      0
1105      0
1106      68
1107      0
1108      88
1109      100
1110      87
1111      70
1112      0
1113      87
1114      0
1115      0
1116      0
1117      50
1118      68
1119      62
1120      60
1121      0
1122      0
1123      0
1124      0
1125      94
1126      0
1127      0
1128      91
1129      0
1130      0
1131      0
1132      80
1133      54
1134      0
1135      92
1136      0
1137      77
1138      0
1139      89
1140      0
1141      100
1142      0
1143      94
1144      0
1145      86
1146      89
1147      95
1148      60
1149      0
1150      0
1151      95
1152      97
1153      92
1154      0
1155      93
1156      94
1157      0
1158      98
1159      0
1160      84
1161      0
1162      87
1163      0
1164      0
1165      0
1166      77
1167      0
1168      98
1169      0
1170      99
1171      96
1172      90
1173      83
1174      0
1175      97
1176      94
1177      67
1178      0
1179      99
1180      74
1181      81
1182      98
1183      91
1184      85
1185      0
1186      99
1187      96
1188      99
1189      0
1190      0
1191      0
1192      0
1193      0
1194      0
1195      0
1196      95
1197      43
1198      96
1199      97
1200      0
1201      97
1202      0
1203      0
1204      0
1205      0
1206      77
1207      100
1208      87
1209      0
1210      67
1211      0
1212      84
1213      97
1214      0
1215      99
1216      67
1217      0
1218      0
1219      87
1220      0
1221      99
1222      0
1223      81
1224      97
1225      88
1226      98
1227      0
1228      71
1229      0
1230      100
1231      0
1232      75
1233      0
1234      92
1235      0
1236      0
1237      53
1238      75
1239      0
1240      98
1241      94
1242      0
1243      0
1244      98
1245      98
1246      56
1247      100
1248      89
1249      0
1250      0
1251      98
1252      0
1253      0
1254      0
1255      0
1256      65
1257      100
1258      81
1259      0
1260      79
1261      88
1262      95
1263      100
1264      0
1265      69
1266      0
1267      0
1268      93
1269      100
1270      0
1271      97
1272      0
1273      0
1274      0
1275      0
1276      94
1277      100
1278      100
1279      99
1280      96
1281      78
1282      58
1283      100
1284      71
1285      0
1286      99
1287      0
1288      68
1289      100
1290      79
1291      0
1292      0
1293      91
1294      0
1295      0
1296      87
1297      61
1298      85
1299      93
1300      0
1301      76
1302      0
1303      50
1304      0
1305      0
1306      0
1307      91
1308      77
1309      99
1310      96
1311      100
1312      96
1313      0
1314      0
1315      98
1316      0
1317      99
1318      0
1319      77
1320      0
1321      0
1322      93
1323      0
1324      77
1325      0
1326      0
1327      93
1328      82
1329      99
1330      66
1331      0
1332      97
1333      0
1334      98
1335      88
1336      65
1337      88
1338      0
1339      0
1340      0
1341      95
1342      93
1343      0
1344      0
1345      79
1346      0
1347      0
1348      0
1349      94
1350      95
1351      95
1352      0
1353      0
1354      100
1355      0
1356      0
1357      83
1358      65
1359      66
1360      85
1361      94
1362      90
1363      99
1364      0
1365      0
1366      94
1367      0
1368      97
1369      98
1370      91
1371      98
1372      93
1373      91
1374      0
1375      95
1376      0
1377      79
1378      0
1379      83
1380      55
1381      96
1382      92
1383      99
1384      0
1385      98
1386      0
1387      84
1388      94
1389      0
1390      0
1391      52
1392      96
1393      98
1394      0
1395      0
1396      0
1397      70
1398      93
1399      0
1400      47
1401      0
1402      94
1403      54
1404      0
1405      0
1406      0
1407      0
1408      0
1409      71
1410      88
1411      93
1412      0
1413      99
1414      0
1415      71
1416      0
1417      92
1418      51
1419      90
1420      0
1421      56
1422      0
1423      73
1424      0
1425      87
1426      98
1427      88
1428      100
1429      0
1430      54
1431      77
1432      0
1433      97
1434      88
1435      79
1436      0
1437      0
1438      0
1439      0
1440      75
1441      88
1442      60
1443      100
1444      0
1445      87
1446      99
1447      94
1448      0
1449      99
1450      61
1451      0
1452      0
1453      0
1454      96
1455      0
1456      0
1457      90
1458      100
1459      99
1460      96
1461      82
1462      96
1463      0
1464      71
1465      0
1466      66
1467      90
1468      0
1469      0
1470      84
1471      86
1472      92
1473      74
1474      0
1475      0
1476      0
1477      52
1478      80
1479      98
1480      0
1481      92
1482      0
1483      0
1484      0
1485      55
1486      93
1487      0
1488      0
1489      0
1490      0
1491      0
1492      0
1493      35
1494      97
1495      93
1496      93
1497      0
1498      84
1499      73
1500      88
1501      95
1502      0
1503      94
1504      0
1505      0
1506      0
1507      89
1508      0
1509      0
1510      50
1511      0
1512      99
1513      100
1514      99
1515      0
1516      0
1517      94
1518      0
1519      0
1520      0
1521      88
1522      75
1523      91
1524      0
1525      0
1526      0
1527      99
1528      98
1529      100
1530      92
1531      0
1532      0
1533      0
1534      98
1535      81
1536      77
1537      98
1538      83
1539      0
1540      0
1541      0
1542      0
1543      96
1544      0
1545      0
1546      0
1547      89
1548      0
1549      0
1550      96
1551      68
1552      0
1553      97
1554      100
1555      99
1556      65
1557      0
1558      0
1559      0
1560      84
1561      95
1562      93
1563      100
1564      0
1565      78
1566      86
1567      68
1568      86
1569      0
1570      96
1571      95
1572      81
1573      96
1574      72
1575      0
1576      94
1577      88
1578      0
1579      79
1580      98
1581      93
1582      0
1583      0
1584      61
1585      72
1586      0
1587      100
1588      93
1589      88
1590      0
1591      60
1592      0
1593      74
1594      42
1595      83
1596      99
1597      74
1598      93
1599      96
1600      98
1601      89
1602      99
1603      69
1604      0
1605      92
1606      0
1607      89
1608      0
1609      96
1610      0
1611      0
1612      84
1613      86
1614      99
1615      0
1616      0
1617      0
1618      44
1619      29
1620      95
1621      87
1622      0
1623      99
1624      0
1625      0
1626      0
1627      0
1628      100
1629      0
1630      100
1631      0
1632      81
1633      0
1634      0
1635      0
1636      98
1637      0
1638      0
1639      96
1640      97
1641      92
1642      94
1643      98
1644      96
1645      99
1646      93
1647      99
1648      93
1649      0
1650      100
1651      98
1652      0
1653      99
1654      0
1655      94
1656      57
1657      0
1658      91
1659      65
1660      99
1661      77
1662      0
1663      75
1664      91
1665      98
1666      0
1667      94
1668      88
1669      97
1670      91
1671      100
1672      95
1673      0
1674      89
1675      99
1676      99
1677      0
1678      96
1679      59
1680      0
1681      66
1682      0
1683      96
1684      0
1685      0
1686      81
1687      0
1688      99
1689      0
1690      90
1691      93
1692      99
1693      0
1694      0
1695      100
1696      80
1697      87
1698      0
1699      0
1700      0
1701      0
1702      89
1703      0
1704      91
1705      0
1706      0
1707      81
1708      96
1709      98
1710      0
1711      0
1712      92
1713      100
1714      86
1715      99
1716      0
1717      90
1718      0
1719      75
1720      84
1721      0
1722      86
1723      90
1724      0
1725      0
1726      98
1727      96
1728      55
1729      0
1730      99
1731      0
1732      0
1733      0
1734      81
1735      0
1736      100
1737      0
1738      100
1739      99
1740      0
1741      0
1742      0
1743      0
1744      71
1745      0
1746      99
1747      88
1748      100
1749      0
1750      100
1751      84
1752      64
1753      0
1754      0
1755      100
1756      0
1757      90
1758      56
1759      100
1760      0
1761      89
1762      69
1763      0
1764      0
1765      0
1766      0
1767      0
1768      63
1769      98
1770      0
1771      0
1772      82
1773      74
1774      85
1775      98
1776      79
1777      0
1778      69
1779      0
1780      0
1781      0
1782      91
1783      0
1784      52
1785      0
1786      0
1787      0
1788      50
1789      0
1790      0
1791      0
1792      0
1793      41
1794      98
1795      0
1796      0
1797      0
1798      0
1799      0
1800      91
1801      99
1802      87
1803      65
1804      97
1805      76
1806      80
1807      98
1808      85
1809      76
1810      55
1811      96
1812      96
1813      0
1814      71
1815      0
1816      0
1817      0
1818      0
1819      0
1820      91
1821      0
1822      0
1823      70
1824      99
1825      99
1826      0
1827      97
1828      100
1829      96
1830      0
1831      67
1832      98
1833      0
1834      0
1835      0
1836      0
1837      0
1838      0
1839      0
1840      70
1841      0
1842      0
1843      0
1844      61
1845      60
1846      0
1847      83
1848      0
1849      86
1850      65
1851      90
1852      99
1853      0
1854      93
1855      0
1856      73
1857      0
1858      0
1859      0
1860      80
1861      97
1862      95
1863      85
1864      100
1865      90
1866      73
1867      99
1868      0
1869      54
1870      58
1871      42
1872      0
1873      94
1874      0
1875      75
1876      91
1877      91
1878      0
1879      89
1880      0
1881      0
1882      100
1883      0
1884      93
1885      66
1886      0
1887      0
1888      0
1889      0
1890      94
1891      0
1892      86
1893      0
1894      0
1895      0
1896      97
1897      47
1898      0
1899      0
1900      0
1901      0
1902      0
1903      0
1904      0
1905      0
1906      0
1907      95
1908      83
1909      89
1910      0
1911      0
1912      62
1913      0
1914      0
1915      99
1916      92
1917      71
1918      0
1919      0
1920      95
1921      99
1922      95
1923      100
1924      0
1925      92
1926      0
1927      0
1928      95
1929      47
1930      0
1931      99
1932      99
1933      89
1934      0
1935      97
1936      99
1937      0
1938      84
1939      88
1940      77
1941      54
1942      0
1943      64
1944      0
1945      0
1946      0
1947      0
1948      0
1949      89
1950      0
1951      0
1952      0
1953      82
1954      88
1955      0
1956      0
1957      100
1958      83
1959      68
1960      62
1961      0
1962      98
1963      0
1964      96
1965      58
1966      95
1967      96
1968      76
1969      0
1970      61
1971      0
1972      88
1973      91
1974      0
1975      0
1976      87
1977      98
1978      0
1979      76
1980      0
1981      92
1982      82
1983      87
1984      0
1985      0
1986      98
1987      96
1988      82
1989      75
1990      0
1991      92
1992      0
1993      95
1994      0
1995      0
1996      91
1997      52
1998      0
1999      92
2000      74
2001      63
2002      100
2003      99
2004      0
2005      0
2006      0
2007      100
2008      0
2009      0
2010      0
2011      93
2012      88
2013      99
2014      0
2015      93
2016      98
2017      0
2018      85
2019      57
2020      79
2021      0
2022      0
2023      0
2024      98
2025      0
2026      98
2027      0
2028      0
2029      0
2030      57
2031      0
2032      51
2033      100
2034      99
2035      0
2036      84
2037      71
2038      99
2039      100
2040      92
2041      0
2042      91
2043      95
2044      0
2045      83
2046      100
2047      0
2048      0
2049      89
2050      64
2051      0
2052      0
2053      84
2054      0
2055      0
2056      58
2057      98
2058      0
2059      0
2060      0
2061      100
2062      81
2063      97
2064      95
2065      96
2066      0
2067      0
2068      88
2069      87
2070      0
2071      68
2072      0
2073      93
2074      0
2075      0
2076      74
2077      0
2078      0
2079      0
2080      0
2081      0
2082      0
2083      53
2084      61
2085      0
2086      98
2087      0
2088      0
2089      92
2090      100
2091      0
2092      0
2093      0
2094      83
2095      0
2096      0
2097      0
2098      95
2099      100
2100      0
2101      79
2102      69
2103      0
2104      0
2105      83
2106      85
2107      0
2108      74
2109      0
2110      0
2111      0
2112      60
2113      57
2114      0
2115      97
2116      0
2117      0
2118      0
2119      0
2120      0
2121      87
2122      79
2123      0
2124      49
2125      0
2126      85
2127      99
2128      74
2129      83
2130      0
2131      0
2132      78
2133      0
2134      97
2135      0
2136      88
2137      82
2138      86
2139      0
2140      65
2141      0
2142      96
2143      92
2144      0
2145      100
2146      95
2147      84
2148      90
2149      99
2150      99
2151      0
2152      0
2153      97
2154      99
2155      100
2156      95
2157      91
2158      96
2159      0
2160      47
2161      94
2162      0
2163      96
2164      0
2165      0
2166      74
2167      69
2168      97
2169      0
2170      0
2171      0
2172      85
2173      0
2174      0
2175      0
2176      96
2177      97
2178      0
2179      94
2180      80
2181      0
2182      0
2183      100
2184      90
2185      75
2186      60
2187      0
2188      97
2189      50
2190      0
2191      0
2192      100
2193      82
2194      0
2195      84
2196      0
2197      0
2198      0
2199      0
2200      0
2201      0
2202      0
2203      85
2204      51
2205      56
2206      79
2207      0
2208      79
2209      55
2210      49
2211      0
2212      96
2213      92
2214      0
2215      0
2216      100
2217      100
2218      92
2219      92
2220      73
2221      0
2222      98
2223      97
2224      0
2225      0
2226      69
2227      84
2228      99
2229      43
2230      64
2231      0
2232      98
2233      99
2234      0
2235      92
2236      0
2237      0
2238      0
2239      0
2240      0
2241      0
2242      0
2243      93
2244      0
2245      0
2246      99
2247      0
2248      94
2249      0
2250      0
2251      95
2252      88
2253      0
2254      71
2255      53
2256      0
2257      0
2258      0
2259      90
2260      0
2261      0
2262      90
2263      90
2264      97
2265      0
2266      98
2267      0
2268      0
2269      0
2270      92
2271      0
2272      95
2273      89
2274      0
2275      86
2276      87
2277      100
2278      100
2279      93
2280      0
2281      0
2282      0
2283      88
2284      88
2285      97
2286      0
2287      83
2288      0
2289      99
2290      71
2291      0
2292      47
2293      66
2294      66
2295      0
2296      81
2297      0
2298      99
2299      86
2300      93
2301      0
2302      0
2303      0
2304      0
2305      0
2306      0
2307      71
2308      0
2309      0
2310      95
2311      66
2312      0
2313      0
2314      0
2315      0
2316      0
2317      91
2318      47
2319      79
2320      0
2321      99
2322      0
2323      96
2324      95
2325      0
2326      99
2327      0
2328      96
2329      0
2330      77
2331      0
2332      100
2333      95
2334      99
2335      99
2336      98
2337      82
2338      71
2339      73
2340      94
2341      0
2342      72
2343      71
2344      0
2345      82
2346      90
2347      0
2348      91
2349      63
2350      85
2351      0
2352      0
2353      0
2354      0
2355      0
2356      42
2357      78
2358      49
2359      97
2360      92
2361      81
2362      100
2363      0
2364      77
2365      75
2366      78
2367      0
2368      0
2369      59
2370      0
2371      37
2372      48
2373      89
2374      0
2375      0
2376      95
2377      93
2378      76
2379      99
2380      80
2381      0
2382      76
2383      0
2384      0
2385      95
2386      0
2387      0
2388      80
2389      99
2390      66
2391      67
2392      0
2393      91
2394      0
2395      0
2396      0
2397      0
2398      0
2399      0
2400      99
2401      70
2402      94
2403      81
2404      0
2405      0
2406      0
2407      65
2408      61
2409      0
2410      87
2411      81
2412      77
2413      59
2414      0
2415      99
2416      0
2417      100
2418      94
2419      98
2420      80
2421      52
2422      100
2423      99
2424      0
2425      0
2426      77
2427      93
2428      89
2429      52
2430      90
2431      99
2432      41
2433      0
2434      98
2435      98
2436      0
2437      0
2438      0
2439      0
2440      100
2441      74
2442      0
2443      75
2444      0
2445      0
2446      97
2447      0
2448      95
2449      92
2450      0
2451      43
2452      0
2453      0
2454      83
2455      0
2456      0
2457      97
2458      70
2459      0
2460      81
2461      0
2462      84
2463      0
2464      98
2465      91
2466      0
2467      92
2468      0
2469      92
2470      69
2471      0
2472      0
2473      86
2474      99
2475      95
2476      0
2477      63
2478      90
2479      66
2480      84
2481      61
2482      0
2483      90
2484      94
2485      0
2486      0
2487      77
2488      95
2489      82
2490      97
2491      91
2492      97
2493      100
2494      97
2495      0
2496      85
2497      97
2498      0
2499      0
       79754.1
