0      0
1      84
2      0
3      77
4      100
5      99
6      0
7      69
8      100
9      100
10      85
11      100
12      99
13      0
14      41
15      0
16      93
17      100
18      0
19      100
20      83
21      60
22      0
23      0
24      0
25      100
26      61
27      83
28      0
29      90
30      100
31      0
32      62
33      0
34      100
35      92
36      55
37      52
38      0
39      0
40      83
41      90
42      92
43      0
44      0
45      0
46      0
47      71
48      0
49      100
50      57
51      100
52      56
53      57
54      81
55      90
56      100
57      96
58      61
59      0
60      98
61      61
62      62
63      71
64      0
65      0
66      75
67      0
68      0
69      59
70      0
71      46
72      0
73      100
74      96
75      0
76      62
77      100
78      0
79      91
80      84
81      44
82      57
83      96
84      0
85      91
86      0
87      99
88      100
89      86
90      82
91      0
92      0
93      100
94      100
95      100
96      0
97      66
98      0
99      0
100      68
101      0
102      68
103      0
104      0
105      0
106      20
107      0
108      90
109      54
110      71
111      76
112      62
113      0
114      0
115      65
116      84
117      0
118      100
119      97
120      0
121      70
122      72
123      0
124      100
125      61
126      0
127      100
128      100
129      55
130      100
131      55
132      81
133      0
134      85
135      96
136      0
137      0
138      100
139      52
140      0
141      84
142      87
143      96
144      100
145      100
146      88
147      91
148      41
149      56
150      78
151      0
152      100
153      61
154      85
155      0
156      0
157      100
158      0
159      54
160      100
161      0
162      84
163      76
164      0
165      78
166      0
167      100
168      98
169      100
170      0
171      87
172      95
173      79
174      0
175      69
176      88
177      89
178      0
179      100
180      0
181      0
182      0
183      90
184      0
185      77
186      100
187      97
188      99
189      100
190      98
191      0
192      85
193      0
194      54
195      39
196      0
197      95
198      89
199      0
200      73
201      0
202      82
203      0
204      72
205      0
206      93
207      0
208      0
209      71
210      80
211      100
212      100
213      46
214      0
215      0
216      0
217      96
218      77
219      97
220      96
221      98
222      0
223      86
224      0
225      100
226      0
227      0
228      100
229      0
230      0
231      87
232      65
233      88
234      81
235      76
236      0
237      0
238      98
239      0
240      79
241      92
242      0
243      0
244      0
245      100
246      43
247      100
248      0
249      100
250      56
251      100
252      71
253      99
254      0
255      99
256      46
257      57
258      50
259      100
260      0
261      89
262      100
263      0
264      0
265      81
266      73
267      78
268      94
269      92
270      88
271      99
272      0
273      0
274      0
275      100
276      0
277      0
278      0
279      99
280      98
281      100
282      45
283      80
284      0
285      67
286      0
287      0
288      74
289      0
290      0
291      0
292      0
293      0
294      0
295      93
296      98
297      100
298      0
299      100
300      0
301      57
302      0
303      55
304      71
305      0
306      0
307      0
308      51
309      59
310      0
311      97
312      0
313      0
314      93
315      0
316      0
317      68
318      0
319      99
320      0
321      100
322      42
323      0
324      38
325      93
326      100
327      0
328      97
329      0
330      51
331      0
332      0
333      0
334      0
335      100
336      100
337      0
338      100
339      100
340      0
341      0
342      51
343      0
344      100
345      0
346      94
347      0
348      100
349      0
350      93
351      99
352      59
353      0
354      100
355      100
356      0
357      0
358      0
359      0
360      98
361      0
362      100
363      0
364      0
365      0
366      45
367      0
368      0
369      54
370      80
371      87
372      0
373      0
374      98
375      0
376      0
377      0
378      0
379      72
380      0
381      98
382      0
383      0
384      98
385      53
386      0
387      100
388      0
389      100
390      93
391      0
392      0
393      0
394      80
395      100
396      99
397      0
398      0
399      52
400      0
401      0
402      0
403      71
404      0
405      81
406      100
407      0
408      0
409      0
410      97
411      0
412      49
413      0
414      100
415      74
416      0
417      90
418      74
419      47
420      99
421      100
422      0
423      47
424      58
425      0
426      0
427      65
428      86
429      0
430      0
431      100
432      0
433      97
434      0
435      91
436      0
437      0
438      100
439      100
440      98
441      100
442      73
443      59
444      60
445      0
446      39
447      0
448      100
449      100
450      0
451      0
452      68
453      100
454      0
455      0
456      0
457      65
458      93
459      0
460      0
461      97
462      93
463      0
464      56
465      0
466      0
467      0
468      100
469      0
470      0
471      89
472      0
473      82
474      97
475      83
476      66
477      62
478      0
479      96
480      99
481      0
482      100
483      64
484      0
485      0
486      94
487      0
488      100
489      0
490      99
491      70
492      57
493      0
494      100
495      89
496      79
497      0
498      0
499      100
       16540.5
