0      73
1      89
2      87
3      100
4      86
5      74
6      0
7      95
8      0
9      100
10      60
11      84
12      91
13      67
14      47
15      99
16      0
17      0
18      77
19      100
20      0
21      0
22      42
23      53
24      0
25      0
26      100
27      0
28      100
29      72
30      99
31      0
32      100
33      100
34      67
35      100
36      100
37      81
38      0
39      0
40      86
41      0
42      85
43      0
44      100
45      0
46      0
47      69
48      0
49      0
50      81
51      98
52      0
53      100
54      100
55      0
56      40
57      95
58      0
59      91
60      0
61      0
62      0
63      0
64      0
65      100
66      97
67      75
68      84
69      67
70      84
71      100
72      0
73      88
74      0
75      89
76      0
77      0
78      70
79      0
80      0
81      93
82      0
83      0
84      0
85      69
86      70
87      0
88      0
89      0
90      100
91      100
92      100
93      0
94      100
95      0
96      0
97      0
98      87
99      100
100      0
101      70
102      57
103      43
104      100
105      0
106      42
107      56
108      0
109      95
110      86
111      51
112      0
113      48
114      100
115      0
116      0
117      0
118      65
119      0
120      0
121      0
122      0
123      0
124      0
125      100
126      69
127      0
128      0
129      100
130      61
131      68
132      100
133      100
134      100
135      100
136      98
137      0
138      100
139      0
140      71
141      74
142      98
143      71
144      100
145      100
146      0
147      37
148      58
149      100
150      94
151      0
152      100
153      50
154      51
155      86
156      0
157      82
158      0
159      0
160      100
161      0
162      100
163      0
164      78
165      70
166      84
167      83
168      0
169      0
170      62
171      93
172      75
173      0
174      0
175      0
176      0
177      68
178      100
179      0
180      95
181      0
182      100
183      100
184      0
185      0
186      100
187      0
188      71
189      65
190      0
191      0
192      100
193      88
194      93
195      0
196      0
197      72
198      87
199      60
       7124.91
