0      75
1      80
2      0
3      52
4      95
5      100
6      100
7      0
8      0
9      100
10      0
11      0
12      100
13      77
14      0
15      0
16      81
17      61
18      0
19      76
20      0
21      71
22      0
23      0
24      92
25      0
26      87
27      88
28      100
29      0
30      81
31      68
32      100
33      0
34      78
35      92
36      0
37      99
38      100
39      100
40      96
41      100
42      0
43      100
44      96
45      0
46      0
47      99
48      0
49      0
       1507.01
