0      62
1      82
2      0
3      91
4      74
5      0
6      0
7      37
8      0
9      100
10      0
11      100
12      70
13      100
14      99
15      97
16      80
17      75
18      0
19      0
20      0
21      0
22      100
23      100
24      97
25      0
26      0
27      99
28      77
29      0
30      95
31      0
32      49
33      99
34      100
35      0
36      0
37      0
38      66
39      94
40      0
41      100
42      0
43      82
44      79
45      0
46      0
47      99
48      100
49      0
50      79
51      82
52      0
53      97
54      61
55      0
56      100
57      99
58      0
59      91
60      100
61      92
62      0
63      71
64      0
65      0
66      0
67      0
68      0
69      90
70      100
71      100
72      0
73      0
74      100
75      100
76      100
77      98
78      97
79      0
80      0
81      83
82      0
83      55
84      0
85      59
86      87
87      72
88      99
89      68
90      100
91      0
92      91
93      100
94      0
95      100
96      0
97      0
98      100
99      99
100      0
101      57
102      0
103      98
104      72
105      81
106      93
107      99
108      56
109      0
110      0
111      74
112      100
113      0
114      100
115      89
116      56
117      0
118      85
119      0
120      0
121      75
122      0
123      0
124      49
125      99
126      0
127      0
128      0
129      0
130      0
131      93
132      96
133      80
134      86
135      0
136      100
137      0
138      53
139      0
140      61
141      49
142      100
143      100
144      100
145      0
146      100
147      100
148      78
149      0
150      45
151      93
152      100
153      0
154      0
155      100
156      70
157      100
158      76
159      0
160      100
161      85
162      100
163      0
164      0
165      0
166      0
167      0
168      0
169      100
170      0
171      0
172      0
173      0
174      0
175      0
176      0
177      56
178      100
179      100
180      78
181      63
182      0
183      0
184      100
185      0
186      0
187      99
188      0
189      82
190      100
191      0
192      99
193      86
194      0
195      65
196      100
197      0
198      60
199      0
       6552.64
