0      96
1      0
2      100
3      47
4      0
5      88
6      0
7      76
8      0
9      87
10      100
11      0
12      100
13      0
14      81
15      67
16      80
17      80
18      0
19      0
20      62
21      98
22      69
23      0
24      0
25      0
26      0
27      59
28      100
29      51
30      98
31      0
32      99
33      100
34      0
35      0
36      100
37      0
38      77
39      59
40      100
41      0
42      100
43      83
44      90
45      99
46      0
47      83
48      87
49      63
50      0
51      0
52      100
53      0
54      0
55      100
56      0
57      100
58      100
59      0
60      71
61      0
62      0
63      0
64      0
65      0
66      100
67      72
68      82
69      0
70      73
71      100
72      0
73      0
74      0
75      100
76      82
77      100
78      0
79      92
80      52
81      0
82      0
83      89
84      0
85      0
86      0
87      74
88      0
89      0
90      0
91      100
92      65
93      68
94      81
95      0
96      57
97      100
98      0
99      98
       3599.11
