0      0
1      0
2      98
3      99
4      0
5      0
6      92
7      98
8      99
9      0
10      0
11      99
12      81
13      0
14      90
15      0
16      68
17      0
18      96
19      96
20      84
21      0
22      0
23      95
24      0
25      91
26      46
27      89
28      94
29      98
30      96
31      0
32      28
33      0
34      0
35      99
36      92
37      76
38      0
39      0
40      0
41      0
42      87
43      0
44      0
45      97
46      94
47      0
48      86
49      0
50      88
51      68
52      91
53      0
54      87
55      0
56      96
57      96
58      0
59      0
60      100
61      92
62      0
63      0
64      97
65      85
66      0
67      91
68      69
69      0
70      68
71      97
72      0
73      0
74      98
75      96
76      92
77      100
78      80
79      0
80      94
81      0
82      76
83      0
84      98
85      0
86      0
87      90
88      69
89      92
90      63
91      93
92      90
93      99
94      83
95      0
96      96
97      100
98      60
99      0
100      84
101      95
102      0
103      0
104      0
105      79
106      91
107      99
108      0
109      98
110      68
111      86
112      85
113      62
114      0
115      89
116      77
117      99
118      88
119      0
120      85
121      44
122      100
123      98
124      72
125      0
126      63
127      85
128      91
129      93
130      0
131      78
132      96
133      78
134      84
135      0
136      0
137      0
138      99
139      72
140      71
141      97
142      74
143      0
144      84
145      0
146      0
147      0
148      0
149      0
150      98
151      0
152      89
153      0
154      0
155      95
156      92
157      0
158      0
159      0
160      0
161      98
162      66
163      90
164      0
165      0
166      0
167      97
168      0
169      0
170      0
171      98
172      100
173      0
174      0
175      100
176      95
177      100
178      73
179      86
180      0
181      49
182      100
183      100
184      94
185      97
186      97
187      88
188      76
189      83
190      66
191      0
192      0
193      92
194      78
195      77
196      64
197      0
198      97
199      0
200      0
201      97
202      65
203      91
204      0
205      0
206      98
207      0
208      89
209      93
210      99
211      0
212      0
213      93
214      100
215      98
216      87
217      0
218      66
219      85
220      97
221      93
222      82
223      97
224      51
225      98
226      0
227      98
228      93
229      0
230      0
231      91
232      92
233      74
234      98
235      96
236      0
237      0
238      90
239      0
240      99
241      0
242      66
243      86
244      0
245      86
246      0
247      0
248      0
249      0
250      0
251      0
252      81
253      0
254      77
255      0
256      0
257      67
258      0
259      81
260      0
261      47
262      86
263      99
264      74
265      99
266      0
267      99
268      0
269      0
270      94
271      0
272      93
273      91
274      100
275      100
276      100
277      77
278      0
279      79
280      98
281      92
282      72
283      45
284      96
285      0
286      0
287      0
288      95
289      98
290      0
291      0
292      96
293      42
294      83
295      93
296      99
297      86
298      0
299      0
300      0
301      0
302      61
303      0
304      0
305      59
306      93
307      93
308      95
309      76
310      75
311      96
312      93
313      85
314      0
315      0
316      0
317      0
318      0
319      100
320      84
321      81
322      94
323      99
324      100
325      81
326      0
327      50
328      94
329      91
330      89
331      0
332      100
333      95
334      81
335      89
336      90
337      84
338      0
339      83
340      97
341      0
342      98
343      0
344      99
345      0
346      0
347      0
348      99
349      66
350      80
351      100
352      94
353      71
354      0
355      0
356      0
357      0
358      0
359      87
360      0
361      0
362      0
363      93
364      0
365      0
366      70
367      98
368      74
369      100
370      92
371      0
372      100
373      95
374      72
375      0
376      0
377      94
378      0
379      0
380      0
381      95
382      99
383      95
384      94
385      0
386      0
387      0
388      0
389      0
390      90
391      0
392      95
393      0
394      0
395      0
396      0
397      0
398      96
399      0
400      0
401      74
402      97
403      92
404      75
405      0
406      87
407      0
408      0
409      0
410      93
411      82
412      99
413      78
414      0
415      99
416      88
417      83
418      0
419      94
420      91
421      0
422      87
423      0
424      81
425      98
426      83
427      81
428      0
429      93
430      0
431      89
432      100
433      0
434      47
435      97
436      99
437      100
438      0
439      0
440      96
441      100
442      62
443      0
444      0
445      0
446      64
447      83
448      0
449      83
450      0
451      0
452      0
453      69
454      90
455      89
456      71
457      89
458      0
459      96
460      0
461      98
462      0
463      90
464      100
465      0
466      0
467      90
468      97
469      0
470      94
471      0
472      84
473      94
474      97
475      70
476      0
477      0
478      93
479      0
480      78
481      84
482      0
483      0
484      0
485      86
486      97
487      94
488      96
489      52
490      85
491      0
492      46
493      0
494      88
495      84
496      0
497      0
498      93
499      79
500      0
501      0
502      77
503      96
504      94
505      97
506      0
507      0
508      92
509      99
510      0
511      0
512      92
513      0
514      81
515      0
516      64
517      0
518      0
519      83
520      85
521      90
522      0
523      80
524      0
525      0
526      100
527      0
528      0
529      0
530      0
531      95
532      0
533      63
534      80
535      96
536      94
537      67
538      69
539      84
540      95
541      60
542      56
543      0
544      0
545      94
546      90
547      0
548      100
549      0
550      0
551      0
552      50
553      92
554      0
555      96
556      0
557      87
558      59
559      72
560      98
561      52
562      73
563      94
564      0
565      99
566      0
567      0
568      0
569      0
570      55
571      0
572      98
573      96
574      0
575      0
576      97
577      0
578      100
579      0
580      0
581      0
582      100
583      86
584      0
585      93
586      0
587      88
588      100
589      25
590      85
591      0
592      91
593      0
594      85
595      73
596      0
597      0
598      89
599      72
600      99
601      0
602      96
603      0
604      86
605      0
606      93
607      70
608      0
609      95
610      77
611      63
612      0
613      0
614      0
615      77
616      99
617      53
618      92
619      0
620      91
621      96
622      64
623      95
624      82
625      99
626      0
627      96
628      91
629      98
630      0
631      100
632      0
633      99
634      82
635      0
636      0
637      0
638      0
639      75
640      68
641      0
642      0
643      60
644      97
645      78
646      0
647      100
648      0
649      0
650      92
651      0
652      49
653      92
654      94
655      0
656      0
657      59
658      93
659      83
660      82
661      0
662      76
663      0
664      89
665      98
666      0
667      59
668      0
669      0
670      0
671      94
672      96
673      83
674      0
675      0
676      0
677      0
678      93
679      0
680      96
681      79
682      87
683      0
684      98
685      0
686      73
687      100
688      0
689      0
690      91
691      93
692      0
693      65
694      97
695      94
696      0
697      95
698      63
699      56
700      85
701      96
702      98
703      67
704      0
705      99
706      100
707      95
708      98
709      0
710      98
711      0
712      0
713      93
714      65
715      61
716      57
717      0
718      94
719      69
720      92
721      0
722      84
723      0
724      87
725      0
726      0
727      0
728      0
729      0
730      0
731      46
732      91
733      87
734      0
735      0
736      0
737      0
738      87
739      44
740      93
741      0
742      93
743      0
744      0
745      49
746      68
747      98
748      80
749      96
750      0
751      0
752      99
753      0
754      93
755      66
756      0
757      79
758      73
759      0
760      95
761      92
762      0
763      0
764      0
765      84
766      85
767      67
768      94
769      85
770      99
771      90
772      0
773      100
774      75
775      0
776      0
777      0
778      96
779      0
780      0
781      100
782      0
783      0
784      0
785      0
786      99
787      0
788      74
789      0
790      0
791      0
792      0
793      0
794      0
795      82
796      86
797      100
798      73
799      65
800      0
801      0
802      65
803      79
804      99
805      96
806      82
807      0
808      87
809      87
810      96
811      96
812      0
813      0
814      0
815      92
816      96
817      92
818      92
819      96
820      89
821      0
822      99
823      94
824      0
825      95
826      93
827      0
828      85
829      99
830      99
831      97
832      0
833      83
834      0
835      0
836      91
837      100
838      95
839      0
840      87
841      0
842      56
843      78
844      98
845      70
846      0
847      0
848      0
849      0
850      98
851      0
852      0
853      0
854      0
855      0
856      0
857      63
858      94
859      74
860      0
861      0
862      0
863      0
864      80
865      79
866      31
867      89
868      93
869      0
870      97
871      87
872      0
873      97
874      0
875      98
876      0
877      94
878      98
879      89
880      0
881      0
882      0
883      69
884      44
885      97
886      97
887      0
888      0
889      0
890      97
891      0
892      0
893      92
894      99
895      0
896      0
897      0
898      0
899      0
900      94
901      0
902      98
903      81
904      0
905      71
906      85
907      74
908      100
909      0
910      0
911      0
912      0
913      91
914      0
915      92
916      0
917      92
918      99
919      71
920      0
921      77
922      66
923      95
924      0
925      100
926      0
927      91
928      91
929      72
930      92
931      0
932      75
933      0
934      0
935      0
936      64
937      96
938      0
939      58
940      81
941      62
942      75
943      85
944      0
945      46
946      83
947      90
948      97
949      0
950      0
951      90
952      0
953      0
954      0
955      0
956      0
957      93
958      0
959      88
960      87
961      71
962      82
963      96
964      0
965      89
966      77
967      93
968      100
969      0
970      83
971      88
972      0
973      62
974      72
975      0
976      78
977      0
978      98
979      0
980      99
981      0
982      0
983      85
984      0
985      68
986      0
987      0
988      0
989      92
990      0
991      0
992      91
993      0
994      95
995      0
996      88
997      0
998      0
999      0
1000      80
1001      100
1002      0
1003      80
1004      0
1005      91
1006      0
1007      0
1008      88
1009      0
1010      0
1011      76
1012      0
1013      67
1014      0
1015      69
1016      57
1017      0
1018      0
1019      96
1020      100
1021      70
1022      99
1023      0
1024      96
1025      97
1026      86
1027      0
1028      73
1029      96
1030      53
1031      90
1032      90
1033      0
1034      86
1035      68
1036      0
1037      100
1038      0
1039      0
1040      78
1041      97
1042      92
1043      95
1044      91
1045      100
1046      58
1047      0
1048      88
1049      87
1050      96
1051      0
1052      0
1053      81
1054      0
1055      0
1056      86
1057      94
1058      65
1059      89
1060      96
1061      0
1062      0
1063      80
1064      94
1065      96
1066      95
1067      0
1068      0
1069      94
1070      79
1071      39
1072      94
1073      100
1074      98
1075      99
1076      93
1077      67
1078      0
1079      0
1080      0
1081      69
1082      68
1083      58
1084      84
1085      78
1086      0
1087      0
1088      0
1089      90
1090      0
1091      0
1092      0
1093      0
1094      92
1095      100
1096      95
1097      0
1098      0
1099      0
1100      0
1101      84
1102      0
1103      0
1104      99
1105      0
1106      0
1107      0
1108      95
1109      0
1110      67
1111      48
1112      86
1113      0
1114      72
1115      96
1116      0
1117      0
1118      87
1119      83
1120      0
1121      0
1122      72
1123      0
1124      63
1125      0
1126      76
1127      97
1128      100
1129      60
1130      96
1131      70
1132      0
1133      0
1134      84
1135      100
1136      0
1137      0
1138      97
1139      62
1140      0
1141      0
1142      46
1143      0
1144      88
1145      0
1146      93
1147      79
1148      0
1149      94
1150      69
1151      0
1152      94
1153      98
1154      86
1155      97
1156      0
1157      0
1158      97
1159      97
1160      0
1161      99
1162      69
1163      0
1164      0
1165      0
1166      79
1167      89
1168      75
1169      95
1170      92
1171      0
1172      62
1173      0
1174      0
1175      83
1176      0
1177      0
1178      71
1179      0
1180      79
1181      97
1182      84
1183      96
1184      0
1185      0
1186      0
1187      99
1188      83
1189      0
1190      85
1191      84
1192      86
1193      0
1194      100
1195      55
1196      0
1197      0
1198      95
1199      0
1200      0
1201      0
1202      0
1203      0
1204      92
1205      88
1206      0
1207      83
1208      99
1209      91
1210      0
1211      0
1212      97
1213      0
1214      0
1215      88
1216      0
1217      89
1218      82
1219      78
1220      0
1221      69
1222      77
1223      83
1224      0
1225      0
1226      100
1227      0
1228      90
1229      78
1230      98
1231      72
1232      0
1233      0
1234      0
1235      95
1236      0
1237      54
1238      69
1239      86
1240      87
1241      82
1242      87
1243      78
1244      0
1245      98
1246      93
1247      93
1248      93
1249      93
1250      0
1251      0
1252      0
1253      0
1254      68
1255      0
1256      99
1257      58
1258      93
1259      66
1260      88
1261      95
1262      0
1263      0
1264      0
1265      0
1266      83
1267      25
1268      99
1269      0
1270      0
1271      85
1272      0
1273      100
1274      67
1275      100
1276      0
1277      75
1278      0
1279      92
1280      100
1281      0
1282      0
1283      91
1284      0
1285      94
1286      0
1287      0
1288      100
1289      0
1290      0
1291      88
1292      0
1293      82
1294      100
1295      0
1296      100
1297      100
1298      0
1299      0
1300      99
1301      0
1302      0
1303      0
1304      96
1305      0
1306      0
1307      83
1308      0
1309      0
1310      0
1311      97
1312      32
1313      90
1314      100
1315      79
1316      0
1317      99
1318      0
1319      0
1320      96
1321      88
1322      0
1323      0
1324      91
1325      0
1326      97
1327      98
1328      97
1329      90
1330      82
1331      91
1332      0
1333      0
1334      93
1335      0
1336      0
1337      0
1338      94
1339      100
1340      100
1341      0
1342      92
1343      0
1344      100
1345      99
1346      0
1347      0
1348      89
1349      0
1350      63
1351      0
1352      82
1353      89
1354      100
1355      0
1356      55
1357      0
1358      72
1359      81
1360      79
1361      0
1362      82
1363      0
1364      0
1365      0
1366      0
1367      96
1368      0
1369      91
1370      94
1371      0
1372      0
1373      86
1374      91
1375      0
1376      0
1377      97
1378      0
1379      0
1380      0
1381      0
1382      0
1383      96
1384      0
1385      68
1386      95
1387      0
1388      0
1389      91
1390      99
1391      91
1392      0
1393      0
1394      100
1395      94
1396      98
1397      0
1398      87
1399      27
1400      92
1401      67
1402      0
1403      0
1404      100
1405      92
1406      95
1407      0
1408      49
1409      91
1410      84
1411      78
1412      0
1413      0
1414      83
1415      0
1416      0
1417      94
1418      0
1419      0
1420      0
1421      0
1422      0
1423      0
1424      0
1425      99
1426      0
1427      0
1428      0
1429      0
1430      0
1431      90
1432      98
1433      90
1434      0
1435      90
1436      90
1437      83
1438      95
1439      0
1440      0
1441      0
1442      47
1443      0
1444      61
1445      84
1446      0
1447      86
1448      58
1449      98
1450      93
1451      92
1452      50
1453      91
1454      95
1455      100
1456      95
1457      75
1458      94
1459      96
1460      59
1461      0
1462      80
1463      0
1464      0
1465      95
1466      0
1467      0
1468      0
1469      100
1470      0
1471      90
1472      90
1473      93
1474      91
1475      0
1476      0
1477      90
1478      0
1479      0
1480      85
1481      0
1482      0
1483      0
1484      72
1485      100
1486      45
1487      0
1488      70
1489      0
1490      0
1491      95
1492      88
1493      35
1494      0
1495      94
1496      60
1497      0
1498      97
1499      89
1500      76
1501      0
1502      91
1503      0
1504      0
1505      0
1506      0
1507      75
1508      67
1509      0
1510      0
1511      0
1512      86
1513      0
1514      0
1515      94
1516      0
1517      0
1518      96
1519      0
1520      89
1521      89
1522      78
1523      0
1524      63
1525      0
1526      95
1527      0
1528      71
1529      98
1530      0
1531      0
1532      0
1533      99
1534      83
1535      83
1536      0
1537      93
1538      96
1539      89
1540      0
1541      0
1542      99
1543      0
1544      0
1545      0
1546      94
1547      0
1548      0
1549      95
1550      0
1551      64
1552      81
1553      99
1554      0
1555      0
1556      97
1557      0
1558      64
1559      97
1560      94
1561      0
1562      52
1563      0
1564      0
1565      90
1566      97
1567      0
1568      86
1569      73
1570      91
1571      0
1572      0
1573      64
1574      80
1575      0
1576      0
1577      0
1578      0
1579      0
1580      59
1581      0
1582      0
1583      0
1584      90
1585      87
1586      80
1587      96
1588      74
1589      0
1590      66
1591      100
1592      0
1593      76
1594      0
1595      0
1596      97
1597      78
1598      51
1599      98
1600      78
1601      68
1602      91
1603      0
1604      99
1605      0
1606      94
1607      0
1608      0
1609      0
1610      0
1611      0
1612      0
1613      92
1614      0
1615      0
1616      80
1617      66
1618      0
1619      91
1620      84
1621      0
1622      91
1623      94
1624      98
1625      0
1626      0
1627      100
1628      98
1629      100
1630      0
1631      0
1632      91
1633      98
1634      0
1635      89
1636      91
1637      0
1638      100
1639      65
1640      0
1641      0
1642      0
1643      83
1644      97
1645      72
1646      0
1647      83
1648      0
1649      95
1650      96
1651      0
1652      0
1653      0
1654      92
1655      0
1656      100
1657      0
1658      77
1659      95
1660      0
1661      0
1662      0
1663      98
1664      84
1665      0
1666      88
1667      0
1668      100
1669      0
1670      54
1671      80
1672      76
1673      87
1674      0
1675      0
1676      82
1677      0
1678      96
1679      100
1680      0
1681      0
1682      0
1683      0
1684      97
1685      0
1686      96
1687      0
1688      72
1689      75
1690      0
1691      0
1692      72
1693      79
1694      58
1695      0
1696      0
1697      59
1698      0
1699      88
1700      55
1701      89
1702      93
1703      0
1704      99
1705      0
1706      96
1707      0
1708      94
1709      90
1710      95
1711      0
1712      98
1713      66
1714      0
1715      0
1716      0
1717      86
1718      0
1719      97
1720      97
1721      0
1722      0
1723      0
1724      98
1725      68
1726      0
1727      93
1728      0
1729      81
1730      95
1731      94
1732      0
1733      86
1734      71
1735      0
1736      96
1737      0
1738      94
1739      100
1740      0
1741      100
1742      97
1743      0
1744      70
1745      100
1746      0
1747      79
1748      82
1749      100
1750      75
1751      90
1752      0
1753      0
1754      97
1755      87
1756      0
1757      0
1758      0
1759      96
1760      0
1761      0
1762      98
1763      0
1764      60
1765      100
1766      95
1767      96
1768      97
1769      71
1770      90
1771      0
1772      82
1773      0
1774      84
1775      80
1776      98
1777      86
1778      0
1779      68
1780      0
1781      0
1782      0
1783      79
1784      0
1785      100
1786      0
1787      0
1788      99
1789      0
1790      0
1791      77
1792      0
1793      52
1794      0
1795      96
1796      100
1797      64
1798      0
1799      66
1800      0
1801      0
1802      95
1803      0
1804      95
1805      93
1806      0
1807      0
1808      0
1809      80
1810      0
1811      0
1812      0
1813      0
1814      99
1815      95
1816      84
1817      90
1818      0
1819      0
1820      92
1821      0
1822      0
1823      100
1824      89
1825      90
1826      0
1827      96
1828      66
1829      0
1830      0
1831      0
1832      0
1833      98
1834      96
1835      0
1836      0
1837      68
1838      92
1839      71
1840      0
1841      0
1842      0
1843      75
1844      0
1845      0
1846      100
1847      71
1848      0
1849      0
1850      84
1851      100
1852      88
1853      0
1854      91
1855      0
1856      77
1857      99
1858      100
1859      55
1860      79
1861      97
1862      0
1863      0
1864      89
1865      79
1866      0
1867      0
1868      99
1869      0
1870      0
1871      99
1872      0
1873      77
1874      44
1875      0
1876      97
1877      0
1878      0
1879      97
1880      69
1881      0
1882      91
1883      0
1884      93
1885      0
1886      74
1887      0
1888      0
1889      0
1890      96
1891      0
1892      0
1893      0
1894      0
1895      68
1896      99
1897      0
1898      96
1899      94
1900      97
1901      0
1902      87
1903      0
1904      0
1905      0
1906      0
1907      0
1908      100
1909      0
1910      0
1911      0
1912      0
1913      100
1914      0
1915      0
1916      0
1917      0
1918      0
1919      0
1920      0
1921      44
1922      76
1923      92
1924      90
1925      89
1926      0
1927      0
1928      99
1929      0
1930      0
1931      0
1932      0
1933      0
1934      0
1935      100
1936      69
1937      52
1938      0
1939      76
1940      76
1941      84
1942      28
1943      86
1944      0
1945      99
1946      100
1947      0
1948      0
1949      0
1950      0
1951      89
1952      100
1953      0
1954      92
1955      88
1956      0
1957      89
1958      0
1959      0
1960      0
1961      91
1962      0
1963      0
1964      61
1965      0
1966      75
1967      0
1968      0
1969      96
1970      86
1971      0
1972      0
1973      0
1974      0
1975      97
1976      85
1977      0
1978      0
1979      0
1980      0
1981      40
1982      0
1983      97
1984      0
1985      0
1986      92
1987      90
1988      92
1989      0
1990      80
1991      47
1992      0
1993      93
1994      0
1995      97
1996      95
1997      99
1998      0
1999      97
2000      0
2001      38
2002      0
2003      0
2004      0
2005      68
2006      64
2007      53
2008      89
2009      81
2010      0
2011      81
2012      100
2013      58
2014      95
2015      72
2016      0
2017      69
2018      100
2019      0
2020      62
2021      89
2022      0
2023      0
2024      94
2025      0
2026      0
2027      0
2028      87
2029      82
2030      0
2031      95
2032      0
2033      0
2034      0
2035      0
2036      53
2037      91
2038      74
2039      85
2040      0
2041      100
2042      97
2043      77
2044      88
2045      76
2046      100
2047      77
2048      98
2049      72
2050      74
2051      86
2052      88
2053      0
2054      69
2055      80
2056      0
2057      90
2058      0
2059      0
2060      0
2061      0
2062      98
2063      0
2064      0
2065      99
2066      71
2067      0
2068      0
2069      0
2070      85
2071      80
2072      0
2073      96
2074      42
2075      0
2076      65
2077      94
2078      77
2079      98
2080      0
2081      98
2082      96
2083      0
2084      0
2085      68
2086      76
2087      99
2088      0
2089      0
2090      80
2091      99
2092      0
2093      93
2094      0
2095      0
2096      0
2097      87
2098      0
2099      93
2100      0
2101      82
2102      0
2103      87
2104      62
2105      98
2106      0
2107      95
2108      99
2109      0
2110      0
2111      95
2112      0
2113      96
2114      96
2115      73
2116      0
2117      84
2118      0
2119      0
2120      94
2121      0
2122      0
2123      80
2124      99
2125      78
2126      99
2127      95
2128      93
2129      0
2130      93
2131      0
2132      92
2133      0
2134      0
2135      85
2136      0
2137      100
2138      97
2139      100
2140      86
2141      0
2142      88
2143      92
2144      0
2145      0
2146      0
2147      0
2148      94
2149      0
2150      72
2151      0
2152      0
2153      100
2154      58
2155      0
2156      0
2157      94
2158      0
2159      98
2160      85
2161      0
2162      68
2163      100
2164      0
2165      95
2166      99
2167      0
2168      0
2169      0
2170      0
2171      80
2172      0
2173      0
2174      95
2175      91
2176      85
2177      74
2178      93
2179      0
2180      67
2181      89
2182      100
2183      0
2184      93
2185      98
2186      53
2187      0
2188      0
2189      90
2190      95
2191      0
2192      0
2193      0
2194      0
2195      0
2196      73
2197      74
2198      30
2199      0
2200      0
2201      60
2202      96
2203      95
2204      99
2205      0
2206      0
2207      93
2208      100
2209      0
2210      97
2211      100
2212      0
2213      92
2214      92
2215      0
2216      67
2217      0
2218      53
2219      0
2220      0
2221      98
2222      59
2223      86
2224      86
2225      97
2226      0
2227      0
2228      0
2229      0
2230      86
2231      0
2232      0
2233      91
2234      0
2235      44
2236      81
2237      0
2238      92
2239      0
2240      67
2241      0
2242      83
2243      95
2244      0
2245      0
2246      92
2247      0
2248      0
2249      61
2250      70
2251      91
2252      0
2253      0
2254      0
2255      0
2256      0
2257      0
2258      72
2259      97
2260      100
2261      100
2262      97
2263      90
2264      0
2265      0
2266      98
2267      59
2268      0
2269      0
2270      0
2271      98
2272      98
2273      94
2274      0
2275      72
2276      88
2277      0
2278      93
2279      99
2280      0
2281      91
2282      91
2283      0
2284      0
2285      98
2286      76
2287      0
2288      75
2289      0
2290      99
2291      97
2292      100
2293      88
2294      0
2295      0
2296      0
2297      77
2298      0
2299      0
2300      96
2301      0
2302      93
2303      87
2304      0
2305      71
2306      100
2307      77
2308      0
2309      39
2310      81
2311      0
2312      65
2313      99
2314      0
2315      0
2316      98
2317      0
2318      95
2319      95
2320      80
2321      100
2322      84
2323      0
2324      0
2325      90
2326      69
2327      0
2328      97
2329      0
2330      96
2331      0
2332      0
2333      97
2334      0
2335      98
2336      68
2337      0
2338      82
2339      98
2340      0
2341      91
2342      56
2343      0
2344      0
2345      0
2346      71
2347      0
2348      0
2349      97
2350      45
2351      88
2352      93
2353      81
2354      0
2355      92
2356      77
2357      62
2358      0
2359      0
2360      0
2361      91
2362      100
2363      85
2364      0
2365      0
2366      0
2367      98
2368      0
2369      0
2370      0
2371      0
2372      92
2373      99
2374      86
2375      87
2376      96
2377      100
2378      0
2379      91
2380      0
2381      96
2382      80
2383      91
2384      75
2385      84
2386      87
2387      85
2388      0
2389      100
2390      0
2391      100
2392      90
2393      0
2394      0
2395      88
2396      100
2397      93
2398      75
2399      0
2400      84
2401      100
2402      80
2403      94
2404      75
2405      75
2406      74
2407      84
2408      83
2409      0
2410      0
2411      98
2412      73
2413      0
2414      100
2415      0
2416      96
2417      0
2418      0
2419      98
2420      0
2421      46
2422      0
2423      0
2424      88
2425      0
2426      0
2427      96
2428      0
2429      92
2430      88
2431      87
2432      98
2433      99
2434      0
2435      0
2436      0
2437      98
2438      0
2439      86
2440      0
2441      0
2442      0
2443      0
2444      85
2445      0
2446      96
2447      72
2448      90
2449      94
2450      100
2451      46
2452      0
2453      90
2454      67
2455      0
2456      0
2457      0
2458      99
2459      73
2460      86
2461      0
2462      0
2463      90
2464      73
2465      99
2466      99
2467      96
2468      0
2469      78
2470      86
2471      54
2472      97
2473      0
2474      85
2475      0
2476      90
2477      75
2478      79
2479      90
2480      98
2481      91
2482      82
2483      0
2484      0
2485      100
2486      65
2487      0
2488      100
2489      0
2490      86
2491      94
2492      63
2493      87
2494      78
2495      94
2496      93
2497      78
2498      83
2499      90
       75134.9
