0      0
1      0
2      98
3      89
4      100
5      0
6      99
7      65
8      0
9      0
10      98
11      0
12      0
13      94
14      68
15      65
16      0
17      0
18      62
19      0
20      0
21      97
22      0
23      99
24      0
25      54
26      96
27      82
28      0
29      100
30      0
31      0
32      99
33      77
34      0
35      99
36      0
37      86
38      0
39      71
40      0
41      100
42      0
43      79
44      57
45      91
46      0
47      66
48      0
49      0
50      100
51      0
52      55
53      0
54      0
55      0
56      0
57      80
58      0
59      73
60      0
61      0
62      0
63      100
64      88
65      0
66      70
67      100
68      51
69      0
70      100
71      0
72      74
73      0
74      99
75      0
76      98
77      69
78      0
79      0
80      0
81      0
82      0
83      65
84      0
85      0
86      99
87      90
88      0
89      53
90      99
91      83
92      69
93      99
94      0
95      94
96      0
97      0
98      87
99      71
100      0
101      0
102      0
103      76
104      70
105      0
106      0
107      0
108      92
109      99
110      96
111      22
112      96
113      88
114      99
115      0
116      0
117      0
118      0
119      0
120      93
121      0
122      0
123      0
124      62
125      70
126      0
127      100
128      76
129      0
130      0
131      0
132      0
133      100
134      0
135      0
136      0
137      91
138      0
139      33
140      71
141      97
142      75
143      84
144      0
145      45
146      0
147      60
148      100
149      0
150      68
151      67
152      0
153      0
154      99
155      97
156      0
157      0
158      88
159      0
160      0
161      0
162      0
163      94
164      100
165      0
166      0
167      100
168      78
169      0
170      0
171      0
172      83
173      79
174      0
175      69
176      87
177      98
178      0
179      100
180      0
181      0
182      72
183      87
184      0
185      0
186      100
187      85
188      99
189      0
190      81
191      0
192      0
193      70
194      94
195      0
196      99
197      0
198      97
199      0
200      91
201      100
202      86
203      0
204      100
205      96
206      91
207      68
208      88
209      97
210      78
211      0
212      94
213      0
214      98
215      0
216      0
217      98
218      100
219      98
220      86
221      0
222      83
223      0
224      0
225      92
226      0
227      0
228      90
229      0
230      100
231      87
232      98
233      0
234      98
235      69
236      96
237      99
238      98
239      0
240      0
241      92
242      84
243      0
244      97
245      79
246      0
247      99
248      74
249      0
250      76
251      76
252      0
253      90
254      100
255      98
256      79
257      0
258      82
259      0
260      0
261      60
262      48
263      96
264      68
265      0
266      88
267      98
268      100
269      0
270      97
271      98
272      41
273      0
274      71
275      81
276      97
277      84
278      0
279      0
280      0
281      99
282      0
283      0
284      99
285      94
286      99
287      77
288      0
289      0
290      0
291      0
292      0
293      66
294      0
295      0
296      90
297      86
298      70
299      100
300      100
301      0
302      0
303      0
304      96
305      0
306      99
307      0
308      99
309      87
310      0
311      0
312      0
313      0
314      97
315      0
316      83
317      99
318      0
319      98
320      72
321      0
322      92
323      0
324      0
325      99
326      0
327      98
328      75
329      100
330      0
331      98
332      98
333      79
334      99
335      0
336      91
337      72
338      0
339      99
340      75
341      0
342      46
343      88
344      0
345      0
346      0
347      0
348      0
349      0
350      0
351      77
352      0
353      0
354      0
355      0
356      0
357      64
358      91
359      69
360      0
361      0
362      0
363      0
364      0
365      80
366      99
367      71
368      97
369      100
370      93
371      100
372      100
373      98
374      95
375      0
376      98
377      94
378      98
379      97
380      0
381      0
382      61
383      0
384      96
385      0
386      66
387      0
388      0
389      0
390      86
391      73
392      0
393      0
394      99
395      78
396      0
397      63
398      0
399      92
400      98
401      90
402      100
403      0
404      100
405      0
406      86
407      84
408      0
409      99
410      0
411      100
412      0
413      67
414      80
415      97
416      93
417      97
418      0
419      89
420      93
421      0
422      0
423      77
424      95
425      0
426      0
427      85
428      97
429      86
430      98
431      100
432      94
433      100
434      99
435      0
436      99
437      0
438      93
439      0
440      95
441      97
442      0
443      100
444      97
445      0
446      84
447      0
448      0
449      100
450      75
451      96
452      98
453      0
454      92
455      0
456      0
457      97
458      0
459      90
460      0
461      0
462      97
463      0
464      0
465      0
466      99
467      0
468      62
469      0
470      95
471      52
472      84
473      99
474      0
475      100
476      0
477      0
478      79
479      99
480      0
481      40
482      87
483      88
484      0
485      100
486      0
487      73
488      0
489      0
490      87
491      95
492      98
493      0
494      100
495      0
496      0
497      0
498      0
499      0
500      0
501      100
502      91
503      0
504      89
505      0
506      90
507      49
508      66
509      100
510      0
511      88
512      0
513      0
514      0
515      100
516      96
517      0
518      89
519      0
520      0
521      100
522      0
523      99
524      75
525      46
526      0
527      94
528      61
529      0
530      80
531      0
532      0
533      0
534      71
535      48
536      97
537      94
538      96
539      0
540      0
541      48
542      87
543      0
544      99
545      60
546      52
547      0
548      0
549      96
550      63
551      95
552      0
553      56
554      75
555      86
556      0
557      76
558      0
559      88
560      86
561      0
562      0
563      0
564      0
565      0
566      0
567      87
568      81
569      87
570      81
571      0
572      0
573      0
574      100
575      54
576      84
577      79
578      0
579      0
580      0
581      0
582      95
583      0
584      81
585      0
586      56
587      50
588      0
589      0
590      66
591      95
592      0
593      0
594      0
595      0
596      0
597      0
598      99
599      41
600      0
601      96
602      68
603      0
604      0
605      0
606      97
607      96
608      100
609      63
610      73
611      97
612      0
613      0
614      95
615      0
616      81
617      98
618      74
619      98
620      0
621      95
622      77
623      0
624      99
625      56
626      96
627      0
628      51
629      80
630      0
631      0
632      0
633      99
634      0
635      99
636      0
637      94
638      98
639      95
640      99
641      0
642      90
643      64
644      0
645      0
646      0
647      78
648      0
649      0
650      56
651      0
652      94
653      78
654      64
655      91
656      0
657      65
658      69
659      82
660      55
661      83
662      0
663      76
664      0
665      63
666      0
667      98
668      0
669      0
670      90
671      54
672      100
673      96
674      96
675      96
676      0
677      91
678      100
679      0
680      99
681      88
682      75
683      98
684      98
685      0
686      64
687      0
688      0
689      0
690      0
691      99
692      0
693      98
694      78
695      100
696      94
697      92
698      76
699      0
700      46
701      82
702      99
703      98
704      99
705      59
706      100
707      63
708      96
709      87
710      0
711      0
712      0
713      52
714      74
715      91
716      0
717      0
718      100
719      83
720      99
721      74
722      100
723      0
724      68
725      0
726      0
727      41
728      69
729      55
730      94
731      58
732      86
733      0
734      98
735      62
736      93
737      96
738      0
739      0
740      0
741      92
742      0
743      0
744      92
745      0
746      100
747      99
748      86
749      0
750      88
751      0
752      100
753      100
754      100
755      0
756      96
757      99
758      98
759      0
760      94
761      94
762      0
763      0
764      0
765      90
766      0
767      0
768      66
769      88
770      0
771      74
772      100
773      0
774      0
775      99
776      100
777      0
778      58
779      97
780      0
781      0
782      94
783      99
784      0
785      0
786      99
787      61
788      100
789      100
790      0
791      100
792      91
793      0
794      0
795      0
796      84
797      71
798      0
799      98
800      0
801      98
802      0
803      0
804      100
805      87
806      75
807      68
808      0
809      0
810      53
811      0
812      99
813      0
814      0
815      0
816      0
817      91
818      96
819      0
820      100
821      95
822      0
823      0
824      78
825      72
826      0
827      98
828      100
829      0
830      0
831      0
832      98
833      0
834      0
835      0
836      42
837      0
838      0
839      65
840      0
841      95
842      95
843      94
844      100
845      77
846      54
847      99
848      0
849      0
850      0
851      99
852      97
853      67
854      87
855      0
856      98
857      51
858      0
859      82
860      0
861      0
862      96
863      0
864      0
865      0
866      35
867      100
868      0
869      0
870      91
871      98
872      97
873      73
874      100
875      90
876      92
877      66
878      0
879      0
880      94
881      54
882      77
883      99
884      100
885      0
886      69
887      0
888      85
889      41
890      99
891      0
892      0
893      0
894      0
895      0
896      0
897      0
898      43
899      77
900      99
901      100
902      0
903      49
904      89
905      97
906      100
907      92
908      0
909      83
910      68
911      99
912      66
913      73
914      0
915      62
916      0
917      55
918      87
919      0
920      0
921      0
922      89
923      78
924      98
925      89
926      0
927      0
928      94
929      0
930      100
931      0
932      100
933      0
934      91
935      56
936      82
937      0
938      96
939      0
940      0
941      78
942      73
943      0
944      89
945      100
946      0
947      0
948      0
949      0
950      0
951      0
952      99
953      99
954      67
955      0
956      72
957      100
958      99
959      86
960      84
961      0
962      0
963      98
964      58
965      92
966      79
967      0
968      86
969      84
970      92
971      86
972      57
973      73
974      56
975      0
976      0
977      0
978      0
979      69
980      72
981      99
982      0
983      90
984      91
985      0
986      97
987      100
988      59
989      0
990      95
991      73
992      100
993      99
994      86
995      90
996      0
997      0
998      99
999      0
       32080.7
