0      92
1      0
2      96
3      0
4      96
5      97
6      0
7      86
8      67
9      0
10      0
11      0
12      84
13      70
14      0
15      87
16      0
17      96
18      0
19      87
20      89
21      0
22      73
23      0
24      64
25      59
26      99
27      0
28      0
29      0
30      91
31      91
32      93
33      0
34      94
35      79
36      92
37      97
38      100
39      0
40      94
41      70
42      0
43      0
44      63
45      96
46      81
47      99
48      0
49      0
50      85
51      0
52      85
53      0
54      92
55      86
56      0
57      0
58      86
59      96
60      0
61      0
62      100
63      33
64      0
65      0
66      0
67      97
68      0
69      99
70      0
71      0
72      58
73      81
74      0
75      0
76      77
77      94
78      73
79      92
80      0
81      0
82      0
83      57
84      37
85      0
86      81
87      77
88      0
89      0
90      99
91      81
92      96
93      90
94      0
95      98
96      93
97      0
98      0
99      0
100      0
101      100
102      98
103      96
104      68
105      0
106      0
107      39
108      0
109      94
110      0
111      86
112      0
113      69
114      0
115      0
116      92
117      0
118      0
119      87
120      98
121      81
122      97
123      100
124      100
125      97
126      66
127      98
128      0
129      0
130      85
131      0
132      98
133      0
134      70
135      76
136      88
137      0
138      0
139      48
140      93
141      90
142      0
143      0
144      0
145      73
146      0
147      76
148      98
149      93
150      0
151      98
152      98
153      98
154      0
155      0
156      0
157      90
158      0
159      88
160      0
161      0
162      0
163      63
164      96
165      0
166      0
167      98
168      95
169      100
170      99
171      0
172      0
173      94
174      0
175      84
176      98
177      98
178      0
179      63
180      0
181      99
182      98
183      0
184      96
185      0
186      94
187      0
188      99
189      96
190      0
191      81
192      0
193      95
194      0
195      100
196      76
197      0
198      0
199      54
200      83
201      0
202      58
203      0
204      76
205      77
206      67
207      100
208      83
209      0
210      96
211      0
212      87
213      89
214      48
215      69
216      65
217      0
218      0
219      81
220      0
221      0
222      93
223      99
224      92
225      0
226      100
227      0
228      98
229      76
230      83
231      0
232      0
233      0
234      0
235      46
236      0
237      100
238      0
239      79
240      97
241      72
242      96
243      75
244      51
245      0
246      0
247      0
248      95
249      71
250      58
251      0
252      0
253      95
254      100
255      0
256      89
257      0
258      67
259      0
260      0
261      94
262      95
263      100
264      0
265      99
266      84
267      73
268      83
269      0
270      0
271      100
272      100
273      0
274      0
275      0
276      57
277      0
278      100
279      96
280      81
281      0
282      78
283      0
284      98
285      86
286      86
287      0
288      84
289      99
290      73
291      0
292      0
293      0
294      64
295      97
296      83
297      94
298      88
299      0
300      98
301      71
302      58
303      0
304      0
305      0
306      0
307      100
308      90
309      0
310      96
311      94
312      0
313      96
314      0
315      93
316      98
317      98
318      0
319      72
320      0
321      0
322      68
323      67
324      0
325      78
326      0
327      0
328      0
329      0
330      99
331      91
332      90
333      0
334      74
335      69
336      0
337      0
338      0
339      0
340      57
341      93
342      0
343      0
344      0
345      91
346      0
347      0
348      0
349      94
350      0
351      0
352      76
353      0
354      0
355      61
356      99
357      70
358      96
359      91
360      86
361      0
362      0
363      76
364      0
365      0
366      97
367      0
368      96
369      87
370      0
371      80
372      74
373      98
374      100
375      72
376      0
377      97
378      0
379      0
380      95
381      97
382      0
383      98
384      0
385      96
386      0
387      96
388      0
389      0
390      97
391      0
392      86
393      99
394      88
395      0
396      70
397      93
398      0
399      98
400      88
401      78
402      67
403      0
404      0
405      0
406      100
407      0
408      0
409      0
410      97
411      93
412      92
413      69
414      75
415      0
416      0
417      83
418      97
419      0
420      0
421      71
422      87
423      0
424      0
425      100
426      94
427      60
428      65
429      94
430      98
431      87
432      0
433      98
434      0
435      99
436      100
437      0
438      0
439      70
440      0
441      95
442      96
443      0
444      100
445      99
446      92
447      0
448      96
449      80
450      0
451      63
452      0
453      99
454      91
455      0
456      99
457      0
458      0
459      0
460      0
461      0
462      93
463      86
464      0
465      0
466      84
467      0
468      0
469      90
470      34
471      74
472      77
473      0
474      0
475      67
476      0
477      81
478      92
479      90
480      0
481      85
482      0
483      60
484      98
485      0
486      0
487      0
488      0
489      97
490      0
491      97
492      0
493      71
494      99
495      0
496      0
497      0
498      0
499      88
500      0
501      0
502      0
503      93
504      0
505      81
506      0
507      80
508      78
509      92
510      95
511      0
512      51
513      96
514      98
515      0
516      0
517      0
518      93
519      82
520      93
521      0
522      61
523      86
524      0
525      100
526      0
527      97
528      0
529      0
530      90
531      92
532      46
533      96
534      94
535      0
536      93
537      0
538      0
539      89
540      81
541      98
542      0
543      48
544      79
545      91
546      0
547      0
548      0
549      0
550      94
551      0
552      98
553      100
554      91
555      0
556      96
557      0
558      87
559      97
560      66
561      90
562      75
563      0
564      0
565      96
566      0
567      0
568      0
569      62
570      86
571      92
572      0
573      0
574      76
575      0
576      54
577      76
578      0
579      80
580      50
581      78
582      73
583      0
584      0
585      0
586      85
587      0
588      0
589      95
590      78
591      0
592      85
593      90
594      0
595      0
596      0
597      88
598      94
599      100
600      97
601      0
602      87
603      92
604      46
605      0
606      0
607      0
608      0
609      93
610      98
611      0
612      0
613      85
614      0
615      0
616      0
617      88
618      98
619      0
620      0
621      76
622      85
623      100
624      100
625      0
626      0
627      78
628      85
629      56
630      92
631      0
632      0
633      61
634      65
635      84
636      90
637      0
638      0
639      94
640      91
641      97
642      94
643      95
644      0
645      43
646      95
647      0
648      0
649      90
650      97
651      96
652      93
653      64
654      96
655      0
656      97
657      0
658      56
659      67
660      65
661      97
662      0
663      80
664      0
665      83
666      0
667      0
668      72
669      0
670      99
671      0
672      0
673      0
674      0
675      99
676      99
677      52
678      92
679      0
680      88
681      94
682      0
683      98
684      77
685      75
686      80
687      69
688      75
689      0
690      75
691      0
692      0
693      0
694      89
695      69
696      89
697      77
698      0
699      58
700      0
701      63
702      98
703      89
704      0
705      0
706      62
707      52
708      0
709      0
710      89
711      91
712      91
713      99
714      100
715      0
716      99
717      52
718      0
719      0
720      0
721      88
722      97
723      0
724      71
725      41
726      71
727      70
728      74
729      91
730      0
731      0
732      0
733      0
734      94
735      0
736      69
737      95
738      0
739      0
740      0
741      90
742      77
743      98
744      99
745      98
746      0
747      91
748      88
749      49
750      59
751      78
752      0
753      0
754      0
755      94
756      0
757      53
758      74
759      0
760      0
761      85
762      0
763      77
764      0
765      58
766      0
767      0
768      75
769      0
770      96
771      67
772      97
773      50
774      0
775      0
776      70
777      0
778      95
779      81
780      0
781      96
782      70
783      0
784      75
785      0
786      68
787      82
788      100
789      0
790      0
791      100
792      0
793      97
794      80
795      0
796      90
797      94
798      0
799      94
800      83
801      65
802      0
803      92
804      0
805      86
806      0
807      56
808      0
809      93
810      75
811      0
812      68
813      72
814      74
815      80
816      0
817      65
818      99
819      90
820      51
821      99
822      45
823      0
824      0
825      100
826      0
827      0
828      0
829      0
830      97
831      81
832      0
833      53
834      98
835      88
836      0
837      86
838      100
839      92
840      0
841      0
842      99
843      0
844      87
845      0
846      61
847      0
848      0
849      34
850      87
851      0
852      97
853      0
854      73
855      90
856      0
857      0
858      76
859      0
860      69
861      91
862      91
863      100
864      0
865      0
866      0
867      58
868      99
869      0
870      0
871      73
872      97
873      77
874      0
875      0
876      90
877      93
878      0
879      0
880      94
881      99
882      94
883      86
884      0
885      89
886      97
887      96
888      90
889      87
890      0
891      98
892      77
893      98
894      98
895      0
896      82
897      92
898      73
899      0
900      0
901      0
902      60
903      0
904      0
905      0
906      0
907      85
908      66
909      97
910      0
911      83
912      80
913      0
914      72
915      100
916      94
917      80
918      100
919      0
920      82
921      68
922      0
923      54
924      70
925      88
926      61
927      96
928      0
929      96
930      97
931      91
932      83
933      29
934      95
935      0
936      89
937      0
938      100
939      0
940      0
941      0
942      0
943      0
944      0
945      99
946      99
947      72
948      56
949      92
950      91
951      94
952      99
953      0
954      94
955      96
956      0
957      99
958      0
959      97
960      78
961      0
962      0
963      78
964      0
965      0
966      90
967      0
968      66
969      0
970      87
971      0
972      0
973      82
974      85
975      0
976      73
977      0
978      83
979      0
980      86
981      66
982      89
983      88
984      100
985      94
986      78
987      0
988      89
989      86
990      0
991      0
992      91
993      0
994      0
995      0
996      0
997      0
998      0
999      79
1000      96
1001      99
1002      0
1003      0
1004      99
1005      71
1006      0
1007      0
1008      98
1009      98
1010      100
1011      71
1012      85
1013      0
1014      72
1015      0
1016      68
1017      0
1018      0
1019      0
1020      75
1021      0
1022      86
1023      0
1024      99
1025      0
1026      0
1027      75
1028      95
1029      97
1030      100
1031      63
1032      62
1033      0
1034      0
1035      0
1036      0
1037      95
1038      0
1039      0
1040      100
1041      81
1042      0
1043      88
1044      0
1045      0
1046      79
1047      99
1048      58
1049      0
1050      0
1051      96
1052      0
1053      0
1054      0
1055      98
1056      0
1057      0
1058      0
1059      0
1060      0
1061      73
1062      99
1063      0
1064      0
1065      93
1066      60
1067      0
1068      78
1069      0
1070      93
1071      98
1072      0
1073      97
1074      92
1075      92
1076      0
1077      97
1078      0
1079      96
1080      80
1081      84
1082      0
1083      83
1084      0
1085      0
1086      83
1087      75
1088      94
1089      0
1090      0
1091      0
1092      0
1093      69
1094      83
1095      94
1096      64
1097      82
1098      95
1099      82
1100      98
1101      0
1102      0
1103      75
1104      93
1105      0
1106      93
1107      69
1108      0
1109      49
1110      0
1111      89
1112      94
1113      0
1114      0
1115      94
1116      0
1117      0
1118      50
1119      98
1120      100
1121      100
1122      99
1123      94
1124      94
1125      0
1126      0
1127      0
1128      0
1129      95
1130      96
1131      0
1132      77
1133      80
1134      54
1135      0
1136      90
1137      0
1138      0
1139      92
1140      0
1141      83
1142      99
1143      0
1144      0
1145      0
1146      63
1147      0
1148      0
1149      0
1150      86
1151      52
1152      0
1153      0
1154      0
1155      0
1156      79
1157      0
1158      87
1159      68
1160      99
1161      0
1162      96
1163      0
1164      77
1165      98
1166      0
1167      0
1168      35
1169      55
1170      99
1171      93
1172      0
1173      80
1174      0
1175      0
1176      44
1177      0
1178      0
1179      83
1180      0
1181      89
1182      86
1183      88
1184      0
1185      90
1186      0
1187      85
1188      75
1189      0
1190      0
1191      93
1192      86
1193      99
1194      98
1195      0
1196      0
1197      83
1198      0
1199      0
1200      96
1201      88
1202      84
1203      60
1204      72
1205      0
1206      0
1207      0
1208      94
1209      0
1210      93
1211      67
1212      96
1213      96
1214      0
1215      85
1216      0
1217      0
1218      0
1219      95
1220      0
1221      0
1222      0
1223      87
1224      90
1225      0
1226      96
1227      0
1228      31
1229      0
1230      99
1231      76
1232      81
1233      0
1234      98
1235      99
1236      74
1237      53
1238      0
1239      98
1240      92
1241      97
1242      50
1243      0
1244      95
1245      69
1246      72
1247      96
1248      96
1249      74
1250      92
1251      0
1252      98
1253      94
1254      0
1255      99
1256      95
1257      0
1258      76
1259      0
1260      94
1261      92
1262      0
1263      83
1264      0
1265      0
1266      92
1267      96
1268      99
1269      83
1270      87
1271      0
1272      0
1273      87
1274      100
1275      0
1276      93
1277      92
1278      77
1279      93
1280      0
1281      0
1282      97
1283      92
1284      80
1285      0
1286      0
1287      0
1288      66
1289      0
1290      100
1291      0
1292      93
1293      99
1294      83
1295      97
1296      62
1297      0
1298      90
1299      0
1300      99
1301      0
1302      93
1303      0
1304      92
1305      0
1306      0
1307      90
1308      92
1309      0
1310      76
1311      0
1312      0
1313      99
1314      0
1315      0
1316      0
1317      97
1318      0
1319      96
1320      0
1321      77
1322      97
1323      0
1324      98
1325      91
1326      95
1327      0
1328      78
1329      59
1330      97
1331      97
1332      94
1333      64
1334      69
1335      80
1336      92
1337      0
1338      82
1339      65
1340      0
1341      0
1342      0
1343      65
1344      77
1345      98
1346      97
1347      0
1348      98
1349      90
1350      97
1351      0
1352      0
1353      94
1354      98
1355      92
1356      51
1357      100
1358      57
1359      0
1360      79
1361      0
1362      0
1363      90
1364      84
1365      88
1366      84
1367      91
1368      92
1369      0
1370      81
1371      0
1372      0
1373      0
1374      62
1375      71
1376      94
1377      99
1378      99
1379      0
1380      0
1381      98
1382      99
1383      0
1384      69
1385      0
1386      100
1387      71
1388      0
1389      85
1390      89
1391      0
1392      0
1393      75
1394      0
1395      0
1396      0
1397      100
1398      93
1399      62
1400      99
1401      0
1402      86
1403      86
1404      0
1405      0
1406      99
1407      100
1408      0
1409      88
1410      84
1411      93
1412      93
1413      56
1414      0
1415      87
1416      100
1417      0
1418      89
1419      89
1420      96
1421      80
1422      60
1423      95
1424      100
1425      96
1426      0
1427      90
1428      79
1429      83
1430      96
1431      0
1432      0
1433      0
1434      95
1435      0
1436      39
1437      99
1438      0
1439      0
1440      82
1441      64
1442      0
1443      96
1444      65
1445      0
1446      98
1447      72
1448      97
1449      0
1450      33
1451      89
1452      97
1453      45
1454      0
1455      99
1456      91
1457      100
1458      0
1459      94
1460      0
1461      41
1462      0
1463      0
1464      63
1465      0
1466      66
1467      0
1468      95
1469      78
1470      91
1471      80
1472      96
1473      86
1474      83
1475      99
1476      92
1477      0
1478      77
1479      96
1480      78
1481      100
1482      87
1483      0
1484      66
1485      77
1486      82
1487      94
1488      63
1489      74
1490      0
1491      0
1492      91
1493      0
1494      0
1495      0
1496      0
1497      0
1498      92
1499      71
1500      100
1501      83
1502      0
1503      0
1504      0
1505      0
1506      0
1507      0
1508      96
1509      0
1510      76
1511      0
1512      0
1513      0
1514      0
1515      0
1516      0
1517      66
1518      0
1519      74
1520      87
1521      52
1522      0
1523      63
1524      0
1525      0
1526      0
1527      93
1528      0
1529      0
1530      97
1531      71
1532      91
1533      99
1534      0
1535      64
1536      0
1537      0
1538      0
1539      0
1540      0
1541      86
1542      79
1543      100
1544      0
1545      0
1546      76
1547      71
1548      71
1549      0
1550      0
1551      98
1552      0
1553      0
1554      80
1555      0
1556      64
1557      0
1558      0
1559      96
1560      0
1561      87
1562      0
1563      84
1564      99
1565      0
1566      0
1567      98
1568      0
1569      94
1570      94
1571      0
1572      0
1573      100
1574      98
1575      62
1576      80
1577      0
1578      97
1579      0
1580      0
1581      0
1582      47
1583      84
1584      0
1585      48
1586      0
1587      94
1588      94
1589      89
1590      71
1591      0
1592      45
1593      91
1594      0
1595      76
1596      0
1597      98
1598      90
1599      93
1600      0
1601      84
1602      0
1603      69
1604      0
1605      0
1606      98
1607      0
1608      0
1609      96
1610      0
1611      66
1612      0
1613      97
1614      92
1615      96
1616      0
1617      0
1618      93
1619      0
1620      83
1621      100
1622      77
1623      60
1624      0
1625      90
1626      91
1627      77
1628      68
1629      89
1630      0
1631      0
1632      79
1633      0
1634      100
1635      0
1636      95
1637      98
1638      0
1639      0
1640      0
1641      92
1642      97
1643      98
1644      96
1645      64
1646      0
1647      0
1648      88
1649      72
1650      0
1651      0
1652      90
1653      63
1654      90
1655      82
1656      0
1657      0
1658      97
1659      76
1660      0
1661      99
1662      0
1663      75
1664      90
1665      0
1666      0
1667      0
1668      83
1669      89
1670      0
1671      0
1672      92
1673      97
1674      83
1675      82
1676      79
1677      0
1678      0
1679      0
1680      93
1681      93
1682      72
1683      0
1684      99
1685      96
1686      97
1687      78
1688      90
1689      86
1690      95
1691      71
1692      78
1693      97
1694      84
1695      89
1696      0
1697      90
1698      91
1699      98
1700      0
1701      98
1702      68
1703      0
1704      81
1705      0
1706      64
1707      75
1708      94
1709      0
1710      57
1711      0
1712      94
1713      0
1714      0
1715      100
1716      84
1717      90
1718      0
1719      88
1720      0
1721      100
1722      0
1723      0
1724      92
1725      84
1726      0
1727      92
1728      81
1729      0
1730      0
1731      0
1732      99
1733      91
1734      0
1735      86
1736      88
1737      83
1738      0
1739      43
1740      97
1741      98
1742      95
1743      63
1744      99
1745      0
1746      100
1747      0
1748      80
1749      85
1750      0
1751      96
1752      0
1753      0
1754      0
1755      0
1756      84
1757      90
1758      87
1759      0
1760      72
1761      0
1762      0
1763      0
1764      0
1765      0
1766      74
1767      91
1768      0
1769      0
1770      0
1771      90
1772      0
1773      88
1774      0
1775      0
1776      0
1777      0
1778      100
1779      85
1780      0
1781      0
1782      0
1783      0
1784      0
1785      98
1786      77
1787      56
1788      95
1789      97
1790      74
1791      97
1792      82
1793      70
1794      99
1795      0
1796      0
1797      47
1798      93
1799      68
1800      0
1801      84
1802      0
1803      94
1804      0
1805      87
1806      100
1807      69
1808      0
1809      97
1810      97
1811      0
1812      100
1813      92
1814      77
1815      0
1816      0
1817      0
1818      49
1819      0
1820      95
1821      93
1822      79
1823      95
1824      59
1825      0
1826      91
1827      0
1828      97
1829      93
1830      69
1831      0
1832      0
1833      62
1834      99
1835      77
1836      87
1837      98
1838      0
1839      61
1840      0
1841      0
1842      89
1843      83
1844      0
1845      84
1846      99
1847      89
1848      0
1849      0
1850      0
1851      0
1852      0
1853      59
1854      0
1855      87
1856      100
1857      0
1858      89
1859      0
1860      92
1861      0
1862      0
1863      75
1864      0
1865      89
1866      0
1867      0
1868      94
1869      76
1870      100
1871      90
1872      94
1873      70
1874      97
1875      93
1876      0
1877      92
1878      0
1879      0
1880      81
1881      92
1882      96
1883      0
1884      100
1885      99
1886      97
1887      98
1888      0
1889      100
1890      94
1891      0
1892      79
1893      74
1894      0
1895      0
1896      0
1897      83
1898      0
1899      0
1900      30
1901      0
1902      0
1903      0
1904      100
1905      100
1906      0
1907      0
1908      96
1909      97
1910      100
1911      100
1912      100
1913      0
1914      88
1915      0
1916      100
1917      98
1918      81
1919      0
1920      0
1921      0
1922      91
1923      100
1924      69
1925      0
1926      67
1927      0
1928      97
1929      96
1930      99
1931      99
1932      94
1933      0
1934      0
1935      99
1936      0
1937      0
1938      46
1939      94
1940      0
1941      75
1942      100
1943      98
1944      0
1945      0
1946      0
1947      0
1948      98
1949      0
1950      0
1951      97
1952      70
1953      0
1954      92
1955      66
1956      0
1957      0
1958      86
1959      0
1960      93
1961      96
1962      0
1963      83
1964      0
1965      90
1966      0
1967      0
1968      0
1969      51
1970      0
1971      81
1972      0
1973      0
1974      0
1975      91
1976      92
1977      62
1978      0
1979      98
1980      92
1981      85
1982      94
1983      99
1984      94
1985      75
1986      0
1987      98
1988      80
1989      95
1990      0
1991      74
1992      0
1993      0
1994      86
1995      93
1996      91
1997      99
1998      77
1999      34
2000      0
2001      0
2002      0
2003      68
2004      82
2005      0
2006      0
2007      0
2008      97
2009      95
2010      100
2011      65
2012      0
2013      0
2014      41
2015      91
2016      62
2017      64
2018      77
2019      69
2020      0
2021      0
2022      0
2023      0
2024      99
2025      0
2026      94
2027      84
2028      100
2029      0
2030      0
2031      59
2032      0
2033      0
2034      98
2035      0
2036      0
2037      99
2038      0
2039      0
2040      91
2041      58
2042      0
2043      97
2044      0
2045      0
2046      88
2047      0
2048      99
2049      0
2050      0
2051      0
2052      98
2053      0
2054      0
2055      0
2056      96
2057      68
2058      92
2059      80
2060      0
2061      99
2062      0
2063      0
2064      88
2065      0
2066      99
2067      0
2068      85
2069      100
2070      77
2071      0
2072      0
2073      84
2074      0
2075      100
2076      0
2077      0
2078      0
2079      58
2080      30
2081      94
2082      80
2083      90
2084      0
2085      0
2086      97
2087      70
2088      90
2089      68
2090      61
2091      57
2092      97
2093      0
2094      96
2095      94
2096      0
2097      0
2098      0
2099      0
2100      0
2101      0
2102      83
2103      0
2104      0
2105      0
2106      68
2107      0
2108      91
2109      68
2110      91
2111      86
2112      0
2113      0
2114      66
2115      99
2116      94
2117      0
2118      0
2119      0
2120      0
2121      0
2122      0
2123      69
2124      91
2125      86
2126      0
2127      74
2128      0
2129      0
2130      0
2131      99
2132      97
2133      0
2134      73
2135      0
2136      80
2137      0
2138      85
2139      0
2140      95
2141      100
2142      0
2143      82
2144      0
2145      95
2146      95
2147      0
2148      95
2149      99
2150      0
2151      94
2152      0
2153      44
2154      0
2155      79
2156      0
2157      71
2158      0
2159      0
2160      57
2161      79
2162      100
2163      0
2164      0
2165      0
2166      83
2167      0
2168      0
2169      0
2170      0
2171      49
2172      0
2173      0
2174      64
2175      97
2176      0
2177      98
2178      0
2179      0
2180      82
2181      0
2182      32
2183      0
2184      0
2185      96
2186      82
2187      0
2188      0
2189      0
2190      0
2191      100
2192      80
2193      0
2194      99
2195      79
2196      0
2197      94
2198      0
2199      87
2200      0
2201      100
2202      60
2203      93
2204      0
2205      67
2206      0
2207      93
2208      0
2209      99
2210      0
2211      64
2212      99
2213      82
2214      55
2215      87
2216      38
2217      0
2218      100
2219      100
2220      99
2221      99
2222      84
2223      0
2224      98
2225      97
2226      97
2227      0
2228      84
2229      97
2230      0
2231      80
2232      0
2233      78
2234      0
2235      89
2236      100
2237      0
2238      76
2239      0
2240      95
2241      0
2242      0
2243      0
2244      96
2245      76
2246      76
2247      0
2248      0
2249      0
2250      99
2251      0
2252      0
2253      90
2254      0
2255      75
2256      98
2257      0
2258      92
2259      0
2260      72
2261      0
2262      81
2263      84
2264      0
2265      0
2266      84
2267      0
2268      61
2269      0
2270      0
2271      0
2272      95
2273      0
2274      0
2275      0
2276      99
2277      87
2278      41
2279      96
2280      0
2281      0
2282      45
2283      0
2284      0
2285      73
2286      87
2287      0
2288      96
2289      81
2290      96
2291      99
2292      100
2293      0
2294      0
2295      94
2296      0
2297      99
2298      82
2299      92
2300      91
2301      0
2302      0
2303      0
2304      0
2305      84
2306      0
2307      0
2308      0
2309      96
2310      99
2311      0
2312      77
2313      0
2314      98
2315      100
2316      92
2317      64
2318      0
2319      67
2320      100
2321      81
2322      0
2323      90
2324      94
2325      79
2326      72
2327      0
2328      33
2329      99
2330      52
2331      99
2332      0
2333      0
2334      72
2335      0
2336      0
2337      0
2338      0
2339      0
2340      76
2341      100
2342      0
2343      0
2344      86
2345      90
2346      0
2347      93
2348      0
2349      95
2350      41
2351      53
2352      0
2353      0
2354      97
2355      99
2356      0
2357      80
2358      97
2359      0
2360      0
2361      46
2362      86
2363      0
2364      95
2365      99
2366      93
2367      97
2368      92
2369      86
2370      0
2371      0
2372      100
2373      0
2374      90
2375      98
2376      79
2377      0
2378      78
2379      62
2380      80
2381      0
2382      0
2383      61
2384      63
2385      96
2386      75
2387      0
2388      96
2389      96
2390      100
2391      0
2392      100
2393      90
2394      0
2395      55
2396      0
2397      0
2398      67
2399      0
2400      95
2401      55
2402      79
2403      76
2404      100
2405      99
2406      100
2407      69
2408      84
2409      96
2410      96
2411      0
2412      0
2413      0
2414      0
2415      0
2416      99
2417      0
2418      65
2419      73
2420      84
2421      0
2422      100
2423      72
2424      99
2425      0
2426      0
2427      0
2428      98
2429      73
2430      75
2431      0
2432      0
2433      0
2434      0
2435      93
2436      0
2437      0
2438      98
2439      80
2440      0
2441      0
2442      0
2443      98
2444      0
2445      0
2446      97
2447      98
2448      0
2449      0
2450      0
2451      0
2452      73
2453      0
2454      0
2455      95
2456      90
2457      98
2458      0
2459      86
2460      72
2461      0
2462      0
2463      92
2464      0
2465      88
2466      72
2467      0
2468      91
2469      0
2470      0
2471      0
2472      0
2473      0
2474      94
2475      76
2476      0
2477      92
2478      0
2479      98
2480      99
2481      98
2482      0
2483      100
2484      0
2485      0
2486      100
2487      94
2488      0
2489      83
2490      59
2491      95
2492      79
2493      0
2494      82
2495      0
2496      83
2497      0
2498      95
2499      0
       77436.3
