0      0
1      0
2      0
3      98
4      60
5      100
6      48
7      0
8      0
9      99
10      0
11      0
12      59
13      95
14      99
15      96
16      68
17      90
18      48
19      0
20      93
21      88
22      0
23      91
24      100
25      74
26      100
27      95
28      67
29      0
30      100
31      100
32      90
33      100
34      96
35      0
36      0
37      65
38      0
39      95
40      0
41      0
42      0
43      100
44      71
45      100
46      89
47      55
48      78
49      0
50      100
51      98
52      96
53      0
54      0
55      0
56      0
57      69
58      0
59      84
60      98
61      0
62      63
63      99
64      73
65      0
66      74
67      0
68      80
69      0
70      92
71      0
72      86
73      70
74      94
75      98
76      0
77      85
78      0
79      100
80      0
81      79
82      0
83      83
84      96
85      0
86      87
87      67
88      44
89      87
90      100
91      94
92      0
93      0
94      100
95      0
96      91
97      0
98      81
99      0
100      71
101      0
102      98
103      0
104      0
105      0
106      0
107      69
108      0
109      61
110      98
111      98
112      0
113      0
114      0
115      0
116      0
117      96
118      58
119      0
120      98
121      89
122      89
123      99
124      91
125      0
126      86
127      90
128      0
129      98
130      91
131      0
132      87
133      0
134      69
135      98
136      63
137      0
138      82
139      94
140      75
141      92
142      0
143      99
144      84
145      0
146      0
147      73
148      54
149      0
150      98
151      98
152      0
153      56
154      78
155      0
156      0
157      100
158      65
159      61
160      0
161      0
162      0
163      99
164      70
165      92
166      0
167      0
168      87
169      0
170      92
171      0
172      0
173      94
174      98
175      83
176      74
177      0
178      76
179      53
180      67
181      0
182      100
183      0
184      98
185      0
186      97
187      100
188      0
189      61
190      0
191      0
192      74
193      0
194      0
195      100
196      0
197      97
198      0
199      78
200      68
201      0
202      0
203      93
204      0
205      0
206      75
207      0
208      0
209      0
210      100
211      82
212      0
213      0
214      0
215      59
216      55
217      0
218      59
219      0
220      32
221      0
222      0
223      0
224      100
225      95
226      69
227      0
228      0
229      95
230      0
231      0
232      99
233      98
234      97
235      83
236      0
237      0
238      0
239      0
240      95
241      0
242      97
243      0
244      86
245      0
246      0
247      0
248      53
249      0
250      0
251      35
252      97
253      0
254      0
255      0
256      79
257      0
258      97
259      100
260      80
261      0
262      69
263      0
264      95
265      48
266      84
267      62
268      100
269      95
270      0
271      98
272      100
273      76
274      61
275      68
276      100
277      0
278      100
279      96
280      0
281      0
282      0
283      60
284      77
285      65
286      0
287      99
288      0
289      90
290      92
291      85
292      99
293      0
294      52
295      97
296      96
297      0
298      65
299      97
300      0
301      54
302      100
303      0
304      0
305      0
306      0
307      99
308      0
309      0
310      0
311      0
312      94
313      0
314      92
315      89
316      0
317      0
318      0
319      91
320      0
321      99
322      100
323      100
324      0
325      0
326      96
327      45
328      0
329      97
330      0
331      0
332      0
333      85
334      88
335      0
336      0
337      100
338      0
339      82
340      0
341      0
342      90
343      0
344      91
345      84
346      98
347      0
348      98
349      0
350      100
351      100
352      0
353      65
354      0
355      74
356      99
357      91
358      88
359      0
360      88
361      91
362      0
363      100
364      0
365      97
366      0
367      68
368      0
369      85
370      0
371      0
372      0
373      0
374      0
375      0
376      0
377      87
378      85
379      0
380      92
381      92
382      85
383      0
384      0
385      98
386      100
387      66
388      0
389      0
390      83
391      99
392      99
393      76
394      74
395      0
396      0
397      98
398      0
399      64
400      0
401      99
402      81
403      0
404      100
405      99
406      100
407      0
408      95
409      99
410      62
411      96
412      75
413      88
414      0
415      78
416      65
417      73
418      67
419      73
420      71
421      0
422      62
423      100
424      95
425      0
426      57
427      0
428      93
429      91
430      100
431      0
432      0
433      0
434      0
435      54
436      100
437      94
438      99
439      0
440      100
441      56
442      95
443      54
444      99
445      66
446      81
447      0
448      65
449      0
450      0
451      78
452      98
453      99
454      0
455      0
456      99
457      0
458      0
459      0
460      88
461      0
462      0
463      96
464      0
465      51
466      95
467      98
468      98
469      100
470      71
471      0
472      0
473      0
474      0
475      0
476      0
477      80
478      86
479      95
480      90
481      95
482      70
483      0
484      0
485      0
486      79
487      0
488      0
489      0
490      0
491      0
492      87
493      100
494      47
495      87
496      94
497      99
498      91
499      100
500      89
501      0
502      0
503      0
504      91
505      0
506      100
507      97
508      0
509      73
510      88
511      96
512      72
513      81
514      0
515      56
516      0
517      95
518      0
519      100
520      0
521      100
522      77
523      0
524      89
525      0
526      69
527      0
528      0
529      0
530      0
531      0
532      0
533      82
534      100
535      91
536      0
537      44
538      0
539      0
540      0
541      0
542      98
543      80
544      91
545      100
546      0
547      0
548      99
549      99
550      0
551      99
552      0
553      0
554      100
555      0
556      43
557      93
558      96
559      0
560      0
561      0
562      59
563      75
564      79
565      0
566      61
567      0
568      0
569      0
570      97
571      0
572      0
573      95
574      75
575      46
576      0
577      0
578      0
579      0
580      100
581      100
582      0
583      95
584      99
585      0
586      98
587      0
588      66
589      100
590      0
591      100
592      0
593      67
594      0
595      96
596      0
597      95
598      99
599      74
600      99
601      0
602      51
603      100
604      91
605      0
606      31
607      0
608      84
609      90
610      63
611      0
612      0
613      0
614      0
615      0
616      99
617      95
618      0
619      73
620      0
621      67
622      0
623      99
624      0
625      68
626      0
627      90
628      82
629      100
630      67
631      0
632      100
633      100
634      96
635      48
636      0
637      0
638      100
639      0
640      81
641      0
642      53
643      66
644      92
645      0
646      94
647      0
648      89
649      0
650      99
651      0
652      100
653      73
654      91
655      0
656      76
657      0
658      75
659      85
660      0
661      93
662      0
663      0
664      79
665      0
666      0
667      0
668      0
669      96
670      74
671      99
672      0
673      98
674      93
675      95
676      58
677      89
678      0
679      89
680      0
681      0
682      0
683      0
684      100
685      0
686      0
687      89
688      100
689      0
690      100
691      100
692      80
693      0
694      0
695      0
696      54
697      0
698      98
699      98
700      0
701      95
702      0
703      94
704      50
705      0
706      99
707      0
708      0
709      98
710      0
711      0
712      0
713      89
714      0
715      80
716      91
717      0
718      58
719      0
720      55
721      64
722      0
723      98
724      0
725      0
726      66
727      74
728      99
729      98
730      0
731      0
732      82
733      0
734      0
735      0
736      0
737      93
738      0
739      96
740      57
741      0
742      100
743      0
744      58
745      79
746      0
747      97
748      0
749      99
750      87
751      95
752      99
753      0
754      0
755      94
756      99
757      0
758      62
759      68
760      0
761      0
762      57
763      75
764      94
765      99
766      96
767      86
768      0
769      78
770      0
771      0
772      75
773      97
774      0
775      100
776      94
777      76
778      0
779      0
780      0
781      78
782      100
783      100
784      0
785      96
786      100
787      0
788      93
789      0
790      47
791      0
792      67
793      0
794      51
795      0
796      99
797      76
798      95
799      100
800      0
801      99
802      0
803      96
804      47
805      53
806      94
807      0
808      0
809      0
810      97
811      97
812      98
813      91
814      0
815      0
816      98
817      98
818      0
819      68
820      87
821      0
822      0
823      93
824      92
825      71
826      91
827      89
828      71
829      94
830      0
831      57
832      0
833      71
834      91
835      96
836      0
837      96
838      93
839      0
840      0
841      100
842      98
843      96
844      0
845      99
846      0
847      0
848      0
849      0
850      66
851      87
852      70
853      0
854      90
855      66
856      0
857      61
858      94
859      83
860      57
861      62
862      0
863      100
864      0
865      99
866      0
867      67
868      99
869      65
870      72
871      59
872      98
873      87
874      62
875      100
876      95
877      86
878      0
879      83
880      0
881      51
882      88
883      0
884      0
885      0
886      0
887      82
888      99
889      60
890      0
891      0
892      93
893      0
894      0
895      0
896      0
897      99
898      65
899      0
900      0
901      75
902      98
903      97
904      64
905      59
906      100
907      83
908      99
909      0
910      97
911      99
912      0
913      0
914      57
915      0
916      0
917      88
918      99
919      0
920      0
921      95
922      97
923      0
924      96
925      0
926      64
927      0
928      90
929      84
930      99
931      71
932      0
933      0
934      0
935      0
936      0
937      0
938      94
939      0
940      0
941      78
942      89
943      0
944      84
945      99
946      97
947      0
948      0
949      97
950      92
951      100
952      0
953      39
954      58
955      0
956      99
957      0
958      78
959      0
960      99
961      0
962      100
963      100
964      0
965      82
966      0
967      92
968      87
969      75
970      60
971      88
972      0
973      97
974      0
975      87
976      93
977      100
978      0
979      99
980      76
981      98
982      0
983      0
984      0
985      99
986      61
987      96
988      0
989      71
990      97
991      93
992      58
993      90
994      0
995      0
996      0
997      99
998      99
999      0
       32718.4
