0      75
1      0
2      100
3      89
4      100
5      73
6      97
7      99
8      0
9      0
10      0
11      0
12      0
13      0
14      0
15      66
16      90
17      55
18      0
19      0
20      72
21      88
22      0
23      0
24      95
25      0
26      98
27      69
28      94
29      85
30      0
31      69
32      0
33      0
34      98
35      0
36      0
37      83
38      96
39      63
40      91
41      0
42      76
43      100
44      96
45      99
46      89
47      83
48      0
49      0
50      56
51      0
52      53
53      98
54      0
55      0
56      0
57      0
58      0
59      0
60      0
61      55
62      93
63      95
64      80
65      70
66      0
67      98
68      0
69      100
70      0
71      84
72      92
73      89
74      100
75      0
76      74
77      0
78      0
79      72
80      0
81      0
82      100
83      99
84      0
85      86
86      87
87      86
88      0
89      0
90      59
91      43
92      96
93      0
94      0
95      77
96      66
97      0
98      96
99      0
100      99
101      93
102      95
103      97
104      0
105      67
106      0
107      95
108      0
109      94
110      100
111      0
112      0
113      0
114      71
115      0
116      85
117      85
118      0
119      96
120      98
121      89
122      98
123      0
124      69
125      0
126      89
127      100
128      96
129      78
130      0
131      69
132      98
133      0
134      100
135      93
136      52
137      0
138      73
139      0
140      87
141      0
142      63
143      72
144      72
145      84
146      45
147      0
148      85
149      89
150      0
151      100
152      0
153      99
154      78
155      88
156      82
157      94
158      91
159      46
160      0
161      100
162      98
163      83
164      92
165      96
166      0
167      99
168      0
169      0
170      99
171      100
172      0
173      0
174      91
175      0
176      96
177      0
178      0
179      99
180      0
181      0
182      90
183      0
184      89
185      90
186      0
187      57
188      45
189      94
190      0
191      0
192      84
193      0
194      0
195      0
196      0
197      0
198      67
199      84
200      0
201      98
202      72
203      0
204      0
205      99
206      90
207      0
208      96
209      79
210      0
211      58
212      0
213      74
214      38
215      0
216      92
217      95
218      79
219      90
220      0
221      0
222      82
223      96
224      0
225      61
226      63
227      0
228      93
229      0
230      96
231      0
232      80
233      100
234      65
235      75
236      0
237      65
238      0
239      70
240      59
241      77
242      92
243      88
244      71
245      0
246      0
247      0
248      0
249      94
250      96
251      0
252      94
253      98
254      98
255      0
256      68
257      0
258      0
259      0
260      0
261      0
262      0
263      0
264      0
265      0
266      0
267      96
268      0
269      0
270      95
271      81
272      0
273      0
274      97
275      82
276      96
277      97
278      88
279      0
280      0
281      0
282      82
283      47
284      0
285      97
286      76
287      69
288      0
289      75
290      72
291      99
292      62
293      91
294      30
295      100
296      96
297      91
298      0
299      0
300      90
301      0
302      0
303      59
304      0
305      91
306      60
307      82
308      100
309      90
310      0
311      94
312      99
313      93
314      0
315      93
316      0
317      65
318      89
319      0
320      89
321      80
322      81
323      100
324      0
325      94
326      87
327      0
328      0
329      86
330      60
331      0
332      55
333      99
334      97
335      95
336      0
337      100
338      0
339      0
340      0
341      71
342      98
343      0
344      97
345      0
346      91
347      89
348      0
349      99
350      0
351      0
352      0
353      0
354      0
355      0
356      89
357      0
358      100
359      0
360      0
361      0
362      0
363      76
364      72
365      100
366      72
367      94
368      61
369      41
370      99
371      0
372      90
373      0
374      88
375      93
376      70
377      89
378      0
379      47
380      65
381      0
382      96
383      0
384      95
385      96
386      0
387      98
388      92
389      97
390      0
391      96
392      0
393      97
394      0
395      98
396      63
397      0
398      72
399      0
400      89
401      95
402      91
403      91
404      90
405      0
406      86
407      84
408      0
409      0
410      68
411      0
412      0
413      0
414      0
415      93
416      0
417      90
418      0
419      57
420      83
421      91
422      0
423      98
424      0
425      100
426      100
427      66
428      100
429      92
430      87
431      0
432      0
433      0
434      0
435      88
436      76
437      0
438      0
439      98
440      0
441      95
442      43
443      99
444      0
445      96
446      81
447      0
448      90
449      0
450      92
451      56
452      0
453      89
454      0
455      100
456      0
457      89
458      94
459      0
460      97
461      0
462      0
463      0
464      0
465      0
466      0
467      0
468      0
469      57
470      0
471      0
472      0
473      45
474      0
475      93
476      72
477      96
478      89
479      0
480      0
481      0
482      89
483      96
484      96
485      88
486      0
487      75
488      87
489      97
490      83
491      0
492      72
493      58
494      80
495      82
496      0
497      99
498      65
499      0
500      99
501      91
502      0
503      0
504      0
505      0
506      0
507      94
508      0
509      0
510      98
511      0
512      89
513      99
514      0
515      0
516      0
517      58
518      86
519      79
520      86
521      0
522      0
523      0
524      0
525      0
526      94
527      0
528      99
529      92
530      60
531      59
532      0
533      0
534      88
535      0
536      0
537      0
538      72
539      87
540      63
541      0
542      94
543      93
544      63
545      0
546      82
547      0
548      55
549      96
550      0
551      0
552      76
553      0
554      0
555      0
556      0
557      0
558      0
559      0
560      0
561      99
562      47
563      99
564      95
565      99
566      79
567      98
568      83
569      97
570      70
571      59
572      52
573      0
574      0
575      90
576      85
577      58
578      86
579      99
580      99
581      90
582      86
583      68
584      68
585      98
586      74
587      75
588      98
589      74
590      0
591      78
592      91
593      93
594      0
595      0
596      0
597      0
598      59
599      74
600      0
601      97
602      93
603      91
604      85
605      96
606      85
607      0
608      88
609      0
610      74
611      73
612      0
613      77
614      0
615      0
616      99
617      97
618      43
619      0
620      79
621      0
622      69
623      86
624      97
625      77
626      0
627      78
628      0
629      99
630      0
631      99
632      0
633      0
634      0
635      62
636      96
637      74
638      70
639      0
640      82
641      96
642      96
643      93
644      63
645      97
646      0
647      73
648      69
649      94
650      0
651      0
652      86
653      97
654      100
655      0
656      0
657      0
658      0
659      99
660      0
661      73
662      88
663      85
664      97
665      91
666      91
667      0
668      85
669      89
670      0
671      99
672      85
673      0
674      100
675      89
676      0
677      0
678      93
679      96
680      0
681      97
682      56
683      0
684      91
685      81
686      94
687      71
688      96
689      0
690      96
691      98
692      63
693      99
694      54
695      84
696      0
697      0
698      91
699      0
700      0
701      0
702      0
703      0
704      47
705      0
706      0
707      0
708      63
709      95
710      0
711      0
712      0
713      0
714      68
715      98
716      55
717      77
718      0
719      0
720      99
721      88
722      58
723      87
724      88
725      0
726      95
727      0
728      0
729      88
730      89
731      94
732      84
733      76
734      79
735      93
736      84
737      72
738      84
739      0
740      87
741      95
742      84
743      99
744      93
745      73
746      87
747      89
748      0
749      69
750      99
751      99
752      0
753      0
754      97
755      0
756      96
757      92
758      97
759      94
760      0
761      0
762      100
763      71
764      83
765      61
766      78
767      100
768      100
769      0
770      91
771      99
772      91
773      0
774      94
775      0
776      86
777      75
778      88
779      100
780      0
781      0
782      0
783      70
784      65
785      33
786      97
787      81
788      57
789      87
790      0
791      0
792      80
793      83
794      0
795      93
796      98
797      82
798      99
799      0
800      94
801      0
802      94
803      0
804      90
805      62
806      82
807      99
808      0
809      100
810      69
811      65
812      0
813      0
814      0
815      96
816      90
817      0
818      0
819      95
820      82
821      98
822      0
823      0
824      89
825      73
826      0
827      96
828      0
829      77
830      99
831      0
832      0
833      0
834      0
835      78
836      81
837      0
838      0
839      0
840      0
841      52
842      99
843      81
844      58
845      0
846      58
847      96
848      99
849      0
850      0
851      72
852      94
853      100
854      92
855      82
856      100
857      99
858      0
859      92
860      0
861      75
862      89
863      100
864      60
865      60
866      0
867      94
868      0
869      100
870      0
871      0
872      87
873      98
874      98
875      0
876      88
877      97
878      56
879      99
880      95
881      99
882      88
883      0
884      0
885      0
886      0
887      77
888      0
889      0
890      62
891      96
892      0
893      0
894      80
895      0
896      0
897      0
898      99
899      71
900      99
901      100
902      0
903      97
904      0
905      0
906      89
907      0
908      99
909      100
910      93
911      0
912      94
913      97
914      94
915      0
916      0
917      99
918      0
919      95
920      0
921      93
922      100
923      94
924      99
925      0
926      0
927      100
928      91
929      75
930      0
931      88
932      98
933      0
934      91
935      0
936      0
937      0
938      84
939      64
940      65
941      83
942      78
943      0
944      86
945      96
946      0
947      0
948      0
949      0
950      100
951      80
952      0
953      99
954      0
955      0
956      94
957      0
958      0
959      96
960      0
961      100
962      96
963      87
964      81
965      80
966      97
967      91
968      0
969      0
970      0
971      93
972      0
973      0
974      0
975      0
976      98
977      0
978      0
979      0
980      82
981      0
982      0
983      0
984      100
985      85
986      93
987      0
988      94
989      93
990      79
991      0
992      0
993      0
994      0
995      64
996      0
997      64
998      82
999      94
1000      0
1001      0
1002      0
1003      0
1004      76
1005      68
1006      66
1007      93
1008      63
1009      0
1010      80
1011      74
1012      93
1013      0
1014      94
1015      0
1016      0
1017      0
1018      77
1019      97
1020      0
1021      80
1022      0
1023      0
1024      0
1025      100
1026      45
1027      51
1028      0
1029      95
1030      0
1031      0
1032      0
1033      0
1034      0
1035      0
1036      80
1037      90
1038      99
1039      0
1040      0
1041      96
1042      0
1043      64
1044      65
1045      71
1046      0
1047      95
1048      88
1049      0
1050      83
1051      91
1052      0
1053      97
1054      0
1055      56
1056      82
1057      0
1058      95
1059      90
1060      0
1061      0
1062      0
1063      95
1064      0
1065      92
1066      0
1067      0
1068      98
1069      0
1070      78
1071      0
1072      91
1073      84
1074      82
1075      93
1076      84
1077      0
1078      0
1079      0
1080      92
1081      77
1082      96
1083      0
1084      100
1085      94
1086      0
1087      73
1088      0
1089      95
1090      0
1091      73
1092      76
1093      0
1094      0
1095      0
1096      84
1097      0
1098      91
1099      0
1100      96
1101      79
1102      0
1103      68
1104      100
1105      0
1106      0
1107      91
1108      40
1109      0
1110      0
1111      0
1112      98
1113      0
1114      87
1115      57
1116      100
1117      0
1118      0
1119      83
1120      100
1121      90
1122      0
1123      0
1124      65
1125      97
1126      0
1127      61
1128      65
1129      0
1130      0
1131      100
1132      100
1133      0
1134      92
1135      95
1136      93
1137      0
1138      0
1139      0
1140      53
1141      0
1142      69
1143      93
1144      84
1145      98
1146      96
1147      99
1148      0
1149      90
1150      0
1151      0
1152      95
1153      0
1154      95
1155      0
1156      100
1157      73
1158      0
1159      77
1160      0
1161      0
1162      93
1163      0
1164      0
1165      61
1166      56
1167      97
1168      0
1169      0
1170      99
1171      87
1172      100
1173      0
1174      0
1175      70
1176      100
1177      50
1178      0
1179      90
1180      0
1181      0
1182      0
1183      0
1184      86
1185      0
1186      0
1187      69
1188      76
1189      96
1190      96
1191      98
1192      0
1193      99
1194      0
1195      0
1196      0
1197      94
1198      0
1199      0
1200      0
1201      84
1202      49
1203      93
1204      86
1205      0
1206      99
1207      0
1208      0
1209      0
1210      0
1211      90
1212      98
1213      96
1214      0
1215      76
1216      0
1217      0
1218      90
1219      0
1220      80
1221      0
1222      87
1223      100
1224      99
1225      0
1226      100
1227      0
1228      96
1229      0
1230      93
1231      97
1232      91
1233      73
1234      0
1235      99
1236      75
1237      80
1238      78
1239      68
1240      26
1241      92
1242      0
1243      0
1244      0
1245      0
1246      96
1247      0
1248      0
1249      95
1250      80
1251      0
1252      96
1253      100
1254      97
1255      99
1256      0
1257      90
1258      72
1259      89
1260      59
1261      0
1262      0
1263      0
1264      0
1265      99
1266      0
1267      96
1268      94
1269      0
1270      63
1271      96
1272      82
1273      0
1274      96
1275      67
1276      0
1277      0
1278      98
1279      85
1280      70
1281      0
1282      95
1283      71
1284      86
1285      92
1286      0
1287      92
1288      78
1289      0
1290      0
1291      100
1292      0
1293      94
1294      100
1295      0
1296      98
1297      0
1298      98
1299      0
1300      0
1301      63
1302      59
1303      96
1304      0
1305      0
1306      100
1307      0
1308      76
1309      0
1310      0
1311      0
1312      0
1313      84
1314      94
1315      97
1316      0
1317      0
1318      96
1319      96
1320      0
1321      0
1322      99
1323      92
1324      88
1325      89
1326      0
1327      0
1328      0
1329      100
1330      0
1331      58
1332      0
1333      95
1334      0
1335      86
1336      0
1337      94
1338      92
1339      53
1340      99
1341      91
1342      0
1343      95
1344      85
1345      63
1346      95
1347      0
1348      0
1349      99
1350      0
1351      0
1352      92
1353      36
1354      0
1355      0
1356      0
1357      92
1358      0
1359      42
1360      60
1361      0
1362      52
1363      0
1364      82
1365      82
1366      92
1367      0
1368      0
1369      88
1370      96
1371      90
1372      91
1373      0
1374      0
1375      94
1376      98
1377      0
1378      0
1379      0
1380      99
1381      0
1382      0
1383      0
1384      0
1385      74
1386      89
1387      98
1388      93
1389      91
1390      94
1391      68
1392      0
1393      0
1394      100
1395      90
1396      88
1397      0
1398      90
1399      0
1400      99
1401      0
1402      95
1403      0
1404      76
1405      0
1406      0
1407      0
1408      0
1409      67
1410      89
1411      92
1412      75
1413      97
1414      93
1415      0
1416      0
1417      0
1418      75
1419      43
1420      79
1421      0
1422      99
1423      100
1424      0
1425      0
1426      0
1427      80
1428      79
1429      99
1430      0
1431      50
1432      88
1433      0
1434      60
1435      98
1436      0
1437      0
1438      0
1439      91
1440      0
1441      96
1442      100
1443      0
1444      92
1445      93
1446      96
1447      92
1448      93
1449      0
1450      62
1451      0
1452      100
1453      0
1454      52
1455      0
1456      91
1457      0
1458      52
1459      99
1460      95
1461      0
1462      0
1463      0
1464      0
1465      0
1466      60
1467      97
1468      0
1469      94
1470      98
1471      79
1472      0
1473      0
1474      96
1475      76
1476      51
1477      61
1478      88
1479      93
1480      0
1481      0
1482      0
1483      100
1484      0
1485      0
1486      0
1487      0
1488      98
1489      0
1490      95
1491      0
1492      0
1493      92
1494      0
1495      50
1496      0
1497      74
1498      0
1499      70
1500      0
1501      0
1502      94
1503      84
1504      0
1505      86
1506      100
1507      0
1508      0
1509      36
1510      100
1511      0
1512      0
1513      96
1514      99
1515      83
1516      0
1517      0
1518      54
1519      0
1520      94
1521      0
1522      0
1523      98
1524      0
1525      55
1526      99
1527      91
1528      0
1529      99
1530      0
1531      100
1532      95
1533      77
1534      0
1535      98
1536      97
1537      86
1538      0
1539      78
1540      0
1541      87
1542      97
1543      70
1544      58
1545      98
1546      0
1547      65
1548      0
1549      0
1550      89
1551      93
1552      69
1553      0
1554      0
1555      0
1556      0
1557      96
1558      0
1559      88
1560      0
1561      0
1562      51
1563      100
1564      86
1565      0
1566      90
1567      99
1568      78
1569      0
1570      0
1571      0
1572      87
1573      0
1574      98
1575      0
1576      100
1577      80
1578      0
1579      0
1580      0
1581      0
1582      0
1583      73
1584      0
1585      0
1586      84
1587      91
1588      93
1589      72
1590      90
1591      58
1592      92
1593      97
1594      0
1595      97
1596      0
1597      99
1598      73
1599      72
1600      0
1601      0
1602      0
1603      84
1604      75
1605      0
1606      0
1607      0
1608      78
1609      0
1610      93
1611      0
1612      0
1613      83
1614      0
1615      0
1616      0
1617      0
1618      0
1619      97
1620      88
1621      0
1622      0
1623      0
1624      80
1625      62
1626      0
1627      97
1628      85
1629      0
1630      0
1631      0
1632      0
1633      100
1634      0
1635      0
1636      0
1637      78
1638      0
1639      59
1640      73
1641      94
1642      57
1643      72
1644      87
1645      74
1646      0
1647      69
1648      88
1649      0
1650      74
1651      81
1652      0
1653      0
1654      82
1655      94
1656      0
1657      0
1658      86
1659      0
1660      0
1661      0
1662      0
1663      95
1664      0
1665      0
1666      0
1667      98
1668      85
1669      0
1670      98
1671      0
1672      95
1673      74
1674      0
1675      69
1676      96
1677      100
1678      0
1679      97
1680      0
1681      0
1682      99
1683      73
1684      0
1685      0
1686      0
1687      82
1688      89
1689      0
1690      93
1691      0
1692      0
1693      89
1694      0
1695      0
1696      0
1697      0
1698      100
1699      0
1700      0
1701      99
1702      93
1703      0
1704      99
1705      85
1706      95
1707      65
1708      93
1709      0
1710      99
1711      0
1712      94
1713      96
1714      0
1715      0
1716      0
1717      95
1718      93
1719      99
1720      96
1721      0
1722      94
1723      0
1724      92
1725      99
1726      0
1727      0
1728      69
1729      0
1730      97
1731      87
1732      0
1733      0
1734      81
1735      75
1736      99
1737      0
1738      97
1739      0
1740      0
1741      98
1742      95
1743      0
1744      99
1745      72
1746      97
1747      0
1748      80
1749      98
1750      69
1751      92
1752      70
1753      0
1754      85
1755      97
1756      74
1757      0
1758      0
1759      0
1760      0
1761      58
1762      49
1763      91
1764      84
1765      0
1766      83
1767      98
1768      99
1769      0
1770      0
1771      92
1772      48
1773      0
1774      58
1775      77
1776      100
1777      100
1778      96
1779      0
1780      0
1781      100
1782      0
1783      0
1784      0
1785      98
1786      95
1787      82
1788      0
1789      0
1790      67
1791      0
1792      0
1793      55
1794      0
1795      0
1796      0
1797      86
1798      61
1799      99
1800      97
1801      98
1802      0
1803      0
1804      87
1805      0
1806      96
1807      0
1808      97
1809      94
1810      0
1811      0
1812      0
1813      0
1814      85
1815      0
1816      82
1817      89
1818      0
1819      98
1820      33
1821      0
1822      93
1823      0
1824      0
1825      99
1826      0
1827      82
1828      75
1829      99
1830      0
1831      97
1832      93
1833      76
1834      99
1835      0
1836      98
1837      97
1838      0
1839      0
1840      90
1841      0
1842      52
1843      87
1844      0
1845      0
1846      89
1847      0
1848      0
1849      93
1850      0
1851      83
1852      0
1853      0
1854      100
1855      0
1856      75
1857      59
1858      100
1859      78
1860      0
1861      0
1862      0
1863      0
1864      0
1865      86
1866      64
1867      91
1868      85
1869      0
1870      85
1871      98
1872      0
1873      93
1874      73
1875      98
1876      97
1877      83
1878      94
1879      97
1880      0
1881      0
1882      49
1883      0
1884      97
1885      0
1886      75
1887      0
1888      0
1889      0
1890      90
1891      93
1892      0
1893      0
1894      99
1895      80
1896      99
1897      76
1898      0
1899      95
1900      98
1901      0
1902      99
1903      0
1904      99
1905      90
1906      66
1907      83
1908      0
1909      97
1910      0
1911      0
1912      0
1913      61
1914      65
1915      88
1916      97
1917      98
1918      0
1919      85
1920      87
1921      0
1922      0
1923      87
1924      91
1925      0
1926      0
1927      91
1928      0
1929      88
1930      99
1931      100
1932      99
1933      99
1934      97
1935      0
1936      96
1937      0
1938      98
1939      0
1940      100
1941      97
1942      0
1943      95
1944      100
1945      0
1946      82
1947      0
1948      0
1949      94
1950      95
1951      99
1952      92
1953      0
1954      66
1955      0
1956      0
1957      97
1958      0
1959      94
1960      0
1961      87
1962      91
1963      96
1964      0
1965      0
1966      0
1967      0
1968      89
1969      75
1970      95
1971      0
1972      73
1973      99
1974      0
1975      95
1976      0
1977      0
1978      75
1979      76
1980      0
1981      63
1982      0
1983      95
1984      0
1985      0
1986      0
1987      89
1988      0
1989      0
1990      78
1991      82
1992      95
1993      0
1994      0
1995      0
1996      54
1997      0
1998      79
1999      0
2000      0
2001      86
2002      91
2003      86
2004      83
2005      0
2006      88
2007      61
2008      69
2009      96
2010      0
2011      79
2012      0
2013      0
2014      0
2015      0
2016      92
2017      0
2018      98
2019      0
2020      0
2021      0
2022      0
2023      91
2024      71
2025      0
2026      0
2027      90
2028      80
2029      0
2030      76
2031      0
2032      0
2033      0
2034      73
2035      70
2036      80
2037      0
2038      0
2039      0
2040      0
2041      58
2042      87
2043      0
2044      0
2045      74
2046      99
2047      0
2048      0
2049      100
2050      69
2051      87
2052      0
2053      56
2054      61
2055      79
2056      0
2057      69
2058      0
2059      74
2060      97
2061      0
2062      0
2063      0
2064      0
2065      0
2066      0
2067      78
2068      95
2069      0
2070      57
2071      0
2072      0
2073      85
2074      99
2075      67
2076      83
2077      86
2078      0
2079      70
2080      0
2081      0
2082      0
2083      92
2084      84
2085      0
2086      0
2087      78
2088      0
2089      0
2090      78
2091      84
2092      0
2093      0
2094      0
2095      0
2096      0
2097      0
2098      97
2099      50
2100      0
2101      95
2102      92
2103      96
2104      0
2105      0
2106      85
2107      99
2108      0
2109      56
2110      92
2111      82
2112      94
2113      0
2114      86
2115      0
2116      100
2117      84
2118      71
2119      86
2120      0
2121      94
2122      55
2123      0
2124      89
2125      62
2126      77
2127      0
2128      74
2129      51
2130      0
2131      0
2132      0
2133      98
2134      0
2135      94
2136      0
2137      93
2138      97
2139      86
2140      99
2141      0
2142      87
2143      59
2144      0
2145      51
2146      0
2147      74
2148      0
2149      0
2150      65
2151      0
2152      95
2153      82
2154      48
2155      94
2156      0
2157      68
2158      91
2159      67
2160      51
2161      86
2162      0
2163      67
2164      0
2165      66
2166      0
2167      100
2168      0
2169      0
2170      95
2171      99
2172      92
2173      81
2174      100
2175      94
2176      0
2177      74
2178      0
2179      0
2180      97
2181      91
2182      82
2183      88
2184      95
2185      0
2186      59
2187      0
2188      0
2189      0
2190      84
2191      87
2192      0
2193      90
2194      91
2195      97
2196      89
2197      99
2198      79
2199      0
2200      86
2201      97
2202      97
2203      91
2204      0
2205      93
2206      94
2207      72
2208      85
2209      71
2210      0
2211      0
2212      61
2213      63
2214      81
2215      79
2216      0
2217      0
2218      0
2219      97
2220      83
2221      64
2222      83
2223      0
2224      67
2225      0
2226      0
2227      53
2228      79
2229      50
2230      89
2231      51
2232      82
2233      0
2234      98
2235      58
2236      94
2237      95
2238      0
2239      0
2240      0
2241      87
2242      0
2243      0
2244      71
2245      0
2246      0
2247      0
2248      67
2249      0
2250      76
2251      0
2252      87
2253      96
2254      93
2255      0
2256      97
2257      97
2258      91
2259      0
2260      87
2261      81
2262      0
2263      0
2264      0
2265      98
2266      0
2267      0
2268      51
2269      99
2270      0
2271      0
2272      99
2273      0
2274      0
2275      98
2276      98
2277      87
2278      92
2279      99
2280      0
2281      97
2282      87
2283      82
2284      0
2285      0
2286      0
2287      0
2288      95
2289      93
2290      0
2291      93
2292      85
2293      0
2294      0
2295      0
2296      96
2297      84
2298      0
2299      93
2300      0
2301      99
2302      100
2303      92
2304      90
2305      94
2306      80
2307      59
2308      0
2309      0
2310      43
2311      0
2312      93
2313      0
2314      0
2315      0
2316      0
2317      85
2318      96
2319      100
2320      87
2321      93
2322      0
2323      0
2324      74
2325      74
2326      0
2327      0
2328      0
2329      0
2330      0
2331      0
2332      95
2333      0
2334      0
2335      85
2336      42
2337      0
2338      0
2339      67
2340      85
2341      94
2342      100
2343      92
2344      97
2345      85
2346      57
2347      81
2348      0
2349      77
2350      0
2351      96
2352      98
2353      66
2354      87
2355      0
2356      0
2357      47
2358      0
2359      69
2360      0
2361      0
2362      98
2363      82
2364      61
2365      0
2366      44
2367      78
2368      0
2369      0
2370      87
2371      90
2372      95
2373      81
2374      97
2375      0
2376      85
2377      87
2378      0
2379      0
2380      72
2381      49
2382      56
2383      74
2384      0
2385      0
2386      81
2387      0
2388      69
2389      78
2390      100
2391      0
2392      90
2393      0
2394      0
2395      99
2396      88
2397      0
2398      59
2399      61
2400      90
2401      94
2402      0
2403      54
2404      79
2405      94
2406      90
2407      72
2408      0
2409      96
2410      92
2411      96
2412      66
2413      97
2414      0
2415      62
2416      0
2417      58
2418      80
2419      0
2420      98
2421      0
2422      77
2423      94
2424      76
2425      92
2426      0
2427      0
2428      92
2429      0
2430      94
2431      0
2432      0
2433      0
2434      95
2435      45
2436      95
2437      0
2438      97
2439      0
2440      0
2441      80
2442      70
2443      0
2444      90
2445      92
2446      0
2447      0
2448      0
2449      0
2450      0
2451      0
2452      98
2453      100
2454      52
2455      0
2456      68
2457      97
2458      94
2459      95
2460      84
2461      0
2462      0
2463      0
2464      0
2465      92
2466      80
2467      0
2468      95
2469      96
2470      78
2471      94
2472      77
2473      62
2474      64
2475      0
2476      0
2477      0
2478      99
2479      72
2480      62
2481      89
2482      99
2483      76
2484      96
2485      0
2486      94
2487      96
2488      81
2489      97
2490      73
2491      76
2492      0
2493      92
2494      0
2495      75
2496      0
2497      0
2498      99
2499      0
       77966.1
