0      0
1      0
2      88
3      79
4      89
5      0
6      0
7      99
8      84
9      89
10      95
11      84
12      84
13      96
14      100
15      89
16      93
17      0
18      0
19      99
20      77
21      0
22      92
23      0
24      66
25      0
26      95
27      79
28      71
29      84
30      0
31      0
32      65
33      85
34      86
35      88
36      97
37      87
38      99
39      0
40      0
41      0
42      100
43      87
44      0
45      0
46      97
47      57
48      0
49      58
50      85
51      0
52      0
53      95
54      64
55      87
56      93
57      82
58      95
59      100
60      85
61      0
62      0
63      78
64      0
65      0
66      0
67      0
68      72
69      84
70      92
71      0
72      74
73      0
74      94
75      82
76      92
77      0
78      0
79      0
80      0
81      0
82      92
83      0
84      98
85      97
86      0
87      0
88      97
89      52
90      97
91      99
92      0
93      62
94      0
95      0
96      0
97      0
98      0
99      100
100      100
101      94
102      73
103      0
104      98
105      0
106      0
107      97
108      0
109      0
110      98
111      0
112      0
113      0
114      95
115      0
116      0
117      0
118      87
119      0
120      0
121      0
122      98
123      0
124      98
125      99
126      91
127      88
128      0
129      94
130      95
131      82
132      79
133      0
134      0
135      0
136      0
137      0
138      0
139      0
140      0
141      91
142      0
143      0
144      96
145      85
146      99
147      0
148      76
149      0
150      75
151      0
152      87
153      97
154      88
155      76
156      90
157      87
158      0
159      27
160      66
161      88
162      0
163      95
164      97
165      0
166      0
167      97
168      91
169      0
170      83
171      91
172      98
173      71
174      98
175      90
176      100
177      0
178      99
179      0
180      0
181      99
182      77
183      88
184      0
185      0
186      85
187      0
188      0
189      81
190      0
191      82
192      65
193      82
194      45
195      0
196      100
197      79
198      0
199      61
200      94
201      62
202      97
203      0
204      0
205      100
206      85
207      64
208      72
209      0
210      99
211      96
212      0
213      82
214      0
215      0
216      73
217      98
218      0
219      0
220      56
221      0
222      0
223      0
224      100
225      98
226      99
227      95
228      0
229      0
230      94
231      85
232      63
233      0
234      0
235      76
236      0
237      0
238      89
239      0
240      96
241      100
242      88
243      0
244      0
245      69
246      98
247      99
248      94
249      100
250      67
251      0
252      100
253      0
254      97
255      0
256      95
257      0
258      53
259      0
260      0
261      0
262      100
263      99
264      86
265      100
266      94
267      90
268      94
269      93
270      0
271      47
272      83
273      0
274      100
275      97
276      0
277      0
278      0
279      90
280      64
281      0
282      73
283      96
284      90
285      0
286      0
287      82
288      94
289      97
290      0
291      85
292      0
293      79
294      0
295      0
296      0
297      67
298      0
299      70
300      92
301      93
302      0
303      83
304      97
305      98
306      55
307      99
308      99
309      0
310      79
311      0
312      0
313      0
314      0
315      80
316      0
317      61
318      89
319      100
320      96
321      85
322      90
323      81
324      73
325      94
326      0
327      83
328      70
329      0
330      87
331      98
332      67
333      98
334      0
335      0
336      64
337      77
338      0
339      88
340      94
341      0
342      74
343      90
344      98
345      72
346      0
347      0
348      78
349      86
350      81
351      97
352      98
353      0
354      57
355      98
356      50
357      0
358      0
359      0
360      0
361      0
362      97
363      99
364      100
365      98
366      95
367      0
368      81
369      95
370      0
371      96
372      0
373      0
374      0
375      67
376      0
377      0
378      0
379      86
380      79
381      100
382      0
383      69
384      0
385      100
386      98
387      63
388      95
389      80
390      97
391      72
392      100
393      0
394      100
395      0
396      89
397      92
398      0
399      0
400      100
401      52
402      100
403      0
404      0
405      93
406      0
407      0
408      0
409      91
410      98
411      0
412      79
413      0
414      85
415      92
416      0
417      78
418      0
419      0
420      81
421      100
422      0
423      71
424      0
425      0
426      77
427      53
428      97
429      0
430      85
431      80
432      0
433      0
434      88
435      90
436      0
437      63
438      97
439      97
440      57
441      0
442      0
443      99
444      0
445      0
446      0
447      64
448      0
449      0
450      0
451      84
452      0
453      88
454      78
455      75
456      85
457      76
458      80
459      88
460      0
461      0
462      0
463      0
464      93
465      0
466      88
467      60
468      97
469      71
470      0
471      0
472      99
473      97
474      0
475      87
476      0
477      91
478      80
479      92
480      72
481      96
482      0
483      88
484      94
485      0
486      86
487      73
488      76
489      0
490      0
491      58
492      0
493      0
494      97
495      78
496      60
497      72
498      0
499      91
500      94
501      99
502      83
503      99
504      0
505      0
506      97
507      0
508      45
509      90
510      0
511      93
512      97
513      56
514      0
515      81
516      97
517      0
518      0
519      89
520      81
521      76
522      67
523      60
524      95
525      0
526      60
527      82
528      94
529      93
530      99
531      99
532      0
533      0
534      0
535      88
536      97
537      0
538      91
539      0
540      0
541      82
542      76
543      0
544      97
545      98
546      0
547      88
548      90
549      0
550      0
551      93
552      65
553      97
554      92
555      0
556      89
557      80
558      0
559      0
560      0
561      93
562      0
563      0
564      0
565      79
566      0
567      100
568      96
569      92
570      0
571      0
572      86
573      88
574      88
575      0
576      0
577      0
578      0
579      86
580      0
581      97
582      98
583      0
584      0
585      76
586      92
587      0
588      0
589      96
590      0
591      62
592      91
593      0
594      0
595      97
596      65
597      79
598      100
599      0
600      98
601      0
602      96
603      96
604      63
605      92
606      55
607      91
608      0
609      84
610      98
611      0
612      70
613      0
614      88
615      0
616      0
617      0
618      53
619      82
620      0
621      95
622      0
623      68
624      0
625      0
626      0
627      0
628      0
629      96
630      0
631      0
632      82
633      0
634      0
635      78
636      0
637      0
638      0
639      65
640      0
641      72
642      71
643      82
644      62
645      0
646      0
647      0
648      0
649      100
650      0
651      93
652      62
653      0
654      85
655      92
656      96
657      0
658      0
659      0
660      0
661      100
662      88
663      82
664      88
665      91
666      77
667      0
668      0
669      100
670      97
671      91
672      0
673      66
674      0
675      91
676      98
677      86
678      82
679      0
680      97
681      76
682      0
683      83
684      0
685      0
686      0
687      89
688      0
689      99
690      96
691      99
692      0
693      0
694      61
695      99
696      100
697      83
698      73
699      99
700      88
701      0
702      0
703      0
704      87
705      0
706      51
707      0
708      76
709      0
710      0
711      99
712      58
713      0
714      0
715      74
716      0
717      94
718      86
719      90
720      100
721      0
722      0
723      98
724      40
725      88
726      69
727      100
728      89
729      97
730      0
731      77
732      0
733      97
734      0
735      99
736      84
737      0
738      0
739      94
740      74
741      98
742      78
743      0
744      0
745      0
746      0
747      100
748      0
749      0
750      90
751      95
752      80
753      0
754      100
755      68
756      99
757      73
758      79
759      0
760      70
761      97
762      87
763      0
764      0
765      96
766      0
767      99
768      0
769      75
770      0
771      0
772      0
773      66
774      0
775      96
776      97
777      0
778      96
779      83
780      73
781      98
782      0
783      83
784      100
785      63
786      0
787      0
788      96
789      90
790      82
791      99
792      0
793      100
794      0
795      0
796      89
797      61
798      96
799      0
800      97
801      0
802      0
803      98
804      62
805      69
806      0
807      92
808      0
809      90
810      0
811      0
812      83
813      0
814      94
815      89
816      0
817      91
818      0
819      94
820      0
821      99
822      0
823      99
824      0
825      77
826      85
827      0
828      99
829      100
830      0
831      98
832      0
833      0
834      58
835      0
836      0
837      99
838      90
839      0
840      97
841      0
842      0
843      0
844      91
845      96
846      0
847      68
848      85
849      0
850      65
851      100
852      0
853      96
854      96
855      0
856      96
857      0
858      0
859      93
860      0
861      84
862      72
863      99
864      79
865      84
866      89
867      0
868      81
869      77
870      98
871      95
872      0
873      100
874      0
875      72
876      0
877      0
878      0
879      74
880      99
881      99
882      0
883      0
884      0
885      70
886      0
887      54
888      78
889      70
890      0
891      0
892      55
893      72
894      84
895      81
896      0
897      0
898      66
899      0
900      0
901      0
902      98
903      68
904      0
905      93
906      0
907      64
908      0
909      0
910      100
911      54
912      0
913      95
914      80
915      0
916      0
917      0
918      87
919      94
920      0
921      96
922      54
923      0
924      96
925      0
926      68
927      84
928      0
929      0
930      0
931      91
932      0
933      0
934      65
935      99
936      80
937      0
938      0
939      96
940      97
941      91
942      90
943      0
944      96
945      89
946      90
947      0
948      60
949      88
950      84
951      0
952      0
953      0
954      65
955      97
956      0
957      99
958      95
959      80
960      92
961      58
962      98
963      76
964      0
965      93
966      64
967      0
968      96
969      69
970      55
971      37
972      48
973      0
974      94
975      97
976      0
977      0
978      0
979      88
980      0
981      0
982      0
983      0
984      95
985      96
986      98
987      0
988      0
989      94
990      0
991      0
992      0
993      79
994      0
995      76
996      99
997      0
998      0
999      79
1000      0
1001      0
1002      0
1003      94
1004      100
1005      0
1006      0
1007      100
1008      0
1009      91
1010      100
1011      96
1012      97
1013      0
1014      92
1015      0
1016      59
1017      61
1018      95
1019      98
1020      0
1021      96
1022      0
1023      96
1024      0
1025      0
1026      0
1027      0
1028      70
1029      0
1030      0
1031      93
1032      39
1033      99
1034      100
1035      0
1036      64
1037      99
1038      0
1039      0
1040      98
1041      0
1042      0
1043      79
1044      84
1045      0
1046      69
1047      0
1048      84
1049      81
1050      0
1051      0
1052      100
1053      0
1054      0
1055      0
1056      0
1057      0
1058      91
1059      90
1060      0
1061      100
1062      94
1063      59
1064      99
1065      70
1066      0
1067      0
1068      0
1069      99
1070      0
1071      97
1072      0
1073      0
1074      92
1075      79
1076      0
1077      0
1078      82
1079      94
1080      0
1081      77
1082      0
1083      0
1084      0
1085      76
1086      92
1087      0
1088      78
1089      81
1090      85
1091      93
1092      100
1093      78
1094      0
1095      55
1096      0
1097      100
1098      0
1099      82
1100      89
1101      82
1102      98
1103      0
1104      0
1105      0
1106      0
1107      76
1108      100
1109      0
1110      97
1111      100
1112      0
1113      98
1114      0
1115      0
1116      80
1117      0
1118      95
1119      93
1120      83
1121      98
1122      85
1123      99
1124      79
1125      71
1126      0
1127      87
1128      99
1129      0
1130      99
1131      0
1132      79
1133      0
1134      0
1135      0
1136      0
1137      0
1138      92
1139      58
1140      0
1141      0
1142      0
1143      59
1144      0
1145      0
1146      0
1147      95
1148      0
1149      80
1150      0
1151      0
1152      86
1153      0
1154      100
1155      0
1156      0
1157      79
1158      93
1159      96
1160      83
1161      99
1162      58
1163      91
1164      95
1165      0
1166      94
1167      91
1168      92
1169      73
1170      0
1171      93
1172      0
1173      95
1174      96
1175      63
1176      91
1177      0
1178      97
1179      93
1180      0
1181      31
1182      85
1183      95
1184      83
1185      57
1186      0
1187      82
1188      0
1189      0
1190      80
1191      81
1192      88
1193      0
1194      0
1195      98
1196      0
1197      95
1198      89
1199      64
1200      0
1201      0
1202      0
1203      77
1204      0
1205      0
1206      93
1207      0
1208      94
1209      93
1210      0
1211      0
1212      0
1213      92
1214      0
1215      97
1216      0
1217      97
1218      0
1219      0
1220      94
1221      0
1222      0
1223      90
1224      95
1225      97
1226      98
1227      0
1228      98
1229      92
1230      81
1231      88
1232      73
1233      71
1234      93
1235      95
1236      0
1237      81
1238      99
1239      0
1240      0
1241      0
1242      0
1243      76
1244      99
1245      87
1246      0
1247      73
1248      0
1249      100
1250      0
1251      100
1252      76
1253      67
1254      91
1255      80
1256      0
1257      0
1258      84
1259      100
1260      96
1261      88
1262      44
1263      78
1264      0
1265      90
1266      0
1267      0
1268      0
1269      98
1270      0
1271      0
1272      0
1273      53
1274      52
1275      98
1276      60
1277      97
1278      86
1279      0
1280      0
1281      45
1282      81
1283      87
1284      0
1285      94
1286      28
1287      95
1288      0
1289      0
1290      92
1291      0
1292      0
1293      95
1294      94
1295      58
1296      0
1297      64
1298      63
1299      100
1300      99
1301      0
1302      0
1303      0
1304      78
1305      92
1306      76
1307      0
1308      84
1309      71
1310      82
1311      100
1312      0
1313      0
1314      74
1315      92
1316      0
1317      66
1318      76
1319      98
1320      98
1321      0
1322      0
1323      0
1324      0
1325      0
1326      82
1327      0
1328      78
1329      91
1330      77
1331      0
1332      0
1333      0
1334      90
1335      0
1336      0
1337      94
1338      54
1339      77
1340      92
1341      94
1342      96
1343      0
1344      0
1345      93
1346      82
1347      99
1348      0
1349      0
1350      100
1351      0
1352      69
1353      79
1354      0
1355      93
1356      92
1357      100
1358      52
1359      85
1360      99
1361      91
1362      96
1363      77
1364      100
1365      0
1366      0
1367      0
1368      88
1369      0
1370      88
1371      0
1372      89
1373      0
1374      0
1375      0
1376      0
1377      70
1378      0
1379      0
1380      0
1381      0
1382      0
1383      87
1384      80
1385      69
1386      0
1387      0
1388      100
1389      0
1390      0
1391      89
1392      82
1393      0
1394      95
1395      99
1396      92
1397      0
1398      100
1399      0
1400      0
1401      98
1402      99
1403      0
1404      97
1405      90
1406      0
1407      98
1408      87
1409      78
1410      98
1411      94
1412      70
1413      95
1414      71
1415      98
1416      0
1417      0
1418      100
1419      0
1420      90
1421      82
1422      76
1423      77
1424      98
1425      0
1426      79
1427      90
1428      84
1429      0
1430      72
1431      0
1432      55
1433      0
1434      62
1435      94
1436      89
1437      100
1438      92
1439      95
1440      97
1441      0
1442      71
1443      0
1444      69
1445      52
1446      0
1447      56
1448      59
1449      100
1450      0
1451      0
1452      94
1453      0
1454      88
1455      0
1456      0
1457      93
1458      94
1459      0
1460      0
1461      0
1462      0
1463      91
1464      0
1465      97
1466      92
1467      96
1468      81
1469      0
1470      98
1471      0
1472      98
1473      100
1474      92
1475      60
1476      0
1477      0
1478      0
1479      93
1480      51
1481      41
1482      0
1483      68
1484      86
1485      0
1486      0
1487      91
1488      100
1489      85
1490      0
1491      0
1492      98
1493      0
1494      0
1495      52
1496      0
1497      0
1498      0
1499      0
1500      99
1501      0
1502      0
1503      90
1504      44
1505      0
1506      56
1507      0
1508      0
1509      99
1510      93
1511      81
1512      0
1513      83
1514      0
1515      92
1516      69
1517      92
1518      95
1519      73
1520      0
1521      93
1522      100
1523      0
1524      85
1525      59
1526      0
1527      77
1528      0
1529      96
1530      93
1531      0
1532      83
1533      77
1534      0
1535      0
1536      97
1537      81
1538      31
1539      0
1540      99
1541      53
1542      0
1543      0
1544      63
1545      88
1546      81
1547      98
1548      0
1549      43
1550      0
1551      0
1552      0
1553      95
1554      0
1555      68
1556      0
1557      0
1558      100
1559      78
1560      90
1561      0
1562      99
1563      0
1564      44
1565      0
1566      99
1567      0
1568      99
1569      0
1570      69
1571      94
1572      0
1573      0
1574      65
1575      63
1576      100
1577      0
1578      96
1579      0
1580      99
1581      40
1582      73
1583      100
1584      0
1585      69
1586      0
1587      0
1588      99
1589      0
1590      98
1591      0
1592      0
1593      43
1594      98
1595      100
1596      99
1597      50
1598      57
1599      0
1600      0
1601      0
1602      95
1603      0
1604      0
1605      37
1606      72
1607      99
1608      91
1609      0
1610      93
1611      78
1612      0
1613      0
1614      0
1615      82
1616      86
1617      100
1618      0
1619      81
1620      0
1621      88
1622      65
1623      98
1624      0
1625      0
1626      82
1627      0
1628      0
1629      72
1630      87
1631      0
1632      0
1633      100
1634      97
1635      0
1636      90
1637      96
1638      0
1639      90
1640      0
1641      99
1642      82
1643      99
1644      0
1645      0
1646      0
1647      0
1648      84
1649      90
1650      87
1651      76
1652      0
1653      76
1654      91
1655      0
1656      0
1657      98
1658      0
1659      100
1660      84
1661      0
1662      0
1663      67
1664      73
1665      77
1666      93
1667      94
1668      0
1669      100
1670      0
1671      92
1672      0
1673      100
1674      80
1675      0
1676      74
1677      0
1678      0
1679      100
1680      79
1681      0
1682      71
1683      99
1684      0
1685      92
1686      97
1687      94
1688      100
1689      0
1690      0
1691      93
1692      0
1693      0
1694      58
1695      0
1696      81
1697      97
1698      69
1699      0
1700      65
1701      99
1702      0
1703      76
1704      0
1705      95
1706      0
1707      65
1708      98
1709      60
1710      0
1711      99
1712      95
1713      93
1714      0
1715      85
1716      0
1717      0
1718      0
1719      0
1720      0
1721      87
1722      99
1723      0
1724      0
1725      0
1726      96
1727      0
1728      88
1729      95
1730      0
1731      81
1732      0
1733      0
1734      94
1735      0
1736      59
1737      95
1738      93
1739      0
1740      0
1741      92
1742      92
1743      0
1744      0
1745      0
1746      81
1747      81
1748      99
1749      66
1750      0
1751      68
1752      90
1753      96
1754      0
1755      94
1756      98
1757      62
1758      99
1759      86
1760      90
1761      96
1762      94
1763      74
1764      0
1765      0
1766      63
1767      96
1768      97
1769      0
1770      88
1771      83
1772      98
1773      72
1774      68
1775      94
1776      79
1777      71
1778      96
1779      79
1780      94
1781      52
1782      95
1783      0
1784      91
1785      87
1786      0
1787      84
1788      80
1789      68
1790      0
1791      0
1792      0
1793      0
1794      79
1795      0
1796      0
1797      0
1798      100
1799      86
1800      73
1801      70
1802      0
1803      94
1804      89
1805      99
1806      0
1807      0
1808      84
1809      82
1810      85
1811      0
1812      67
1813      0
1814      0
1815      0
1816      0
1817      0
1818      82
1819      0
1820      0
1821      51
1822      0
1823      54
1824      96
1825      0
1826      78
1827      0
1828      99
1829      0
1830      0
1831      0
1832      98
1833      100
1834      0
1835      0
1836      0
1837      99
1838      0
1839      65
1840      66
1841      0
1842      88
1843      85
1844      98
1845      95
1846      0
1847      0
1848      0
1849      0
1850      0
1851      100
1852      95
1853      0
1854      0
1855      0
1856      99
1857      0
1858      35
1859      95
1860      0
1861      71
1862      99
1863      99
1864      0
1865      0
1866      0
1867      78
1868      0
1869      55
1870      0
1871      100
1872      90
1873      90
1874      90
1875      89
1876      0
1877      0
1878      91
1879      0
1880      99
1881      88
1882      0
1883      0
1884      99
1885      0
1886      83
1887      0
1888      97
1889      0
1890      79
1891      0
1892      94
1893      0
1894      0
1895      0
1896      99
1897      0
1898      94
1899      0
1900      0
1901      66
1902      97
1903      0
1904      87
1905      95
1906      97
1907      0
1908      88
1909      96
1910      100
1911      46
1912      100
1913      0
1914      98
1915      55
1916      0
1917      79
1918      76
1919      95
1920      74
1921      85
1922      100
1923      98
1924      0
1925      95
1926      58
1927      0
1928      66
1929      75
1930      0
1931      0
1932      78
1933      79
1934      97
1935      0
1936      92
1937      0
1938      0
1939      92
1940      0
1941      100
1942      0
1943      83
1944      0
1945      66
1946      0
1947      95
1948      76
1949      97
1950      100
1951      87
1952      99
1953      0
1954      83
1955      0
1956      99
1957      0
1958      92
1959      0
1960      0
1961      0
1962      57
1963      0
1964      91
1965      0
1966      0
1967      98
1968      0
1969      0
1970      0
1971      0
1972      96
1973      0
1974      0
1975      91
1976      0
1977      49
1978      98
1979      0
1980      85
1981      92
1982      0
1983      92
1984      0
1985      0
1986      86
1987      97
1988      0
1989      0
1990      0
1991      0
1992      0
1993      49
1994      88
1995      0
1996      73
1997      0
1998      98
1999      100
2000      0
2001      78
2002      0
2003      77
2004      80
2005      99
2006      0
2007      94
2008      0
2009      98
2010      95
2011      0
2012      74
2013      0
2014      72
2015      97
2016      95
2017      99
2018      0
2019      86
2020      0
2021      0
2022      89
2023      97
2024      0
2025      64
2026      98
2027      0
2028      0
2029      0
2030      96
2031      0
2032      80
2033      99
2034      0
2035      82
2036      75
2037      96
2038      83
2039      98
2040      93
2041      0
2042      0
2043      90
2044      0
2045      0
2046      0
2047      0
2048      92
2049      0
2050      95
2051      76
2052      0
2053      97
2054      0
2055      98
2056      0
2057      74
2058      99
2059      0
2060      0
2061      0
2062      0
2063      81
2064      98
2065      95
2066      74
2067      0
2068      73
2069      0
2070      98
2071      97
2072      0
2073      0
2074      98
2075      0
2076      0
2077      0
2078      0
2079      0
2080      0
2081      49
2082      0
2083      0
2084      59
2085      0
2086      97
2087      0
2088      42
2089      96
2090      96
2091      84
2092      54
2093      99
2094      0
2095      91
2096      65
2097      95
2098      0
2099      0
2100      82
2101      0
2102      72
2103      74
2104      98
2105      89
2106      95
2107      0
2108      0
2109      0
2110      0
2111      0
2112      0
2113      0
2114      0
2115      97
2116      77
2117      77
2118      73
2119      71
2120      0
2121      95
2122      99
2123      0
2124      57
2125      98
2126      95
2127      0
2128      94
2129      0
2130      0
2131      0
2132      0
2133      89
2134      0
2135      100
2136      0
2137      0
2138      74
2139      0
2140      0
2141      0
2142      0
2143      0
2144      78
2145      97
2146      0
2147      91
2148      82
2149      47
2150      87
2151      0
2152      0
2153      0
2154      0
2155      0
2156      0
2157      0
2158      0
2159      99
2160      0
2161      0
2162      100
2163      94
2164      0
2165      87
2166      80
2167      98
2168      98
2169      0
2170      89
2171      83
2172      0
2173      0
2174      100
2175      0
2176      71
2177      100
2178      0
2179      0
2180      0
2181      0
2182      97
2183      0
2184      97
2185      76
2186      91
2187      97
2188      93
2189      87
2190      0
2191      0
2192      0
2193      0
2194      73
2195      0
2196      0
2197      0
2198      0
2199      100
2200      0
2201      95
2202      0
2203      0
2204      69
2205      97
2206      0
2207      0
2208      96
2209      94
2210      70
2211      0
2212      99
2213      0
2214      100
2215      89
2216      56
2217      94
2218      0
2219      0
2220      69
2221      99
2222      91
2223      19
2224      100
2225      96
2226      0
2227      88
2228      0
2229      73
2230      78
2231      77
2232      0
2233      0
2234      92
2235      0
2236      0
2237      0
2238      0
2239      96
2240      68
2241      0
2242      89
2243      91
2244      82
2245      0
2246      78
2247      98
2248      58
2249      0
2250      94
2251      0
2252      99
2253      0
2254      71
2255      80
2256      92
2257      0
2258      0
2259      71
2260      0
2261      93
2262      97
2263      82
2264      84
2265      99
2266      0
2267      0
2268      0
2269      0
2270      0
2271      0
2272      0
2273      93
2274      97
2275      99
2276      0
2277      42
2278      98
2279      68
2280      0
2281      0
2282      0
2283      100
2284      91
2285      0
2286      98
2287      83
2288      0
2289      0
2290      61
2291      64
2292      95
2293      0
2294      85
2295      69
2296      0
2297      98
2298      90
2299      74
2300      0
2301      75
2302      60
2303      61
2304      0
2305      89
2306      82
2307      96
2308      0
2309      100
2310      0
2311      58
2312      100
2313      0
2314      0
2315      94
2316      82
2317      88
2318      80
2319      100
2320      0
2321      0
2322      87
2323      0
2324      0
2325      95
2326      0
2327      0
2328      0
2329      0
2330      84
2331      0
2332      0
2333      0
2334      86
2335      80
2336      60
2337      0
2338      0
2339      0
2340      0
2341      79
2342      0
2343      61
2344      100
2345      62
2346      97
2347      70
2348      0
2349      54
2350      0
2351      0
2352      78
2353      0
2354      0
2355      0
2356      0
2357      0
2358      99
2359      82
2360      78
2361      100
2362      0
2363      0
2364      0
2365      0
2366      0
2367      97
2368      0
2369      0
2370      90
2371      96
2372      0
2373      0
2374      55
2375      99
2376      80
2377      0
2378      0
2379      51
2380      0
2381      92
2382      0
2383      42
2384      78
2385      38
2386      74
2387      90
2388      78
2389      79
2390      0
2391      93
2392      96
2393      39
2394      96
2395      93
2396      92
2397      95
2398      83
2399      0
2400      0
2401      0
2402      89
2403      0
2404      0
2405      0
2406      100
2407      100
2408      96
2409      98
2410      76
2411      100
2412      0
2413      61
2414      0
2415      0
2416      96
2417      83
2418      50
2419      97
2420      99
2421      95
2422      91
2423      0
2424      97
2425      94
2426      0
2427      92
2428      91
2429      95
2430      0
2431      0
2432      74
2433      100
2434      72
2435      65
2436      69
2437      0
2438      78
2439      80
2440      100
2441      0
2442      97
2443      0
2444      0
2445      0
2446      0
2447      83
2448      93
2449      94
2450      0
2451      67
2452      96
2453      96
2454      96
2455      0
2456      98
2457      0
2458      96
2459      0
2460      72
2461      0
2462      90
2463      0
2464      0
2465      86
2466      99
2467      94
2468      0
2469      97
2470      96
2471      98
2472      68
2473      0
2474      87
2475      68
2476      0
2477      91
2478      0
2479      98
2480      0
2481      95
2482      0
2483      0
2484      82
2485      88
2486      99
2487      0
2488      97
2489      0
2490      0
2491      0
2492      86
2493      97
2494      99
2495      88
2496      0
2497      0
2498      99
2499      98
       77848.7
