0      0
1      0
2      0
3      100
4      56
5      0
6      100
7      100
8      77
9      82
10      53
11      0
12      99
13      0
14      100
15      100
16      0
17      83
18      79
19      0
20      95
21      100
22      0
23      0
24      0
25      100
26      100
27      0
28      97
29      0
30      0
31      0
32      52
33      0
34      100
35      0
36      0
37      0
38      0
39      57
40      100
41      100
42      0
43      80
44      85
45      100
46      0
47      97
48      76
49      81
50      93
51      100
52      0
53      0
54      74
55      100
56      0
57      0
58      100
59      99
60      0
61      74
62      100
63      28
64      100
65      56
66      96
67      0
68      100
69      0
70      0
71      0
72      0
73      0
74      100
75      59
76      0
77      100
78      100
79      72
80      53
81      50
82      0
83      43
84      0
85      100
86      100
87      0
88      71
89      100
90      100
91      0
92      89
93      0
94      54
95      0
96      0
97      0
98      54
99      84
       3610.1
