0      0
1      0
2      0
3      86
4      0
5      100
6      24
7      0
8      99
9      100
10      100
11      98
12      91
13      0
14      100
15      0
16      100
17      0
18      82
19      82
20      78
21      99
22      52
23      100
24      0
25      0
26      98
27      0
28      0
29      83
30      100
31      92
32      99
33      100
34      88
35      98
36      67
37      72
38      0
39      0
40      100
41      98
42      0
43      100
44      62
45      93
46      82
47      83
48      85
49      0
50      100
51      0
52      75
53      98
54      100
55      0
56      99
57      90
58      91
59      0
60      0
61      99
62      87
63      100
64      99
65      86
66      63
67      0
68      65
69      0
70      98
71      85
72      46
73      89
74      72
75      0
76      0
77      0
78      65
79      56
80      0
81      0
82      0
83      76
84      0
85      0
86      100
87      0
88      0
89      99
90      100
91      0
92      0
93      100
94      0
95      0
96      99
97      70
98      95
99      97
100      0
101      70
102      0
103      0
104      0
105      100
106      0
107      0
108      99
109      0
110      79
111      100
112      0
113      73
114      100
115      100
116      52
117      0
118      0
119      95
120      100
121      0
122      97
123      0
124      0
125      99
126      0
127      100
128      0
129      0
130      0
131      0
132      98
133      68
134      88
135      0
136      87
137      0
138      73
139      0
140      40
141      97
142      0
143      0
144      0
145      71
146      87
147      88
148      89
149      0
150      100
151      99
152      41
153      83
154      0
155      37
156      86
157      0
158      58
159      0
160      100
161      59
162      0
163      0
164      0
165      0
166      0
167      100
168      0
169      74
170      100
171      100
172      80
173      76
174      96
175      93
176      86
177      100
178      92
179      100
180      0
181      0
182      100
183      100
184      87
185      74
186      0
187      0
188      100
189      0
190      50
191      100
192      0
193      99
194      98
195      0
196      61
197      0
198      100
199      0
200      0
201      69
202      0
203      100
204      0
205      0
206      100
207      95
208      95
209      68
210      87
211      0
212      100
213      65
214      100
215      100
216      0
217      0
218      0
219      88
220      97
221      100
222      0
223      0
224      100
225      0
226      0
227      0
228      83
229      0
230      99
231      0
232      96
233      0
234      100
235      80
236      71
237      0
238      61
239      0
240      100
241      0
242      100
243      73
244      51
245      0
246      100
247      100
248      100
249      0
250      0
251      96
252      0
253      86
254      0
255      0
256      89
257      61
258      71
259      0
260      0
261      83
262      96
263      67
264      64
265      0
266      0
267      86
268      0
269      0
270      78
271      63
272      96
273      95
274      0
275      50
276      0
277      0
278      100
279      95
280      100
281      0
282      98
283      99
284      0
285      52
286      0
287      0
288      61
289      98
290      95
291      99
292      0
293      0
294      0
295      0
296      0
297      44
298      99
299      82
300      98
301      0
302      74
303      0
304      97
305      0
306      93
307      0
308      100
309      0
310      0
311      99
312      97
313      89
314      0
315      0
316      100
317      100
318      69
319      0
320      100
321      98
322      76
323      95
324      0
325      50
326      100
327      96
328      98
329      0
330      0
331      67
332      0
333      100
334      48
335      0
336      99
337      0
338      0
339      0
340      95
341      0
342      0
343      0
344      100
345      0
346      0
347      0
348      71
349      73
350      0
351      61
352      67
353      0
354      90
355      100
356      0
357      0
358      0
359      0
360      0
361      0
362      100
363      0
364      0
365      97
366      93
367      0
368      75
369      80
370      94
371      0
372      49
373      100
374      95
375      86
376      100
377      100
378      100
379      100
380      98
381      85
382      88
383      96
384      100
385      85
386      99
387      81
388      100
389      99
390      0
391      66
392      0
393      0
394      0
395      0
396      0
397      0
398      0
399      0
400      0
401      76
402      0
403      62
404      88
405      54
406      0
407      69
408      56
409      56
410      93
411      94
412      61
413      97
414      0
415      78
416      91
417      0
418      77
419      0
420      0
421      0
422      0
423      97
424      0
425      0
426      100
427      100
428      100
429      0
430      0
431      0
432      0
433      0
434      99
435      0
436      0
437      0
438      60
439      0
440      100
441      59
442      74
443      0
444      0
445      0
446      0
447      100
448      80
449      83
450      76
451      54
452      0
453      0
454      0
455      55
456      99
457      100
458      0
459      0
460      100
461      74
462      100
463      0
464      0
465      100
466      0
467      47
468      54
469      99
470      49
471      81
472      78
473      0
474      98
475      0
476      0
477      0
478      0
479      0
480      0
481      99
482      0
483      68
484      99
485      0
486      78
487      100
488      0
489      0
490      68
491      100
492      0
493      48
494      85
495      0
496      100
497      82
498      89
499      0
       16596.5
