0      98
1      0
2      0
3      61
4      0
5      100
6      0
7      97
8      50
9      87
10      0
11      0
12      86
13      98
14      0
15      95
16      0
17      80
18      0
19      93
20      83
21      77
22      0
23      0
24      0
25      0
26      41
27      100
28      97
29      91
30      90
31      96
32      99
33      0
34      97
35      100
36      99
37      0
38      96
39      0
40      98
41      99
42      77
43      98
44      0
45      67
46      98
47      100
48      69
49      71
50      54
51      98
52      100
53      0
54      84
55      82
56      0
57      83
58      0
59      0
60      74
61      90
62      67
63      0
64      71
65      80
66      90
67      75
68      84
69      0
70      96
71      81
72      82
73      0
74      0
75      0
76      75
77      0
78      90
79      71
80      47
81      0
82      0
83      0
84      0
85      92
86      68
87      90
88      94
89      98
90      75
91      0
92      0
93      0
94      0
95      89
96      86
97      0
98      0
99      0
100      97
101      0
102      0
103      76
104      25
105      90
106      0
107      99
108      0
109      0
110      0
111      0
112      0
113      95
114      0
115      0
116      0
117      98
118      86
119      0
120      0
121      0
122      0
123      0
124      78
125      0
126      81
127      79
128      49
129      90
130      88
131      100
132      58
133      100
134      0
135      96
136      71
137      69
138      90
139      0
140      90
141      100
142      100
143      0
144      82
145      77
146      58
147      87
148      85
149      89
150      90
151      100
152      0
153      97
154      0
155      0
156      0
157      89
158      0
159      99
160      0
161      100
162      0
163      96
164      52
165      51
166      0
167      93
168      0
169      98
170      94
171      100
172      0
173      92
174      75
175      56
176      0
177      83
178      0
179      91
180      0
181      76
182      0
183      77
184      99
185      100
186      0
187      0
188      99
189      81
190      76
191      0
192      84
193      95
194      83
195      0
196      95
197      64
198      100
199      0
200      0
201      56
202      55
203      0
204      87
205      0
206      82
207      84
208      0
209      78
210      0
211      81
212      0
213      0
214      0
215      71
216      0
217      94
218      75
219      65
220      0
221      74
222      31
223      92
224      0
225      80
226      100
227      0
228      90
229      90
230      97
231      0
232      98
233      97
234      0
235      0
236      91
237      0
238      80
239      0
240      0
241      98
242      92
243      64
244      0
245      0
246      91
247      46
248      92
249      89
250      91
251      62
252      64
253      91
254      0
255      0
256      0
257      60
258      100
259      0
260      81
261      100
262      85
263      98
264      77
265      96
266      78
267      86
268      95
269      0
270      0
271      0
272      63
273      85
274      54
275      98
276      0
277      99
278      0
279      0
280      99
281      100
282      0
283      99
284      0
285      79
286      99
287      0
288      99
289      0
290      0
291      0
292      100
293      99
294      0
295      0
296      0
297      63
298      0
299      0
300      80
301      0
302      93
303      86
304      0
305      0
306      0
307      0
308      89
309      0
310      69
311      0
312      97
313      79
314      0
315      0
316      100
317      0
318      0
319      0
320      0
321      99
322      96
323      91
324      0
325      75
326      0
327      82
328      0
329      94
330      84
331      0
332      65
333      73
334      0
335      73
336      85
337      72
338      73
339      0
340      0
341      90
342      0
343      0
344      94
345      0
346      65
347      0
348      69
349      0
350      0
351      99
352      98
353      93
354      0
355      0
356      0
357      0
358      84
359      0
360      97
361      54
362      87
363      62
364      89
365      100
366      0
367      92
368      0
369      0
370      0
371      0
372      94
373      86
374      0
375      0
376      64
377      0
378      81
379      100
380      0
381      51
382      0
383      0
384      0
385      95
386      99
387      89
388      0
389      0
390      87
391      98
392      0
393      97
394      99
395      94
396      100
397      100
398      69
399      0
400      89
401      95
402      91
403      0
404      93
405      0
406      95
407      0
408      87
409      73
410      0
411      90
412      0
413      97
414      0
415      89
416      88
417      73
418      98
419      51
420      89
421      98
422      85
423      97
424      0
425      84
426      81
427      0
428      56
429      92
430      90
431      98
432      85
433      67
434      0
435      0
436      76
437      97
438      84
439      0
440      0
441      95
442      94
443      72
444      89
445      0
446      0
447      91
448      0
449      0
450      0
451      52
452      0
453      77
454      0
455      0
456      0
457      95
458      52
459      0
460      0
461      0
462      99
463      90
464      90
465      0
466      0
467      0
468      75
469      0
470      58
471      75
472      84
473      0
474      0
475      0
476      0
477      0
478      0
479      55
480      99
481      88
482      98
483      0
484      0
485      96
486      68
487      89
488      57
489      98
490      0
491      0
492      87
493      100
494      96
495      82
496      95
497      0
498      100
499      0
500      95
501      92
502      0
503      86
504      0
505      0
506      0
507      96
508      0
509      88
510      0
511      60
512      100
513      49
514      0
515      0
516      0
517      88
518      97
519      57
520      98
521      99
522      100
523      85
524      0
525      59
526      0
527      95
528      0
529      74
530      85
531      0
532      0
533      97
534      0
535      100
536      0
537      100
538      94
539      63
540      98
541      60
542      0
543      0
544      0
545      79
546      0
547      0
548      0
549      96
550      88
551      80
552      0
553      57
554      0
555      0
556      0
557      100
558      97
559      0
560      0
561      0
562      0
563      99
564      82
565      46
566      90
567      100
568      92
569      53
570      99
571      79
572      94
573      68
574      100
575      97
576      91
577      97
578      87
579      85
580      100
581      90
582      0
583      0
584      98
585      98
586      0
587      78
588      97
589      88
590      0
591      97
592      73
593      0
594      88
595      0
596      0
597      94
598      98
599      60
600      96
601      0
602      76
603      53
604      0
605      0
606      0
607      79
608      93
609      88
610      95
611      68
612      0
613      44
614      90
615      90
616      0
617      94
618      91
619      79
620      0
621      50
622      99
623      0
624      0
625      0
626      0
627      100
628      88
629      93
630      81
631      0
632      0
633      0
634      52
635      98
636      0
637      0
638      53
639      0
640      98
641      95
642      99
643      0
644      100
645      0
646      0
647      61
648      0
649      0
650      63
651      100
652      43
653      0
654      0
655      99
656      0
657      77
658      98
659      0
660      36
661      0
662      93
663      0
664      0
665      97
666      100
667      90
668      94
669      0
670      0
671      65
672      84
673      69
674      100
675      0
676      96
677      70
678      85
679      77
680      80
681      97
682      0
683      0
684      0
685      0
686      0
687      79
688      92
689      0
690      0
691      0
692      0
693      80
694      88
695      88
696      74
697      94
698      0
699      95
700      65
701      75
702      44
703      0
704      97
705      0
706      0
707      0
708      98
709      86
710      0
711      0
712      93
713      0
714      100
715      0
716      91
717      0
718      51
719      97
720      100
721      87
722      84
723      90
724      63
725      0
726      0
727      59
728      0
729      0
730      0
731      79
732      99
733      66
734      94
735      0
736      0
737      92
738      99
739      71
740      87
741      99
742      88
743      97
744      0
745      0
746      98
747      96
748      94
749      95
750      0
751      82
752      0
753      0
754      0
755      0
756      0
757      0
758      79
759      68
760      98
761      0
762      96
763      99
764      0
765      0
766      99
767      97
768      0
769      100
770      100
771      0
772      0
773      93
774      85
775      0
776      89
777      83
778      85
779      96
780      55
781      67
782      65
783      0
784      93
785      86
786      0
787      82
788      92
789      0
790      0
791      88
792      0
793      99
794      62
795      91
796      56
797      0
798      0
799      0
800      0
801      92
802      0
803      93
804      0
805      98
806      86
807      98
808      93
809      0
810      100
811      0
812      97
813      0
814      69
815      93
816      66
817      90
818      93
819      38
820      0
821      100
822      0
823      94
824      0
825      83
826      0
827      88
828      100
829      0
830      87
831      0
832      57
833      100
834      94
835      0
836      99
837      95
838      0
839      89
840      0
841      93
842      98
843      68
844      0
845      99
846      100
847      98
848      87
849      0
850      0
851      76
852      79
853      0
854      84
855      97
856      94
857      0
858      89
859      0
860      98
861      96
862      0
863      0
864      0
865      0
866      0
867      94
868      0
869      95
870      0
871      76
872      90
873      98
874      100
875      0
876      0
877      89
878      0
879      73
880      0
881      0
882      97
883      0
884      57
885      75
886      0
887      100
888      100
889      87
890      88
891      0
892      0
893      98
894      93
895      0
896      0
897      99
898      92
899      91
900      100
901      89
902      0
903      59
904      0
905      0
906      0
907      79
908      90
909      100
910      98
911      92
912      0
913      78
914      0
915      99
916      96
917      67
918      0
919      91
920      0
921      100
922      0
923      96
924      54
925      0
926      0
927      98
928      95
929      93
930      0
931      0
932      0
933      0
934      95
935      0
936      0
937      49
938      0
939      0
940      0
941      0
942      0
943      100
944      59
945      99
946      71
947      61
948      51
949      81
950      100
951      0
952      41
953      0
954      0
955      99
956      89
957      0
958      0
959      73
960      67
961      0
962      0
963      83
964      0
965      77
966      0
967      78
968      90
969      72
970      95
971      0
972      92
973      91
974      98
975      0
976      0
977      89
978      72
979      0
980      79
981      0
982      0
983      100
984      0
985      98
986      0
987      87
988      0
989      70
990      0
991      100
992      91
993      0
994      0
995      0
996      98
997      0
998      98
999      57
1000      100
1001      92
1002      85
1003      0
1004      0
1005      50
1006      77
1007      58
1008      90
1009      87
1010      0
1011      0
1012      95
1013      86
1014      72
1015      97
1016      0
1017      85
1018      100
1019      0
1020      0
1021      0
1022      0
1023      97
1024      62
1025      0
1026      100
1027      94
1028      0
1029      87
1030      0
1031      0
1032      0
1033      98
1034      0
1035      100
1036      97
1037      0
1038      87
1039      84
1040      89
1041      0
1042      90
1043      0
1044      0
1045      99
1046      0
1047      99
1048      0
1049      0
1050      0
1051      88
1052      96
1053      0
1054      89
1055      0
1056      82
1057      0
1058      0
1059      93
1060      82
1061      0
1062      0
1063      100
1064      0
1065      0
1066      0
1067      54
1068      0
1069      92
1070      0
1071      95
1072      0
1073      84
1074      0
1075      100
1076      0
1077      73
1078      94
1079      0
1080      76
1081      0
1082      0
1083      0
1084      92
1085      0
1086      0
1087      91
1088      0
1089      98
1090      94
1091      99
1092      95
1093      69
1094      89
1095      98
1096      0
1097      92
1098      100
1099      85
1100      0
1101      0
1102      84
1103      75
1104      0
1105      0
1106      87
1107      0
1108      98
1109      0
1110      74
1111      78
1112      0
1113      71
1114      93
1115      95
1116      99
1117      68
1118      100
1119      0
1120      100
1121      59
1122      0
1123      0
1124      0
1125      98
1126      0
1127      65
1128      85
1129      0
1130      0
1131      79
1132      0
1133      84
1134      0
1135      77
1136      74
1137      90
1138      94
1139      98
1140      0
1141      81
1142      0
1143      96
1144      83
1145      98
1146      0
1147      0
1148      63
1149      0
1150      99
1151      88
1152      89
1153      0
1154      0
1155      96
1156      100
1157      0
1158      76
1159      99
1160      0
1161      67
1162      0
1163      0
1164      0
1165      80
1166      96
1167      65
1168      75
1169      98
1170      97
1171      99
1172      80
1173      81
1174      98
1175      52
1176      0
1177      0
1178      0
1179      0
1180      78
1181      93
1182      62
1183      0
1184      0
1185      0
1186      96
1187      0
1188      0
1189      0
1190      77
1191      100
1192      0
1193      99
1194      43
1195      0
1196      89
1197      50
1198      80
1199      0
1200      65
1201      0
1202      0
1203      0
1204      92
1205      55
1206      99
1207      0
1208      0
1209      0
1210      0
1211      0
1212      0
1213      76
1214      96
1215      90
1216      0
1217      99
1218      86
1219      89
1220      99
1221      0
1222      0
1223      72
1224      86
1225      0
1226      100
1227      69
1228      96
1229      69
1230      0
1231      99
1232      0
1233      98
1234      0
1235      81
1236      100
1237      43
1238      0
1239      97
1240      95
1241      0
1242      0
1243      76
1244      94
1245      79
1246      97
1247      0
1248      97
1249      74
1250      0
1251      71
1252      0
1253      0
1254      40
1255      85
1256      0
1257      46
1258      91
1259      0
1260      97
1261      0
1262      0
1263      93
1264      96
1265      73
1266      91
1267      0
1268      97
1269      75
1270      0
1271      95
1272      89
1273      94
1274      0
1275      90
1276      72
1277      0
1278      0
1279      98
1280      72
1281      94
1282      0
1283      0
1284      0
1285      0
1286      0
1287      98
1288      74
1289      100
1290      0
1291      72
1292      0
1293      0
1294      41
1295      73
1296      0
1297      69
1298      0
1299      0
1300      0
1301      0
1302      70
1303      76
1304      0
1305      31
1306      0
1307      0
1308      0
1309      88
1310      61
1311      90
1312      98
1313      62
1314      0
1315      0
1316      82
1317      0
1318      97
1319      74
1320      0
1321      92
1322      0
1323      0
1324      0
1325      100
1326      85
1327      90
1328      95
1329      82
1330      63
1331      0
1332      75
1333      64
1334      0
1335      54
1336      0
1337      0
1338      91
1339      90
1340      0
1341      0
1342      0
1343      0
1344      89
1345      0
1346      0
1347      0
1348      94
1349      87
1350      90
1351      77
1352      0
1353      94
1354      0
1355      0
1356      93
1357      0
1358      0
1359      99
1360      83
1361      0
1362      99
1363      96
1364      73
1365      91
1366      0
1367      91
1368      99
1369      100
1370      0
1371      100
1372      0
1373      0
1374      89
1375      99
1376      0
1377      79
1378      84
1379      100
1380      88
1381      0
1382      88
1383      81
1384      83
1385      85
1386      48
1387      52
1388      58
1389      0
1390      0
1391      64
1392      93
1393      0
1394      0
1395      77
1396      87
1397      0
1398      0
1399      90
1400      86
1401      0
1402      44
1403      97
1404      94
1405      0
1406      90
1407      0
1408      94
1409      97
1410      0
1411      93
1412      0
1413      84
1414      100
1415      94
1416      65
1417      0
1418      96
1419      0
1420      0
1421      0
1422      0
1423      98
1424      87
1425      91
1426      0
1427      61
1428      87
1429      0
1430      0
1431      0
1432      89
1433      88
1434      0
1435      99
1436      99
1437      0
1438      0
1439      0
1440      52
1441      67
1442      95
1443      0
1444      79
1445      99
1446      0
1447      0
1448      95
1449      0
1450      97
1451      99
1452      0
1453      96
1454      100
1455      71
1456      0
1457      67
1458      0
1459      0
1460      54
1461      0
1462      94
1463      0
1464      97
1465      91
1466      98
1467      88
1468      0
1469      81
1470      0
1471      99
1472      0
1473      0
1474      85
1475      79
1476      0
1477      0
1478      60
1479      98
1480      48
1481      0
1482      0
1483      81
1484      98
1485      0
1486      0
1487      100
1488      96
1489      100
1490      53
1491      100
1492      0
1493      92
1494      0
1495      72
1496      90
1497      61
1498      0
1499      0
1500      0
1501      0
1502      94
1503      0
1504      95
1505      83
1506      100
1507      0
1508      0
1509      58
1510      96
1511      84
1512      0
1513      62
1514      0
1515      0
1516      50
1517      79
1518      99
1519      82
1520      0
1521      56
1522      0
1523      94
1524      85
1525      73
1526      95
1527      0
1528      0
1529      0
1530      81
1531      0
1532      96
1533      0
1534      0
1535      99
1536      93
1537      100
1538      82
1539      94
1540      100
1541      61
1542      92
1543      0
1544      97
1545      46
1546      97
1547      98
1548      0
1549      98
1550      95
1551      0
1552      0
1553      68
1554      64
1555      91
1556      92
1557      88
1558      0
1559      97
1560      0
1561      0
1562      89
1563      0
1564      0
1565      91
1566      0
1567      0
1568      98
1569      61
1570      93
1571      87
1572      0
1573      63
1574      0
1575      0
1576      0
1577      0
1578      0
1579      98
1580      88
1581      0
1582      90
1583      77
1584      95
1585      92
1586      0
1587      0
1588      72
1589      75
1590      0
1591      0
1592      51
1593      0
1594      98
1595      0
1596      96
1597      97
1598      0
1599      0
1600      0
1601      0
1602      0
1603      79
1604      0
1605      0
1606      0
1607      0
1608      0
1609      81
1610      69
1611      92
1612      0
1613      63
1614      89
1615      75
1616      0
1617      91
1618      0
1619      86
1620      91
1621      94
1622      100
1623      0
1624      0
1625      44
1626      0
1627      84
1628      63
1629      91
1630      100
1631      0
1632      0
1633      0
1634      0
1635      97
1636      0
1637      0
1638      64
1639      0
1640      93
1641      0
1642      0
1643      0
1644      62
1645      0
1646      93
1647      91
1648      34
1649      0
1650      0
1651      0
1652      0
1653      0
1654      0
1655      0
1656      0
1657      0
1658      0
1659      0
1660      92
1661      0
1662      0
1663      85
1664      96
1665      18
1666      0
1667      99
1668      0
1669      88
1670      81
1671      78
1672      100
1673      0
1674      99
1675      0
1676      99
1677      0
1678      0
1679      69
1680      0
1681      87
1682      0
1683      75
1684      96
1685      99
1686      0
1687      35
1688      0
1689      0
1690      86
1691      0
1692      0
1693      0
1694      0
1695      0
1696      0
1697      0
1698      0
1699      98
1700      0
1701      31
1702      81
1703      0
1704      0
1705      64
1706      0
1707      0
1708      0
1709      73
1710      0
1711      80
1712      82
1713      100
1714      98
1715      0
1716      99
1717      49
1718      0
1719      0
1720      97
1721      99
1722      81
1723      59
1724      66
1725      93
1726      0
1727      0
1728      94
1729      53
1730      0
1731      61
1732      0
1733      0
1734      91
1735      74
1736      0
1737      0
1738      0
1739      0
1740      76
1741      0
1742      70
1743      98
1744      93
1745      0
1746      85
1747      99
1748      0
1749      54
1750      90
1751      0
1752      0
1753      0
1754      98
1755      0
1756      92
1757      0
1758      96
1759      0
1760      96
1761      65
1762      82
1763      99
1764      0
1765      31
1766      0
1767      95
1768      0
1769      0
1770      100
1771      72
1772      0
1773      0
1774      84
1775      98
1776      78
1777      0
1778      98
1779      97
1780      99
1781      68
1782      88
1783      0
1784      100
1785      0
1786      97
1787      63
1788      94
1789      0
1790      91
1791      0
1792      0
1793      74
1794      0
1795      98
1796      0
1797      62
1798      91
1799      84
1800      0
1801      0
1802      0
1803      0
1804      0
1805      0
1806      0
1807      95
1808      0
1809      0
1810      91
1811      0
1812      0
1813      75
1814      0
1815      86
1816      0
1817      0
1818      100
1819      79
1820      92
1821      93
1822      88
1823      0
1824      0
1825      86
1826      0
1827      0
1828      0
1829      0
1830      86
1831      0
1832      95
1833      0
1834      0
1835      73
1836      92
1837      81
1838      0
1839      75
1840      75
1841      91
1842      0
1843      0
1844      0
1845      0
1846      0
1847      89
1848      53
1849      95
1850      64
1851      96
1852      95
1853      99
1854      96
1855      0
1856      0
1857      95
1858      91
1859      0
1860      63
1861      84
1862      0
1863      90
1864      0
1865      0
1866      65
1867      0
1868      0
1869      81
1870      97
1871      0
1872      91
1873      0
1874      43
1875      94
1876      0
1877      85
1878      96
1879      97
1880      93
1881      0
1882      0
1883      59
1884      99
1885      0
1886      0
1887      0
1888      92
1889      80
1890      0
1891      0
1892      0
1893      94
1894      0
1895      96
1896      79
1897      0
1898      82
1899      0
1900      92
1901      0
1902      69
1903      90
1904      0
1905      0
1906      0
1907      84
1908      98
1909      87
1910      85
1911      0
1912      66
1913      0
1914      0
1915      100
1916      50
1917      81
1918      0
1919      0
1920      0
1921      0
1922      0
1923      82
1924      64
1925      92
1926      91
1927      98
1928      65
1929      0
1930      0
1931      100
1932      98
1933      0
1934      0
1935      0
1936      0
1937      96
1938      0
1939      0
1940      100
1941      0
1942      0
1943      100
1944      74
1945      0
1946      0
1947      0
1948      77
1949      0
1950      0
1951      0
1952      92
1953      96
1954      96
1955      94
1956      0
1957      50
1958      0
1959      0
1960      0
1961      65
1962      77
1963      96
1964      0
1965      0
1966      0
1967      92
1968      91
1969      0
1970      98
1971      82
1972      77
1973      97
1974      91
1975      0
1976      91
1977      0
1978      94
1979      0
1980      0
1981      60
1982      94
1983      99
1984      0
1985      98
1986      0
1987      87
1988      99
1989      99
1990      89
1991      94
1992      100
1993      88
1994      0
1995      0
1996      0
1997      58
1998      99
1999      0
2000      84
2001      57
2002      0
2003      0
2004      0
2005      94
2006      0
2007      0
2008      95
2009      0
2010      94
2011      96
2012      71
2013      89
2014      0
2015      76
2016      0
2017      0
2018      51
2019      79
2020      70
2021      95
2022      82
2023      0
2024      92
2025      0
2026      71
2027      99
2028      87
2029      77
2030      63
2031      0
2032      93
2033      99
2034      0
2035      87
2036      100
2037      82
2038      0
2039      94
2040      88
2041      75
2042      94
2043      80
2044      0
2045      0
2046      61
2047      99
2048      70
2049      0
2050      87
2051      0
2052      79
2053      71
2054      80
2055      0
2056      0
2057      92
2058      91
2059      84
2060      66
2061      0
2062      74
2063      0
2064      0
2065      0
2066      0
2067      0
2068      79
2069      100
2070      0
2071      97
2072      94
2073      95
2074      96
2075      99
2076      93
2077      0
2078      65
2079      0
2080      63
2081      94
2082      55
2083      54
2084      100
2085      0
2086      51
2087      0
2088      0
2089      73
2090      92
2091      79
2092      0
2093      84
2094      94
2095      0
2096      0
2097      78
2098      0
2099      0
2100      87
2101      86
2102      42
2103      93
2104      0
2105      82
2106      54
2107      0
2108      0
2109      0
2110      0
2111      0
2112      0
2113      90
2114      100
2115      0
2116      92
2117      99
2118      99
2119      97
2120      0
2121      0
2122      98
2123      68
2124      0
2125      0
2126      96
2127      0
2128      75
2129      94
2130      0
2131      0
2132      77
2133      50
2134      86
2135      0
2136      100
2137      95
2138      0
2139      0
2140      95
2141      97
2142      0
2143      96
2144      92
2145      0
2146      77
2147      0
2148      0
2149      0
2150      99
2151      0
2152      94
2153      0
2154      60
2155      89
2156      97
2157      99
2158      0
2159      78
2160      76
2161      88
2162      64
2163      0
2164      0
2165      0
2166      71
2167      83
2168      79
2169      0
2170      97
2171      96
2172      92
2173      100
2174      0
2175      71
2176      95
2177      95
2178      0
2179      82
2180      0
2181      84
2182      0
2183      0
2184      88
2185      97
2186      65
2187      96
2188      95
2189      82
2190      88
2191      92
2192      0
2193      0
2194      0
2195      0
2196      0
2197      95
2198      69
2199      88
2200      56
2201      0
2202      93
2203      0
2204      97
2205      99
2206      99
2207      0
2208      87
2209      0
2210      100
2211      100
2212      0
2213      99
2214      95
2215      95
2216      45
2217      0
2218      0
2219      99
2220      98
2221      87
2222      67
2223      0
2224      0
2225      79
2226      96
2227      90
2228      99
2229      75
2230      79
2231      0
2232      98
2233      0
2234      0
2235      0
2236      92
2237      0
2238      0
2239      77
2240      88
2241      99
2242      93
2243      89
2244      0
2245      0
2246      96
2247      0
2248      0
2249      0
2250      0
2251      87
2252      0
2253      0
2254      0
2255      96
2256      17
2257      0
2258      94
2259      87
2260      90
2261      93
2262      85
2263      61
2264      99
2265      64
2266      99
2267      82
2268      60
2269      0
2270      84
2271      99
2272      55
2273      83
2274      0
2275      0
2276      93
2277      0
2278      0
2279      75
2280      100
2281      76
2282      97
2283      0
2284      81
2285      100
2286      96
2287      58
2288      0
2289      0
2290      96
2291      95
2292      0
2293      94
2294      75
2295      85
2296      67
2297      74
2298      76
2299      0
2300      0
2301      0
2302      83
2303      0
2304      96
2305      0
2306      100
2307      82
2308      0
2309      0
2310      0
2311      0
2312      100
2313      98
2314      95
2315      76
2316      93
2317      0
2318      91
2319      0
2320      96
2321      89
2322      0
2323      88
2324      95
2325      0
2326      79
2327      0
2328      58
2329      87
2330      0
2331      0
2332      0
2333      82
2334      0
2335      0
2336      99
2337      0
2338      0
2339      100
2340      100
2341      0
2342      0
2343      100
2344      0
2345      0
2346      97
2347      82
2348      83
2349      99
2350      0
2351      69
2352      0
2353      0
2354      0
2355      0
2356      0
2357      99
2358      0
2359      0
2360      81
2361      100
2362      0
2363      92
2364      96
2365      99
2366      52
2367      0
2368      0
2369      80
2370      100
2371      0
2372      96
2373      100
2374      0
2375      94
2376      0
2377      93
2378      0
2379      0
2380      97
2381      87
2382      97
2383      86
2384      85
2385      0
2386      84
2387      0
2388      86
2389      0
2390      40
2391      92
2392      0
2393      100
2394      92
2395      86
2396      97
2397      70
2398      87
2399      89
2400      92
2401      95
2402      62
2403      79
2404      0
2405      91
2406      64
2407      0
2408      0
2409      0
2410      98
2411      53
2412      0
2413      0
2414      0
2415      0
2416      0
2417      94
2418      0
2419      88
2420      97
2421      0
2422      68
2423      76
2424      100
2425      89
2426      82
2427      99
2428      83
2429      97
2430      0
2431      0
2432      100
2433      81
2434      99
2435      94
2436      0
2437      0
2438      90
2439      0
2440      50
2441      100
2442      0
2443      86
2444      99
2445      0
2446      72
2447      0
2448      83
2449      0
2450      0
2451      69
2452      0
2453      100
2454      0
2455      0
2456      98
2457      94
2458      100
2459      85
2460      63
2461      0
2462      94
2463      66
2464      0
2465      98
2466      77
2467      0
2468      0
2469      65
2470      86
2471      0
2472      0
2473      0
2474      90
2475      0
2476      0
2477      0
2478      99
2479      0
2480      0
2481      0
2482      97
2483      0
2484      100
2485      97
2486      67
2487      0
2488      66
2489      0
2490      99
2491      99
2492      100
2493      60
2494      63
2495      0
2496      0
2497      94
2498      97
2499      0
       79501.4
