0      99
1      0
2      0
3      87
4      100
5      74
6      100
7      0
8      0
9      80
10      0
11      0
12      0
13      0
14      0
15      57
16      92
17      42
18      0
19      0
20      50
21      74
22      0
23      0
24      0
25      87
26      94
27      67
28      64
29      99
30      0
31      59
32      0
33      0
34      55
35      100
36      99
37      100
38      99
39      62
40      100
41      0
42      81
43      100
44      93
45      100
46      80
47      87
48      0
49      62
50      46
51      0
52      59
53      0
54      0
55      99
56      0
57      0
58      0
59      0
60      100
61      60
62      99
63      96
64      71
65      79
66      0
67      97
68      0
69      99
70      0
71      74
72      100
73      100
74      100
75      0
76      0
77      0
78      52
79      67
80      0
81      0
82      100
83      100
84      0
85      97
86      91
87      92
88      98
89      0
90      58
91      48
92      67
93      0
94      0
95      61
96      71
97      0
98      100
99      0
100      100
101      100
102      93
103      100
104      0
105      59
106      0
107      97
108      0
109      0
110      95
111      0
112      0
113      0
114      100
115      0
116      85
117      98
118      0
119      94
120      100
121      94
122      100
123      0
124      64
125      0
126      84
127      100
128      100
129      94
130      0
131      50
132      99
133      0
134      100
135      100
136      50
137      0
138      81
139      0
140      67
141      0
142      61
143      57
144      76
145      100
146      68
147      0
148      92
149      94
150      0
151      99
152      0
153      100
154      0
155      100
156      76
157      0
158      98
159      49
160      0
161      100
162      100
163      80
164      100
165      100
166      0
167      97
168      0
169      98
170      86
171      0
172      0
173      0
174      86
175      0
176      58
177      0
178      0
179      100
180      0
181      0
182      100
183      0
184      94
185      95
186      100
187      65
188      0
189      96
190      0
191      0
192      75
193      100
194      0
195      0
196      0
197      0
198      80
199      100
200      93
201      100
202      76
203      100
204      0
205      100
206      0
207      0
208      78
209      57
210      0
211      73
212      0
213      73
214      37
215      0
216      0
217      80
218      73
219      96
220      0
221      0
222      53
223      94
224      0
225      0
226      60
227      100
228      96
229      0
230      100
231      0
232      81
233      100
234      71
235      65
236      0
237      69
238      0
239      66
240      62
241      80
242      86
243      86
244      91
245      0
246      0
247      0
248      0
249      87
250      93
251      48
252      100
253      98
254      97
255      0
256      76
257      100
258      0
259      0
260      0
261      0
262      0
263      0
264      0
265      0
266      0
267      97
268      100
269      0
270      98
271      85
272      0
273      0
274      0
275      80
276      99
277      99
278      98
279      0
280      0
281      0
282      83
283      53
284      0
285      53
286      73
287      69
288      100
289      78
290      80
291      81
292      70
293      75
294      46
295      58
296      0
297      99
298      0
299      0
300      81
301      0
302      0
303      60
304      100
305      100
306      55
307      88
308      94
309      93
310      0
311      99
312      100
313      84
314      0
315      76
316      0
317      0
318      62
319      0
320      98
321      93
322      91
323      99
324      0
325      92
326      95
327      99
328      0
329      100
330      69
331      44
332      72
333      100
334      100
335      100
336      0
337      99
338      0
339      0
340      0
341      67
342      98
343      0
344      100
345      0
346      95
347      82
348      100
349      97
350      0
351      0
352      0
353      0
354      0
355      0
356      90
357      99
358      100
359      0
360      0
361      0
362      0
363      63
364      65
365      87
366      0
367      92
368      73
369      0
370      0
371      0
372      70
373      100
374      90
375      100
376      57
377      90
378      0
379      46
380      73
381      0
382      100
383      0
384      83
385      93
386      0
387      98
388      84
389      100
390      0
391      100
392      0
393      100
394      0
395      99
396      76
397      0
398      0
399      0
400      97
401      97
402      100
403      97
404      73
405      0
406      86
407      86
408      0
409      0
410      58
411      0
412      0
413      88
414      0
415      95
416      0
417      89
418      0
419      82
420      50
421      46
422      0
423      0
424      0
425      98
426      100
427      45
428      92
429      95
430      94
431      0
432      0
433      0
434      0
435      82
436      76
437      0
438      0
439      100
440      0
441      78
442      53
443      99
444      0
445      96
446      96
447      0
448      98
449      0
450      99
451      43
452      0
453      96
454      0
455      0
456      0
457      43
458      100
459      0
460      99
461      0
462      0
463      0
464      0
465      99
466      0
467      0
468      0
469      50
470      0
471      0
472      0
473      51
474      0
475      99
476      77
477      100
478      98
479      0
480      0
481      0
482      100
483      95
484      100
485      0
486      0
487      79
488      93
489      100
490      97
491      99
492      75
493      71
494      77
495      82
496      0
497      99
498      55
499      0
       16288.1
