0      82
1      100
2      0
3      60
4      94
5      86
6      100
7      0
8      0
9      51
10      0
11      0
12      100
13      89
14      0
15      100
16      93
17      88
18      100
19      0
20      86
21      100
22      0
23      0
24      100
25      100
26      100
27      84
28      0
29      95
30      0
31      61
32      0
33      39
34      71
35      0
36      53
37      61
38      69
39      0
40      100
41      0
42      0
43      97
44      100
45      85
46      100
47      100
48      100
49      64
50      0
51      0
52      67
53      100
54      0
55      83
56      100
57      0
58      59
59      0
60      0
61      0
62      98
63      0
64      0
65      0
66      0
67      0
68      60
69      100
70      0
71      100
72      80
73      59
74      61
75      96
76      100
77      97
78      98
79      0
80      0
81      93
82      100
83      0
84      0
85      0
86      86
87      0
88      100
89      0
90      89
91      0
92      0
93      0
94      0
95      100
96      83
97      78
98      0
99      73
       2824.74
