0      77
1      0
2      98
3      98
4      0
5      0
6      100
7      0
8      0
9      55
10      100
11      0
12      0
13      96
14      70
15      73
16      0
17      0
18      71
19      0
20      99
21      100
22      0
23      100
24      0
25      64
26      99
27      87
28      0
29      100
30      0
31      0
32      97
33      77
34      0
35      100
36      100
37      83
38      0
39      73
40      0
41      100
42      100
43      74
44      61
45      91
46      0
47      72
48      0
49      0
50      98
51      91
52      61
53      0
54      0
55      0
56      0
57      90
58      0
59      66
60      99
61      0
62      0
63      100
64      99
65      0
66      77
67      100
68      52
69      0
70      0
71      0
72      85
73      0
74      90
75      0
76      100
77      70
78      0
79      0
80      0
81      0
82      0
83      70
84      0
85      0
86      99
87      93
88      100
89      59
90      100
91      81
92      55
93      96
94      0
95      87
96      0
97      100
98      77
99      58
100      0
101      0
102      99
103      77
104      71
105      0
106      0
107      0
108      92
109      0
110      99
111      0
112      100
113      87
114      0
115      0
116      0
117      0
118      100
119      0
120      95
121      0
122      0
123      0
124      65
125      69
126      0
127      100
128      85
129      0
130      0
131      0
132      0
133      100
134      0
135      0
136      0
137      70
138      100
139      31
140      71
141      0
142      73
143      84
144      0
145      50
146      0
147      64
148      98
149      0
150      62
151      51
152      0
153      0
154      96
155      100
156      0
157      0
158      85
159      100
160      0
161      0
162      0
163      99
164      0
165      0
166      0
167      100
168      82
169      0
170      0
171      0
172      72
173      74
174      0
175      68
176      90
177      100
178      0
179      99
180      0
181      52
182      74
183      90
184      0
185      0
186      97
187      77
188      100
189      0
190      85
191      0
192      0
193      91
194      100
195      100
196      0
197      0
198      100
199      0
200      0
201      100
202      92
203      0
204      100
205      94
206      94
207      76
208      100
209      0
210      61
211      100
212      75
213      71
214      100
215      0
216      0
217      100
218      100
219      100
220      100
221      0
222      98
223      0
224      97
225      89
226      0
227      0
228      70
229      0
230      100
231      83
232      0
233      0
234      97
235      69
236      95
237      0
238      98
239      0
240      0
241      99
242      92
243      0
244      100
245      79
246      100
247      100
248      83
249      0
250      81
251      71
252      49
253      100
254      100
255      91
256      89
257      0
258      0
259      0
260      0
261      61
262      45
263      83
264      89
265      0
266      87
267      100
268      100
269      0
270      80
271      98
272      48
273      0
274      59
275      88
276      95
277      99
278      100
279      0
280      0
281      96
282      100
283      0
284      0
285      100
286      100
287      71
288      0
289      0
290      64
291      0
292      0
293      68
294      0
295      0
296      0
297      81
298      63
299      100
300      98
301      0
302      0
303      0
304      99
305      79
306      98
307      0
308      0
309      80
310      0
311      0
312      0
313      0
314      100
315      0
316      84
317      97
318      0
319      94
320      47
321      0
322      80
323      0
324      0
325      99
326      100
327      83
328      80
329      100
330      0
331      100
332      99
333      75
334      100
335      0
336      83
337      81
338      0
339      100
340      74
341      0
342      57
343      87
344      0
345      0
346      100
347      0
348      0
349      0
350      0
351      75
352      0
353      0
354      99
355      0
356      55
357      68
358      87
359      72
360      0
361      0
362      100
363      0
364      0
365      82
366      63
367      74
368      99
369      100
370      90
371      100
372      0
373      100
374      0
375      0
376      100
377      78
378      95
379      99
380      0
381      0
382      59
383      0
384      100
385      0
386      71
387      0
388      0
389      0
390      80
391      75
392      0
393      0
394      99
395      67
396      87
397      55
398      0
399      89
400      100
401      97
402      98
403      0
404      99
405      86
406      85
407      75
408      0
409      99
410      0
411      100
412      0
413      72
414      80
415      100
416      95
417      97
418      0
419      81
420      94
421      0
422      0
423      83
424      100
425      0
426      0
427      84
428      0
429      79
430      99
431      99
432      100
433      100
434      97
435      0
436      97
437      0
438      98
439      0
440      100
441      98
442      100
443      100
444      100
445      0
446      93
447      0
448      0
449      100
450      73
451      100
452      100
453      0
454      86
455      0
456      0
457      100
458      0
459      100
460      0
461      100
462      100
463      93
464      0
465      77
466      0
467      0
468      74
469      0
470      97
471      0
472      74
473      100
474      100
475      99
476      0
477      0
478      77
479      86
480      0
481      47
482      0
483      87
484      0
485      0
486      0
487      70
488      0
489      0
490      81
491      100
492      100
493      0
494      100
495      0
496      43
497      0
498      0
499      0
       15861.4
