0      0
1      92
2      0
3      0
4      94
5      0
6      91
7      100
8      0
9      0
10      82
11      0
12      33
13      0
14      0
15      96
16      0
17      79
18      59
19      0
20      90
21      88
22      100
23      64
24      0
25      0
26      0
27      0
28      0
29      100
30      0
31      0
32      66
33      66
34      93
35      0
36      100
37      77
38      77
39      63
40      95
41      60
42      92
43      0
44      0
45      100
46      0
47      79
48      97
49      93
50      0
51      85
52      95
53      0
54      98
55      98
56      40
57      89
58      83
59      0
60      99
61      85
62      0
63      0
64      0
65      83
66      0
67      80
68      73
69      62
70      94
71      71
72      0
73      94
74      0
75      91
76      0
77      98
78      65
79      0
80      92
81      99
82      0
83      89
84      0
85      0
86      98
87      68
88      86
89      0
90      48
91      92
92      91
93      0
94      0
95      87
96      83
97      92
98      0
99      71
100      0
101      97
102      65
103      0
104      0
105      0
106      89
107      92
108      0
109      74
110      87
111      0
112      0
113      0
114      0
115      87
116      0
117      86
118      41
119      0
120      0
121      0
122      0
123      0
124      0
125      0
126      97
127      0
128      100
129      0
130      54
131      50
132      85
133      0
134      89
135      0
136      50
137      0
138      80
139      0
140      71
141      88
142      90
143      100
144      46
145      0
146      68
147      0
148      0
149      90
150      83
151      0
152      100
153      0
154      0
155      99
156      95
157      0
158      79
159      0
160      100
161      99
162      94
163      88
164      84
165      0
166      0
167      98
168      89
169      94
170      99
171      95
172      0
173      96
174      0
175      0
176      0
177      83
178      71
179      94
180      0
181      90
182      0
183      100
184      87
185      93
186      0
187      0
188      0
189      0
190      0
191      95
192      84
193      97
194      99
195      66
196      0
197      0
198      0
199      0
200      95
201      51
202      90
203      0
204      72
205      0
206      48
207      82
208      0
209      0
210      0
211      98
212      64
213      0
214      75
215      56
216      93
217      0
218      0
219      0
220      99
221      96
222      0
223      53
224      0
225      0
226      94
227      96
228      0
229      0
230      0
231      79
232      94
233      93
234      0
235      0
236      0
237      100
238      100
239      0
240      97
241      82
242      90
243      0
244      91
245      68
246      0
247      0
248      75
249      95
250      0
251      0
252      92
253      67
254      0
255      100
256      0
257      93
258      99
259      68
260      55
261      77
262      0
263      0
264      0
265      0
266      0
267      0
268      0
269      69
270      0
271      0
272      0
273      0
274      45
275      0
276      95
277      99
278      0
279      0
280      94
281      0
282      0
283      0
284      0
285      89
286      99
287      64
288      0
289      50
290      99
291      78
292      81
293      0
294      100
295      0
296      0
297      0
298      100
299      45
300      100
301      0
302      96
303      70
304      96
305      0
306      0
307      85
308      97
309      67
310      0
311      86
312      94
313      99
314      0
315      97
316      0
317      86
318      95
319      0
320      0
321      0
322      0
323      36
324      44
325      56
326      88
327      98
328      96
329      99
330      96
331      71
332      0
333      0
334      96
335      0
336      92
337      50
338      94
339      86
340      0
341      0
342      98
343      0
344      94
345      77
346      97
347      95
348      0
349      100
350      93
351      99
352      87
353      0
354      97
355      0
356      57
357      92
358      91
359      91
360      0
361      86
362      0
363      0
364      0
365      60
366      96
367      97
368      99
369      0
370      0
371      87
372      100
373      0
374      98
375      0
376      63
377      0
378      97
379      91
380      96
381      96
382      91
383      99
384      99
385      95
386      0
387      95
388      0
389      0
390      97
391      90
392      89
393      0
394      57
395      0
396      0
397      0
398      63
399      95
400      96
401      89
402      93
403      98
404      94
405      0
406      0
407      0
408      0
409      0
410      95
411      96
412      0
413      0
414      85
415      0
416      84
417      0
418      0
419      69
420      0
421      98
422      0
423      0
424      97
425      92
426      0
427      92
428      0
429      85
430      0
431      0
432      83
433      73
434      96
435      99
436      0
437      74
438      69
439      98
440      99
441      66
442      0
443      96
444      99
445      68
446      90
447      79
448      0
449      0
450      99
451      0
452      79
453      99
454      59
455      0
456      0
457      0
458      0
459      94
460      89
461      86
462      0
463      86
464      100
465      85
466      93
467      67
468      61
469      0
470      91
471      79
472      99
473      0
474      0
475      99
476      51
477      0
478      0
479      0
480      0
481      0
482      0
483      0
484      0
485      0
486      0
487      0
488      90
489      0
490      0
491      89
492      79
493      98
494      78
495      86
496      73
497      47
498      0
499      100
500      0
501      84
502      79
503      100
504      39
505      98
506      80
507      0
508      0
509      0
510      95
511      98
512      0
513      98
514      89
515      0
516      0
517      0
518      93
519      96
520      0
521      54
522      96
523      0
524      49
525      0
526      0
527      76
528      98
529      92
530      21
531      74
532      97
533      94
534      0
535      80
536      0
537      0
538      84
539      0
540      0
541      91
542      99
543      0
544      0
545      77
546      0
547      94
548      97
549      47
550      0
551      89
552      98
553      0
554      91
555      0
556      96
557      0
558      89
559      0
560      82
561      85
562      0
563      100
564      88
565      98
566      0
567      0
568      81
569      0
570      0
571      0
572      94
573      0
574      82
575      82
576      75
577      85
578      0
579      99
580      0
581      0
582      93
583      0
584      0
585      0
586      100
587      0
588      80
589      91
590      99
591      0
592      66
593      0
594      0
595      0
596      67
597      97
598      0
599      91
600      0
601      0
602      91
603      96
604      85
605      0
606      0
607      97
608      74
609      0
610      70
611      65
612      96
613      76
614      0
615      0
616      80
617      0
618      0
619      96
620      71
621      100
622      100
623      90
624      89
625      99
626      99
627      93
628      95
629      0
630      0
631      100
632      0
633      97
634      96
635      80
636      91
637      0
638      0
639      0
640      0
641      83
642      0
643      96
644      0
645      60
646      0
647      50
648      93
649      89
650      52
651      0
652      0
653      0
654      92
655      89
656      0
657      0
658      94
659      95
660      0
661      81
662      96
663      0
664      0
665      70
666      0
667      85
668      95
669      0
670      67
671      90
672      0
673      83
674      95
675      84
676      0
677      94
678      96
679      95
680      99
681      0
682      69
683      0
684      0
685      96
686      0
687      94
688      0
689      0
690      0
691      50
692      0
693      37
694      100
695      0
696      45
697      67
698      84
699      0
700      94
701      87
702      57
703      90
704      0
705      0
706      52
707      0
708      0
709      0
710      0
711      95
712      77
713      0
714      0
715      91
716      0
717      98
718      58
719      86
720      62
721      0
722      97
723      84
724      0
725      49
726      95
727      0
728      0
729      74
730      0
731      73
732      0
733      69
734      86
735      0
736      0
737      99
738      59
739      0
740      0
741      0
742      85
743      98
744      88
745      98
746      79
747      86
748      97
749      100
750      98
751      0
752      0
753      98
754      93
755      0
756      0
757      95
758      85
759      0
760      95
761      82
762      96
763      76
764      0
765      99
766      0
767      0
768      92
769      68
770      0
771      86
772      99
773      0
774      62
775      0
776      99
777      0
778      0
779      0
780      100
781      0
782      91
783      94
784      0
785      71
786      67
787      87
788      0
789      0
790      94
791      72
792      98
793      97
794      0
795      0
796      98
797      91
798      0
799      82
800      55
801      0
802      88
803      0
804      68
805      100
806      0
807      0
808      97
809      0
810      87
811      88
812      67
813      0
814      100
815      0
816      99
817      0
818      0
819      97
820      0
821      0
822      95
823      96
824      95
825      0
826      0
827      56
828      0
829      89
830      0
831      85
832      0
833      0
834      93
835      0
836      99
837      0
838      47
839      0
840      93
841      82
842      87
843      93
844      100
845      0
846      90
847      0
848      84
849      0
850      84
851      67
852      0
853      29
854      93
855      97
856      94
857      100
858      0
859      0
860      98
861      97
862      98
863      0
864      0
865      0
866      0
867      0
868      83
869      89
870      86
871      78
872      87
873      0
874      90
875      0
876      75
877      45
878      0
879      93
880      98
881      69
882      63
883      89
884      0
885      0
886      0
887      0
888      99
889      0
890      0
891      70
892      0
893      100
894      75
895      86
896      0
897      0
898      0
899      0
900      0
901      63
902      49
903      97
904      62
905      0
906      0
907      95
908      97
909      0
910      21
911      0
912      0
913      45
914      0
915      92
916      98
917      0
918      85
919      61
920      0
921      81
922      0
923      95
924      99
925      92
926      82
927      87
928      0
929      90
930      0
931      0
932      0
933      87
934      0
935      79
936      73
937      78
938      0
939      77
940      92
941      0
942      0
943      83
944      98
945      49
946      0
947      0
948      0
949      96
950      0
951      0
952      0
953      0
954      99
955      69
956      0
957      0
958      0
959      0
960      0
961      97
962      0
963      0
964      0
965      100
966      0
967      0
968      0
969      100
970      95
971      0
972      0
973      82
974      0
975      0
976      0
977      99
978      99
979      80
980      93
981      0
982      98
983      100
984      100
985      0
986      95
987      95
988      0
989      96
990      96
991      100
992      94
993      0
994      98
995      0
996      68
997      0
998      81
999      0
1000      47
1001      69
1002      47
1003      74
1004      91
1005      94
1006      0
1007      0
1008      0
1009      92
1010      61
1011      93
1012      90
1013      0
1014      95
1015      0
1016      94
1017      97
1018      89
1019      99
1020      91
1021      0
1022      0
1023      0
1024      99
1025      0
1026      99
1027      0
1028      100
1029      89
1030      68
1031      88
1032      0
1033      94
1034      96
1035      85
1036      86
1037      0
1038      100
1039      0
1040      0
1041      0
1042      99
1043      0
1044      68
1045      0
1046      40
1047      99
1048      95
1049      69
1050      96
1051      64
1052      0
1053      0
1054      0
1055      94
1056      90
1057      77
1058      0
1059      91
1060      93
1061      94
1062      99
1063      0
1064      0
1065      62
1066      0
1067      0
1068      0
1069      0
1070      0
1071      0
1072      0
1073      68
1074      0
1075      0
1076      48
1077      0
1078      0
1079      99
1080      0
1081      93
1082      0
1083      80
1084      80
1085      0
1086      91
1087      0
1088      61
1089      98
1090      96
1091      95
1092      92
1093      0
1094      93
1095      99
1096      67
1097      0
1098      51
1099      86
1100      96
1101      96
1102      0
1103      0
1104      66
1105      97
1106      0
1107      67
1108      83
1109      85
1110      0
1111      99
1112      84
1113      0
1114      0
1115      96
1116      0
1117      74
1118      66
1119      0
1120      77
1121      0
1122      0
1123      0
1124      96
1125      0
1126      0
1127      0
1128      0
1129      62
1130      99
1131      0
1132      84
1133      0
1134      77
1135      0
1136      94
1137      98
1138      0
1139      0
1140      89
1141      89
1142      85
1143      0
1144      0
1145      92
1146      0
1147      0
1148      0
1149      88
1150      70
1151      78
1152      93
1153      98
1154      83
1155      81
1156      67
1157      98
1158      100
1159      100
1160      0
1161      63
1162      0
1163      100
1164      97
1165      0
1166      0
1167      100
1168      0
1169      83
1170      0
1171      90
1172      100
1173      0
1174      95
1175      0
1176      0
1177      95
1178      87
1179      84
1180      0
1181      0
1182      93
1183      99
1184      84
1185      74
1186      0
1187      85
1188      77
1189      0
1190      100
1191      92
1192      0
1193      96
1194      0
1195      42
1196      99
1197      0
1198      89
1199      99
1200      0
1201      94
1202      100
1203      0
1204      0
1205      92
1206      93
1207      98
1208      99
1209      96
1210      98
1211      92
1212      87
1213      83
1214      0
1215      83
1216      0
1217      68
1218      98
1219      0
1220      85
1221      97
1222      0
1223      0
1224      0
1225      76
1226      98
1227      57
1228      99
1229      49
1230      55
1231      0
1232      53
1233      98
1234      0
1235      0
1236      96
1237      72
1238      82
1239      0
1240      0
1241      0
1242      88
1243      97
1244      89
1245      0
1246      0
1247      0
1248      0
1249      81
1250      0
1251      92
1252      0
1253      64
1254      92
1255      82
1256      90
1257      51
1258      62
1259      82
1260      0
1261      96
1262      0
1263      99
1264      87
1265      94
1266      0
1267      78
1268      0
1269      48
1270      0
1271      96
1272      0
1273      0
1274      78
1275      100
1276      0
1277      0
1278      0
1279      93
1280      88
1281      0
1282      85
1283      0
1284      0
1285      100
1286      100
1287      100
1288      0
1289      84
1290      0
1291      0
1292      62
1293      0
1294      100
1295      84
1296      0
1297      95
1298      72
1299      86
1300      91
1301      92
1302      98
1303      97
1304      88
1305      0
1306      59
1307      0
1308      59
1309      99
1310      87
1311      84
1312      56
1313      0
1314      13
1315      0
1316      92
1317      77
1318      99
1319      96
1320      74
1321      73
1322      99
1323      0
1324      0
1325      92
1326      0
1327      99
1328      96
1329      0
1330      88
1331      0
1332      76
1333      96
1334      100
1335      97
1336      0
1337      50
1338      0
1339      98
1340      0
1341      76
1342      60
1343      94
1344      78
1345      94
1346      73
1347      0
1348      0
1349      0
1350      97
1351      0
1352      95
1353      0
1354      88
1355      100
1356      95
1357      0
1358      0
1359      95
1360      0
1361      100
1362      0
1363      0
1364      53
1365      0
1366      0
1367      0
1368      87
1369      0
1370      55
1371      78
1372      97
1373      64
1374      94
1375      0
1376      81
1377      80
1378      56
1379      96
1380      77
1381      98
1382      99
1383      94
1384      77
1385      82
1386      91
1387      0
1388      0
1389      76
1390      98
1391      64
1392      92
1393      0
1394      0
1395      77
1396      98
1397      0
1398      86
1399      0
1400      98
1401      100
1402      59
1403      0
1404      74
1405      87
1406      59
1407      0
1408      0
1409      0
1410      0
1411      0
1412      73
1413      0
1414      93
1415      86
1416      67
1417      0
1418      96
1419      67
1420      98
1421      96
1422      0
1423      46
1424      0
1425      87
1426      88
1427      86
1428      0
1429      0
1430      87
1431      96
1432      0
1433      0
1434      76
1435      96
1436      93
1437      0
1438      73
1439      66
1440      0
1441      81
1442      0
1443      91
1444      85
1445      0
1446      0
1447      0
1448      0
1449      88
1450      0
1451      98
1452      81
1453      100
1454      100
1455      0
1456      50
1457      99
1458      70
1459      93
1460      72
1461      0
1462      87
1463      92
1464      77
1465      99
1466      99
1467      0
1468      0
1469      0
1470      74
1471      82
1472      0
1473      76
1474      98
1475      82
1476      0
1477      92
1478      0
1479      75
1480      0
1481      70
1482      97
1483      83
1484      66
1485      90
1486      0
1487      0
1488      0
1489      68
1490      0
1491      90
1492      100
1493      97
1494      0
1495      0
1496      0
1497      97
1498      81
1499      0
1500      95
1501      45
1502      67
1503      0
1504      0
1505      98
1506      93
1507      100
1508      0
1509      0
1510      87
1511      76
1512      0
1513      100
1514      0
1515      99
1516      66
1517      95
1518      0
1519      61
1520      94
1521      0
1522      0
1523      59
1524      97
1525      0
1526      48
1527      57
1528      0
1529      94
1530      98
1531      89
1532      98
1533      99
1534      0
1535      0
1536      0
1537      0
1538      85
1539      0
1540      86
1541      86
1542      0
1543      0
1544      53
1545      49
1546      95
1547      0
1548      0
1549      95
1550      0
1551      0
1552      0
1553      97
1554      95
1555      86
1556      0
1557      66
1558      0
1559      90
1560      98
1561      98
1562      89
1563      0
1564      69
1565      95
1566      0
1567      98
1568      0
1569      78
1570      94
1571      0
1572      0
1573      0
1574      59
1575      0
1576      0
1577      97
1578      99
1579      83
1580      87
1581      0
1582      93
1583      93
1584      98
1585      96
1586      0
1587      44
1588      0
1589      0
1590      69
1591      85
1592      0
1593      96
1594      99
1595      89
1596      84
1597      97
1598      73
1599      99
1600      91
1601      0
1602      60
1603      86
1604      0
1605      99
1606      0
1607      0
1608      0
1609      96
1610      0
1611      89
1612      76
1613      0
1614      83
1615      45
1616      0
1617      91
1618      0
1619      97
1620      0
1621      0
1622      79
1623      0
1624      0
1625      80
1626      0
1627      0
1628      82
1629      96
1630      95
1631      60
1632      86
1633      0
1634      0
1635      90
1636      0
1637      0
1638      0
1639      0
1640      0
1641      54
1642      94
1643      0
1644      49
1645      0
1646      100
1647      84
1648      0
1649      0
1650      82
1651      94
1652      0
1653      0
1654      79
1655      0
1656      0
1657      97
1658      0
1659      82
1660      0
1661      48
1662      97
1663      88
1664      71
1665      0
1666      90
1667      92
1668      79
1669      0
1670      99
1671      97
1672      98
1673      90
1674      74
1675      0
1676      74
1677      0
1678      65
1679      0
1680      71
1681      0
1682      0
1683      0
1684      100
1685      0
1686      93
1687      0
1688      0
1689      59
1690      0
1691      0
1692      90
1693      97
1694      87
1695      0
1696      0
1697      0
1698      0
1699      71
1700      86
1701      81
1702      0
1703      0
1704      0
1705      57
1706      0
1707      86
1708      0
1709      0
1710      0
1711      61
1712      0
1713      99
1714      81
1715      99
1716      0
1717      0
1718      84
1719      94
1720      80
1721      97
1722      0
1723      68
1724      0
1725      99
1726      0
1727      90
1728      0
1729      66
1730      0
1731      97
1732      95
1733      0
1734      0
1735      0
1736      100
1737      0
1738      0
1739      100
1740      0
1741      0
1742      95
1743      95
1744      95
1745      97
1746      0
1747      91
1748      100
1749      0
1750      94
1751      0
1752      0
1753      0
1754      0
1755      72
1756      0
1757      0
1758      0
1759      86
1760      95
1761      0
1762      0
1763      0
1764      0
1765      77
1766      0
1767      0
1768      65
1769      100
1770      0
1771      99
1772      51
1773      0
1774      0
1775      54
1776      100
1777      61
1778      0
1779      90
1780      98
1781      0
1782      72
1783      92
1784      0
1785      0
1786      0
1787      0
1788      0
1789      98
1790      0
1791      0
1792      0
1793      69
1794      92
1795      0
1796      85
1797      0
1798      96
1799      98
1800      96
1801      0
1802      84
1803      85
1804      0
1805      70
1806      0
1807      0
1808      0
1809      0
1810      56
1811      72
1812      0
1813      0
1814      78
1815      100
1816      100
1817      99
1818      51
1819      58
1820      0
1821      67
1822      84
1823      0
1824      0
1825      91
1826      59
1827      99
1828      95
1829      0
1830      93
1831      96
1832      93
1833      98
1834      0
1835      77
1836      100
1837      65
1838      94
1839      68
1840      89
1841      0
1842      0
1843      0
1844      97
1845      84
1846      0
1847      95
1848      96
1849      0
1850      0
1851      0
1852      100
1853      91
1854      100
1855      90
1856      49
1857      0
1858      91
1859      0
1860      97
1861      0
1862      92
1863      0
1864      0
1865      72
1866      72
1867      98
1868      74
1869      0
1870      100
1871      0
1872      0
1873      0
1874      63
1875      0
1876      95
1877      85
1878      0
1879      70
1880      0
1881      0
1882      0
1883      0
1884      73
1885      91
1886      96
1887      0
1888      89
1889      57
1890      91
1891      95
1892      95
1893      0
1894      95
1895      96
1896      91
1897      78
1898      0
1899      99
1900      90
1901      40
1902      96
1903      92
1904      0
1905      0
1906      0
1907      73
1908      0
1909      0
1910      95
1911      0
1912      91
1913      97
1914      65
1915      0
1916      99
1917      98
1918      59
1919      0
1920      99
1921      85
1922      52
1923      0
1924      100
1925      89
1926      0
1927      92
1928      0
1929      0
1930      0
1931      98
1932      99
1933      0
1934      89
1935      78
1936      0
1937      0
1938      100
1939      0
1940      0
1941      0
1942      87
1943      0
1944      95
1945      66
1946      91
1947      95
1948      100
1949      55
1950      96
1951      0
1952      99
1953      77
1954      0
1955      0
1956      59
1957      83
1958      0
1959      99
1960      49
1961      0
1962      0
1963      0
1964      0
1965      65
1966      48
1967      92
1968      78
1969      99
1970      81
1971      99
1972      87
1973      85
1974      91
1975      83
1976      96
1977      92
1978      0
1979      98
1980      92
1981      0
1982      64
1983      93
1984      0
1985      64
1986      91
1987      99
1988      94
1989      95
1990      53
1991      96
1992      96
1993      0
1994      62
1995      0
1996      85
1997      91
1998      94
1999      88
2000      67
2001      0
2002      75
2003      100
2004      100
2005      92
2006      88
2007      0
2008      0
2009      0
2010      98
2011      95
2012      99
2013      86
2014      74
2015      100
2016      54
2017      0
2018      0
2019      99
2020      0
2021      0
2022      0
2023      0
2024      0
2025      92
2026      88
2027      0
2028      92
2029      94
2030      58
2031      0
2032      93
2033      70
2034      0
2035      0
2036      0
2037      96
2038      70
2039      66
2040      61
2041      98
2042      0
2043      0
2044      98
2045      96
2046      0
2047      100
2048      0
2049      69
2050      98
2051      0
2052      76
2053      93
2054      99
2055      59
2056      0
2057      0
2058      0
2059      69
2060      96
2061      99
2062      71
2063      97
2064      89
2065      0
2066      81
2067      99
2068      79
2069      50
2070      96
2071      0
2072      87
2073      98
2074      95
2075      83
2076      73
2077      98
2078      96
2079      78
2080      0
2081      97
2082      66
2083      91
2084      0
2085      0
2086      85
2087      0
2088      0
2089      91
2090      87
2091      98
2092      85
2093      71
2094      97
2095      85
2096      0
2097      100
2098      77
2099      96
2100      0
2101      0
2102      91
2103      0
2104      98
2105      96
2106      0
2107      0
2108      81
2109      0
2110      0
2111      0
2112      0
2113      0
2114      0
2115      97
2116      95
2117      0
2118      93
2119      0
2120      0
2121      53
2122      0
2123      0
2124      85
2125      0
2126      92
2127      79
2128      0
2129      0
2130      0
2131      0
2132      0
2133      0
2134      0
2135      94
2136      0
2137      89
2138      0
2139      0
2140      0
2141      0
2142      0
2143      89
2144      90
2145      93
2146      58
2147      0
2148      95
2149      64
2150      88
2151      0
2152      100
2153      88
2154      100
2155      100
2156      81
2157      0
2158      99
2159      77
2160      96
2161      96
2162      0
2163      97
2164      100
2165      62
2166      32
2167      99
2168      54
2169      91
2170      90
2171      99
2172      92
2173      0
2174      0
2175      94
2176      79
2177      62
2178      100
2179      99
2180      0
2181      0
2182      71
2183      100
2184      95
2185      0
2186      92
2187      0
2188      95
2189      97
2190      0
2191      65
2192      97
2193      53
2194      93
2195      0
2196      0
2197      0
2198      95
2199      89
2200      98
2201      0
2202      76
2203      0
2204      0
2205      0
2206      0
2207      80
2208      98
2209      0
2210      0
2211      0
2212      0
2213      0
2214      0
2215      57
2216      99
2217      0
2218      90
2219      0
2220      0
2221      37
2222      96
2223      99
2224      96
2225      96
2226      0
2227      0
2228      76
2229      97
2230      90
2231      99
2232      0
2233      0
2234      0
2235      82
2236      0
2237      86
2238      78
2239      0
2240      96
2241      61
2242      98
2243      0
2244      99
2245      0
2246      97
2247      40
2248      97
2249      91
2250      96
2251      34
2252      0
2253      0
2254      97
2255      0
2256      85
2257      84
2258      94
2259      87
2260      77
2261      75
2262      0
2263      0
2264      0
2265      0
2266      95
2267      0
2268      0
2269      99
2270      100
2271      0
2272      0
2273      0
2274      92
2275      95
2276      82
2277      43
2278      86
2279      98
2280      97
2281      0
2282      97
2283      65
2284      81
2285      92
2286      93
2287      74
2288      0
2289      95
2290      0
2291      100
2292      69
2293      98
2294      0
2295      48
2296      57
2297      67
2298      64
2299      99
2300      93
2301      0
2302      89
2303      100
2304      0
2305      78
2306      78
2307      96
2308      93
2309      98
2310      60
2311      0
2312      0
2313      85
2314      90
2315      31
2316      0
2317      53
2318      89
2319      78
2320      88
2321      0
2322      63
2323      90
2324      89
2325      0
2326      0
2327      0
2328      98
2329      88
2330      0
2331      0
2332      0
2333      0
2334      86
2335      84
2336      0
2337      79
2338      0
2339      0
2340      96
2341      100
2342      0
2343      0
2344      0
2345      0
2346      96
2347      93
2348      87
2349      77
2350      0
2351      97
2352      88
2353      87
2354      0
2355      0
2356      73
2357      100
2358      62
2359      64
2360      86
2361      0
2362      0
2363      0
2364      0
2365      97
2366      0
2367      99
2368      0
2369      70
2370      0
2371      91
2372      0
2373      0
2374      94
2375      95
2376      0
2377      90
2378      99
2379      0
2380      71
2381      96
2382      96
2383      0
2384      0
2385      0
2386      0
2387      93
2388      71
2389      80
2390      0
2391      98
2392      0
2393      87
2394      0
2395      0
2396      0
2397      79
2398      97
2399      0
2400      0
2401      94
2402      86
2403      92
2404      96
2405      0
2406      87
2407      99
2408      0
2409      85
2410      0
2411      83
2412      0
2413      94
2414      0
2415      0
2416      100
2417      71
2418      71
2419      98
2420      0
2421      0
2422      0
2423      63
2424      0
2425      0
2426      0
2427      85
2428      0
2429      79
2430      0
2431      0
2432      0
2433      0
2434      85
2435      95
2436      0
2437      82
2438      63
2439      99
2440      85
2441      0
2442      98
2443      98
2444      95
2445      0
2446      0
2447      0
2448      96
2449      0
2450      56
2451      90
2452      94
2453      89
2454      0
2455      54
2456      0
2457      74
2458      0
2459      0
2460      77
2461      83
2462      0
2463      0
2464      0
2465      95
2466      99
2467      94
2468      0
2469      86
2470      0
2471      0
2472      100
2473      0
2474      63
2475      0
2476      100
2477      0
2478      0
2479      89
2480      82
2481      0
2482      87
2483      0
2484      91
2485      0
2486      0
2487      0
2488      0
2489      0
2490      0
2491      0
2492      97
2493      0
2494      80
2495      0
2496      70
2497      0
2498      96
2499      0
       78995.6
