0      93
1      0
2      0
3      0
4      0
5      85
6      97
7      97
8      68
9      0
10      0
11      0
12      0
13      79
14      84
15      96
16      65
17      0
18      0
19      77
20      92
21      96
22      0
23      0
24      0
25      0
26      70
27      95
28      84
29      0
30      100
31      0
32      95
33      99
34      0
35      0
36      0
37      0
38      66
39      0
40      100
41      0
42      80
43      84
44      0
45      0
46      74
47      43
48      74
49      69
50      94
51      75
52      0
53      0
54      0
55      95
56      0
57      0
58      0
59      99
60      0
61      43
62      76
63      71
64      86
65      0
66      0
67      73
68      0
69      38
70      89
71      0
72      0
73      47
74      94
75      0
76      0
77      98
78      0
79      88
80      0
81      0
82      92
83      95
84      0
85      0
86      82
87      0
88      46
89      76
90      95
91      0
92      89
93      88
94      40
95      0
96      0
97      89
98      78
99      99
100      98
101      99
102      0
103      94
104      82
105      0
106      0
107      0
108      72
109      96
110      98
111      0
112      0
113      85
114      47
115      0
116      79
117      95
118      0
119      98
120      98
121      98
122      0
123      96
124      0
125      0
126      0
127      94
128      0
129      97
130      66
131      99
132      0
133      99
134      0
135      76
136      0
137      97
138      0
139      0
140      0
141      91
142      85
143      92
144      0
145      0
146      91
147      40
148      0
149      99
150      0
151      95
152      79
153      0
154      71
155      56
156      0
157      54
158      94
159      0
160      98
161      0
162      0
163      94
164      0
165      89
166      84
167      75
168      0
169      57
170      0
171      0
172      100
173      97
174      91
175      100
176      0
177      94
178      44
179      0
180      88
181      0
182      94
183      96
184      95
185      76
186      0
187      0
188      58
189      98
190      84
191      83
192      69
193      100
194      74
195      95
196      0
197      83
198      0
199      100
200      67
201      0
202      93
203      100
204      93
205      0
206      0
207      0
208      0
209      0
210      80
211      92
212      0
213      64
214      0
215      66
216      86
217      97
218      78
219      0
220      0
221      0
222      87
223      0
224      0
225      81
226      56
227      89
228      91
229      0
230      0
231      0
232      67
233      63
234      75
235      0
236      62
237      100
238      0
239      0
240      100
241      0
242      90
243      0
244      48
245      95
246      47
247      87
248      0
249      89
250      84
251      92
252      71
253      85
254      100
255      84
256      0
257      95
258      0
259      79
260      0
261      50
262      74
263      0
264      69
265      0
266      100
267      61
268      99
269      99
270      0
271      0
272      0
273      52
274      92
275      0
276      93
277      0
278      0
279      97
280      0
281      98
282      100
283      88
284      93
285      85
286      88
287      0
288      0
289      36
290      0
291      0
292      0
293      58
294      78
295      0
296      92
297      84
298      0
299      95
300      99
301      0
302      0
303      0
304      0
305      0
306      99
307      0
308      74
309      81
310      0
311      87
312      0
313      90
314      0
315      83
316      94
317      50
318      0
319      0
320      0
321      85
322      0
323      100
324      82
325      99
326      0
327      58
328      0
329      0
330      0
331      0
332      0
333      87
334      91
335      0
336      99
337      74
338      0
339      91
340      0
341      0
342      92
343      94
344      0
345      65
346      0
347      97
348      67
349      0
350      0
351      93
352      0
353      71
354      0
355      0
356      0
357      71
358      96
359      83
360      61
361      97
362      99
363      99
364      96
365      78
366      95
367      0
368      0
369      100
370      98
371      60
372      51
373      84
374      0
375      80
376      0
377      0
378      0
379      94
380      0
381      93
382      100
383      0
384      0
385      0
386      99
387      73
388      62
389      0
390      99
391      100
392      0
393      0
394      0
395      95
396      96
397      83
398      65
399      90
400      82
401      84
402      95
403      96
404      0
405      96
406      0
407      97
408      74
409      0
410      88
411      70
412      0
413      65
414      92
415      95
416      98
417      94
418      0
419      91
420      76
421      60
422      100
423      71
424      71
425      98
426      0
427      0
428      0
429      0
430      71
431      45
432      0
433      0
434      0
435      0
436      63
437      0
438      88
439      0
440      94
441      90
442      0
443      71
444      91
445      100
446      67
447      75
448      70
449      57
450      0
451      100
452      0
453      72
454      0
455      0
456      97
457      0
458      0
459      91
460      0
461      0
462      80
463      98
464      53
465      0
466      90
467      93
468      0
469      0
470      76
471      81
472      89
473      82
474      95
475      0
476      0
477      70
478      0
479      80
480      98
481      0
482      79
483      60
484      0
485      0
486      0
487      0
488      0
489      92
490      65
491      76
492      0
493      0
494      98
495      0
496      54
497      74
498      87
499      93
500      79
501      89
502      0
503      0
504      99
505      0
506      0
507      91
508      68
509      84
510      97
511      0
512      99
513      100
514      0
515      94
516      0
517      0
518      97
519      94
520      0
521      77
522      0
523      85
524      90
525      97
526      0
527      0
528      99
529      81
530      95
531      91
532      0
533      30
534      0
535      95
536      0
537      79
538      0
539      91
540      96
541      0
542      69
543      0
544      69
545      100
546      52
547      0
548      0
549      47
550      0
551      76
552      94
553      0
554      98
555      100
556      88
557      94
558      100
559      66
560      71
561      98
562      98
563      78
564      65
565      0
566      95
567      39
568      49
569      47
570      88
571      77
572      0
573      79
574      74
575      0
576      0
577      95
578      0
579      85
580      70
581      90
582      0
583      43
584      55
585      0
586      0
587      88
588      0
589      98
590      53
591      74
592      87
593      100
594      57
595      0
596      0
597      100
598      0
599      0
600      0
601      88
602      96
603      0
604      0
605      95
606      78
607      93
608      0
609      0
610      95
611      0
612      54
613      88
614      91
615      100
616      97
617      76
618      0
619      0
620      69
621      85
622      0
623      0
624      55
625      0
626      0
627      66
628      57
629      98
630      0
631      0
632      0
633      96
634      75
635      100
636      0
637      0
638      90
639      0
640      100
641      96
642      0
643      87
644      86
645      0
646      0
647      84
648      52
649      0
650      0
651      0
652      67
653      0
654      0
655      0
656      0
657      98
658      92
659      100
660      0
661      100
662      0
663      0
664      84
665      88
666      0
667      0
668      65
669      0
670      0
671      0
672      100
673      0
674      0
675      92
676      93
677      0
678      0
679      0
680      0
681      0
682      57
683      74
684      98
685      82
686      97
687      94
688      0
689      92
690      0
691      0
692      0
693      99
694      90
695      95
696      0
697      0
698      0
699      0
700      0
701      100
702      91
703      0
704      0
705      95
706      0
707      0
708      0
709      0
710      0
711      0
712      65
713      0
714      95
715      0
716      0
717      0
718      0
719      98
720      0
721      0
722      96
723      100
724      94
725      0
726      0
727      97
728      85
729      61
730      100
731      96
732      0
733      58
734      97
735      59
736      0
737      0
738      98
739      0
740      60
741      0
742      81
743      47
744      0
745      77
746      91
747      98
748      0
749      79
750      0
751      0
752      83
753      97
754      53
755      0
756      0
757      0
758      55
759      0
760      72
761      0
762      77
763      0
764      97
765      85
766      72
767      96
768      89
769      0
770      0
771      43
772      0
773      56
774      99
775      0
776      0
777      52
778      0
779      0
780      98
781      85
782      0
783      82
784      91
785      78
786      0
787      97
788      0
789      0
790      94
791      0
792      96
793      59
794      54
795      0
796      0
797      91
798      0
799      100
800      96
801      0
802      67
803      35
804      0
805      99
806      68
807      59
808      94
809      93
810      0
811      70
812      98
813      0
814      0
815      0
816      0
817      95
818      93
819      100
820      87
821      83
822      98
823      65
824      0
825      69
826      96
827      96
828      0
829      0
830      95
831      94
832      96
833      97
834      0
835      100
836      93
837      100
838      0
839      93
840      0
841      98
842      96
843      0
844      0
845      0
846      0
847      0
848      99
849      97
850      99
851      69
852      80
853      0
854      89
855      0
856      0
857      0
858      99
859      76
860      0
861      84
862      80
863      70
864      0
865      97
866      0
867      92
868      97
869      100
870      0
871      61
872      79
873      0
874      87
875      0
876      58
877      38
878      0
879      56
880      94
881      0
882      96
883      0
884      98
885      78
886      0
887      0
888      0
889      0
890      95
891      0
892      92
893      97
894      82
895      100
896      100
897      68
898      100
899      93
900      0
901      0
902      65
903      0
904      0
905      73
906      91
907      0
908      76
909      0
910      83
911      75
912      73
913      98
914      0
915      0
916      82
917      0
918      92
919      97
920      91
921      96
922      0
923      0
924      100
925      0
926      0
927      0
928      99
929      93
930      100
931      49
932      85
933      99
934      72
935      0
936      97
937      0
938      52
939      89
940      73
941      0
942      0
943      96
944      93
945      0
946      93
947      0
948      0
949      0
950      0
951      96
952      0
953      98
954      86
955      84
956      92
957      69
958      83
959      0
960      98
961      0
962      93
963      93
964      0
965      0
966      94
967      100
968      0
969      0
970      52
971      0
972      95
973      86
974      83
975      0
976      64
977      0
978      0
979      0
980      0
981      94
982      0
983      92
984      72
985      0
986      99
987      0
988      0
989      76
990      0
991      94
992      100
993      0
994      0
995      0
996      0
997      65
998      0
999      94
1000      0
1001      0
1002      97
1003      98
1004      53
1005      93
1006      100
1007      0
1008      58
1009      0
1010      86
1011      0
1012      0
1013      100
1014      99
1015      82
1016      79
1017      0
1018      0
1019      84
1020      100
1021      85
1022      98
1023      0
1024      75
1025      0
1026      0
1027      0
1028      100
1029      65
1030      0
1031      96
1032      87
1033      97
1034      76
1035      0
1036      78
1037      0
1038      0
1039      98
1040      95
1041      72
1042      0
1043      87
1044      92
1045      86
1046      77
1047      71
1048      98
1049      0
1050      91
1051      86
1052      90
1053      81
1054      97
1055      90
1056      0
1057      97
1058      0
1059      0
1060      0
1061      81
1062      0
1063      91
1064      0
1065      0
1066      92
1067      73
1068      70
1069      100
1070      99
1071      94
1072      0
1073      90
1074      0
1075      0
1076      99
1077      0
1078      99
1079      0
1080      73
1081      0
1082      54
1083      97
1084      0
1085      93
1086      0
1087      97
1088      0
1089      0
1090      87
1091      0
1092      96
1093      98
1094      0
1095      91
1096      96
1097      0
1098      93
1099      98
1100      0
1101      0
1102      42
1103      0
1104      51
1105      93
1106      30
1107      80
1108      63
1109      0
1110      84
1111      72
1112      97
1113      100
1114      80
1115      93
1116      87
1117      63
1118      86
1119      86
1120      98
1121      0
1122      0
1123      100
1124      98
1125      0
1126      0
1127      97
1128      92
1129      87
1130      94
1131      91
1132      0
1133      0
1134      0
1135      99
1136      75
1137      98
1138      94
1139      0
1140      0
1141      0
1142      95
1143      0
1144      82
1145      0
1146      0
1147      98
1148      0
1149      67
1150      0
1151      49
1152      84
1153      58
1154      96
1155      0
1156      0
1157      0
1158      0
1159      98
1160      77
1161      100
1162      71
1163      0
1164      0
1165      0
1166      0
1167      0
1168      90
1169      0
1170      93
1171      97
1172      0
1173      89
1174      83
1175      0
1176      0
1177      0
1178      0
1179      89
1180      0
1181      48
1182      0
1183      0
1184      0
1185      97
1186      0
1187      83
1188      96
1189      0
1190      0
1191      97
1192      89
1193      0
1194      0
1195      99
1196      0
1197      91
1198      62
1199      96
1200      0
1201      63
1202      96
1203      0
1204      63
1205      88
1206      0
1207      93
1208      0
1209      0
1210      0
1211      0
1212      0
1213      0
1214      0
1215      0
1216      99
1217      65
1218      97
1219      0
1220      97
1221      89
1222      0
1223      96
1224      96
1225      0
1226      99
1227      0
1228      100
1229      76
1230      93
1231      74
1232      40
1233      95
1234      0
1235      0
1236      87
1237      0
1238      0
1239      0
1240      98
1241      99
1242      86
1243      97
1244      0
1245      96
1246      0
1247      93
1248      91
1249      90
1250      92
1251      49
1252      0
1253      96
1254      97
1255      0
1256      89
1257      0
1258      94
1259      98
1260      0
1261      98
1262      57
1263      96
1264      96
1265      93
1266      89
1267      66
1268      100
1269      100
1270      99
1271      0
1272      93
1273      93
1274      93
1275      86
1276      0
1277      0
1278      0
1279      0
1280      92
1281      0
1282      93
1283      67
1284      0
1285      85
1286      0
1287      61
1288      48
1289      85
1290      100
1291      0
1292      0
1293      55
1294      87
1295      0
1296      0
1297      97
1298      91
1299      0
1300      0
1301      0
1302      64
1303      0
1304      98
1305      99
1306      0
1307      98
1308      93
1309      0
1310      0
1311      0
1312      86
1313      0
1314      94
1315      83
1316      0
1317      0
1318      0
1319      63
1320      76
1321      0
1322      90
1323      0
1324      97
1325      89
1326      67
1327      79
1328      76
1329      81
1330      48
1331      0
1332      65
1333      87
1334      86
1335      100
1336      0
1337      84
1338      0
1339      99
1340      0
1341      96
1342      84
1343      0
1344      64
1345      70
1346      53
1347      92
1348      100
1349      0
1350      0
1351      0
1352      0
1353      52
1354      91
1355      84
1356      96
1357      99
1358      64
1359      76
1360      94
1361      94
1362      78
1363      0
1364      0
1365      70
1366      98
1367      73
1368      99
1369      0
1370      93
1371      0
1372      51
1373      89
1374      53
1375      94
1376      77
1377      95
1378      0
1379      0
1380      68
1381      0
1382      0
1383      91
1384      0
1385      97
1386      93
1387      94
1388      100
1389      82
1390      0
1391      85
1392      0
1393      0
1394      0
1395      0
1396      100
1397      67
1398      69
1399      94
1400      93
1401      0
1402      0
1403      0
1404      70
1405      97
1406      96
1407      0
1408      95
1409      0
1410      0
1411      98
1412      0
1413      0
1414      91
1415      0
1416      100
1417      98
1418      0
1419      89
1420      50
1421      0
1422      0
1423      0
1424      70
1425      0
1426      96
1427      97
1428      65
1429      0
1430      0
1431      80
1432      86
1433      0
1434      0
1435      0
1436      94
1437      0
1438      0
1439      0
1440      82
1441      73
1442      0
1443      77
1444      95
1445      74
1446      99
1447      100
1448      91
1449      95
1450      86
1451      100
1452      80
1453      73
1454      88
1455      88
1456      0
1457      92
1458      100
1459      83
1460      0
1461      0
1462      94
1463      78
1464      0
1465      0
1466      100
1467      79
1468      86
1469      85
1470      89
1471      96
1472      64
1473      0
1474      0
1475      0
1476      83
1477      0
1478      81
1479      99
1480      0
1481      52
1482      0
1483      89
1484      0
1485      0
1486      88
1487      92
1488      91
1489      70
1490      97
1491      88
1492      0
1493      100
1494      0
1495      85
1496      97
1497      0
1498      69
1499      97
1500      90
1501      92
1502      0
1503      0
1504      0
1505      0
1506      0
1507      0
1508      92
1509      0
1510      0
1511      61
1512      0
1513      94
1514      54
1515      92
1516      99
1517      100
1518      59
1519      99
1520      0
1521      0
1522      0
1523      72
1524      86
1525      0
1526      0
1527      0
1528      0
1529      0
1530      48
1531      99
1532      0
1533      59
1534      0
1535      95
1536      43
1537      84
1538      98
1539      81
1540      0
1541      0
1542      89
1543      98
1544      86
1545      93
1546      0
1547      0
1548      62
1549      0
1550      87
1551      100
1552      96
1553      0
1554      90
1555      0
1556      0
1557      0
1558      100
1559      88
1560      100
1561      34
1562      97
1563      0
1564      0
1565      0
1566      0
1567      96
1568      0
1569      70
1570      100
1571      0
1572      85
1573      91
1574      0
1575      97
1576      50
1577      0
1578      94
1579      75
1580      0
1581      88
1582      0
1583      0
1584      0
1585      0
1586      0
1587      98
1588      95
1589      0
1590      0
1591      0
1592      0
1593      0
1594      90
1595      91
1596      0
1597      43
1598      85
1599      0
1600      0
1601      97
1602      0
1603      0
1604      100
1605      0
1606      64
1607      97
1608      63
1609      0
1610      82
1611      98
1612      0
1613      90
1614      0
1615      0
1616      66
1617      0
1618      53
1619      95
1620      92
1621      59
1622      0
1623      79
1624      69
1625      0
1626      91
1627      28
1628      98
1629      36
1630      82
1631      0
1632      0
1633      68
1634      96
1635      76
1636      98
1637      91
1638      0
1639      90
1640      91
1641      0
1642      88
1643      0
1644      58
1645      98
1646      0
1647      87
1648      0
1649      54
1650      0
1651      0
1652      98
1653      85
1654      95
1655      55
1656      99
1657      99
1658      0
1659      96
1660      0
1661      0
1662      91
1663      0
1664      0
1665      81
1666      90
1667      0
1668      0
1669      0
1670      100
1671      0
1672      0
1673      48
1674      0
1675      0
1676      0
1677      0
1678      0
1679      90
1680      95
1681      0
1682      0
1683      0
1684      0
1685      0
1686      87
1687      51
1688      95
1689      0
1690      95
1691      82
1692      99
1693      0
1694      99
1695      0
1696      83
1697      0
1698      89
1699      89
1700      0
1701      35
1702      0
1703      96
1704      99
1705      0
1706      77
1707      63
1708      0
1709      94
1710      0
1711      0
1712      64
1713      92
1714      78
1715      98
1716      97
1717      0
1718      81
1719      0
1720      0
1721      0
1722      95
1723      76
1724      0
1725      0
1726      56
1727      0
1728      73
1729      100
1730      0
1731      94
1732      87
1733      96
1734      84
1735      85
1736      0
1737      97
1738      68
1739      80
1740      85
1741      0
1742      0
1743      94
1744      96
1745      0
1746      84
1747      0
1748      86
1749      0
1750      100
1751      0
1752      0
1753      93
1754      0
1755      0
1756      0
1757      0
1758      94
1759      80
1760      0
1761      0
1762      0
1763      37
1764      0
1765      89
1766      98
1767      0
1768      77
1769      97
1770      100
1771      97
1772      89
1773      0
1774      0
1775      51
1776      0
1777      94
1778      100
1779      88
1780      0
1781      0
1782      0
1783      0
1784      87
1785      0
1786      100
1787      57
1788      97
1789      67
1790      100
1791      67
1792      97
1793      85
1794      95
1795      0
1796      91
1797      98
1798      57
1799      74
1800      98
1801      0
1802      93
1803      0
1804      0
1805      0
1806      96
1807      28
1808      97
1809      99
1810      88
1811      94
1812      0
1813      97
1814      71
1815      0
1816      63
1817      92
1818      0
1819      65
1820      0
1821      0
1822      0
1823      89
1824      0
1825      69
1826      0
1827      73
1828      0
1829      0
1830      0
1831      39
1832      0
1833      97
1834      57
1835      98
1836      0
1837      0
1838      0
1839      77
1840      97
1841      0
1842      93
1843      83
1844      96
1845      0
1846      0
1847      73
1848      85
1849      84
1850      95
1851      0
1852      89
1853      85
1854      0
1855      0
1856      92
1857      93
1858      100
1859      94
1860      0
1861      0
1862      97
1863      0
1864      0
1865      0
1866      93
1867      0
1868      90
1869      64
1870      0
1871      99
1872      98
1873      0
1874      77
1875      98
1876      99
1877      0
1878      88
1879      0
1880      85
1881      0
1882      0
1883      0
1884      0
1885      0
1886      0
1887      0
1888      0
1889      97
1890      57
1891      87
1892      99
1893      0
1894      49
1895      0
1896      71
1897      0
1898      100
1899      41
1900      36
1901      0
1902      96
1903      70
1904      89
1905      0
1906      0
1907      93
1908      0
1909      72
1910      0
1911      0
1912      68
1913      95
1914      0
1915      74
1916      0
1917      98
1918      0
1919      87
1920      0
1921      98
1922      76
1923      0
1924      59
1925      99
1926      51
1927      57
1928      89
1929      0
1930      0
1931      69
1932      88
1933      0
1934      100
1935      0
1936      96
1937      96
1938      99
1939      0
1940      74
1941      80
1942      81
1943      0
1944      96
1945      0
1946      0
1947      0
1948      0
1949      0
1950      0
1951      95
1952      0
1953      96
1954      0
1955      92
1956      95
1957      0
1958      99
1959      100
1960      93
1961      0
1962      88
1963      63
1964      81
1965      0
1966      0
1967      96
1968      0
1969      76
1970      0
1971      50
1972      90
1973      0
1974      0
1975      97
1976      0
1977      100
1978      0
1979      0
1980      81
1981      72
1982      0
1983      74
1984      0
1985      95
1986      75
1987      0
1988      87
1989      52
1990      0
1991      86
1992      96
1993      86
1994      96
1995      0
1996      0
1997      92
1998      82
1999      63
2000      44
2001      0
2002      96
2003      0
2004      0
2005      89
2006      0
2007      96
2008      0
2009      83
2010      97
2011      94
2012      83
2013      0
2014      68
2015      0
2016      39
2017      97
2018      96
2019      0
2020      0
2021      100
2022      40
2023      95
2024      57
2025      92
2026      78
2027      93
2028      82
2029      0
2030      85
2031      64
2032      71
2033      0
2034      99
2035      79
2036      93
2037      87
2038      0
2039      0
2040      86
2041      97
2042      100
2043      74
2044      98
2045      0
2046      92
2047      73
2048      76
2049      54
2050      48
2051      0
2052      89
2053      0
2054      97
2055      0
2056      91
2057      70
2058      0
2059      100
2060      0
2061      0
2062      87
2063      0
2064      0
2065      52
2066      100
2067      0
2068      95
2069      90
2070      0
2071      88
2072      0
2073      0
2074      99
2075      92
2076      0
2077      78
2078      71
2079      43
2080      0
2081      0
2082      55
2083      84
2084      99
2085      100
2086      0
2087      94
2088      93
2089      68
2090      97
2091      0
2092      0
2093      0
2094      99
2095      0
2096      0
2097      91
2098      96
2099      88
2100      0
2101      0
2102      95
2103      0
2104      67
2105      0
2106      93
2107      0
2108      0
2109      99
2110      0
2111      77
2112      88
2113      0
2114      0
2115      0
2116      0
2117      0
2118      95
2119      0
2120      97
2121      0
2122      0
2123      67
2124      98
2125      27
2126      0
2127      0
2128      98
2129      86
2130      0
2131      90
2132      98
2133      90
2134      83
2135      0
2136      97
2137      0
2138      0
2139      64
2140      100
2141      75
2142      0
2143      0
2144      81
2145      95
2146      88
2147      77
2148      87
2149      63
2150      0
2151      0
2152      99
2153      58
2154      65
2155      83
2156      80
2157      0
2158      0
2159      96
2160      0
2161      0
2162      93
2163      90
2164      0
2165      0
2166      97
2167      0
2168      0
2169      100
2170      0
2171      0
2172      0
2173      79
2174      0
2175      82
2176      67
2177      84
2178      79
2179      99
2180      0
2181      91
2182      34
2183      92
2184      73
2185      0
2186      90
2187      0
2188      90
2189      94
2190      86
2191      85
2192      0
2193      0
2194      99
2195      100
2196      0
2197      88
2198      53
2199      94
2200      80
2201      0
2202      86
2203      0
2204      99
2205      85
2206      81
2207      0
2208      95
2209      82
2210      0
2211      0
2212      0
2213      86
2214      0
2215      90
2216      0
2217      95
2218      53
2219      0
2220      86
2221      48
2222      0
2223      0
2224      0
2225      94
2226      69
2227      0
2228      0
2229      0
2230      76
2231      0
2232      99
2233      0
2234      0
2235      0
2236      60
2237      0
2238      95
2239      0
2240      0
2241      0
2242      99
2243      0
2244      0
2245      99
2246      81
2247      76
2248      0
2249      0
2250      0
2251      90
2252      89
2253      55
2254      98
2255      0
2256      72
2257      61
2258      0
2259      94
2260      0
2261      95
2262      0
2263      80
2264      66
2265      63
2266      0
2267      84
2268      0
2269      96
2270      94
2271      0
2272      0
2273      83
2274      100
2275      88
2276      86
2277      0
2278      0
2279      99
2280      97
2281      0
2282      93
2283      0
2284      0
2285      0
2286      0
2287      0
2288      0
2289      53
2290      95
2291      98
2292      92
2293      0
2294      78
2295      0
2296      0
2297      99
2298      96
2299      0
2300      52
2301      0
2302      0
2303      86
2304      0
2305      0
2306      0
2307      0
2308      86
2309      73
2310      0
2311      0
2312      98
2313      96
2314      88
2315      0
2316      93
2317      97
2318      67
2319      96
2320      0
2321      88
2322      88
2323      0
2324      0
2325      64
2326      98
2327      79
2328      99
2329      93
2330      0
2331      93
2332      100
2333      0
2334      0
2335      97
2336      96
2337      0
2338      99
2339      0
2340      0
2341      93
2342      98
2343      100
2344      0
2345      0
2346      0
2347      97
2348      72
2349      0
2350      0
2351      91
2352      99
2353      0
2354      49
2355      100
2356      0
2357      90
2358      0
2359      0
2360      0
2361      87
2362      92
2363      0
2364      95
2365      96
2366      94
2367      0
2368      99
2369      0
2370      0
2371      86
2372      0
2373      64
2374      0
2375      0
2376      0
2377      0
2378      81
2379      0
2380      0
2381      0
2382      85
2383      86
2384      73
2385      0
2386      0
2387      97
2388      81
2389      0
2390      69
2391      97
2392      98
2393      0
2394      49
2395      0
2396      66
2397      0
2398      0
2399      83
2400      83
2401      85
2402      65
2403      0
2404      0
2405      74
2406      0
2407      0
2408      0
2409      0
2410      92
2411      86
2412      0
2413      91
2414      92
2415      0
2416      0
2417      0
2418      96
2419      0
2420      0
2421      0
2422      0
2423      57
2424      0
2425      89
2426      0
2427      57
2428      0
2429      98
2430      91
2431      88
2432      0
2433      94
2434      79
2435      99
2436      92
2437      0
2438      90
2439      0
2440      0
2441      67
2442      80
2443      0
2444      100
2445      93
2446      99
2447      0
2448      0
2449      0
2450      0
2451      0
2452      88
2453      66
2454      67
2455      94
2456      94
2457      0
2458      98
2459      91
2460      0
2461      0
2462      0
2463      85
2464      0
2465      98
2466      91
2467      0
2468      0
2469      0
2470      81
2471      98
2472      0
2473      97
2474      97
2475      0
2476      95
2477      0
2478      89
2479      0
2480      0
2481      0
2482      83
2483      0
2484      0
2485      90
2486      67
2487      98
2488      97
2489      99
2490      91
2491      0
2492      0
2493      87
2494      95
2495      0
2496      98
2497      63
2498      92
2499      90
       78811.7
