0      88
1      0
2      0
3      54
4      0
5      92
6      99
7      99
8      0
9      0
10      0
11      0
12      98
13      100
14      0
15      100
16      100
17      94
18      100
19      94
20      62
21      78
22      0
23      0
24      0
25      100
26      46
27      99
28      0
29      99
30      100
31      100
32      100
33      0
34      100
35      0
36      98
37      0
38      68
39      0
40      88
41      99
42      83
43      85
44      99
45      65
46      92
47      94
48      82
49      47
50      52
51      98
52      100
53      0
54      70
55      86
56      0
57      92
58      0
59      0
60      67
61      87
62      87
63      0
64      53
65      88
66      83
67      67
68      71
69      0
70      0
71      72
72      81
73      0
74      0
75      60
76      72
77      0
78      91
79      0
80      48
81      0
82      0
83      0
84      0
85      100
86      49
87      100
88      93
89      100
90      78
91      0
92      0
93      0
94      92
95      100
96      100
97      100
98      0
99      0
100      61
101      0
102      52
103      0
104      41
105      92
106      0
107      93
108      100
109      99
110      0
111      0
112      0
113      73
114      0
115      0
116      0
117      0
118      87
119      0
120      0
121      0
122      0
123      0
124      0
125      0
126      79
127      78
128      60
129      87
130      61
131      100
132      59
133      97
134      0
135      95
136      54
137      63
138      84
139      0
140      0
141      100
142      0
143      0
144      91
145      72
146      60
147      83
148      93
149      0
150      95
151      99
152      0
153      97
154      0
155      0
156      0
157      99
158      0
159      99
160      0
161      100
162      0
163      100
164      55
165      58
166      0
167      98
168      0
169      0
170      93
171      98
172      80
173      96
174      100
175      76
176      100
177      86
178      0
179      80
180      99
181      75
182      0
183      89
184      100
185      0
186      0
187      0
188      86
189      95
190      91
191      0
192      85
193      98
194      94
195      100
196      80
197      49
198      0
199      0
200      0
201      56
202      60
203      0
204      100
205      0
206      68
207      76
208      0
209      52
210      0
211      82
212      100
213      0
214      0
215      0
216      0
217      96
218      100
219      56
220      0
221      79
222      32
223      100
224      0
225      99
226      100
227      0
228      100
229      78
230      100
231      0
232      100
233      96
234      0
235      0
236      99
237      0
238      70
239      0
240      0
241      100
242      100
243      55
244      0
245      0
246      93
247      41
248      83
249      86
250      0
251      58
252      65
253      68
254      0
255      0
256      0
257      45
258      0
259      0
260      84
261      100
262      100
263      100
264      62
265      91
266      76
267      97
268      0
269      0
270      0
271      0
272      62
273      61
274      56
275      0
276      0
277      100
278      0
279      0
280      98
281      95
282      0
283      100
284      0
285      0
286      99
287      0
288      100
289      0
290      0
291      0
292      97
293      100
294      0
295      0
296      0
297      68
298      0
299      0
300      69
301      0
302      100
303      85
304      0
305      0
306      0
307      100
308      92
309      0
310      52
311      100
312      100
313      0
314      95
315      0
316      95
317      0
318      0
319      0
320      0
321      100
322      0
323      0
324      97
325      85
326      0
327      92
328      100
329      98
330      49
331      0
332      56
333      63
334      0
335      50
336      47
337      88
338      85
339      0
340      0
341      0
342      0
343      0
344      100
345      0
346      68
347      0
348      72
349      0
350      0
351      100
352      84
353      100
354      0
355      0
356      0
357      0
358      0
359      86
360      91
361      49
362      95
363      73
364      99
365      100
366      0
367      83
368      0
369      0
370      0
371      0
372      100
373      81
374      0
375      0
376      51
377      100
378      100
379      99
380      0
381      43
382      0
383      0
384      0
385      99
386      90
387      82
388      0
389      0
390      61
391      100
392      99
393      94
394      100
395      100
396      100
397      93
398      67
399      0
400      100
401      100
402      93
403      0
404      100
405      0
406      100
407      98
408      98
409      99
410      0
411      90
412      0
413      100
414      0
415      99
416      99
417      0
418      88
419      41
420      0
421      100
422      31
423      88
424      0
425      90
426      99
427      0
428      56
429      100
430      82
431      96
432      54
433      70
434      97
435      0
436      68
437      100
438      0
439      0
440      0
441      99
442      99
443      82
444      95
445      99
446      0
447      83
448      0
449      0
450      0
451      42
452      0
453      93
454      0
455      0
456      0
457      100
458      50
459      100
460      0
461      0
462      0
463      0
464      100
465      0
466      0
467      0
468      33
469      0
470      69
471      77
472      75
473      100
474      0
475      0
476      0
477      0
478      0
479      71
480      0
481      78
482      97
483      0
484      0
485      51
486      0
487      90
488      92
489      99
490      0
491      0
492      89
493      100
494      100
495      84
496      68
497      0
498      100
499      0
       16642.2
