0      0
1      0
2      0
3      99
4      0
5      57
6      68
7      0
8      0
9      100
10      0
11      40
12      0
13      0
14      65
15      52
16      0
17      75
18      0
19      0
20      90
21      88
22      92
23      0
24      43
25      0
26      0
27      43
28      100
29      88
30      64
31      0
32      56
33      98
34      80
35      100
36      52
37      0
38      100
39      0
40      66
41      92
42      99
43      0
44      0
45      0
46      77
47      99
48      52
49      53
50      82
51      100
52      0
53      99
54      0
55      100
56      57
57      100
58      0
59      63
60      0
61      100
62      0
63      100
64      89
65      67
66      0
67      0
68      0
69      46
70      0
71      0
72      72
73      75
74      71
75      61
76      0
77      0
78      100
79      0
80      100
81      100
82      55
83      0
84      100
85      100
86      0
87      85
88      0
89      100
90      0
91      100
92      0
93      0
94      0
95      0
96      92
97      51
98      0
99      66
100      0
101      0
102      64
103      92
104      0
105      0
106      100
107      0
108      99
109      85
110      78
111      0
112      83
113      95
114      100
115      0
116      94
117      0
118      65
119      0
120      0
121      100
122      100
123      91
124      0
125      0
126      82
127      53
128      0
129      99
130      0
131      63
132      100
133      0
134      99
135      93
136      0
137      0
138      100
139      0
140      0
141      100
142      91
143      0
144      51
145      95
146      89
147      0
148      0
149      95
150      0
151      0
152      0
153      0
154      69
155      100
156      79
157      0
158      0
159      0
160      84
161      74
162      79
163      100
164      0
165      76
166      100
167      100
168      0
169      72
170      100
171      89
172      53
173      100
174      100
175      78
176      79
177      85
178      100
179      88
180      100
181      0
182      100
183      0
184      63
185      100
186      52
187      54
188      75
189      100
190      0
191      0
192      0
193      72
194      0
195      0
196      100
197      59
198      0
199      91
       6901.97
