0      90
1      98
2      73
3      50
4      91
5      0
6      0
7      70
8      0
9      98
10      90
11      74
12      77
13      96
14      0
15      99
16      0
17      95
18      80
19      0
20      64
21      0
22      0
23      67
24      97
25      0
26      94
27      68
28      80
29      84
30      67
31      99
32      74
33      59
34      96
35      73
36      0
37      87
38      97
39      89
40      0
41      0
42      74
43      0
44      49
45      0
46      0
47      0
48      87
49      0
50      0
51      71
52      72
53      0
54      98
55      0
56      0
57      100
58      0
59      97
60      0
61      0
62      0
63      76
64      0
65      90
66      65
67      0
68      0
69      94
70      93
71      92
72      99
73      0
74      0
75      96
76      88
77      61
78      100
79      100
80      99
81      39
82      89
83      0
84      99
85      97
86      0
87      87
88      100
89      72
90      0
91      0
92      0
93      65
94      57
95      95
96      96
97      0
98      97
99      70
100      96
101      80
102      0
103      0
104      99
105      0
106      99
107      0
108      98
109      0
110      90
111      100
112      65
113      0
114      100
115      0
116      0
117      0
118      0
119      98
120      90
121      0
122      92
123      0
124      94
125      100
126      93
127      0
128      98
129      99
130      74
131      0
132      0
133      88
134      66
135      0
136      96
137      88
138      0
139      0
140      96
141      89
142      0
143      87
144      94
145      0
146      83
147      0
148      96
149      71
150      0
151      88
152      89
153      84
154      99
155      0
156      0
157      60
158      0
159      100
160      55
161      98
162      0
163      0
164      89
165      92
166      59
167      0
168      0
169      0
170      0
171      74
172      95
173      85
174      85
175      66
176      0
177      99
178      0
179      74
180      0
181      90
182      97
183      100
184      0
185      0
186      97
187      0
188      0
189      83
190      0
191      0
192      0
193      0
194      0
195      0
196      0
197      95
198      0
199      98
200      86
201      73
202      58
203      0
204      0
205      91
206      80
207      89
208      0
209      0
210      0
211      76
212      99
213      91
214      97
215      0
216      97
217      62
218      0
219      89
220      91
221      0
222      0
223      94
224      0
225      86
226      0
227      94
228      84
229      97
230      85
231      0
232      0
233      84
234      98
235      56
236      77
237      81
238      62
239      88
240      100
241      0
242      77
243      100
244      98
245      0
246      55
247      69
248      0
249      81
250      100
251      0
252      100
253      79
254      82
255      0
256      0
257      0
258      0
259      0
260      92
261      93
262      100
263      98
264      0
265      99
266      0
267      46
268      94
269      0
270      55
271      88
272      0
273      0
274      0
275      85
276      0
277      0
278      83
279      99
280      0
281      0
282      0
283      51
284      78
285      100
286      83
287      0
288      87
289      0
290      87
291      89
292      89
293      87
294      90
295      0
296      0
297      92
298      66
299      98
300      90
301      92
302      96
303      95
304      82
305      92
306      97
307      96
308      85
309      92
310      0
311      0
312      0
313      0
314      0
315      98
316      0
317      0
318      0
319      98
320      100
321      0
322      98
323      0
324      0
325      0
326      88
327      100
328      89
329      0
330      67
331      100
332      98
333      71
334      0
335      91
336      93
337      97
338      95
339      96
340      0
341      0
342      0
343      89
344      98
345      0
346      97
347      0
348      73
349      79
350      89
351      0
352      0
353      65
354      0
355      0
356      98
357      0
358      95
359      66
360      0
361      0
362      0
363      77
364      99
365      75
366      95
367      96
368      0
369      0
370      0
371      0
372      77
373      95
374      85
375      60
376      78
377      0
378      53
379      0
380      100
381      0
382      0
383      0
384      92
385      0
386      0
387      0
388      0
389      0
390      81
391      85
392      0
393      66
394      82
395      99
396      68
397      92
398      0
399      0
400      91
401      0
402      0
403      51
404      93
405      99
406      0
407      73
408      0
409      90
410      63
411      59
412      0
413      0
414      75
415      64
416      93
417      0
418      100
419      0
420      0
421      0
422      0
423      98
424      96
425      93
426      57
427      43
428      0
429      0
430      89
431      100
432      96
433      0
434      0
435      0
436      0
437      0
438      78
439      75
440      0
441      74
442      53
443      0
444      0
445      0
446      74
447      85
448      73
449      0
450      0
451      100
452      0
453      0
454      0
455      60
456      0
457      0
458      0
459      0
460      83
461      98
462      0
463      0
464      99
465      91
466      94
467      97
468      0
469      0
470      87
471      0
472      0
473      98
474      87
475      0
476      56
477      0
478      96
479      77
480      0
481      0
482      100
483      88
484      0
485      0
486      0
487      89
488      94
489      0
490      74
491      83
492      95
493      96
494      77
495      0
496      100
497      94
498      78
499      81
500      0
501      0
502      97
503      93
504      0
505      96
506      84
507      0
508      82
509      0
510      0
511      93
512      0
513      100
514      67
515      96
516      0
517      0
518      0
519      90
520      67
521      0
522      0
523      0
524      0
525      0
526      97
527      83
528      71
529      85
530      0
531      0
532      0
533      80
534      0
535      0
536      91
537      0
538      93
539      53
540      0
541      97
542      91
543      95
544      0
545      0
546      94
547      96
548      0
549      94
550      0
551      0
552      99
553      88
554      0
555      59
556      0
557      91
558      0
559      73
560      0
561      82
562      93
563      0
564      95
565      71
566      76
567      0
568      0
569      85
570      0
571      80
572      0
573      95
574      0
575      61
576      99
577      0
578      94
579      99
580      73
581      91
582      0
583      0
584      99
585      98
586      0
587      90
588      88
589      0
590      93
591      0
592      96
593      85
594      0
595      0
596      0
597      0
598      94
599      74
600      0
601      30
602      0
603      0
604      69
605      61
606      0
607      100
608      98
609      0
610      87
611      0
612      92
613      84
614      0
615      0
616      0
617      0
618      0
619      55
620      86
621      68
622      0
623      0
624      0
625      0
626      79
627      95
628      70
629      99
630      0
631      90
632      0
633      83
634      76
635      0
636      98
637      0
638      92
639      100
640      95
641      0
642      53
643      92
644      0
645      85
646      95
647      100
648      48
649      83
650      93
651      97
652      0
653      78
654      93
655      94
656      0
657      0
658      0
659      66
660      0
661      0
662      91
663      85
664      0
665      0
666      72
667      96
668      100
669      0
670      99
671      62
672      0
673      0
674      95
675      0
676      0
677      0
678      0
679      96
680      99
681      0
682      98
683      99
684      99
685      0
686      57
687      100
688      99
689      94
690      92
691      100
692      78
693      0
694      94
695      0
696      0
697      95
698      0
699      61
700      69
701      64
702      99
703      100
704      84
705      0
706      0
707      0
708      0
709      75
710      56
711      99
712      98
713      88
714      0
715      89
716      75
717      91
718      0
719      0
720      0
721      52
722      0
723      0
724      0
725      55
726      0
727      0
728      0
729      0
730      91
731      0
732      99
733      0
734      92
735      84
736      0
737      99
738      0
739      0
740      99
741      86
742      0
743      89
744      89
745      0
746      97
747      65
748      100
749      0
750      0
751      0
752      91
753      94
754      90
755      95
756      47
757      0
758      0
759      95
760      0
761      0
762      64
763      100
764      0
765      99
766      66
767      98
768      100
769      0
770      98
771      0
772      99
773      98
774      93
775      77
776      93
777      94
778      68
779      0
780      89
781      0
782      86
783      96
784      97
785      0
786      0
787      91
788      0
789      98
790      95
791      0
792      92
793      82
794      99
795      100
796      93
797      82
798      63
799      0
800      100
801      0
802      84
803      0
804      0
805      0
806      0
807      0
808      0
809      85
810      98
811      0
812      50
813      100
814      72
815      0
816      97
817      93
818      77
819      0
820      92
821      0
822      86
823      54
824      70
825      95
826      0
827      0
828      0
829      95
830      0
831      0
832      0
833      87
834      98
835      0
836      81
837      40
838      47
839      80
840      95
841      93
842      0
843      0
844      99
845      0
846      90
847      0
848      58
849      0
850      62
851      0
852      96
853      0
854      0
855      0
856      0
857      74
858      0
859      64
860      92
861      86
862      0
863      0
864      0
865      0
866      100
867      0
868      63
869      61
870      0
871      0
872      98
873      100
874      96
875      0
876      87
877      90
878      0
879      87
880      90
881      0
882      89
883      0
884      75
885      100
886      87
887      0
888      71
889      90
890      84
891      68
892      0
893      98
894      68
895      0
896      0
897      80
898      62
899      0
900      0
901      89
902      0
903      74
904      87
905      0
906      0
907      83
908      63
909      0
910      0
911      91
912      0
913      0
914      55
915      88
916      95
917      0
918      79
919      0
920      85
921      0
922      0
923      98
924      95
925      85
926      81
927      0
928      82
929      75
930      91
931      0
932      0
933      0
934      0
935      0
936      87
937      92
938      0
939      54
940      0
941      0
942      71
943      0
944      0
945      97
946      0
947      92
948      0
949      63
950      64
951      91
952      71
953      94
954      0
955      0
956      82
957      0
958      0
959      0
960      0
961      95
962      0
963      0
964      0
965      77
966      55
967      0
968      47
969      0
970      39
971      0
972      100
973      0
974      93
975      93
976      84
977      0
978      0
979      96
980      0
981      0
982      86
983      99
984      93
985      96
986      0
987      90
988      98
989      0
990      98
991      92
992      0
993      0
994      90
995      0
996      0
997      100
998      71
999      0
1000      70
1001      55
1002      97
1003      0
1004      0
1005      0
1006      78
1007      0
1008      94
1009      94
1010      63
1011      0
1012      48
1013      0
1014      94
1015      87
1016      87
1017      78
1018      97
1019      82
1020      0
1021      98
1022      92
1023      85
1024      60
1025      77
1026      93
1027      99
1028      95
1029      92
1030      0
1031      0
1032      0
1033      63
1034      87
1035      70
1036      0
1037      100
1038      96
1039      83
1040      98
1041      96
1042      100
1043      0
1044      68
1045      100
1046      100
1047      0
1048      84
1049      96
1050      0
1051      47
1052      97
1053      0
1054      0
1055      0
1056      0
1057      94
1058      0
1059      0
1060      0
1061      0
1062      80
1063      0
1064      76
1065      79
1066      0
1067      0
1068      0
1069      99
1070      0
1071      96
1072      100
1073      99
1074      0
1075      53
1076      85
1077      63
1078      0
1079      0
1080      0
1081      0
1082      88
1083      78
1084      75
1085      0
1086      0
1087      95
1088      0
1089      68
1090      0
1091      0
1092      71
1093      0
1094      86
1095      76
1096      87
1097      0
1098      98
1099      0
1100      83
1101      99
1102      0
1103      78
1104      0
1105      88
1106      100
1107      91
1108      100
1109      0
1110      89
1111      65
1112      0
1113      96
1114      0
1115      96
1116      0
1117      74
1118      0
1119      67
1120      0
1121      0
1122      0
1123      0
1124      0
1125      0
1126      0
1127      94
1128      89
1129      0
1130      77
1131      85
1132      0
1133      0
1134      0
1135      98
1136      100
1137      77
1138      0
1139      0
1140      92
1141      93
1142      0
1143      62
1144      0
1145      0
1146      86
1147      96
1148      0
1149      85
1150      0
1151      100
1152      98
1153      0
1154      0
1155      91
1156      91
1157      66
1158      93
1159      95
1160      78
1161      93
1162      61
1163      84
1164      0
1165      70
1166      78
1167      80
1168      49
1169      66
1170      61
1171      0
1172      68
1173      91
1174      97
1175      0
1176      62
1177      0
1178      90
1179      68
1180      100
1181      0
1182      99
1183      0
1184      0
1185      46
1186      96
1187      95
1188      99
1189      79
1190      98
1191      68
1192      0
1193      66
1194      0
1195      75
1196      79
1197      100
1198      71
1199      96
1200      0
1201      76
1202      0
1203      98
1204      94
1205      0
1206      0
1207      0
1208      0
1209      0
1210      100
1211      0
1212      93
1213      91
1214      0
1215      61
1216      94
1217      97
1218      95
1219      96
1220      71
1221      0
1222      0
1223      0
1224      0
1225      0
1226      0
1227      72
1228      98
1229      99
1230      78
1231      100
1232      85
1233      0
1234      0
1235      0
1236      89
1237      0
1238      0
1239      0
1240      0
1241      0
1242      68
1243      98
1244      73
1245      0
1246      76
1247      99
1248      99
1249      100
1250      95
1251      0
1252      0
1253      95
1254      84
1255      0
1256      98
1257      100
1258      0
1259      96
1260      90
1261      96
1262      69
1263      91
1264      0
1265      62
1266      0
1267      98
1268      0
1269      0
1270      0
1271      92
1272      87
1273      0
1274      91
1275      0
1276      61
1277      0
1278      0
1279      0
1280      0
1281      0
1282      0
1283      89
1284      100
1285      84
1286      0
1287      58
1288      0
1289      0
1290      72
1291      0
1292      76
1293      83
1294      86
1295      99
1296      0
1297      0
1298      87
1299      91
1300      0
1301      91
1302      0
1303      0
1304      95
1305      0
1306      43
1307      93
1308      92
1309      0
1310      0
1311      0
1312      62
1313      92
1314      100
1315      0
1316      98
1317      0
1318      0
1319      92
1320      88
1321      0
1322      0
1323      98
1324      86
1325      37
1326      0
1327      0
1328      0
1329      0
1330      98
1331      97
1332      0
1333      97
1334      97
1335      0
1336      98
1337      0
1338      84
1339      0
1340      0
1341      100
1342      0
1343      73
1344      0
1345      0
1346      87
1347      92
1348      97
1349      93
1350      88
1351      72
1352      56
1353      0
1354      77
1355      93
1356      75
1357      0
1358      77
1359      0
1360      93
1361      0
1362      0
1363      0
1364      0
1365      0
1366      99
1367      94
1368      0
1369      45
1370      90
1371      63
1372      0
1373      96
1374      0
1375      60
1376      0
1377      94
1378      73
1379      98
1380      87
1381      0
1382      82
1383      98
1384      88
1385      40
1386      0
1387      90
1388      90
1389      0
1390      65
1391      0
1392      73
1393      68
1394      97
1395      0
1396      75
1397      0
1398      100
1399      0
1400      96
1401      0
1402      97
1403      92
1404      91
1405      0
1406      62
1407      0
1408      69
1409      79
1410      0
1411      86
1412      0
1413      0
1414      99
1415      0
1416      0
1417      0
1418      0
1419      100
1420      90
1421      93
1422      0
1423      95
1424      81
1425      95
1426      86
1427      88
1428      0
1429      78
1430      0
1431      0
1432      0
1433      0
1434      91
1435      52
1436      0
1437      95
1438      93
1439      0
1440      100
1441      93
1442      96
1443      100
1444      0
1445      96
1446      98
1447      0
1448      99
1449      0
1450      0
1451      90
1452      0
1453      93
1454      91
1455      0
1456      88
1457      0
1458      0
1459      0
1460      96
1461      0
1462      0
1463      96
1464      0
1465      87
1466      91
1467      0
1468      54
1469      0
1470      54
1471      60
1472      0
1473      100
1474      0
1475      0
1476      57
1477      78
1478      97
1479      87
1480      0
1481      0
1482      88
1483      0
1484      0
1485      0
1486      0
1487      83
1488      0
1489      91
1490      53
1491      0
1492      98
1493      0
1494      94
1495      95
1496      0
1497      86
1498      0
1499      100
1500      90
1501      97
1502      96
1503      0
1504      0
1505      86
1506      90
1507      0
1508      97
1509      84
1510      0
1511      0
1512      66
1513      66
1514      92
1515      90
1516      88
1517      99
1518      0
1519      91
1520      0
1521      0
1522      63
1523      94
1524      0
1525      99
1526      95
1527      88
1528      0
1529      0
1530      0
1531      82
1532      98
1533      100
1534      0
1535      96
1536      100
1537      0
1538      87
1539      0
1540      72
1541      0
1542      59
1543      0
1544      86
1545      0
1546      0
1547      84
1548      90
1549      100
1550      99
1551      91
1552      93
1553      83
1554      61
1555      54
1556      96
1557      0
1558      0
1559      57
1560      93
1561      99
1562      0
1563      79
1564      92
1565      0
1566      100
1567      97
1568      0
1569      51
1570      90
1571      0
1572      0
1573      89
1574      84
1575      74
1576      99
1577      77
1578      56
1579      84
1580      0
1581      66
1582      0
1583      68
1584      84
1585      0
1586      0
1587      98
1588      98
1589      0
1590      0
1591      100
1592      98
1593      98
1594      0
1595      85
1596      0
1597      0
1598      0
1599      0
1600      63
1601      0
1602      73
1603      0
1604      93
1605      56
1606      0
1607      0
1608      98
1609      89
1610      48
1611      58
1612      0
1613      98
1614      0
1615      100
1616      0
1617      88
1618      100
1619      74
1620      69
1621      86
1622      97
1623      90
1624      72
1625      87
1626      97
1627      82
1628      0
1629      92
1630      0
1631      47
1632      85
1633      0
1634      0
1635      0
1636      0
1637      70
1638      99
1639      69
1640      0
1641      0
1642      96
1643      0
1644      59
1645      0
1646      0
1647      98
1648      61
1649      0
1650      0
1651      67
1652      95
1653      93
1654      73
1655      47
1656      96
1657      74
1658      99
1659      0
1660      100
1661      100
1662      0
1663      0
1664      76
1665      0
1666      0
1667      66
1668      100
1669      100
1670      0
1671      88
1672      91
1673      0
1674      97
1675      91
1676      77
1677      0
1678      69
1679      89
1680      96
1681      94
1682      84
1683      0
1684      0
1685      97
1686      0
1687      0
1688      86
1689      0
1690      0
1691      65
1692      92
1693      0
1694      87
1695      0
1696      100
1697      0
1698      0
1699      96
1700      75
1701      92
1702      0
1703      43
1704      93
1705      0
1706      100
1707      0
1708      89
1709      0
1710      92
1711      0
1712      95
1713      97
1714      0
1715      85
1716      0
1717      0
1718      91
1719      78
1720      78
1721      70
1722      0
1723      100
1724      0
1725      82
1726      78
1727      97
1728      0
1729      97
1730      100
1731      93
1732      91
1733      0
1734      0
1735      92
1736      86
1737      97
1738      0
1739      66
1740      0
1741      98
1742      56
1743      88
1744      0
1745      0
1746      0
1747      99
1748      93
1749      0
1750      71
1751      94
1752      0
1753      0
1754      0
1755      48
1756      48
1757      0
1758      70
1759      0
1760      0
1761      0
1762      0
1763      94
1764      83
1765      95
1766      60
1767      79
1768      84
1769      0
1770      0
1771      0
1772      77
1773      0
1774      0
1775      88
1776      0
1777      96
1778      98
1779      95
1780      0
1781      0
1782      93
1783      80
1784      0
1785      100
1786      100
1787      91
1788      0
1789      97
1790      0
1791      100
1792      82
1793      0
1794      94
1795      0
1796      75
1797      99
1798      93
1799      0
1800      90
1801      83
1802      0
1803      0
1804      78
1805      51
1806      99
1807      96
1808      0
1809      0
1810      0
1811      0
1812      0
1813      100
1814      0
1815      0
1816      71
1817      83
1818      100
1819      0
1820      70
1821      90
1822      57
1823      0
1824      0
1825      0
1826      94
1827      79
1828      0
1829      100
1830      0
1831      96
1832      100
1833      0
1834      0
1835      90
1836      97
1837      96
1838      67
1839      0
1840      0
1841      0
1842      86
1843      90
1844      0
1845      0
1846      92
1847      90
1848      87
1849      96
1850      96
1851      76
1852      83
1853      74
1854      0
1855      95
1856      0
1857      96
1858      0
1859      99
1860      0
1861      0
1862      0
1863      0
1864      100
1865      0
1866      0
1867      100
1868      0
1869      98
1870      98
1871      75
1872      0
1873      95
1874      99
1875      0
1876      91
1877      100
1878      0
1879      46
1880      83
1881      87
1882      100
1883      64
1884      92
1885      100
1886      88
1887      83
1888      96
1889      0
1890      79
1891      81
1892      49
1893      0
1894      0
1895      100
1896      41
1897      97
1898      0
1899      0
1900      0
1901      65
1902      97
1903      89
1904      0
1905      83
1906      98
1907      100
1908      76
1909      95
1910      93
1911      0
1912      82
1913      100
1914      0
1915      0
1916      0
1917      0
1918      53
1919      0
1920      100
1921      0
1922      98
1923      98
1924      0
1925      0
1926      94
1927      0
1928      97
1929      98
1930      0
1931      0
1932      0
1933      0
1934      0
1935      0
1936      0
1937      92
1938      99
1939      92
1940      99
1941      0
1942      69
1943      97
1944      94
1945      0
1946      69
1947      96
1948      0
1949      76
1950      0
1951      0
1952      100
1953      50
1954      100
1955      94
1956      100
1957      0
1958      0
1959      79
1960      96
1961      87
1962      89
1963      85
1964      98
1965      0
1966      0
1967      0
1968      0
1969      84
1970      99
1971      0
1972      39
1973      0
1974      100
1975      54
1976      0
1977      62
1978      65
1979      0
1980      0
1981      0
1982      96
1983      85
1984      64
1985      98
1986      96
1987      0
1988      99
1989      71
1990      87
1991      93
1992      100
1993      88
1994      81
1995      89
1996      91
1997      68
1998      99
1999      0
2000      0
2001      61
2002      100
2003      0
2004      0
2005      99
2006      0
2007      0
2008      55
2009      90
2010      0
2011      0
2012      0
2013      71
2014      0
2015      0
2016      100
2017      0
2018      100
2019      65
2020      84
2021      88
2022      0
2023      0
2024      0
2025      43
2026      86
2027      0
2028      0
2029      92
2030      89
2031      0
2032      82
2033      83
2034      0
2035      0
2036      86
2037      0
2038      98
2039      0
2040      0
2041      63
2042      96
2043      0
2044      0
2045      0
2046      99
2047      91
2048      87
2049      93
2050      96
2051      90
2052      0
2053      93
2054      88
2055      0
2056      98
2057      0
2058      0
2059      98
2060      0
2061      0
2062      92
2063      99
2064      0
2065      0
2066      0
2067      99
2068      69
2069      96
2070      56
2071      0
2072      0
2073      0
2074      0
2075      0
2076      0
2077      85
2078      99
2079      52
2080      0
2081      0
2082      71
2083      0
2084      42
2085      75
2086      89
2087      75
2088      0
2089      0
2090      97
2091      96
2092      98
2093      98
2094      91
2095      0
2096      0
2097      100
2098      100
2099      0
2100      0
2101      0
2102      100
2103      88
2104      82
2105      93
2106      94
2107      0
2108      64
2109      0
2110      0
2111      0
2112      100
2113      0
2114      86
2115      96
2116      100
2117      0
2118      99
2119      0
2120      59
2121      0
2122      0
2123      94
2124      65
2125      0
2126      94
2127      0
2128      81
2129      91
2130      74
2131      0
2132      0
2133      0
2134      65
2135      100
2136      0
2137      56
2138      89
2139      0
2140      99
2141      90
2142      0
2143      0
2144      90
2145      100
2146      0
2147      91
2148      73
2149      0
2150      88
2151      64
2152      0
2153      94
2154      87
2155      96
2156      86
2157      0
2158      89
2159      0
2160      0
2161      100
2162      97
2163      38
2164      84
2165      0
2166      0
2167      81
2168      0
2169      95
2170      0
2171      0
2172      46
2173      0
2174      96
2175      91
2176      0
2177      98
2178      87
2179      0
2180      87
2181      0
2182      0
2183      71
2184      62
2185      96
2186      0
2187      97
2188      0
2189      95
2190      100
2191      96
2192      0
2193      100
2194      93
2195      79
2196      84
2197      88
2198      0
2199      80
2200      0
2201      0
2202      0
2203      72
2204      0
2205      0
2206      0
2207      93
2208      0
2209      0
2210      0
2211      71
2212      93
2213      0
2214      0
2215      0
2216      0
2217      91
2218      80
2219      84
2220      97
2221      0
2222      100
2223      98
2224      85
2225      75
2226      64
2227      100
2228      0
2229      0
2230      97
2231      96
2232      0
2233      93
2234      0
2235      0
2236      0
2237      0
2238      95
2239      0
2240      0
2241      90
2242      0
2243      87
2244      99
2245      93
2246      94
2247      95
2248      99
2249      0
2250      0
2251      98
2252      95
2253      90
2254      98
2255      0
2256      0
2257      80
2258      98
2259      98
2260      0
2261      0
2262      63
2263      0
2264      96
2265      76
2266      0
2267      84
2268      0
2269      97
2270      61
2271      0
2272      87
2273      87
2274      78
2275      68
2276      91
2277      100
2278      0
2279      94
2280      58
2281      100
2282      70
2283      98
2284      56
2285      0
2286      100
2287      100
2288      91
2289      99
2290      0
2291      96
2292      77
2293      0
2294      84
2295      100
2296      96
2297      0
2298      0
2299      81
2300      74
2301      89
2302      90
2303      99
2304      0
2305      71
2306      51
2307      0
2308      92
2309      0
2310      49
2311      92
2312      91
2313      0
2314      59
2315      0
2316      96
2317      0
2318      92
2319      0
2320      96
2321      66
2322      93
2323      0
2324      0
2325      68
2326      99
2327      98
2328      100
2329      93
2330      0
2331      0
2332      0
2333      0
2334      69
2335      91
2336      0
2337      72
2338      0
2339      91
2340      0
2341      95
2342      78
2343      68
2344      0
2345      0
2346      0
2347      97
2348      0
2349      0
2350      92
2351      61
2352      0
2353      78
2354      0
2355      0
2356      94
2357      88
2358      0
2359      48
2360      0
2361      91
2362      0
2363      0
2364      0
2365      75
2366      0
2367      0
2368      0
2369      85
2370      0
2371      95
2372      0
2373      97
2374      98
2375      0
2376      0
2377      0
2378      0
2379      99
2380      96
2381      82
2382      0
2383      0
2384      72
2385      84
2386      100
2387      0
2388      98
2389      100
2390      94
2391      88
2392      0
2393      0
2394      0
2395      97
2396      0
2397      0
2398      99
2399      77
2400      87
2401      52
2402      0
2403      99
2404      0
2405      0
2406      98
2407      64
2408      96
2409      59
2410      0
2411      0
2412      100
2413      67
2414      0
2415      0
2416      0
2417      0
2418      0
2419      91
2420      97
2421      99
2422      59
2423      76
2424      0
2425      0
2426      94
2427      91
2428      0
2429      0
2430      0
2431      100
2432      100
2433      81
2434      0
2435      0
2436      67
2437      58
2438      0
2439      0
2440      87
2441      100
2442      0
2443      81
2444      85
2445      99
2446      91
2447      60
2448      0
2449      87
2450      80
2451      0
2452      61
2453      0
2454      0
2455      86
2456      0
2457      0
2458      72
2459      66
2460      100
2461      86
2462      95
2463      0
2464      93
2465      0
2466      0
2467      0
2468      99
2469      97
2470      87
2471      71
2472      58
2473      0
2474      94
2475      0
2476      0
2477      91
2478      0
2479      0
2480      96
2481      0
2482      96
2483      0
2484      0
2485      58
2486      0
2487      0
2488      0
2489      0
2490      95
2491      0
2492      86
2493      70
2494      0
2495      97
2496      98
2497      97
2498      89
2499      0
       77702.4
