0      0
1      100
2      47
3      0
4      88
5      65
6      0
7      0
8      0
9      100
10      85
11      0
12      100
13      0
14      0
15      68
16      0
17      94
18      0
19      100
20      100
21      100
22      100
23      65
24      96
25      0
26      100
27      100
28      0
29      93
30      0
31      93
32      79
33      0
34      99
35      0
36      100
37      0
38      100
39      98
40      100
41      0
42      73
43      62
44      0
45      0
46      0
47      0
48      87
49      72
       1549.87
