0      0
1      95
2      100
3      74
4      100
5      0
6      0
7      96
8      0
9      85
10      0
11      0
12      100
13      100
14      0
15      100
16      88
17      0
18      0
19      0
20      73
21      100
22      0
23      100
24      59
25      0
26      56
27      99
28      0
29      0
30      0
31      100
32      0
33      52
34      78
35      0
36      90
37      100
38      0
39      100
40      83
41      0
42      0
43      100
44      100
45      80
46      89
47      100
48      0
49      0
       1611.29
