0      85
1      100
2      0
3      58
4      85
5      88
6      100
7      0
8      0
9      50
10      0
11      0
12      100
13      93
14      0
15      0
16      93
17      87
18      100
19      100
20      79
21      100
22      100
23      0
24      100
25      100
26      0
27      81
28      0
29      95
30      0
31      65
32      0
33      38
34      0
35      0
36      60
37      65
38      65
39      0
40      100
41      0
42      0
43      90
44      0
45      0
46      0
47      100
48      100
49      66
       1450.26
