0      51
1      65
2      98
3      0
4      97
5      64
6      75
7      0
8      0
9      95
10      0
11      0
12      0
13      0
14      70
15      0
16      0
17      94
18      0
19      0
20      78
21      97
22      0
23      0
24      0
25      56
26      94
27      0
28      77
29      0
30      70
31      83
32      67
33      95
34      84
35      0
36      0
37      94
38      76
39      0
40      100
41      0
42      0
43      91
44      76
45      96
46      0
47      0
48      0
49      0
50      92
51      0
52      0
53      88
54      96
55      0
56      97
57      98
58      0
59      78
60      90
61      92
62      94
63      0
64      0
65      99
66      99
67      0
68      98
69      0
70      76
71      100
72      0
73      100
74      99
75      0
76      0
77      0
78      98
79      0
80      98
81      98
82      0
83      0
84      97
85      99
86      100
87      80
88      63
89      98
90      0
91      64
92      84
93      0
94      0
95      0
96      0
97      0
98      99
99      93
100      0
101      0
102      61
103      0
104      0
105      0
106      100
107      0
108      0
109      65
110      69
111      0
112      85
113      0
114      0
115      100
116      96
117      96
118      0
119      100
120      0
121      100
122      100
123      91
124      96
125      91
126      0
127      42
128      0
129      68
130      84
131      80
132      63
133      0
134      100
135      0
136      100
137      0
138      0
139      0
140      0
141      60
142      88
143      100
144      0
145      97
146      0
147      0
148      99
149      0
150      0
151      0
152      69
153      0
154      0
155      89
156      0
157      49
158      0
159      73
160      89
161      97
162      0
163      0
164      89
165      0
166      0
167      100
168      0
169      98
170      84
171      0
172      99
173      0
174      0
175      100
176      0
177      0
178      99
179      0
180      54
181      81
182      83
183      0
184      0
185      0
186      94
187      86
188      0
189      71
190      0
191      0
192      97
193      0
194      100
195      99
196      98
197      100
198      89
199      90
200      89
201      0
202      65
203      88
204      50
205      0
206      97
207      99
208      90
209      99
210      0
211      100
212      78
213      0
214      0
215      100
216      94
217      0
218      63
219      0
220      81
221      0
222      83
223      98
224      94
225      0
226      100
227      100
228      99
229      93
230      97
231      0
232      0
233      0
234      100
235      99
236      0
237      99
238      0
239      0
240      0
241      0
242      98
243      62
244      98
245      0
246      75
247      81
248      63
249      0
250      0
251      0
252      85
253      0
254      42
255      100
256      100
257      40
258      78
259      0
260      86
261      97
262      92
263      85
264      0
265      0
266      94
267      95
268      0
269      0
270      0
271      99
272      0
273      100
274      96
275      0
276      99
277      0
278      0
279      100
280      0
281      0
282      56
283      0
284      0
285      0
286      69
287      100
288      99
289      0
290      0
291      0
292      53
293      0
294      72
295      0
296      70
297      60
298      0
299      0
300      98
301      99
302      63
303      0
304      86
305      78
306      95
307      70
308      95
309      0
310      66
311      54
312      0
313      0
314      0
315      97
316      0
317      66
318      100
319      0
320      0
321      89
322      81
323      0
324      98
325      96
326      0
327      0
328      0
329      79
330      0
331      100
332      0
333      91
334      82
335      97
336      0
337      76
338      0
339      0
340      100
341      92
342      78
343      0
344      0
345      0
346      0
347      98
348      62
349      0
350      0
351      60
352      0
353      0
354      0
355      100
356      0
357      59
358      70
359      42
360      0
361      31
362      0
363      0
364      100
365      84
366      83
367      98
368      76
369      91
370      98
371      0
372      93
373      60
374      0
375      90
376      98
377      57
378      82
379      0
380      96
381      0
382      100
383      97
384      0
385      98
386      0
387      0
388      89
389      0
390      81
391      98
392      99
393      0
394      0
395      0
396      97
397      0
398      74
399      98
400      76
401      70
402      54
403      94
404      0
405      74
406      0
407      0
408      0
409      100
410      0
411      0
412      0
413      100
414      93
415      0
416      0
417      70
418      0
419      0
420      93
421      97
422      0
423      0
424      61
425      96
426      99
427      0
428      94
429      52
430      99
431      0
432      81
433      89
434      67
435      98
436      0
437      0
438      86
439      100
440      66
441      0
442      0
443      98
444      95
445      89
446      0
447      74
448      99
449      100
450      96
451      100
452      0
453      0
454      68
455      96
456      0
457      0
458      92
459      71
460      98
461      0
462      0
463      98
464      0
465      0
466      70
467      92
468      0
469      0
470      0
471      0
472      0
473      90
474      90
475      0
476      97
477      0
478      95
479      0
480      71
481      0
482      100
483      98
484      97
485      93
486      99
487      97
488      0
489      0
490      99
491      88
492      0
493      0
494      93
495      96
496      68
497      87
498      80
499      99
500      0
501      0
502      0
503      86
504      98
505      0
506      55
507      0
508      83
509      83
510      0
511      71
512      0
513      100
514      52
515      98
516      79
517      96
518      88
519      91
520      100
521      100
522      67
523      0
524      48
525      100
526      0
527      97
528      94
529      0
530      68
531      0
532      0
533      82
534      0
535      0
536      100
537      52
538      58
539      0
540      84
541      84
542      72
543      0
544      0
545      97
546      70
547      96
548      95
549      46
550      99
551      100
552      95
553      66
554      88
555      95
556      0
557      0
558      93
559      99
560      87
561      0
562      96
563      99
564      0
565      86
566      86
567      88
568      100
569      99
570      0
571      0
572      95
573      0
574      100
575      0
576      95
577      82
578      0
579      34
580      83
581      0
582      92
583      99
584      94
585      0
586      66
587      87
588      91
589      0
590      62
591      0
592      99
593      99
594      81
595      68
596      85
597      0
598      99
599      80
600      93
601      99
602      87
603      95
604      0
605      70
606      57
607      98
608      60
609      0
610      98
611      0
612      55
613      98
614      100
615      0
616      0
617      0
618      96
619      67
620      61
621      73
622      0
623      99
624      0
625      0
626      0
627      95
628      0
629      75
630      0
631      94
632      100
633      76
634      98
635      98
636      0
637      0
638      0
639      0
640      73
641      97
642      89
643      0
644      79
645      100
646      0
647      100
648      0
649      0
650      97
651      94
652      0
653      96
654      56
655      84
656      0
657      0
658      0
659      0
660      97
661      100
662      0
663      88
664      0
665      0
666      45
667      66
668      100
669      71
670      38
671      89
672      54
673      0
674      70
675      74
676      0
677      0
678      0
679      99
680      0
681      99
682      72
683      100
684      54
685      0
686      97
687      0
688      0
689      69
690      81
691      60
692      97
693      99
694      58
695      98
696      16
697      0
698      99
699      0
700      65
701      99
702      0
703      92
704      95
705      55
706      100
707      47
708      99
709      91
710      95
711      0
712      0
713      0
714      0
715      0
716      89
717      0
718      0
719      57
720      97
721      0
722      52
723      96
724      0
725      0
726      78
727      0
728      0
729      0
730      53
731      62
732      61
733      97
734      0
735      0
736      95
737      0
738      0
739      100
740      0
741      0
742      0
743      0
744      99
745      47
746      0
747      100
748      62
749      0
750      0
751      100
752      87
753      74
754      75
755      0
756      0
757      75
758      93
759      97
760      0
761      95
762      0
763      99
764      55
765      56
766      81
767      0
768      71
769      0
770      0
771      100
772      97
773      99
774      0
775      0
776      91
777      0
778      0
779      93
780      0
781      93
782      0
783      78
784      46
785      93
786      99
787      100
788      100
789      0
790      100
791      0
792      0
793      96
794      0
795      0
796      44
797      0
798      0
799      0
800      0
801      100
802      97
803      99
804      0
805      93
806      0
807      0
808      0
809      0
810      97
811      0
812      0
813      92
814      97
815      0
816      63
817      0
818      99
819      0
820      89
821      95
822      91
823      50
824      57
825      99
826      61
827      0
828      88
829      72
830      0
831      99
832      96
833      73
834      100
835      97
836      0
837      96
838      69
839      0
840      75
841      54
842      0
843      0
844      0
845      87
846      59
847      0
848      0
849      0
850      0
851      0
852      87
853      0
854      0
855      83
856      0
857      0
858      66
859      0
860      0
861      0
862      0
863      0
864      90
865      93
866      86
867      0
868      80
869      77
870      73
871      96
872      0
873      100
874      89
875      89
876      36
877      0
878      93
879      95
880      95
881      68
882      87
883      0
884      0
885      0
886      86
887      100
888      88
889      97
890      0
891      0
892      98
893      86
894      91
895      71
896      100
897      99
898      63
899      100
900      44
901      99
902      80
903      100
904      93
905      64
906      87
907      0
908      79
909      0
910      90
911      100
912      0
913      0
914      0
915      0
916      0
917      0
918      64
919      77
920      0
921      0
922      100
923      97
924      0
925      0
926      75
927      91
928      0
929      0
930      84
931      99
932      96
933      63
934      98
935      67
936      0
937      100
938      92
939      55
940      99
941      0
942      0
943      68
944      74
945      61
946      59
947      66
948      0
949      0
950      59
951      99
952      100
953      100
954      0
955      50
956      0
957      85
958      0
959      77
960      0
961      53
962      0
963      0
964      0
965      0
966      100
967      0
968      100
969      0
970      93
971      0
972      98
973      0
974      100
975      100
976      99
977      86
978      0
979      93
980      0
981      58
982      69
983      85
984      0
985      62
986      0
987      0
988      0
989      100
990      0
991      0
992      0
993      51
994      83
995      94
996      0
997      0
998      0
999      94
       32294.4
