0      0
1      56
2      86
3      77
4      98
5      80
6      0
7      0
8      0
9      84
10      0
11      0
12      44
13      99
14      0
15      0
16      0
17      99
18      0
19      44
20      0
21      0
22      0
23      74
24      67
25      95
26      0
27      95
28      86
29      91
30      0
31      72
32      76
33      0
34      98
35      0
36      0
37      97
38      95
39      85
40      54
41      83
42      75
43      97
44      0
45      0
46      92
47      95
48      0
49      100
50      95
51      0
52      0
53      93
54      50
55      74
56      93
57      0
58      80
59      91
60      49
61      100
62      0
63      98
64      0
65      98
66      0
67      84
68      84
69      56
70      98
71      0
72      0
73      100
74      0
75      0
76      0
77      93
78      60
79      0
80      0
81      0
82      86
83      0
84      0
85      0
86      88
87      99
88      96
89      90
90      0
91      0
92      0
93      0
94      99
95      0
96      0
97      83
98      87
99      98
100      0
101      0
102      0
103      91
104      61
105      62
106      94
107      81
108      97
109      93
110      0
111      82
112      89
113      99
114      88
115      61
116      99
117      66
118      0
119      98
120      95
121      0
122      0
123      0
124      0
125      61
126      99
127      0
128      0
129      51
130      0
131      0
132      65
133      86
134      0
135      0
136      0
137      100
138      79
139      0
140      0
141      100
142      75
143      98
144      98
145      78
146      0
147      91
148      85
149      0
150      0
151      97
152      0
153      78
154      0
155      0
156      85
157      69
158      97
159      0
160      84
161      0
162      0
163      0
164      0
165      0
166      0
167      0
168      0
169      45
170      78
171      0
172      96
173      64
174      92
175      86
176      0
177      0
178      0
179      93
180      98
181      0
182      100
183      0
184      100
185      90
186      74
187      100
188      0
189      61
190      0
191      99
192      95
193      0
194      80
195      86
196      77
197      83
198      92
199      93
200      0
201      0
202      97
203      0
204      0
205      0
206      0
207      0
208      98
209      85
210      97
211      90
212      100
213      0
214      98
215      0
216      84
217      0
218      0
219      81
220      0
221      0
222      84
223      0
224      0
225      98
226      0
227      85
228      64
229      94
230      93
231      0
232      0
233      99
234      99
235      0
236      0
237      94
238      93
239      93
240      0
241      51
242      87
243      0
244      95
245      95
246      0
247      0
248      96
249      94
250      36
251      0
252      0
253      0
254      57
255      91
256      54
257      0
258      0
259      65
260      0
261      85
262      100
263      85
264      0
265      92
266      91
267      78
268      97
269      56
270      86
271      0
272      100
273      69
274      81
275      72
276      0
277      0
278      0
279      0
280      98
281      0
282      49
283      95
284      97
285      89
286      0
287      100
288      84
289      70
290      99
291      84
292      0
293      93
294      95
295      89
296      0
297      96
298      0
299      99
300      88
301      98
302      0
303      0
304      0
305      85
306      0
307      84
308      0
309      0
310      58
311      98
312      85
313      0
314      0
315      0
316      71
317      0
318      90
319      0
320      50
321      97
322      0
323      0
324      0
325      63
326      98
327      61
328      99
329      99
330      77
331      0
332      75
333      54
334      89
335      0
336      0
337      0
338      97
339      0
340      73
341      100
342      95
343      0
344      0
345      0
346      64
347      0
348      87
349      84
350      0
351      88
352      95
353      98
354      0
355      0
356      76
357      100
358      91
359      0
360      0
361      75
362      99
363      86
364      98
365      0
366      0
367      0
368      85
369      98
370      0
371      97
372      100
373      0
374      69
375      0
376      59
377      0
378      84
379      99
380      0
381      94
382      75
383      0
384      77
385      0
386      0
387      58
388      0
389      0
390      0
391      92
392      68
393      0
394      100
395      82
396      91
397      90
398      0
399      0
400      0
401      0
402      0
403      96
404      0
405      0
406      0
407      0
408      0
409      85
410      0
411      100
412      86
413      86
414      78
415      80
416      0
417      0
418      56
419      67
420      66
421      36
422      98
423      86
424      90
425      0
426      0
427      0
428      0
429      91
430      0
431      94
432      49
433      0
434      95
435      87
436      73
437      91
438      94
439      0
440      0
441      82
442      0
443      90
444      0
445      0
446      100
447      100
448      100
449      0
450      0
451      91
452      90
453      45
454      0
455      52
456      0
457      0
458      63
459      0
460      99
461      93
462      70
463      0
464      86
465      0
466      0
467      100
468      97
469      0
470      0
471      99
472      85
473      0
474      96
475      100
476      0
477      61
478      0
479      95
480      0
481      0
482      0
483      100
484      81
485      0
486      73
487      0
488      94
489      99
490      51
491      0
492      100
493      0
494      78
495      54
496      0
497      96
498      99
499      0
500      97
501      0
502      65
503      63
504      58
505      0
506      85
507      0
508      0
509      48
510      94
511      0
512      82
513      100
514      76
515      0
516      0
517      92
518      57
519      100
520      0
521      0
522      0
523      0
524      49
525      0
526      0
527      99
528      0
529      99
530      94
531      0
532      0
533      0
534      94
535      70
536      0
537      0
538      93
539      76
540      0
541      68
542      95
543      95
544      0
545      0
546      0
547      100
548      67
549      72
550      94
551      64
552      100
553      0
554      0
555      0
556      0
557      0
558      88
559      0
560      91
561      0
562      0
563      83
564      99
565      95
566      0
567      70
568      84
569      92
570      0
571      0
572      0
573      54
574      64
575      72
576      97
577      0
578      0
579      89
580      0
581      97
582      89
583      0
584      0
585      0
586      98
587      0
588      0
589      0
590      100
591      85
592      90
593      100
594      0
595      0
596      88
597      57
598      87
599      70
600      51
601      81
602      92
603      0
604      97
605      0
606      0
607      0
608      96
609      0
610      0
611      0
612      98
613      96
614      98
615      0
616      100
617      0
618      69
619      100
620      0
621      89
622      70
623      0
624      99
625      0
626      100
627      78
628      0
629      0
630      0
631      0
632      86
633      65
634      0
635      34
636      0
637      0
638      61
639      82
640      97
641      0
642      0
643      69
644      0
645      42
646      0
647      0
648      0
649      100
650      63
651      90
652      84
653      100
654      0
655      99
656      85
657      0
658      98
659      0
660      86
661      88
662      83
663      0
664      0
665      53
666      0
667      99
668      0
669      0
670      0
671      98
672      0
673      99
674      0
675      0
676      54
677      92
678      0
679      84
680      0
681      0
682      0
683      94
684      99
685      0
686      0
687      98
688      88
689      97
690      0
691      69
692      60
693      93
694      0
695      95
696      87
697      92
698      94
699      98
700      93
701      0
702      100
703      83
704      0
705      96
706      97
707      0
708      0
709      84
710      91
711      0
712      0
713      0
714      0
715      52
716      59
717      72
718      64
719      0
720      61
721      0
722      0
723      0
724      0
725      96
726      0
727      0
728      100
729      89
730      70
731      0
732      72
733      0
734      0
735      91
736      0
737      97
738      0
739      0
740      0
741      95
742      97
743      0
744      94
745      40
746      76
747      0
748      0
749      0
750      87
751      0
752      0
753      0
754      100
755      0
756      100
757      0
758      0
759      0
760      0
761      0
762      0
763      47
764      77
765      53
766      67
767      96
768      69
769      93
770      0
771      93
772      0
773      93
774      79
775      63
776      99
777      0
778      0
779      83
780      0
781      0
782      0
783      100
784      0
785      51
786      0
787      94
788      0
789      93
790      0
791      51
792      0
793      0
794      0
795      90
796      0
797      100
798      79
799      88
800      0
801      70
802      77
803      0
804      0
805      89
806      0
807      0
808      0
809      100
810      0
811      84
812      91
813      0
814      47
815      89
816      0
817      0
818      97
819      0
820      87
821      69
822      0
823      0
824      82
825      100
826      0
827      0
828      0
829      0
830      0
831      92
832      0
833      98
834      94
835      100
836      0
837      77
838      0
839      95
840      0
841      69
842      70
843      99
844      0
845      0
846      0
847      100
848      100
849      94
850      0
851      0
852      59
853      99
854      95
855      90
856      0
857      71
858      93
859      72
860      86
861      0
862      0
863      0
864      0
865      0
866      0
867      87
868      97
869      0
870      43
871      0
872      0
873      0
874      52
875      96
876      0
877      0
878      68
879      83
880      87
881      98
882      99
883      87
884      88
885      90
886      78
887      85
888      0
889      85
890      0
891      80
892      95
893      100
894      0
895      0
896      0
897      92
898      75
899      0
900      0
901      79
902      36
903      0
904      0
905      81
906      0
907      100
908      96
909      0
910      0
911      0
912      0
913      0
914      0
915      98
916      60
917      82
918      95
919      73
920      0
921      99
922      0
923      90
924      41
925      85
926      0
927      49
928      0
929      0
930      95
931      94
932      65
933      0
934      86
935      0
936      59
937      0
938      80
939      82
940      100
941      100
942      0
943      83
944      86
945      88
946      66
947      100
948      92
949      0
950      99
951      98
952      0
953      97
954      0
955      87
956      0
957      0
958      0
959      97
960      0
961      0
962      0
963      99
964      94
965      72
966      45
967      56
968      0
969      0
970      96
971      95
972      89
973      76
974      100
975      0
976      0
977      95
978      97
979      0
980      0
981      0
982      99
983      94
984      64
985      0
986      95
987      98
988      0
989      97
990      78
991      91
992      0
993      59
994      0
995      53
996      0
997      91
998      80
999      0
1000      98
1001      70
1002      0
1003      0
1004      97
1005      0
1006      0
1007      100
1008      0
1009      87
1010      69
1011      0
1012      85
1013      97
1014      0
1015      92
1016      65
1017      62
1018      100
1019      70
1020      92
1021      58
1022      0
1023      75
1024      93
1025      0
1026      0
1027      98
1028      0
1029      0
1030      98
1031      98
1032      0
1033      98
1034      0
1035      92
1036      96
1037      93
1038      0
1039      0
1040      93
1041      83
1042      0
1043      82
1044      0
1045      93
1046      96
1047      65
1048      0
1049      90
1050      0
1051      37
1052      0
1053      90
1054      81
1055      73
1056      96
1057      97
1058      79
1059      72
1060      0
1061      38
1062      96
1063      0
1064      45
1065      78
1066      97
1067      77
1068      0
1069      95
1070      86
1071      88
1072      0
1073      99
1074      96
1075      75
1076      58
1077      0
1078      90
1079      0
1080      84
1081      0
1082      60
1083      89
1084      0
1085      76
1086      80
1087      80
1088      0
1089      83
1090      0
1091      98
1092      96
1093      93
1094      100
1095      0
1096      100
1097      0
1098      69
1099      0
1100      73
1101      88
1102      73
1103      0
1104      85
1105      0
1106      0
1107      73
1108      99
1109      82
1110      71
1111      0
1112      81
1113      94
1114      0
1115      0
1116      58
1117      55
1118      98
1119      59
1120      0
1121      76
1122      0
1123      100
1124      89
1125      0
1126      98
1127      0
1128      0
1129      87
1130      76
1131      61
1132      100
1133      0
1134      98
1135      90
1136      89
1137      0
1138      48
1139      93
1140      95
1141      52
1142      100
1143      91
1144      74
1145      99
1146      0
1147      83
1148      0
1149      76
1150      92
1151      0
1152      92
1153      0
1154      70
1155      95
1156      0
1157      0
1158      78
1159      0
1160      0
1161      95
1162      0
1163      69
1164      0
1165      100
1166      83
1167      93
1168      0
1169      0
1170      0
1171      95
1172      0
1173      98
1174      0
1175      0
1176      0
1177      100
1178      91
1179      85
1180      0
1181      0
1182      0
1183      0
1184      99
1185      0
1186      0
1187      87
1188      88
1189      0
1190      94
1191      0
1192      0
1193      85
1194      55
1195      0
1196      89
1197      98
1198      100
1199      100
1200      97
1201      71
1202      94
1203      66
1204      0
1205      0
1206      93
1207      79
1208      0
1209      0
1210      0
1211      0
1212      0
1213      0
1214      0
1215      97
1216      0
1217      83
1218      0
1219      37
1220      82
1221      97
1222      75
1223      0
1224      99
1225      74
1226      0
1227      0
1228      95
1229      0
1230      0
1231      97
1232      91
1233      0
1234      94
1235      84
1236      0
1237      91
1238      98
1239      0
1240      0
1241      97
1242      99
1243      95
1244      0
1245      92
1246      82
1247      90
1248      100
1249      89
1250      0
1251      58
1252      0
1253      0
1254      72
1255      0
1256      0
1257      0
1258      0
1259      0
1260      93
1261      61
1262      96
1263      93
1264      98
1265      0
1266      78
1267      0
1268      0
1269      0
1270      80
1271      91
1272      0
1273      0
1274      0
1275      0
1276      0
1277      0
1278      96
1279      79
1280      0
1281      82
1282      98
1283      99
1284      0
1285      75
1286      65
1287      71
1288      0
1289      99
1290      0
1291      78
1292      97
1293      97
1294      0
1295      92
1296      100
1297      0
1298      0
1299      89
1300      85
1301      0
1302      97
1303      56
1304      0
1305      0
1306      0
1307      0
1308      80
1309      84
1310      88
1311      99
1312      95
1313      98
1314      0
1315      93
1316      96
1317      0
1318      0
1319      40
1320      0
1321      54
1322      97
1323      0
1324      0
1325      0
1326      0
1327      0
1328      99
1329      89
1330      73
1331      0
1332      0
1333      0
1334      100
1335      94
1336      0
1337      100
1338      67
1339      0
1340      67
1341      97
1342      0
1343      95
1344      0
1345      0
1346      98
1347      99
1348      0
1349      0
1350      0
1351      77
1352      0
1353      0
1354      0
1355      93
1356      0
1357      0
1358      0
1359      0
1360      100
1361      99
1362      93
1363      96
1364      0
1365      0
1366      100
1367      0
1368      55
1369      68
1370      0
1371      80
1372      0
1373      0
1374      93
1375      92
1376      0
1377      0
1378      66
1379      54
1380      0
1381      0
1382      88
1383      0
1384      43
1385      96
1386      85
1387      78
1388      0
1389      45
1390      96
1391      95
1392      96
1393      91
1394      0
1395      96
1396      63
1397      97
1398      76
1399      99
1400      77
1401      89
1402      72
1403      92
1404      0
1405      0
1406      0
1407      93
1408      0
1409      0
1410      0
1411      76
1412      56
1413      92
1414      0
1415      100
1416      0
1417      93
1418      95
1419      0
1420      85
1421      0
1422      97
1423      65
1424      0
1425      88
1426      0
1427      0
1428      99
1429      0
1430      95
1431      0
1432      48
1433      99
1434      0
1435      0
1436      89
1437      87
1438      97
1439      80
1440      76
1441      0
1442      98
1443      0
1444      0
1445      0
1446      0
1447      92
1448      91
1449      95
1450      0
1451      96
1452      0
1453      64
1454      96
1455      0
1456      0
1457      81
1458      0
1459      88
1460      61
1461      0
1462      0
1463      0
1464      72
1465      97
1466      98
1467      0
1468      100
1469      0
1470      0
1471      0
1472      96
1473      0
1474      0
1475      0
1476      93
1477      98
1478      0
1479      88
1480      95
1481      99
1482      0
1483      94
1484      100
1485      99
1486      54
1487      79
1488      0
1489      98
1490      64
1491      0
1492      98
1493      82
1494      82
1495      100
1496      72
1497      92
1498      88
1499      92
1500      81
1501      0
1502      84
1503      97
1504      0
1505      100
1506      89
1507      0
1508      63
1509      0
1510      98
1511      98
1512      99
1513      0
1514      86
1515      0
1516      76
1517      48
1518      78
1519      0
1520      80
1521      91
1522      0
1523      96
1524      89
1525      100
1526      0
1527      74
1528      93
1529      69
1530      0
1531      94
1532      0
1533      88
1534      0
1535      0
1536      0
1537      75
1538      0
1539      100
1540      0
1541      73
1542      0
1543      73
1544      62
1545      100
1546      72
1547      0
1548      93
1549      98
1550      0
1551      0
1552      90
1553      0
1554      0
1555      98
1556      94
1557      92
1558      0
1559      76
1560      0
1561      92
1562      74
1563      0
1564      90
1565      0
1566      93
1567      80
1568      75
1569      0
1570      0
1571      97
1572      0
1573      90
1574      0
1575      0
1576      98
1577      0
1578      0
1579      42
1580      53
1581      91
1582      0
1583      0
1584      100
1585      74
1586      100
1587      0
1588      93
1589      0
1590      0
1591      88
1592      0
1593      0
1594      93
1595      64
1596      82
1597      0
1598      0
1599      99
1600      59
1601      0
1602      0
1603      92
1604      98
1605      93
1606      0
1607      87
1608      83
1609      100
1610      0
1611      72
1612      72
1613      0
1614      94
1615      0
1616      100
1617      91
1618      85
1619      70
1620      84
1621      76
1622      96
1623      0
1624      75
1625      0
1626      0
1627      59
1628      96
1629      82
1630      96
1631      97
1632      0
1633      0
1634      0
1635      0
1636      100
1637      96
1638      0
1639      95
1640      0
1641      64
1642      0
1643      100
1644      58
1645      97
1646      0
1647      0
1648      0
1649      0
1650      0
1651      0
1652      0
1653      85
1654      85
1655      100
1656      93
1657      0
1658      97
1659      98
1660      93
1661      73
1662      94
1663      85
1664      73
1665      0
1666      73
1667      90
1668      100
1669      0
1670      0
1671      0
1672      0
1673      80
1674      0
1675      91
1676      0
1677      0
1678      88
1679      71
1680      0
1681      0
1682      0
1683      100
1684      95
1685      0
1686      87
1687      75
1688      0
1689      57
1690      0
1691      0
1692      0
1693      0
1694      89
1695      0
1696      91
1697      0
1698      78
1699      0
1700      48
1701      0
1702      0
1703      99
1704      0
1705      72
1706      89
1707      100
1708      0
1709      98
1710      0
1711      100
1712      90
1713      99
1714      0
1715      0
1716      79
1717      66
1718      0
1719      99
1720      99
1721      0
1722      98
1723      97
1724      73
1725      76
1726      83
1727      0
1728      85
1729      0
1730      0
1731      90
1732      89
1733      0
1734      94
1735      97
1736      79
1737      0
1738      82
1739      0
1740      86
1741      97
1742      88
1743      0
1744      55
1745      0
1746      99
1747      97
1748      0
1749      96
1750      95
1751      0
1752      81
1753      97
1754      85
1755      77
1756      0
1757      0
1758      94
1759      0
1760      0
1761      97
1762      0
1763      64
1764      98
1765      97
1766      0
1767      0
1768      60
1769      73
1770      89
1771      0
1772      100
1773      93
1774      0
1775      76
1776      0
1777      88
1778      73
1779      94
1780      0
1781      0
1782      63
1783      0
1784      0
1785      100
1786      0
1787      100
1788      0
1789      0
1790      0
1791      0
1792      95
1793      0
1794      0
1795      95
1796      0
1797      0
1798      0
1799      0
1800      89
1801      0
1802      76
1803      92
1804      88
1805      0
1806      96
1807      74
1808      93
1809      0
1810      80
1811      0
1812      87
1813      70
1814      0
1815      0
1816      0
1817      88
1818      0
1819      72
1820      85
1821      86
1822      96
1823      0
1824      0
1825      96
1826      95
1827      83
1828      98
1829      94
1830      85
1831      78
1832      0
1833      0
1834      98
1835      96
1836      88
1837      0
1838      0
1839      0
1840      64
1841      0
1842      99
1843      0
1844      100
1845      85
1846      92
1847      88
1848      0
1849      0
1850      93
1851      0
1852      0
1853      75
1854      0
1855      0
1856      0
1857      0
1858      0
1859      94
1860      84
1861      0
1862      100
1863      92
1864      85
1865      0
1866      98
1867      0
1868      98
1869      42
1870      75
1871      76
1872      0
1873      80
1874      100
1875      0
1876      0
1877      98
1878      96
1879      96
1880      98
1881      0
1882      70
1883      0
1884      99
1885      99
1886      92
1887      0
1888      99
1889      73
1890      0
1891      0
1892      95
1893      0
1894      0
1895      0
1896      72
1897      47
1898      0
1899      0
1900      96
1901      70
1902      100
1903      96
1904      59
1905      100
1906      0
1907      0
1908      73
1909      88
1910      0
1911      92
1912      0
1913      80
1914      0
1915      0
1916      96
1917      92
1918      0
1919      91
1920      95
1921      0
1922      0
1923      100
1924      89
1925      0
1926      94
1927      0
1928      83
1929      0
1930      88
1931      0
1932      97
1933      90
1934      0
1935      0
1936      0
1937      0
1938      91
1939      74
1940      0
1941      91
1942      91
1943      83
1944      0
1945      88
1946      0
1947      93
1948      0
1949      82
1950      0
1951      99
1952      0
1953      0
1954      51
1955      90
1956      95
1957      92
1958      0
1959      0
1960      0
1961      0
1962      87
1963      0
1964      89
1965      0
1966      78
1967      92
1968      80
1969      88
1970      73
1971      100
1972      76
1973      98
1974      80
1975      0
1976      80
1977      61
1978      100
1979      78
1980      85
1981      0
1982      96
1983      90
1984      0
1985      0
1986      72
1987      85
1988      96
1989      65
1990      97
1991      97
1992      64
1993      100
1994      36
1995      92
1996      0
1997      0
1998      0
1999      98
2000      70
2001      0
2002      95
2003      91
2004      0
2005      0
2006      0
2007      0
2008      98
2009      0
2010      0
2011      0
2012      66
2013      77
2014      97
2015      91
2016      0
2017      0
2018      87
2019      0
2020      0
2021      0
2022      98
2023      56
2024      62
2025      100
2026      0
2027      0
2028      0
2029      99
2030      94
2031      98
2032      0
2033      77
2034      98
2035      76
2036      94
2037      100
2038      0
2039      99
2040      93
2041      90
2042      97
2043      0
2044      0
2045      99
2046      0
2047      31
2048      93
2049      97
2050      0
2051      69
2052      83
2053      0
2054      0
2055      0
2056      0
2057      100
2058      82
2059      82
2060      0
2061      38
2062      0
2063      99
2064      0
2065      0
2066      0
2067      47
2068      0
2069      99
2070      100
2071      89
2072      0
2073      0
2074      88
2075      0
2076      0
2077      0
2078      98
2079      90
2080      93
2081      100
2082      83
2083      98
2084      98
2085      98
2086      97
2087      82
2088      0
2089      0
2090      0
2091      0
2092      79
2093      0
2094      59
2095      93
2096      96
2097      99
2098      94
2099      96
2100      0
2101      97
2102      99
2103      97
2104      84
2105      0
2106      90
2107      0
2108      82
2109      96
2110      69
2111      0
2112      0
2113      92
2114      0
2115      0
2116      84
2117      89
2118      94
2119      90
2120      0
2121      0
2122      100
2123      97
2124      0
2125      83
2126      91
2127      0
2128      92
2129      99
2130      74
2131      0
2132      94
2133      0
2134      69
2135      0
2136      100
2137      0
2138      0
2139      62
2140      89
2141      83
2142      0
2143      0
2144      98
2145      0
2146      0
2147      97
2148      0
2149      98
2150      100
2151      95
2152      0
2153      0
2154      73
2155      0
2156      0
2157      0
2158      91
2159      0
2160      68
2161      0
2162      98
2163      89
2164      0
2165      83
2166      0
2167      0
2168      100
2169      100
2170      80
2171      0
2172      98
2173      77
2174      0
2175      0
2176      87
2177      100
2178      99
2179      95
2180      0
2181      0
2182      0
2183      0
2184      71
2185      97
2186      0
2187      99
2188      0
2189      0
2190      64
2191      78
2192      99
2193      0
2194      0
2195      95
2196      96
2197      56
2198      71
2199      89
2200      0
2201      71
2202      0
2203      0
2204      82
2205      97
2206      94
2207      0
2208      80
2209      0
2210      0
2211      0
2212      85
2213      80
2214      0
2215      0
2216      0
2217      91
2218      72
2219      98
2220      0
2221      0
2222      0
2223      0
2224      0
2225      69
2226      65
2227      0
2228      0
2229      0
2230      0
2231      86
2232      94
2233      0
2234      0
2235      0
2236      0
2237      65
2238      0
2239      81
2240      87
2241      0
2242      68
2243      97
2244      0
2245      0
2246      74
2247      73
2248      98
2249      96
2250      0
2251      82
2252      98
2253      0
2254      0
2255      0
2256      98
2257      0
2258      38
2259      92
2260      94
2261      99
2262      0
2263      0
2264      98
2265      57
2266      91
2267      43
2268      100
2269      0
2270      0
2271      99
2272      61
2273      96
2274      0
2275      79
2276      83
2277      0
2278      92
2279      77
2280      94
2281      0
2282      83
2283      0
2284      88
2285      0
2286      0
2287      61
2288      76
2289      0
2290      97
2291      0
2292      98
2293      0
2294      91
2295      96
2296      0
2297      74
2298      73
2299      90
2300      88
2301      0
2302      71
2303      54
2304      41
2305      93
2306      72
2307      71
2308      93
2309      0
2310      0
2311      0
2312      0
2313      0
2314      93
2315      82
2316      80
2317      93
2318      0
2319      95
2320      97
2321      0
2322      100
2323      0
2324      0
2325      94
2326      61
2327      0
2328      0
2329      58
2330      91
2331      100
2332      0
2333      95
2334      96
2335      0
2336      0
2337      0
2338      98
2339      99
2340      42
2341      85
2342      87
2343      0
2344      98
2345      0
2346      86
2347      0
2348      71
2349      91
2350      97
2351      0
2352      58
2353      89
2354      94
2355      0
2356      0
2357      65
2358      95
2359      0
2360      94
2361      96
2362      99
2363      94
2364      97
2365      0
2366      86
2367      94
2368      0
2369      45
2370      0
2371      0
2372      91
2373      85
2374      0
2375      96
2376      0
2377      0
2378      85
2379      0
2380      99
2381      0
2382      91
2383      57
2384      0
2385      100
2386      98
2387      0
2388      92
2389      81
2390      86
2391      66
2392      0
2393      0
2394      0
2395      0
2396      97
2397      0
2398      0
2399      96
2400      97
2401      0
2402      89
2403      0
2404      91
2405      0
2406      0
2407      99
2408      58
2409      94
2410      97
2411      93
2412      70
2413      0
2414      92
2415      93
2416      0
2417      80
2418      0
2419      98
2420      0
2421      0
2422      0
2423      0
2424      0
2425      0
2426      90
2427      0
2428      96
2429      99
2430      96
2431      0
2432      66
2433      44
2434      98
2435      93
2436      0
2437      57
2438      86
2439      0
2440      0
2441      70
2442      0
2443      0
2444      0
2445      96
2446      99
2447      96
2448      0
2449      85
2450      98
2451      0
2452      0
2453      98
2454      0
2455      0
2456      82
2457      63
2458      0
2459      100
2460      99
2461      0
2462      0
2463      0
2464      0
2465      97
2466      96
2467      0
2468      94
2469      96
2470      51
2471      0
2472      93
2473      95
2474      0
2475      75
2476      0
2477      59
2478      98
2479      68
2480      97
2481      89
2482      0
2483      96
2484      0
2485      69
2486      92
2487      0
2488      79
2489      0
2490      0
2491      99
2492      98
2493      0
2494      52
2495      0
2496      0
2497      0
2498      0
2499      83
       76049.3
