0      54
1      0
2      98
3      0
4      0
5      99
6      90
7      100
8      75
9      0
10      100
11      84
12      100
13      0
14      0
15      97
16      99
17      0
18      0
19      98
20      0
21      0
22      0
23      0
24      0
25      100
26      0
27      60
28      0
29      100
30      78
31      64
32      0
33      0
34      100
35      0
36      0
37      98
38      0
39      79
40      100
41      0
42      96
43      68
44      0
45      70
46      99
47      0
48      76
49      0
50      100
51      63
52      94
53      0
54      100
55      0
56      0
57      0
58      50
59      100
60      0
61      100
62      93
63      0
64      70
65      0
66      58
67      0
68      43
69      97
70      84
71      99
72      0
73      99
74      83
75      85
76      0
77      43
78      100
79      100
80      97
81      0
82      54
83      67
84      71
85      99
86      0
87      100
88      0
89      100
90      0
91      100
92      0
93      0
94      98
95      48
96      74
97      100
98      0
99      62
100      0
101      56
102      83
103      98
104      77
105      0
106      100
107      0
108      98
109      0
110      100
111      0
112      0
113      99
114      0
115      95
116      100
117      0
118      0
119      79
120      60
121      0
122      95
123      0
124      0
125      0
126      99
127      0
128      100
129      100
130      92
131      74
132      0
133      100
134      97
135      94
136      77
137      0
138      0
139      0
140      0
141      0
142      0
143      100
144      0
145      100
146      100
147      100
148      0
149      100
150      86
151      0
152      43
153      0
154      0
155      0
156      94
157      0
158      100
159      78
160      0
161      0
162      67
163      87
164      94
165      99
166      100
167      63
168      71
169      0
170      92
171      93
172      81
173      0
174      100
175      55
176      43
177      83
178      0
179      0
180      100
181      100
182      73
183      85
184      100
185      0
186      53
187      0
188      99
189      89
190      0
191      99
192      48
193      0
194      0
195      0
196      76
197      66
198      99
199      0
200      78
201      0
202      100
203      99
204      0
205      0
206      67
207      86
208      63
209      98
210      0
211      55
212      64
213      0
214      0
215      0
216      0
217      0
218      100
219      0
220      96
221      66
222      100
223      0
224      0
225      0
226      0
227      68
228      71
229      100
230      100
231      0
232      0
233      73
234      0
235      0
236      90
237      0
238      0
239      0
240      81
241      97
242      0
243      0
244      0
245      100
246      83
247      0
248      0
249      53
250      0
251      0
252      0
253      77
254      0
255      0
256      0
257      0
258      72
259      0
260      85
261      99
262      0
263      87
264      91
265      0
266      92
267      0
268      0
269      64
270      0
271      91
272      0
273      41
274      100
275      0
276      0
277      0
278      91
279      0
280      0
281      0
282      99
283      100
284      100
285      0
286      98
287      76
288      0
289      99
290      0
291      0
292      100
293      0
294      89
295      0
296      100
297      100
298      0
299      50
300      62
301      100
302      0
303      94
304      0
305      0
306      100
307      0
308      0
309      0
310      78
311      99
312      100
313      0
314      0
315      0
316      44
317      0
318      0
319      98
320      100
321      100
322      100
323      63
324      100
325      70
326      100
327      0
328      100
329      100
330      0
331      100
332      0
333      0
334      99
335      72
336      0
337      0
338      0
339      95
340      100
341      0
342      100
343      0
344      52
345      100
346      98
347      99
348      95
349      0
350      99
351      64
352      0
353      99
354      100
355      0
356      78
357      100
358      0
359      92
360      100
361      99
362      0
363      96
364      0
365      0
366      0
367      0
368      100
369      71
370      80
371      0
372      99
373      71
374      0
375      0
376      62
377      95
378      0
379      0
380      98
381      97
382      0
383      70
384      99
385      80
386      91
387      0
388      100
389      90
390      0
391      0
392      0
393      0
394      63
395      70
396      67
397      0
398      0
399      100
400      100
401      67
402      60
403      72
404      0
405      94
406      99
407      62
408      77
409      60
410      94
411      0
412      0
413      83
414      97
415      92
416      82
417      100
418      100
419      0
420      100
421      78
422      75
423      0
424      85
425      99
426      67
427      100
428      46
429      100
430      0
431      0
432      60
433      46
434      99
435      95
436      0
437      97
438      89
439      100
440      0
441      0
442      96
443      71
444      96
445      0
446      0
447      100
448      0
449      0
450      0
451      0
452      0
453      99
454      0
455      67
456      74
457      0
458      0
459      100
460      0
461      47
462      0
463      0
464      63
465      53
466      0
467      83
468      0
469      0
470      94
471      88
472      89
473      0
474      44
475      99
476      0
477      43
478      99
479      84
480      68
481      0
482      58
483      97
484      79
485      98
486      54
487      0
488      100
489      0
490      68
491      81
492      94
493      0
494      0
495      100
496      84
497      100
498      47
499      45
       16387
