0      0
1      97
2      78
3      0
4      98
5      0
6      0
7      53
8      100
9      0
10      0
11      78
12      0
13      51
14      0
15      97
16      86
17      0
18      0
19      98
20      99
21      60
22      91
23      95
24      91
25      90
26      95
27      0
28      87
29      0
30      96
31      0
32      73
33      96
34      0
35      0
36      0
37      0
38      0
39      0
40      0
41      74
42      83
43      0
44      96
45      0
46      0
47      0
48      47
49      0
50      72
51      0
52      0
53      88
54      0
55      99
56      0
57      0
58      0
59      95
60      80
61      58
62      0
63      0
64      0
65      84
66      90
67      98
68      89
69      98
70      0
71      0
72      99
73      0
74      0
75      88
76      0
77      0
78      93
79      81
80      0
81      95
82      78
83      0
84      99
85      0
86      57
87      0
88      84
89      0
90      84
91      0
92      100
93      0
94      0
95      0
96      94
97      0
98      83
99      64
100      0
101      98
102      0
103      0
104      74
105      90
106      90
107      96
108      90
109      87
110      65
111      97
112      0
113      71
114      88
115      0
116      0
117      100
118      0
119      58
120      97
121      0
122      0
123      55
124      0
125      0
126      0
127      0
128      94
129      0
130      0
131      81
132      0
133      0
134      98
135      0
136      0
137      52
138      77
139      0
140      0
141      87
142      99
143      78
144      0
145      89
146      0
147      0
148      96
149      0
150      98
151      0
152      0
153      0
154      0
155      85
156      45
157      0
158      78
159      99
160      91
161      93
162      0
163      94
164      0
165      94
166      90
167      74
168      93
169      92
170      99
171      97
172      0
173      0
174      0
175      62
176      72
177      87
178      94
179      0
180      93
181      0
182      92
183      94
184      97
185      0
186      0
187      94
188      64
189      0
190      0
191      0
192      89
193      86
194      88
195      0
196      0
197      76
198      88
199      89
200      51
201      84
202      0
203      93
204      100
205      97
206      0
207      0
208      0
209      0
210      0
211      95
212      81
213      86
214      0
215      82
216      0
217      100
218      0
219      0
220      0
221      0
222      95
223      96
224      0
225      98
226      0
227      81
228      0
229      90
230      97
231      0
232      90
233      93
234      95
235      0
236      95
237      96
238      0
239      0
240      0
241      61
242      0
243      0
244      96
245      0
246      93
247      0
248      95
249      0
250      93
251      0
252      0
253      0
254      91
255      96
256      83
257      0
258      97
259      0
260      75
261      97
262      91
263      93
264      93
265      0
266      0
267      90
268      100
269      81
270      46
271      0
272      0
273      0
274      0
275      76
276      0
277      0
278      96
279      0
280      94
281      0
282      85
283      0
284      0
285      88
286      75
287      98
288      0
289      94
290      46
291      0
292      0
293      96
294      79
295      99
296      97
297      92
298      62
299      95
300      65
301      0
302      0
303      87
304      0
305      0
306      0
307      0
308      57
309      0
310      92
311      97
312      0
313      94
314      51
315      99
316      80
317      100
318      81
319      92
320      0
321      0
322      91
323      0
324      0
325      0
326      72
327      81
328      96
329      0
330      91
331      0
332      0
333      0
334      97
335      0
336      92
337      0
338      100
339      94
340      0
341      0
342      0
343      0
344      72
345      73
346      0
347      81
348      0
349      0
350      0
351      97
352      51
353      100
354      68
355      61
356      84
357      99
358      56
359      98
360      0
361      92
362      91
363      0
364      0
365      90
366      94
367      98
368      96
369      73
370      0
371      83
372      0
373      0
374      79
375      0
376      83
377      92
378      46
379      0
380      100
381      93
382      97
383      84
384      0
385      96
386      100
387      92
388      56
389      83
390      0
391      100
392      0
393      0
394      91
395      95
396      93
397      82
398      0
399      0
400      0
401      0
402      0
403      39
404      83
405      0
406      36
407      0
408      80
409      98
410      95
411      76
412      94
413      86
414      90
415      71
416      76
417      57
418      47
419      97
420      96
421      0
422      85
423      80
424      0
425      0
426      0
427      94
428      75
429      54
430      90
431      98
432      86
433      98
434      89
435      93
436      0
437      0
438      0
439      0
440      0
441      0
442      0
443      95
444      67
445      0
446      0
447      79
448      80
449      0
450      0
451      0
452      0
453      90
454      0
455      0
456      0
457      79
458      81
459      94
460      0
461      92
462      0
463      97
464      0
465      0
466      0
467      73
468      97
469      0
470      77
471      0
472      65
473      0
474      62
475      90
476      97
477      78
478      84
479      94
480      0
481      0
482      0
483      0
484      41
485      75
486      0
487      89
488      96
489      0
490      0
491      0
492      0
493      54
494      74
495      81
496      96
497      93
498      0
499      92
500      68
501      91
502      0
503      100
504      98
505      0
506      0
507      0
508      0
509      97
510      0
511      0
512      0
513      97
514      0
515      0
516      0
517      0
518      100
519      46
520      0
521      0
522      87
523      72
524      0
525      99
526      0
527      0
528      95
529      100
530      58
531      93
532      0
533      26
534      0
535      0
536      98
537      0
538      0
539      80
540      96
541      0
542      90
543      83
544      44
545      0
546      69
547      99
548      94
549      63
550      60
551      0
552      0
553      95
554      93
555      0
556      98
557      0
558      94
559      92
560      97
561      0
562      0
563      0
564      78
565      0
566      69
567      0
568      82
569      0
570      73
571      100
572      83
573      98
574      0
575      48
576      100
577      100
578      0
579      84
580      0
581      92
582      100
583      90
584      0
585      59
586      0
587      97
588      0
589      0
590      0
591      93
592      77
593      100
594      0
595      97
596      0
597      96
598      83
599      0
600      79
601      0
602      75
603      99
604      100
605      0
606      0
607      82
608      99
609      0
610      99
611      0
612      49
613      66
614      91
615      60
616      0
617      0
618      0
619      99
620      97
621      0
622      0
623      0
624      0
625      0
626      0
627      92
628      0
629      81
630      71
631      0
632      0
633      0
634      72
635      81
636      76
637      78
638      89
639      0
640      0
641      0
642      73
643      0
644      0
645      0
646      92
647      100
648      0
649      99
650      0
651      79
652      0
653      0
654      94
655      0
656      0
657      0
658      77
659      0
660      96
661      87
662      99
663      86
664      91
665      98
666      100
667      63
668      0
669      78
670      0
671      0
672      100
673      85
674      0
675      0
676      99
677      0
678      0
679      0
680      0
681      77
682      77
683      0
684      47
685      0
686      0
687      92
688      95
689      59
690      96
691      0
692      0
693      0
694      0
695      68
696      0
697      0
698      0
699      74
700      100
701      100
702      83
703      98
704      89
705      0
706      72
707      91
708      0
709      0
710      0
711      76
712      59
713      0
714      95
715      52
716      95
717      100
718      0
719      87
720      87
721      98
722      75
723      83
724      0
725      97
726      70
727      79
728      0
729      98
730      89
731      0
732      82
733      0
734      0
735      98
736      82
737      0
738      0
739      98
740      100
741      98
742      0
743      0
744      0
745      0
746      0
747      95
748      0
749      0
750      99
751      0
752      0
753      0
754      0
755      98
756      90
757      0
758      83
759      100
760      89
761      98
762      0
763      97
764      66
765      83
766      69
767      0
768      89
769      89
770      0
771      86
772      0
773      0
774      0
775      78
776      0
777      100
778      94
779      0
780      98
781      50
782      0
783      100
784      0
785      94
786      0
787      50
788      0
789      0
790      97
791      96
792      0
793      99
794      0
795      0
796      0
797      0
798      99
799      95
800      0
801      93
802      70
803      94
804      0
805      0
806      83
807      100
808      0
809      0
810      93
811      0
812      0
813      85
814      0
815      0
816      91
817      85
818      62
819      0
820      0
821      90
822      0
823      70
824      91
825      97
826      88
827      0
828      79
829      0
830      0
831      74
832      72
833      79
834      34
835      0
836      0
837      0
838      69
839      90
840      94
841      0
842      82
843      0
844      84
845      0
846      94
847      91
848      0
849      0
850      0
851      0
852      93
853      0
854      100
855      0
856      0
857      76
858      89
859      0
860      0
861      0
862      99
863      0
864      93
865      96
866      0
867      0
868      0
869      89
870      92
871      0
872      0
873      99
874      78
875      70
876      0
877      0
878      0
879      93
880      94
881      95
882      96
883      71
884      0
885      65
886      95
887      47
888      0
889      97
890      0
891      0
892      0
893      0
894      0
895      0
896      93
897      0
898      70
899      95
900      65
901      74
902      0
903      0
904      0
905      0
906      100
907      0
908      0
909      83
910      79
911      0
912      0
913      0
914      0
915      0
916      72
917      100
918      100
919      81
920      0
921      100
922      0
923      73
924      95
925      84
926      61
927      0
928      0
929      99
930      0
931      0
932      81
933      100
934      77
935      0
936      96
937      96
938      83
939      0
940      83
941      0
942      0
943      95
944      0
945      52
946      39
947      97
948      71
949      78
950      0
951      98
952      0
953      0
954      0
955      99
956      94
957      62
958      0
959      0
960      100
961      0
962      0
963      96
964      0
965      78
966      100
967      0
968      92
969      95
970      89
971      0
972      86
973      0
974      0
975      0
976      0
977      60
978      75
979      63
980      93
981      95
982      76
983      100
984      0
985      79
986      99
987      94
988      0
989      93
990      0
991      0
992      0
993      91
994      99
995      0
996      93
997      48
998      0
999      0
1000      0
1001      82
1002      71
1003      82
1004      0
1005      96
1006      0
1007      0
1008      98
1009      98
1010      0
1011      0
1012      0
1013      0
1014      0
1015      0
1016      0
1017      48
1018      71
1019      0
1020      58
1021      55
1022      93
1023      97
1024      70
1025      90
1026      0
1027      0
1028      0
1029      0
1030      0
1031      0
1032      0
1033      100
1034      88
1035      68
1036      0
1037      96
1038      0
1039      0
1040      55
1041      97
1042      74
1043      95
1044      0
1045      91
1046      88
1047      0
1048      0
1049      0
1050      91
1051      0
1052      83
1053      0
1054      0
1055      0
1056      0
1057      81
1058      99
1059      0
1060      92
1061      99
1062      0
1063      0
1064      0
1065      77
1066      0
1067      0
1068      0
1069      0
1070      0
1071      53
1072      99
1073      95
1074      100
1075      0
1076      93
1077      67
1078      92
1079      0
1080      91
1081      0
1082      92
1083      94
1084      0
1085      95
1086      0
1087      92
1088      100
1089      87
1090      0
1091      95
1092      0
1093      100
1094      98
1095      79
1096      0
1097      0
1098      79
1099      77
1100      84
1101      89
1102      72
1103      99
1104      100
1105      86
1106      0
1107      99
1108      69
1109      0
1110      100
1111      0
1112      0
1113      53
1114      47
1115      90
1116      98
1117      0
1118      0
1119      98
1120      80
1121      0
1122      0
1123      0
1124      82
1125      0
1126      90
1127      0
1128      91
1129      98
1130      84
1131      85
1132      72
1133      94
1134      0
1135      0
1136      0
1137      69
1138      87
1139      0
1140      0
1141      69
1142      0
1143      88
1144      0
1145      36
1146      95
1147      83
1148      86
1149      99
1150      60
1151      0
1152      92
1153      87
1154      0
1155      69
1156      100
1157      97
1158      0
1159      67
1160      73
1161      69
1162      0
1163      0
1164      95
1165      96
1166      78
1167      97
1168      62
1169      82
1170      0
1171      0
1172      0
1173      82
1174      0
1175      81
1176      0
1177      0
1178      83
1179      0
1180      69
1181      0
1182      98
1183      77
1184      99
1185      99
1186      98
1187      82
1188      93
1189      93
1190      0
1191      98
1192      66
1193      85
1194      0
1195      0
1196      0
1197      0
1198      58
1199      72
1200      0
1201      45
1202      82
1203      98
1204      95
1205      98
1206      88
1207      93
1208      97
1209      0
1210      98
1211      98
1212      90
1213      0
1214      0
1215      94
1216      87
1217      0
1218      0
1219      0
1220      100
1221      91
1222      65
1223      0
1224      85
1225      99
1226      95
1227      78
1228      0
1229      0
1230      0
1231      0
1232      68
1233      0
1234      94
1235      69
1236      90
1237      85
1238      0
1239      0
1240      81
1241      0
1242      100
1243      0
1244      98
1245      98
1246      100
1247      0
1248      0
1249      0
1250      98
1251      98
1252      99
1253      95
1254      0
1255      93
1256      71
1257      0
1258      98
1259      0
1260      0
1261      89
1262      90
1263      0
1264      85
1265      100
1266      92
1267      0
1268      0
1269      54
1270      85
1271      0
1272      0
1273      93
1274      0
1275      83
1276      0
1277      0
1278      80
1279      0
1280      92
1281      82
1282      90
1283      82
1284      80
1285      0
1286      81
1287      74
1288      68
1289      94
1290      0
1291      87
1292      69
1293      0
1294      100
1295      0
1296      98
1297      0
1298      81
1299      0
1300      0
1301      27
1302      0
1303      87
1304      0
1305      0
1306      0
1307      89
1308      82
1309      80
1310      97
1311      0
1312      100
1313      45
1314      0
1315      0
1316      93
1317      98
1318      78
1319      0
1320      0
1321      0
1322      82
1323      67
1324      79
1325      0
1326      0
1327      57
1328      89
1329      95
1330      54
1331      97
1332      63
1333      68
1334      78
1335      95
1336      74
1337      95
1338      0
1339      0
1340      84
1341      0
1342      93
1343      0
1344      51
1345      70
1346      0
1347      0
1348      0
1349      91
1350      0
1351      62
1352      90
1353      66
1354      0
1355      66
1356      0
1357      0
1358      94
1359      0
1360      76
1361      92
1362      98
1363      91
1364      77
1365      0
1366      88
1367      98
1368      0
1369      0
1370      97
1371      95
1372      99
1373      57
1374      87
1375      0
1376      100
1377      98
1378      85
1379      0
1380      0
1381      0
1382      79
1383      97
1384      0
1385      92
1386      96
1387      99
1388      0
1389      66
1390      0
1391      0
1392      99
1393      83
1394      88
1395      99
1396      86
1397      86
1398      0
1399      97
1400      0
1401      97
1402      80
1403      0
1404      0
1405      75
1406      80
1407      95
1408      0
1409      94
1410      0
1411      92
1412      0
1413      63
1414      56
1415      0
1416      0
1417      92
1418      0
1419      94
1420      0
1421      99
1422      0
1423      87
1424      100
1425      0
1426      99
1427      0
1428      98
1429      71
1430      0
1431      95
1432      0
1433      100
1434      67
1435      0
1436      75
1437      96
1438      0
1439      94
1440      0
1441      0
1442      0
1443      0
1444      84
1445      86
1446      100
1447      0
1448      0
1449      0
1450      92
1451      0
1452      0
1453      100
1454      94
1455      62
1456      93
1457      0
1458      89
1459      97
1460      0
1461      0
1462      0
1463      0
1464      97
1465      98
1466      0
1467      57
1468      76
1469      0
1470      0
1471      0
1472      97
1473      0
1474      90
1475      0
1476      85
1477      82
1478      89
1479      0
1480      0
1481      97
1482      99
1483      75
1484      94
1485      0
1486      0
1487      88
1488      96
1489      62
1490      0
1491      0
1492      86
1493      67
1494      0
1495      66
1496      88
1497      0
1498      0
1499      94
1500      0
1501      99
1502      55
1503      95
1504      0
1505      95
1506      93
1507      99
1508      91
1509      0
1510      75
1511      0
1512      0
1513      79
1514      0
1515      78
1516      95
1517      46
1518      0
1519      0
1520      47
1521      92
1522      75
1523      0
1524      100
1525      85
1526      0
1527      90
1528      91
1529      98
1530      98
1531      63
1532      95
1533      71
1534      0
1535      98
1536      89
1537      87
1538      0
1539      77
1540      0
1541      0
1542      85
1543      0
1544      74
1545      100
1546      0
1547      95
1548      61
1549      97
1550      90
1551      95
1552      84
1553      0
1554      0
1555      63
1556      0
1557      98
1558      0
1559      79
1560      77
1561      0
1562      89
1563      0
1564      99
1565      94
1566      96
1567      86
1568      85
1569      94
1570      0
1571      97
1572      57
1573      59
1574      80
1575      0
1576      90
1577      0
1578      100
1579      96
1580      96
1581      0
1582      83
1583      100
1584      0
1585      87
1586      57
1587      0
1588      0
1589      97
1590      80
1591      84
1592      82
1593      87
1594      81
1595      89
1596      86
1597      73
1598      0
1599      0
1600      0
1601      81
1602      0
1603      100
1604      0
1605      0
1606      74
1607      98
1608      99
1609      78
1610      0
1611      0
1612      93
1613      0
1614      83
1615      86
1616      77
1617      64
1618      0
1619      0
1620      0
1621      67
1622      79
1623      91
1624      0
1625      95
1626      96
1627      99
1628      87
1629      72
1630      95
1631      0
1632      0
1633      55
1634      0
1635      40
1636      73
1637      0
1638      84
1639      91
1640      88
1641      95
1642      0
1643      0
1644      97
1645      0
1646      0
1647      0
1648      59
1649      34
1650      0
1651      100
1652      94
1653      0
1654      92
1655      74
1656      92
1657      97
1658      0
1659      0
1660      0
1661      94
1662      64
1663      97
1664      0
1665      62
1666      53
1667      0
1668      0
1669      77
1670      96
1671      0
1672      0
1673      76
1674      97
1675      0
1676      0
1677      76
1678      0
1679      0
1680      0
1681      90
1682      98
1683      0
1684      0
1685      90
1686      100
1687      95
1688      66
1689      88
1690      0
1691      98
1692      0
1693      0
1694      0
1695      65
1696      99
1697      0
1698      60
1699      75
1700      87
1701      48
1702      0
1703      0
1704      73
1705      97
1706      48
1707      96
1708      0
1709      46
1710      97
1711      0
1712      0
1713      89
1714      0
1715      98
1716      92
1717      84
1718      71
1719      91
1720      60
1721      87
1722      66
1723      64
1724      0
1725      97
1726      53
1727      0
1728      84
1729      100
1730      12
1731      95
1732      69
1733      0
1734      96
1735      0
1736      62
1737      94
1738      0
1739      99
1740      0
1741      0
1742      74
1743      0
1744      0
1745      0
1746      0
1747      0
1748      32
1749      0
1750      72
1751      55
1752      42
1753      0
1754      69
1755      0
1756      93
1757      0
1758      99
1759      0
1760      0
1761      50
1762      63
1763      75
1764      78
1765      0
1766      97
1767      93
1768      0
1769      0
1770      0
1771      97
1772      100
1773      99
1774      0
1775      0
1776      0
1777      0
1778      0
1779      0
1780      93
1781      88
1782      81
1783      81
1784      96
1785      94
1786      77
1787      0
1788      93
1789      98
1790      93
1791      39
1792      81
1793      98
1794      92
1795      63
1796      78
1797      63
1798      94
1799      96
1800      57
1801      73
1802      94
1803      90
1804      0
1805      97
1806      0
1807      94
1808      70
1809      84
1810      0
1811      85
1812      59
1813      67
1814      0
1815      92
1816      87
1817      99
1818      96
1819      100
1820      55
1821      100
1822      67
1823      88
1824      90
1825      0
1826      98
1827      72
1828      91
1829      91
1830      91
1831      89
1832      0
1833      0
1834      0
1835      96
1836      0
1837      57
1838      59
1839      0
1840      69
1841      0
1842      83
1843      37
1844      91
1845      96
1846      62
1847      65
1848      99
1849      95
1850      80
1851      81
1852      0
1853      0
1854      72
1855      0
1856      98
1857      0
1858      0
1859      90
1860      95
1861      79
1862      0
1863      86
1864      85
1865      0
1866      100
1867      0
1868      0
1869      93
1870      100
1871      86
1872      0
1873      90
1874      95
1875      78
1876      0
1877      87
1878      84
1879      0
1880      65
1881      0
1882      0
1883      73
1884      0
1885      0
1886      77
1887      0
1888      93
1889      57
1890      68
1891      99
1892      0
1893      0
1894      0
1895      0
1896      75
1897      81
1898      0
1899      100
1900      100
1901      87
1902      98
1903      0
1904      0
1905      90
1906      95
1907      79
1908      54
1909      99
1910      81
1911      0
1912      0
1913      0
1914      99
1915      95
1916      80
1917      99
1918      100
1919      52
1920      72
1921      98
1922      0
1923      0
1924      0
1925      100
1926      100
1927      77
1928      0
1929      88
1930      98
1931      0
1932      0
1933      0
1934      0
1935      0
1936      100
1937      86
1938      0
1939      0
1940      0
1941      91
1942      0
1943      87
1944      51
1945      0
1946      95
1947      97
1948      95
1949      97
1950      0
1951      91
1952      99
1953      91
1954      0
1955      0
1956      100
1957      84
1958      0
1959      97
1960      39
1961      88
1962      98
1963      100
1964      100
1965      0
1966      100
1967      86
1968      74
1969      69
1970      0
1971      62
1972      86
1973      0
1974      89
1975      0
1976      0
1977      0
1978      88
1979      90
1980      0
1981      0
1982      90
1983      85
1984      0
1985      0
1986      0
1987      49
1988      0
1989      0
1990      93
1991      68
1992      0
1993      88
1994      96
1995      63
1996      60
1997      0
1998      79
1999      0
2000      0
2001      0
2002      93
2003      0
2004      0
2005      0
2006      0
2007      0
2008      85
2009      0
2010      70
2011      0
2012      91
2013      0
2014      0
2015      93
2016      71
2017      88
2018      0
2019      70
2020      44
2021      0
2022      51
2023      0
2024      86
2025      50
2026      0
2027      84
2028      80
2029      0
2030      0
2031      90
2032      0
2033      95
2034      0
2035      0
2036      93
2037      77
2038      0
2039      0
2040      0
2041      0
2042      84
2043      81
2044      0
2045      0
2046      0
2047      0
2048      93
2049      0
2050      0
2051      0
2052      80
2053      0
2054      0
2055      0
2056      0
2057      70
2058      85
2059      0
2060      59
2061      0
2062      0
2063      98
2064      0
2065      0
2066      87
2067      87
2068      0
2069      90
2070      0
2071      79
2072      98
2073      90
2074      0
2075      98
2076      0
2077      0
2078      85
2079      95
2080      59
2081      0
2082      100
2083      0
2084      0
2085      97
2086      86
2087      88
2088      0
2089      92
2090      55
2091      0
2092      0
2093      97
2094      0
2095      91
2096      0
2097      0
2098      96
2099      0
2100      98
2101      0
2102      44
2103      99
2104      100
2105      0
2106      95
2107      92
2108      0
2109      0
2110      67
2111      74
2112      72
2113      100
2114      0
2115      95
2116      80
2117      23
2118      89
2119      94
2120      72
2121      0
2122      0
2123      94
2124      98
2125      45
2126      69
2127      73
2128      76
2129      0
2130      99
2131      96
2132      96
2133      47
2134      98
2135      0
2136      57
2137      0
2138      100
2139      92
2140      90
2141      95
2142      0
2143      98
2144      91
2145      0
2146      73
2147      89
2148      100
2149      98
2150      90
2151      0
2152      98
2153      53
2154      0
2155      99
2156      0
2157      97
2158      0
2159      50
2160      94
2161      91
2162      100
2163      72
2164      86
2165      89
2166      90
2167      91
2168      100
2169      68
2170      94
2171      66
2172      99
2173      0
2174      82
2175      0
2176      0
2177      0
2178      0
2179      0
2180      97
2181      71
2182      0
2183      80
2184      82
2185      89
2186      89
2187      100
2188      96
2189      0
2190      87
2191      0
2192      91
2193      95
2194      80
2195      0
2196      0
2197      0
2198      0
2199      0
2200      0
2201      89
2202      97
2203      0
2204      98
2205      0
2206      96
2207      0
2208      0
2209      96
2210      57
2211      94
2212      90
2213      83
2214      77
2215      0
2216      98
2217      99
2218      97
2219      0
2220      0
2221      0
2222      89
2223      94
2224      60
2225      83
2226      84
2227      55
2228      0
2229      84
2230      0
2231      97
2232      0
2233      54
2234      0
2235      0
2236      93
2237      0
2238      91
2239      0
2240      90
2241      0
2242      0
2243      0
2244      54
2245      95
2246      0
2247      0
2248      59
2249      94
2250      96
2251      77
2252      78
2253      0
2254      0
2255      79
2256      77
2257      0
2258      90
2259      0
2260      74
2261      0
2262      56
2263      99
2264      98
2265      49
2266      76
2267      81
2268      81
2269      92
2270      0
2271      38
2272      0
2273      92
2274      0
2275      0
2276      65
2277      0
2278      0
2279      83
2280      0
2281      92
2282      0
2283      0
2284      99
2285      85
2286      0
2287      95
2288      0
2289      99
2290      91
2291      0
2292      64
2293      93
2294      74
2295      65
2296      0
2297      90
2298      75
2299      72
2300      0
2301      0
2302      0
2303      68
2304      54
2305      0
2306      100
2307      0
2308      99
2309      65
2310      0
2311      97
2312      49
2313      0
2314      96
2315      0
2316      97
2317      0
2318      100
2319      65
2320      67
2321      0
2322      62
2323      90
2324      99
2325      0
2326      0
2327      0
2328      0
2329      69
2330      90
2331      95
2332      0
2333      0
2334      99
2335      92
2336      0
2337      47
2338      0
2339      0
2340      0
2341      0
2342      0
2343      0
2344      0
2345      0
2346      28
2347      0
2348      0
2349      94
2350      100
2351      99
2352      0
2353      0
2354      0
2355      48
2356      0
2357      0
2358      75
2359      0
2360      91
2361      85
2362      98
2363      87
2364      0
2365      100
2366      0
2367      0
2368      76
2369      0
2370      0
2371      92
2372      77
2373      0
2374      84
2375      98
2376      0
2377      0
2378      100
2379      63
2380      95
2381      88
2382      79
2383      0
2384      99
2385      85
2386      75
2387      53
2388      0
2389      69
2390      0
2391      74
2392      77
2393      0
2394      83
2395      100
2396      0
2397      100
2398      0
2399      56
2400      0
2401      80
2402      98
2403      93
2404      0
2405      0
2406      94
2407      82
2408      95
2409      0
2410      92
2411      0
2412      0
2413      97
2414      92
2415      0
2416      0
2417      0
2418      80
2419      85
2420      99
2421      47
2422      85
2423      0
2424      77
2425      0
2426      54
2427      97
2428      0
2429      71
2430      92
2431      82
2432      85
2433      0
2434      0
2435      100
2436      85
2437      94
2438      0
2439      0
2440      0
2441      0
2442      76
2443      0
2444      96
2445      0
2446      0
2447      0
2448      84
2449      0
2450      69
2451      96
2452      92
2453      93
2454      96
2455      0
2456      98
2457      98
2458      97
2459      88
2460      97
2461      98
2462      75
2463      95
2464      90
2465      0
2466      0
2467      92
2468      0
2469      0
2470      0
2471      73
2472      0
2473      0
2474      0
2475      92
2476      0
2477      74
2478      0
2479      93
2480      0
2481      0
2482      0
2483      0
2484      0
2485      85
2486      0
2487      99
2488      0
2489      0
2490      98
2491      0
2492      0
2493      0
2494      92
2495      89
2496      98
2497      80
2498      98
2499      0
       78360.6
