nlkp_c_20_1
20  100.000000  47810.932417
0.151324
0.131542
0.122058
0.124762
0.104133
0.167474
0.123157
0.134235
0.138637
0.163139
0.144803
0.146914
0.141769
0.103189
0.121869
0.196342
0.152357
0.194594
0.120273
0.107716
52.948464
30.664399
63.664146
30.981613
98.985558
72.454048
9.208500
45.624589
89.233534
34.264347
62.873499
69.783273
50.032033
46.518183
56.408400
33.591315
24.328397
68.518903
72.171515
79.420067
86.675506
96.104057
93.466527
38.266711
76.099906
34.143953
14.248261
55.978355
92.665695
5.657537
67.978716
7.481431
56.750367
75.843594
63.706438
9.245478
53.912401
45.970149
24.616549
61.166211
-11.068111
-96.946505
-91.843764
-9.242070
-48.370603
-3.628926
-89.209403
-28.947983
-57.317028
-23.973332
-31.132229
-36.966104
-95.608351
-93.065683
-77.022519
-0.130145
-30.739469
-20.727402
-53.745148
-2.205635
48.124552
1.697138
19.319329
8.622120
71.152830
33.479936
19.287620
80.700105
26.049202
47.919982
14.676280
61.683955
63.269286
49.106224
12.406617
90.174791
95.813769
15.349186
99.481734
97.903991
100.000000
100.000000
100.000000
100.000000
100.000000
100.000000
100.000000
100.000000
100.000000
100.000000
100.000000
100.000000
100.000000
100.000000
100.000000
100.000000
100.000000
100.000000
100.000000
100.000000
