nlkp_c_20_3
20  100.000000  47403.558376
0.145504
0.100706
0.123168
0.175646
0.165605
0.133779
0.128443
0.190993
0.193664
0.196720
0.198148
0.115756
0.171905
0.138485
0.147905
0.123550
0.120202
0.180505
0.108999
0.123310
74.276091
73.993662
0.475877
62.882690
24.193188
19.275695
58.214909
16.080904
62.123589
74.520497
18.360439
63.951117
43.267657
60.415833
66.533069
76.153816
38.398391
65.944491
24.658561
93.457623
49.919815
31.272237
21.251657
0.807753
35.253432
97.964807
1.980635
23.261486
73.915397
75.700094
21.975785
85.910274
20.376896
5.792647
69.844357
17.769694
40.267321
38.990921
86.760437
22.886743
-80.363200
-47.142904
-45.073201
-74.385311
-78.060837
-18.745008
-8.439517
-66.683596
-66.809128
-42.858144
-58.915118
-46.055435
-15.980624
-48.494588
-5.773795
-56.448141
-95.701748
-66.253413
-32.972265
-83.267685
24.123759
69.969781
13.285543
19.017966
6.624975
67.980455
42.812047
35.108478
97.815418
64.288508
29.057749
37.463599
80.876851
42.947521
44.484550
82.743159
51.073755
63.519432
42.073033
32.804590
100.000000
100.000000
100.000000
100.000000
100.000000
100.000000
100.000000
100.000000
100.000000
100.000000
100.000000
100.000000
100.000000
100.000000
100.000000
100.000000
100.000000
100.000000
100.000000
100.000000
