nlkp_c_50_3
50  100.000000  126751.956296
0.132127
0.188014
0.159996
0.140040
0.146522
0.163057
0.189042
0.186110
0.106185
0.102624
0.199922
0.130691
0.199178
0.153057
0.190979
0.173796
0.171266
0.126201
0.197540
0.130982
0.163475
0.107112
0.148218
0.168762
0.197758
0.134192
0.173530
0.136602
0.101740
0.165699
0.160993
0.163337
0.140743
0.181631
0.139394
0.128171
0.104946
0.140310
0.185213
0.129125
0.118033
0.122873
0.160805
0.191743
0.102481
0.141228
0.157469
0.163228
0.105958
0.149262
28.702909
75.010489
42.672072
79.655995
32.200920
13.169989
36.971014
12.252474
30.701217
96.921497
83.434675
62.767747
97.950391
94.024993
23.378557
81.098915
47.599389
98.134021
60.043933
65.370606
81.819705
82.602405
35.455609
91.989868
10.461729
40.558378
26.195429
13.842280
13.662185
20.372623
60.890729
60.892043
69.693165
84.049789
31.038165
22.586301
96.086025
46.500602
86.176299
43.775366
46.160031
59.505383
11.912806
47.263593
59.660000
52.833432
50.258221
43.596073
5.231633
92.338743
9.928977
88.502989
4.548738
86.007262
92.538258
1.144961
58.412141
63.177656
3.944699
97.716857
2.232164
78.368365
13.495736
82.108301
65.323522
7.944197
2.259315
7.315103
85.548973
95.973040
90.676661
65.058661
7.057107
13.042565
11.448726
91.286577
31.243079
27.431323
24.992185
25.633557
10.137408
37.832238
98.840214
43.224604
56.897394
27.809890
51.132750
29.547504
78.002971
14.357146
62.751701
25.715857
46.264316
16.783262
83.857102
33.416177
3.775825
34.205325
63.506809
93.759118
-53.876001
-48.421716
-40.601328
-67.440035
-57.510295
-29.444416
-40.520789
-63.095730
-95.525759
-80.744039
-86.130489
-95.680131
-4.045085
-39.454747
-62.994754
-79.693605
-51.646710
-87.948970
-12.421350
-10.572471
-56.052651
-17.294984
-88.157258
-41.158033
-75.317937
-2.061215
-17.293878
-22.742900
-33.407045
-34.113727
-80.813402
-76.314046
-78.102091
-60.262534
-50.094854
-36.935014
-27.239199
-57.480508
-67.594112
-4.749179
-5.507143
-79.860372
-13.913134
-93.991025
-45.610041
-64.860904
-21.004307
-69.207770
-36.254971
-18.229832
17.785634
60.037917
42.448713
54.211120
9.620969
91.094178
88.815262
38.737284
19.390443
58.586555
97.118238
62.975643
47.660615
14.365208
94.691177
40.326146
17.355018
65.928007
33.585981
97.819673
69.155643
90.574095
31.742355
26.836912
63.082501
44.748803
57.867335
6.955548
15.844116
4.677358
92.428941
40.678529
97.832852
66.297367
59.551246
40.072970
3.506470
78.087212
41.590756
12.688050
75.636422
76.382805
23.125652
10.383343
69.239135
31.608407
10.243026
97.444968
94.492832
49.709697
100.000000
100.000000
100.000000
100.000000
100.000000
100.000000
100.000000
100.000000
100.000000
100.000000
100.000000
100.000000
100.000000
100.000000
100.000000
100.000000
100.000000
100.000000
100.000000
100.000000
100.000000
100.000000
100.000000
100.000000
100.000000
100.000000
100.000000
100.000000
100.000000
100.000000
100.000000
100.000000
100.000000
100.000000
100.000000
100.000000
100.000000
100.000000
100.000000
100.000000
100.000000
100.000000
100.000000
100.000000
100.000000
100.000000
100.000000
100.000000
100.000000
100.000000
