nlkp_c_200_0
200  100.000000  471981.494548
0.182011
0.197619
0.169938
0.192434
0.163860
0.191444
0.195176
0.116536
0.183482
0.108361
0.109583
0.196564
0.105750
0.177255
0.175869
0.179574
0.160765
0.111024
0.187972
0.133836
0.183693
0.140692
0.111738
0.165717
0.164174
0.146257
0.195147
0.109685
0.140255
0.136681
0.128589
0.138817
0.165060
0.183358
0.134696
0.156298
0.195994
0.178412
0.133762
0.177139
0.140268
0.117819
0.155637
0.166601
0.127016
0.196249
0.117841
0.122453
0.159271
0.199305
0.142699
0.139419
0.140155
0.188235
0.191381
0.188383
0.165232
0.195847
0.176466
0.146036
0.136004
0.126380
0.112035
0.109157
0.124273
0.116314
0.167226
0.101069
0.148638
0.194309
0.150751
0.127701
0.105957
0.177927
0.116329
0.128031
0.197848
0.134900
0.135128
0.157078
0.153666
0.198390
0.118685
0.146136
0.176494
0.178117
0.194584
0.139527
0.170090
0.131156
0.101221
0.114125
0.195964
0.190596
0.198161
0.184520
0.173050
0.118380
0.195142
0.140099
0.187137
0.170450
0.144663
0.189311
0.139437
0.180305
0.191478
0.183093
0.135675
0.114396
0.111924
0.129833
0.150115
0.146323
0.163199
0.168978
0.182236
0.101646
0.181982
0.145613
0.194952
0.163279
0.154155
0.164316
0.121680
0.101850
0.127089
0.156526
0.162610
0.165480
0.129970
0.171223
0.161814
0.137986
0.117990
0.192140
0.179655
0.159078
0.178032
0.175169
0.192889
0.183489
0.169971
0.179630
0.127974
0.156309
0.186149
0.189730
0.153156
0.172441
0.185378
0.139338
0.124230
0.114051
0.110842
0.153726
0.123004
0.197451
0.104286
0.130178
0.178333
0.199523
0.143303
0.192210
0.130011
0.137676
0.122324
0.183565
0.155353
0.181742
0.191543
0.133838
0.177533
0.120430
0.187724
0.187185
0.176610
0.103051
0.111378
0.199431
0.150412
0.195225
0.158717
0.146247
0.126952
0.115185
0.121791
0.102542
0.126732
0.154742
0.116287
0.145993
0.129946
0.186348
0.117548
0.146659
0.122023
0.187399
0.160680
0.186256
33.387157
95.947585
75.414264
28.480395
48.761688
81.647923
78.436156
72.683073
34.327930
49.067910
9.558300
57.847266
69.054014
56.540163
31.054668
16.388237
3.800582
97.043552
73.624363
65.390404
90.910440
72.791661
95.252488
9.870453
77.691176
41.506053
94.171408
19.591633
43.041832
63.552822
54.325261
31.432334
94.558308
75.847998
69.756767
50.052115
7.837114
62.794574
75.642977
31.742493
36.368848
35.479602
46.611551
24.162546
81.132454
70.395698
19.165878
98.459192
35.831944
30.130624
96.470822
52.913382
67.196782
75.963710
49.047615
27.280829
29.142927
34.713618
69.905022
11.437082
92.886312
83.491222
52.921863
8.690747
45.477967
52.079354
14.424584
55.135667
98.053073
14.748125
77.435292
45.135536
68.891784
68.323810
73.847151
11.209290
75.812274
56.067848
30.186721
63.771467
88.038273
99.599469
37.659527
90.796445
99.513485
13.693998
28.532452
57.934265
68.041099
90.772527
18.649011
7.424817
55.278248
48.741483
20.568756
57.178266
8.815606
20.253765
55.702566
88.117165
20.352918
55.001903
35.082512
67.796030
97.129159
21.761124
55.618455
65.775422
15.393845
4.498874
50.906868
36.325352
20.604384
72.936762
46.127914
59.465783
2.860305
4.836236
88.098755
14.524330
93.622947
34.711060
62.229208
33.962279
42.662779
88.999332
46.572064
66.292244
93.706763
69.234951
46.194274
34.146797
6.592903
24.141480
95.848618
8.267875
74.374738
40.116776
58.668858
24.000658
33.382423
42.208646
19.109018
22.386132
89.183764
10.048840
41.835257
23.450202
98.987297
27.471512
73.215749
26.130951
15.170164
77.426600
94.008062
38.201226
90.798429
57.310365
3.636620
18.038763
72.618616
47.770672
70.077867
65.477023
14.259174
12.330290
70.633267
33.209254
55.062531
95.464843
26.783172
29.596033
70.063122
89.262461
41.399040
45.636103
25.078771
86.668125
54.013169
83.514646
65.917975
66.257382
95.120862
56.538514
67.322577
86.357327
0.598895
83.906583
49.846140
89.527828
12.449672
39.030892
32.711207
67.058391
42.125908
37.547784
60.315155
82.349040
74.892866
61.297046
35.618528
13.250744
19.870784
26.067220
78.998126
9.565164
22.336195
7.537168
50.554167
70.213339
12.473024
44.051660
70.644853
49.354055
17.365410
43.159954
49.639546
70.502379
79.270882
21.612559
79.288994
53.878179
78.240381
60.439852
27.965694
75.142657
0.271094
2.389994
77.238492
19.506800
65.721748
72.778165
0.680533
86.025653
34.154445
58.039758
42.726085
15.400128
62.898455
63.397068
47.773095
95.110394
81.415275
8.475554
74.059792
38.272454
32.414728
56.347549
80.225389
48.933007
50.737518
36.809563
51.957028
40.554469
41.263783
78.406938
42.300011
13.006924
62.730259
88.143332
60.160825
58.649794
74.777564
0.504112
33.817462
96.035270
10.636622
93.475882
81.141905
59.122578
86.003372
88.005356
97.550570
85.893934
98.981990
31.869744
5.821231
24.202401
14.488900
91.021758
42.404147
45.210667
16.687941
84.809752
82.441277
33.780938
79.055582
70.253854
66.698446
82.177784
7.706708
25.837716
18.960140
48.284938
7.255762
68.075482
7.027387
27.221486
52.311647
23.257784
99.101662
32.110734
25.716141
25.671957
2.625956
84.348476
12.238394
11.480546
22.972437
87.147167
44.605025
84.043745
97.817755
28.369099
51.698584
77.190181
6.388666
87.414654
10.584255
61.954213
30.898982
96.040296
78.063186
27.318647
62.302181
80.994064
69.888486
54.549883
1.314417
24.384210
57.214426
59.253933
2.774810
4.463893
39.240065
69.855232
97.521499
83.163343
63.211792
59.684730
57.217419
82.528270
63.671357
63.496280
50.905136
25.633648
75.092050
23.853324
85.281194
92.093559
96.773575
2.545404
57.404188
13.775529
48.238246
53.742785
74.966654
5.461877
16.701125
45.441770
58.855149
13.092647
8.483797
30.136043
75.343451
45.289118
58.820792
25.251751
17.718568
97.882024
96.749895
85.745991
56.350472
94.001357
90.250045
3.612968
25.000201
53.764626
89.265445
29.178938
41.225210
36.909345
2.344057
23.837429
80.072621
21.687884
47.313655
80.058064
27.145835
52.447214
53.019326
71.241204
86.424783
37.294172
91.418884
78.439744
16.182244
9.245036
21.663406
16.884390
-66.746911
-98.425612
-32.809629
-63.610377
-31.846296
-21.491519
-82.406686
-14.310874
-76.840260
-45.515008
-73.641137
-87.605349
-62.890718
-40.676839
-26.971757
-27.064896
-75.073473
-48.095238
-85.150569
-28.385073
-35.874851
-61.318314
-60.357192
-51.346883
-40.549555
-70.150466
-84.418210
-56.304741
-7.593534
-28.853423
-94.341021
-59.197503
-15.107651
-87.471130
-0.875498
-22.157388
-80.484276
-36.979210
-37.798457
-64.283339
-19.157645
-26.738530
-78.317019
-67.771949
-68.951128
-1.314941
-22.876712
-1.023216
-32.766318
-27.647082
-67.318256
-37.669226
-86.774791
-91.368209
-46.148198
-65.855325
-69.936729
-3.602004
-22.869908
-84.094941
-87.280449
-40.587678
-16.412197
-29.097977
-22.950086
-36.797524
-92.401257
-51.783461
-58.954086
-37.031797
-17.521900
-23.532117
-95.660081
-98.272975
-30.692295
-11.077068
-84.701491
-32.310021
-88.317911
-65.211009
-82.638336
-13.120430
-37.876743
-4.948536
-82.046654
-83.633883
-80.494210
-45.628169
-46.226365
-20.577628
-5.564015
-5.450192
-56.934637
-87.140879
-33.915347
-84.765201
-13.992625
-17.172111
-35.883547
-32.076849
-96.509611
-47.315588
-2.293331
-64.500109
-64.042749
-24.002054
-49.687143
-63.403853
-41.659120
-21.674616
-16.037598
-60.165282
-83.483931
-89.935739
-74.398974
-63.275582
-92.991605
-25.151476
-75.455313
-88.602147
-74.719405
-40.296899
-33.945071
-24.814545
-90.326560
-84.925782
-47.655867
-13.614296
-96.577503
-56.495638
-71.660082
-89.674435
-51.805031
-81.604526
-82.795189
-43.268917
-64.535945
-15.550031
-47.267490
-44.183984
-97.740421
-0.190005
-23.667590
-9.956623
-1.586755
-21.642390
-37.460664
-1.210212
-10.517011
-89.050036
-21.004802
-15.183558
-34.063048
-1.516529
-9.286989
-12.124989
-83.107477
-4.617317
-51.038353
-64.003703
-15.083923
-42.503990
-26.496183
-49.215179
-32.327032
-36.363857
-5.337974
-72.529119
-1.189895
-32.224498
-97.923485
-89.624288
-35.486540
-23.070081
-40.694911
-76.171398
-47.640209
-96.656649
-45.629205
-74.846986
-35.553703
-69.049352
-34.422715
-76.446145
-48.498168
-94.044709
-83.447467
-67.608766
-79.302313
-83.891865
-57.258751
-53.542817
-30.032560
-27.316742
-78.367104
-1.870931
-10.125910
-25.368432
-99.093220
-11.709313
20.548274
97.424722
25.461845
88.989171
72.825229
16.542150
26.950576
72.160319
75.583392
63.012182
25.929059
67.548694
1.293850
40.822929
55.355618
9.099706
34.170371
72.493435
36.151519
35.762775
47.696129
12.751754
80.054506
98.613915
57.781099
11.899895
25.211745
61.668478
62.631821
49.117733
70.430443
33.167695
12.809870
46.822989
7.253498
86.017057
47.087703
48.533544
95.247971
26.915837
1.539537
67.140006
41.915698
15.119031
59.878241
36.450549
26.553748
27.598743
22.916681
9.953965
63.217717
15.001463
31.535704
60.780839
90.113839
29.061833
78.389397
4.027324
12.585073
41.360736
75.652966
50.165554
98.632298
77.083317
50.069192
23.403049
94.657312
70.281471
93.649468
89.939871
96.755605
63.423676
39.425831
2.981810
58.668892
64.128919
74.326734
41.152119
4.181041
5.351723
76.048577
10.485265
17.918216
48.534288
86.747790
5.900662
6.304040
22.394445
33.991876
43.132923
31.402522
83.324130
8.567709
41.424370
14.027478
5.513273
54.839833
22.548964
95.656035
84.999925
98.734550
54.880409
64.419773
32.981330
13.181413
37.049517
9.466426
80.190910
40.784914
39.669892
18.551041
85.992874
86.415212
79.958604
32.152177
62.349034
62.835248
89.248033
28.185898
31.575778
32.936236
2.196217
41.072324
41.750441
38.762104
33.208423
68.023443
11.424795
67.895716
30.842963
63.600323
85.006264
74.694570
67.696588
42.815320
72.492412
45.137014
4.625352
96.352137
56.599719
64.547325
68.055759
5.825469
5.831668
10.851636
29.837946
79.041594
27.606025
12.230708
84.471751
81.789991
18.352411
95.130980
9.212952
36.256103
41.169026
57.633497
45.442140
60.611801
68.133072
32.832730
35.339875
50.561625
66.744351
13.703517
49.124417
23.561962
82.353164
86.529806
49.588351
44.395407
58.265127
33.392206
48.708138
28.497150
19.722361
58.801397
15.388600
71.488156
13.863195
42.462630
98.202177
77.879879
24.459127
20.799632
15.575330
77.590328
25.405325
87.757063
98.688357
40.451270
18.595307
23.916965
65.511156
48.474380
82.587913
20.595367
1.290086
46.403641
89.662384
100.000000
100.000000
100.000000
100.000000
100.000000
100.000000
100.000000
100.000000
100.000000
100.000000
100.000000
100.000000
100.000000
100.000000
100.000000
100.000000
100.000000
100.000000
100.000000
100.000000
100.000000
100.000000
100.000000
100.000000
100.000000
100.000000
100.000000
100.000000
100.000000
100.000000
100.000000
100.000000
100.000000
100.000000
100.000000
100.000000
100.000000
100.000000
100.000000
100.000000
100.000000
100.000000
100.000000
100.000000
100.000000
100.000000
100.000000
100.000000
100.000000
100.000000
100.000000
100.000000
100.000000
100.000000
100.000000
100.000000
100.000000
100.000000
100.000000
100.000000
100.000000
100.000000
100.000000
100.000000
100.000000
100.000000
100.000000
100.000000
100.000000
100.000000
100.000000
100.000000
100.000000
100.000000
100.000000
100.000000
100.000000
100.000000
100.000000
100.000000
100.000000
100.000000
100.000000
100.000000
100.000000
100.000000
100.000000
100.000000
100.000000
100.000000
100.000000
100.000000
100.000000
100.000000
100.000000
100.000000
100.000000
100.000000
100.000000
100.000000
100.000000
100.000000
100.000000
100.000000
100.000000
100.000000
100.000000
100.000000
100.000000
100.000000
100.000000
100.000000
100.000000
100.000000
100.000000
100.000000
100.000000
100.000000
100.000000
100.000000
100.000000
100.000000
100.000000
100.000000
100.000000
100.000000
100.000000
100.000000
100.000000
100.000000
100.000000
100.000000
100.000000
100.000000
100.000000
100.000000
100.000000
100.000000
100.000000
100.000000
100.000000
100.000000
100.000000
100.000000
100.000000
100.000000
100.000000
100.000000
100.000000
100.000000
100.000000
100.000000
100.000000
100.000000
100.000000
100.000000
100.000000
100.000000
100.000000
100.000000
100.000000
100.000000
100.000000
100.000000
100.000000
100.000000
100.000000
100.000000
100.000000
100.000000
100.000000
100.000000
100.000000
100.000000
100.000000
100.000000
100.000000
100.000000
100.000000
100.000000
100.000000
100.000000
100.000000
100.000000
100.000000
100.000000
100.000000
100.000000
100.000000
100.000000
100.000000
100.000000
100.000000
100.000000
100.000000
100.000000
100.000000
100.000000
100.000000
100.000000
