nlkp_c_10_3
10  100.000000  30452.340513
0.106384
0.135773
0.155434
0.158736
0.156285
0.141620
0.195524
0.198213
0.179142
0.159336
46.824428
92.976333
3.893989
22.604115
11.116445
65.399755
65.312281
20.755176
73.018181
12.321772
15.154128
31.485403
35.097987
72.603046
33.281818
81.611229
23.137561
44.444427
59.780583
94.815931
-6.409154
-91.781651
-35.655211
-31.990421
-30.374242
-20.919749
-75.156546
-36.742646
-41.176353
-99.883501
76.816971
48.019642
62.246649
42.987581
22.299122
67.896980
96.850736
19.517942
99.105727
73.305460
100.000000
100.000000
100.000000
100.000000
100.000000
100.000000
100.000000
100.000000
100.000000
100.000000
