nlkp_c_100_1
100  100.000000  249159.514163
0.126982
0.128972
0.175924
0.112843
0.146397
0.118196
0.147976
0.126965
0.146239
0.186799
0.189667
0.133987
0.164121
0.144305
0.134128
0.187069
0.179227
0.123431
0.115423
0.182991
0.154311
0.162757
0.159199
0.123337
0.180745
0.187958
0.101544
0.101634
0.134102
0.112201
0.134726
0.169390
0.118809
0.165784
0.178930
0.109995
0.111521
0.106724
0.134858
0.104923
0.179999
0.159150
0.193551
0.187557
0.116211
0.143750
0.172582
0.132799
0.161000
0.141763
0.171934
0.192966
0.114745
0.180877
0.172452
0.159971
0.110004
0.107805
0.115683
0.134502
0.188381
0.180481
0.171894
0.199209
0.163808
0.106499
0.126651
0.145923
0.132969
0.143422
0.155540
0.107672
0.179795
0.102459
0.125103
0.172466
0.120777
0.119995
0.104348
0.171176
0.171319
0.176794
0.156798
0.192036
0.183160
0.185457
0.149583
0.185895
0.146335
0.145881
0.138906
0.177261
0.107547
0.191206
0.196287
0.117758
0.195290
0.106805
0.173280
0.141286
86.408480
57.368547
69.510006
89.128169
92.648488
98.796276
65.952301
17.996936
26.584099
66.468252
6.275651
74.046797
47.102824
26.203260
70.872789
2.728056
17.501835
57.652729
77.652564
74.343542
96.042927
97.576387
41.559877
4.344686
29.431645
47.801565
52.467297
98.120906
24.819147
23.084408
18.573747
37.422598
60.030057
22.223017
82.040440
93.384527
33.955817
45.304985
54.783806
57.802565
90.363046
7.017256
62.593792
82.791176
84.081273
19.494803
4.765761
23.535231
55.028269
66.132544
22.302914
86.288548
11.610047
3.417939
14.343511
3.368425
59.977530
88.844571
93.735740
68.332557
13.872283
19.558255
71.434543
95.288740
30.028675
40.416926
97.695291
14.152519
21.567419
5.190869
93.289255
88.316146
88.349476
58.969863
44.148362
11.350175
69.686415
79.955764
38.383160
92.791557
16.993071
29.823917
64.125414
94.506898
59.191512
32.955953
27.080575
66.589427
97.794688
30.594605
88.852381
24.919344
75.797715
22.613572
59.072653
85.661097
57.820906
33.218091
88.498720
19.125834
77.371294
39.071494
65.940408
14.014195
14.743742
63.728277
68.882695
38.324745
55.809745
43.206162
45.895833
75.338100
34.315934
51.716985
54.241207
21.205108
41.816762
8.171894
46.935816
85.784414
85.904164
36.701361
86.400888
46.672061
22.337329
86.002464
39.805606
33.344336
94.533328
49.890138
96.322686
80.956856
91.454178
65.057577
41.723802
84.941574
15.060046
2.111711
58.250823
18.700369
47.471384
63.086838
84.423752
88.983832
14.029189
81.301806
3.348911
1.692215
83.065171
0.484489
44.610728
75.992646
33.069382
74.276406
88.543502
75.820770
41.802396
67.262449
8.599947
14.203050
15.590953
76.257271
3.286009
29.131536
48.677917
0.336896
14.452642
10.502886
20.602712
7.607680
27.517570
92.824577
27.338621
85.936255
36.985734
15.805234
59.266682
48.626234
76.499077
6.121642
11.288598
89.863605
76.303455
63.022882
85.254725
25.693845
97.438026
45.302452
53.670424
22.281397
34.117563
52.982501
38.817360
57.677393
3.992348
91.770829
44.146348
29.066584
1.043561
69.412896
-67.463510
-30.801539
-68.427471
-75.756879
-75.028799
-77.626797
-97.067694
-36.589924
-64.294324
-66.581447
-46.669643
-85.445060
-28.689094
-8.672090
-43.756824
-73.291195
-93.179902
-20.101219
-42.194379
-89.795602
-99.262290
-86.448912
-29.519499
-83.120919
-25.786946
-92.793618
-53.712924
-33.391185
-80.939858
-60.920254
-7.543184
-49.385324
-99.272950
-54.454101
-34.443067
-85.811217
-31.970635
-50.185470
-1.169864
-14.932113
-16.815019
-39.982025
-26.959203
-88.347667
-8.272801
-24.839605
-40.862270
-97.663214
-97.456781
-2.149390
-83.921944
-6.743976
-86.230957
-40.368495
-47.363692
-23.415582
-72.061798
-10.617626
-77.326416
-20.580860
-26.714978
-76.803521
-14.860873
-52.141932
-80.331086
-67.950304
-24.595635
-69.271915
-48.229382
-9.269745
-0.896899
-96.513057
-62.672477
-28.159781
-44.789920
-93.653814
-56.081698
-2.711552
-11.399433
-40.538499
-31.372357
-2.008143
-19.948275
-7.029961
-46.707880
-6.915214
-23.629581
-20.723202
-10.672141
-8.561442
-63.159691
-98.025618
-43.355079
-72.241263
-16.977802
-64.156403
-65.276681
-10.790078
-21.976718
-2.725680
76.416422
63.209619
31.606604
76.728069
51.423433
98.368673
87.402107
80.429112
3.336585
76.106360
31.226446
67.953866
6.987121
79.399715
54.659613
16.919658
40.229120
85.696289
6.622678
18.191093
50.151241
11.255193
56.361568
15.723156
81.481578
29.373609
9.276647
25.892191
7.052488
91.127935
57.542651
98.468329
53.036410
12.417992
78.127763
22.131979
28.219209
41.562675
89.028025
34.745116
72.599192
77.719004
58.416381
68.278422
85.619190
69.905096
3.423967
18.723168
24.148962
83.136795
49.254486
35.043702
3.982668
33.222034
85.466773
4.684426
11.162180
97.371365
7.376179
47.840860
25.580606
27.132889
83.012960
16.272320
5.199404
68.069969
37.456658
92.370980
81.457217
66.277531
32.394656
66.257090
44.294456
41.737611
49.177298
13.806569
41.171691
97.339663
9.712375
95.796653
88.000741
63.552775
33.289095
56.090200
53.018704
30.130669
92.121243
85.304042
85.933021
15.740549
50.497632
59.721002
80.858054
52.814300
14.298284
29.924509
82.954914
54.010504
2.577146
74.571116
100.000000
100.000000
100.000000
100.000000
100.000000
100.000000
100.000000
100.000000
100.000000
100.000000
100.000000
100.000000
100.000000
100.000000
100.000000
100.000000
100.000000
100.000000
100.000000
100.000000
100.000000
100.000000
100.000000
100.000000
100.000000
100.000000
100.000000
100.000000
100.000000
100.000000
100.000000
100.000000
100.000000
100.000000
100.000000
100.000000
100.000000
100.000000
100.000000
100.000000
100.000000
100.000000
100.000000
100.000000
100.000000
100.000000
100.000000
100.000000
100.000000
100.000000
100.000000
100.000000
100.000000
100.000000
100.000000
100.000000
100.000000
100.000000
100.000000
100.000000
100.000000
100.000000
100.000000
100.000000
100.000000
100.000000
100.000000
100.000000
100.000000
100.000000
100.000000
100.000000
100.000000
100.000000
100.000000
100.000000
100.000000
100.000000
100.000000
100.000000
100.000000
100.000000
100.000000
100.000000
100.000000
100.000000
100.000000
100.000000
100.000000
100.000000
100.000000
100.000000
100.000000
100.000000
100.000000
100.000000
100.000000
100.000000
100.000000
100.000000
