0      0
1      76.799
2      0
3      50.5882
4      0
5      98.7755
6      94.0064
7      0
8      0
9      95.6443
10      0
11      85.197
12      0
13      92.9289
14      0
15      0
16      92.2944
17      57.8625
18      0
19      0
20      59.7377
21      0
22      98.3972
23      0
24      0
25      0
26      0
27      0
28      0
29      0
30      92.0473
31      76.0775
32      98.8448
33      62.9327
34      0
35      0
36      0
37      0
38      0
39      0
40      83.5688
41      85.0444
42      0
43      79.2836
44      77.3916
45      0
46      0
47      0
48      98.825
49      98.5039
50      0
51      90.4208
52      0
53      0
54      94.0762
55      0
56      78.495
57      97.4111
58      87.2086
59      0
60      97.321
61      0
62      94.6285
63      0
64      0
65      97.3691
66      62.0256
67      97.1562
68      0
69      0
70      0
71      78.9447
72      76.701
73      97.9842
74      96.9986
75      0
76      45.6778
77      0
78      79.6877
79      93.4906
80      0
81      0
82      94.5938
83      0
84      58.4042
85      0
86      52.8851
87      98.24
88      96.8391
89      99.5596
90      48.7215
91      0
92      99.8721
93      0
94      62.5947
95      96.088
96      95.3257
97      87.7229
98      99.2568
99      83.2202
100      0
101      0
102      98.5287
103      0
104      0
105      80.5283
106      57.1959
107      66.2021
108      93.3997
109      86.9142
110      0
111      0
112      0
113      0
114      0
115      0
116      55.1397
117      0
118      92.9974
119      0
120      85.13
121      0
122      0
123      0
124      54.8659
125      79.2893
126      0
127      0
128      85.5112
129      0
130      78.7624
131      95.2594
132      0
133      89.6447
134      87.9572
135      0
136      0
137      74.0917
138      86.7978
139      0
140      0
141      50.8889
142      78.8256
143      0
144      99.9573
145      0
146      0
147      96.3804
148      91.3139
149      0
150      99.4193
151      0
152      50.0231
153      89.3057
154      80.8869
155      84.7957
156      0
157      0
158      88.253
159      91.499
160      80.5267
161      78.1964
162      94.9662
163      0
164      0
165      91.4371
166      73.48
167      0
168      0
169      99.8414
170      93.2553
171      95.9493
172      99.0614
173      98.4136
174      97.2787
175      0
176      69.5058
177      0
178      0
179      0
180      78.5923
181      73.9971
182      97.6752
183      0
184      98.404
185      72.2561
186      0
187      0
188      0
189      91.0122
190      0
191      57.355
192      0
193      0
194      0
195      97.2522
196      69.6355
197      88.4523
198      76.0523
199      0
200      0
201      0
202      0
203      0
204      0
205      72.1216
206      78.4663
207      62.5563
208      0
209      99.4474
210      0
211      0
212      82.0029
213      96.1621
214      95.7471
215      97.474
216      98.0739
217      0
218      83.2128
219      0
220      95.8318
221      37.2253
222      92.7517
223      0
224      92.0518
225      89.5926
226      0
227      71.5543
228      0
229      99.7949
230      69.5219
231      0
232      0
233      93.8842
234      0
235      0
236      0
237      90.217
238      0
239      91.9343
240      97.4624
241      69.455
242      98.3031
243      0
244      0
245      87.3623
246      0
247      88.6211
248      97.615
249      0
250      98.1344
251      0
252      83.5432
253      0
254      0
255      0
256      83.7359
257      98.6537
258      99.7756
259      94.1046
260      0
261      0
262      99.69
263      95.6477
264      0
265      86.91
266      97.6403
267      91.8139
268      90.8194
269      89.4435
270      0
271      0
272      86.3437
273      0
274      0
275      99.3488
276      0
277      99.8948
278      93.2544
279      82.1355
280      0
281      87.1531
282      0
283      0
284      82.0501
285      0
286      0
287      99.0181
288      0
289      0
290      0
291      67.7106
292      97.9375
293      0
294      94.8567
295      82.1961
296      70.0246
297      48.5026
298      0
299      96.5655
300      66.4171
301      92.5843
302      40.5104
303      0
304      0
305      0
306      0
307      89.2429
308      81.6287
309      81.4267
310      99.0937
311      0
312      81.3057
313      0
314      0
315      88.9162
316      0
317      0
318      0
319      27.6198
320      0
321      86.0227
322      98.5829
323      62.3336
324      72.7407
325      89.9198
326      94.4009
327      0
328      0
329      98.7887
330      98.1524
331      0
332      0
333      0
334      0
335      62.2337
336      65.8305
337      0
338      99.6342
339      0
340      93.169
341      91.8549
342      90.7904
343      86.4652
344      99.9758
345      99.3187
346      95.8917
347      93.4849
348      98.0946
349      0
350      97.5564
351      43.7376
352      94.8403
353      64.6405
354      99.7809
355      93.7229
356      84.8139
357      0
358      78.1273
359      98.6256
360      83.3631
361      94.2926
362      0
363      0
364      0
365      96.5045
366      94.5961
367      98.3116
368      92.9189
369      49.6587
370      88.6143
371      78.5965
372      99.8325
373      0
374      0
375      87.8517
376      0
377      0
378      83.5351
379      94.1601
380      0
381      86.4833
382      97.5979
383      99.7029
384      98.2058
385      92.1164
386      92.2893
387      0
388      82.3381
389      81.2056
390      69.7491
391      0
392      0
393      0
394      0
395      99.451
396      0
397      86.1938
398      82.8901
399      95.3371
400      45.3368
401      74.2825
402      0
403      0
404      38.2281
405      0
406      99.3074
407      97.5196
408      84.0094
409      78.0794
410      0
411      0
412      0
413      92.2367
414      89.2419
415      92.1567
416      95.9339
417      0
418      99.1338
419      42.5086
420      0
421      0
422      0
423      0
424      69.5033
425      0
426      77.766
427      80.9832
428      0
429      59.2236
430      0
431      0
432      94.3871
433      67.844
434      96.0852
435      0
436      0
437      94.0601
438      97.6687
439      96.7655
440      91.9985
441      81.285
442      0
443      92.2227
444      81.7918
445      84.4671
446      52.0954
447      78.658
448      92.6184
449      90.4775
450      0
451      99.1602
452      0
453      0
454      0
455      0
456      0
457      75.7201
458      0
459      0
460      90.5771
461      94.4106
462      0
463      78.4245
464      88.4009
465      0
466      0
467      0
468      0
469      93.6382
470      59.4161
471      0
472      76.1044
473      0
474      92.1348
475      0
476      94.0755
477      85.2102
478      49.0366
479      99.9706
480      0
481      99.3418
482      0
483      91.7822
484      0
485      0
486      0
487      0
488      0
489      99.7661
490      80.354
491      0
492      87.2648
493      0
494      90.1965
495      71.3563
496      0
497      83.2037
498      0
499      0
500      0
501      0
502      85.4537
503      86.4842
504      81.1677
505      0
506      72.3013
507      80.9194
508      0
509      97.8802
510      26.2896
511      85.9915
512      73.5212
513      0
514      99.1237
515      0
516      91.6761
517      0
518      0
519      90.5724
520      86.6226
521      98.4548
522      57.5146
523      92.3932
524      87.0478
525      97.6379
526      0
527      0
528      0
529      94.0509
530      97.485
531      99.6365
532      0
533      68.2173
534      0
535      0
536      53.6103
537      67.9865
538      0
539      59.9427
540      0
541      0
542      94.0103
543      0
544      95.3022
545      93.2469
546      88.792
547      0
548      0
549      0
550      0
551      0
552      87.539
553      0
554      97.7015
555      0
556      94.4928
557      99.2834
558      0
559      96.9997
560      0
561      0
562      0
563      60.1643
564      79.4291
565      0
566      0
567      92.9208
568      0
569      70.5921
570      0
571      95.6055
572      0
573      78.686
574      93.9257
575      94.8149
576      80.8825
577      81.1976
578      0
579      83.3185
580      73.103
581      0
582      99.8397
583      0
584      96.549
585      0
586      0
587      88.153
588      94.9433
589      0
590      90.3225
591      93.0979
592      87.8021
593      98.7382
594      0
595      0
596      0
597      97.8054
598      0
599      97.2037
600      0
601      0
602      0
603      0
604      79.4609
605      0
606      92.2154
607      0
608      0
609      97.4417
610      80.8244
611      67.4815
612      0
613      37.3538
614      72.6895
615      0
616      72.8478
617      93.7421
618      97.4543
619      96.3794
620      94.5051
621      98.6995
622      0
623      0
624      75.6813
625      93.4535
626      91.6743
627      93.0963
628      0
629      94.9915
630      95.5431
631      94.3836
632      0
633      0
634      96.561
635      73.061
636      0
637      85.5581
638      84.5411
639      60.6679
640      0
641      0
642      94.9375
643      64.0905
644      73.3913
645      85.8499
646      99.7949
647      69.0925
648      0
649      87.6165
650      82.0886
651      41.5749
652      72.1256
653      0
654      53.7592
655      96.9855
656      0
657      0
658      94.1176
659      99.2543
660      94.3706
661      92.0618
662      71.4473
663      69.0306
664      92.5007
665      0
666      99.9146
667      70.0396
668      0
669      0
670      0
671      0
672      78.3622
673      0
674      72.6987
675      95.6008
676      0
677      95.4963
678      0
679      0
680      81.6368
681      99.2635
682      0
683      0
684      91.769
685      86.9586
686      87.5385
687      0
688      87.9945
689      82.8441
690      0
691      93.7886
692      94.6444
693      0
694      81.1481
695      99.9444
696      43.8892
697      0
698      99.4332
699      71.5702
700      86.5176
701      93.0265
702      71.461
703      0
704      0
705      0
706      0
707      99.9669
708      79.2185
709      0
710      0
711      97.8654
712      0
713      97.9864
714      73.6916
715      0
716      96.7489
717      96.7051
718      70.7978
719      84.907
720      98.9461
721      43.332
722      79.719
723      0
724      0
725      93.3105
726      78.6038
727      68.7012
728      92.7035
729      90.3891
730      87.8605
731      62.7981
732      65.1832
733      0
734      65.1722
735      98.6042
736      0
737      89.2677
738      54.1721
739      57.4367
740      81.7476
741      0
742      0
743      91.673
744      77.8074
745      59.6947
746      0
747      98.0586
748      0
749      0
750      88.109
751      0
752      99.4285
753      0
754      0
755      82.0838
756      0
757      0
758      0
759      0
760      84.8438
761      0
762      0
763      72.0721
764      0
765      98.8322
766      99.6769
767      89.3267
768      0
769      0
770      90.1411
771      92.0484
772      95.0301
773      98.635
774      0
775      62.7674
776      87.8589
777      96.3522
778      92.3231
779      89.7999
780      55.0315
781      0
782      0
783      75.8217
784      0
785      92.3407
786      92.4324
787      99.731
788      94.7504
789      98.8148
790      0
791      45.1422
792      0
793      78.146
794      0
795      99.7738
796      95.9232
797      0
798      89.8169
799      82.6112
800      99.5971
801      92.3293
802      97.9471
803      0
804      81.6542
805      0
806      0
807      0
808      96.5462
809      99.2055
810      0
811      92.3436
812      81.0707
813      0
814      93.5431
815      89.942
816      95.7203
817      72.6428
818      75.4726
819      94.007
820      97.7612
821      98.6449
822      80.8251
823      94.0326
824      89.2888
825      98.0393
826      0
827      64.4078
828      0
829      0.00534605
830      90.0463
831      63.6389
832      0
833      70.5667
834      87.1996
835      0
836      0
837      88.1449
838      0
839      0
840      97.8651
841      0
842      0
843      85.6805
844      0
845      0
846      86.9278
847      0
848      0
849      91.0558
850      96.5309
851      0
852      79.1311
853      77.0712
854      0
855      84.3765
856      27.227
857      81.3785
858      0
859      58.336
860      0
861      0
862      0
863      96.7652
864      0
865      97.4622
866      87.5636
867      0
868      95.7344
869      0
870      0
871      0
872      0
873      0
874      93.4917
875      91.5745
876      0
877      0
878      93.3663
879      98.4175
880      97.6873
881      78.5324
882      0
883      99.7739
884      0
885      91.9579
886      61.9706
887      0
888      72.35
889      0
890      0
891      99.3754
892      0
893      79.8737
894      0
895      78.567
896      0
897      0
898      0
899      0
900      93.7155
901      0
902      87.1912
903      0
904      61.4651
905      0
906      99.7633
907      99.2267
908      99.4804
909      0
910      96.3881
911      98.3445
912      62.6245
913      0
914      0
915      0
916      90.5828
917      99.5238
918      87.924
919      0
920      92.4546
921      93.2116
922      0
923      0
924      0
925      0
926      95.6207
927      0
928      72.3429
929      0
930      0
931      98.5546
932      90.6656
933      0
934      96.7548
935      76.212
936      89.3808
937      94.7418
938      0
939      61.8005
940      0
941      94.3312
942      85.4265
943      93.0186
944      0
945      88.3042
946      53.5656
947      97.343
948      91.2582
949      96.6207
950      0
951      80.6796
952      0
953      0
954      77.4118
955      45.3072
956      76.4198
957      88.4246
958      0
959      0
960      93.5227
961      85.1484
962      0
963      0
964      93.1802
965      63.8549
966      0
967      0
968      0
969      77.0198
970      0
971      94.5727
972      0
973      81.399
974      0
975      0
976      0
977      0
978      0
979      98.4825
980      96.7742
981      69.7802
982      93.2179
983      0
984      0
985      0
986      74.3195
987      0
988      89.2795
989      0
990      94.4562
991      0
992      0
993      97.8808
994      95.1017
995      90.2125
996      83.8368
997      0
998      0
999      78.0273
1000      0
1001      0
1002      98.3597
1003      0
1004      95.9273
1005      0
1006      99.2678
1007      0
1008      67.4704
1009      91.8266
1010      0
1011      80.107
1012      0
1013      95.0064
1014      73.6914
1015      0
1016      0
1017      0
1018      85.6019
1019      0
1020      75.2879
1021      0
1022      96.7303
1023      94.2939
1024      0
1025      0
1026      73.0266
1027      0
1028      90.3186
1029      69.8886
1030      96.3183
1031      98.2278
1032      0
1033      0
1034      0
1035      71.1225
1036      88.8878
1037      92.9877
1038      0
1039      93.7634
1040      93.6673
1041      0
1042      97.5261
1043      0
1044      0
1045      0
1046      0
1047      76.1046
1048      0
1049      0
1050      0
1051      92.9316
1052      0
1053      0
1054      99.1779
1055      65.6998
1056      0
1057      67.1939
1058      0
1059      94.5372
1060      0
1061      76.5983
1062      79.7567
1063      81.5866
1064      93.3108
1065      97.1719
1066      77.6426
1067      0
1068      84.8843
1069      49.7509
1070      67.3741
1071      0
1072      0
1073      72.4766
1074      0
1075      90.9173
1076      96.2766
1077      99.3027
1078      96.321
1079      96.8218
1080      83.8714
1081      0
1082      79.1067
1083      0
1084      0
1085      0
1086      0
1087      98.3741
1088      0
1089      64.2863
1090      84.5261
1091      99.76
1092      0
1093      0
1094      95.75
1095      0
1096      0
1097      0
1098      0
1099      48.0169
1100      0
1101      0
1102      92.16
1103      0
1104      0
1105      88.8071
1106      0
1107      92.495
1108      98.1768
1109      87.9289
1110      96.1176
1111      93.584
1112      93.2383
1113      93.8514
1114      82.6787
1115      0
1116      0
1117      97.4844
1118      97.6177
1119      68.2045
1120      60.5597
1121      0
1122      68.8683
1123      97.8574
1124      0
1125      0
1126      88.6358
1127      94.8961
1128      65.452
1129      0
1130      0
1131      0
1132      86.7175
1133      38.0121
1134      88.5501
1135      86.2033
1136      73.0779
1137      94.5182
1138      0
1139      0
1140      0
1141      96.0399
1142      89.4044
1143      0
1144      0
1145      50.3474
1146      96.3458
1147      0
1148      0
1149      98.44
1150      0
1151      0
1152      0
1153      0
1154      94.1634
1155      95.1032
1156      65.22
1157      93.1446
1158      97.9952
1159      82.7123
1160      94.2359
1161      0
1162      96.8817
1163      98.4082
1164      0
1165      98.2039
1166      70.1008
1167      99.5435
1168      0
1169      95.5
1170      0
1171      68.0949
1172      97.205
1173      84.366
1174      90.7825
1175      0
1176      95.1658
1177      0
1178      0
1179      90.1932
1180      71.5329
1181      0
1182      0
1183      0
1184      0
1185      0
1186      0
1187      0
1188      0
1189      60.7401
1190      0
1191      97.7387
1192      93.7536
1193      0
1194      94.1127
1195      91.0124
1196      52.4139
1197      86.481
1198      98.1006
1199      99.6778
1200      0
1201      0
1202      0
1203      99.1503
1204      62.2695
1205      95.6232
1206      97.4112
1207      90.2671
1208      83.2464
1209      0
1210      89.5405
1211      74.3261
1212      76.7217
1213      98.129
1214      89.9114
1215      0
1216      81.2161
1217      91.8832
1218      0
1219      77.0804
1220      0
1221      63.9479
1222      98.1333
1223      0
1224      98.0735
1225      0
1226      0
1227      99.6057
1228      89.2746
1229      74.1796
1230      97.1838
1231      0
1232      68.2118
1233      0
1234      97.3257
1235      0
1236      96.0424
1237      55.9528
1238      0
1239      97.8587
1240      0
1241      0
1242      0
1243      52.5028
1244      0
1245      0
1246      97.0902
1247      60.7233
1248      98.3875
1249      0
1250      0
1251      0
1252      0
1253      0
1254      90.279
1255      96.8061
1256      91.059
1257      0
1258      94.2103
1259      87.7642
1260      0
1261      96.4182
1262      0
1263      72.6852
1264      58.2297
1265      0
1266      0
1267      94.7886
1268      0
1269      0
1270      62.0342
1271      70.7313
1272      82.6342
1273      0
1274      72.0196
1275      77.5913
1276      93.7729
1277      0
1278      97.2908
1279      0
1280      0
1281      0
1282      0
1283      98.1067
1284      82.7702
1285      96.6651
1286      0
1287      90.2878
1288      84.1502
1289      77.3122
1290      0
1291      0
1292      0
1293      0
1294      0
1295      90.798
1296      71.411
1297      92.518
1298      97.0808
1299      82.9095
1300      97.3106
1301      0
1302      0
1303      0
1304      0
1305      92.972
1306      0
1307      80.2852
1308      0
1309      0
1310      98.9368
1311      74.0641
1312      0
1313      67.4152
1314      94.4613
1315      0
1316      0
1317      0
1318      99.6525
1319      68.9585
1320      0
1321      0
1322      91.8976
1323      0
1324      0
1325      95.4907
1326      0
1327      0
1328      0
1329      0
1330      0
1331      98.8419
1332      97.1928
1333      0
1334      98.8259
1335      96.9386
1336      99.8188
1337      78.2737
1338      0
1339      97.5674
1340      76.8726
1341      68.2898
1342      96.6996
1343      93.3879
1344      0
1345      0
1346      90.8801
1347      0
1348      90.8585
1349      0
1350      84.8028
1351      58.224
1352      0
1353      88.4602
1354      87.3499
1355      65.5644
1356      97.4646
1357      93.4538
1358      61.0311
1359      95.0176
1360      94.0159
1361      99.2511
1362      98.855
1363      64.0253
1364      0
1365      98.661
1366      96.2815
1367      99.2253
1368      0
1369      96.5289
1370      0
1371      82.1496
1372      94.9201
1373      0
1374      0
1375      77.1053
1376      0
1377      0
1378      0
1379      76.7494
1380      0
1381      68.9775
1382      0
1383      93.2759
1384      88.744
1385      82.6161
1386      0
1387      95.8398
1388      38.599
1389      97.4283
1390      0
1391      0
1392      95.7014
1393      99.2751
1394      70.524
1395      95.0065
1396      83.8005
1397      98.109
1398      95.6375
1399      94.7918
1400      0
1401      0
1402      89.9296
1403      0
1404      84.8116
1405      72.5957
1406      0
1407      92.8897
1408      99.0682
1409      21.0986
1410      98.7849
1411      0
1412      90.4977
1413      42.1134
1414      90.8238
1415      96.8632
1416      0
1417      0
1418      59.3798
1419      92.5267
1420      94.0979
1421      99.576
1422      0
1423      68.6751
1424      0
1425      0
1426      89.9134
1427      94.3111
1428      0
1429      0
1430      0
1431      0
1432      0
1433      87.5677
1434      0
1435      89.5318
1436      87.3637
1437      93.7269
1438      0
1439      0
1440      88.7249
1441      0
1442      95.3916
1443      0
1444      95.6645
1445      90.7534
1446      88.53
1447      98.2319
1448      90.9596
1449      0
1450      0
1451      0
1452      90.375
1453      88.5186
1454      0
1455      99.3721
1456      99.7354
1457      0
1458      99.6015
1459      0
1460      0
1461      99.8264
1462      89.459
1463      95.9233
1464      0
1465      81.6939
1466      90.6874
1467      94.926
1468      0
1469      61.6493
1470      0
1471      96.8661
1472      0
1473      99.0974
1474      70.5017
1475      60.0957
1476      0
1477      96.1066
1478      78.0268
1479      83.3397
1480      0
1481      90.0514
1482      86.4992
1483      0
1484      0
1485      94.9415
1486      90.6588
1487      89.0746
1488      94.6045
1489      0
1490      0
1491      0
1492      81.4872
1493      0
1494      0
1495      80.6608
1496      78.2662
1497      0
1498      88.5021
1499      90.4759
1500      88.0421
1501      94.885
1502      73.2333
1503      97.3191
1504      91.074
1505      0
1506      0
1507      0
1508      52.6153
1509      90.2069
1510      0
1511      0
1512      99.7883
1513      84.3211
1514      72.2179
1515      0
1516      0
1517      0
1518      67.552
1519      0
1520      0
1521      61.4778
1522      93.5162
1523      0
1524      0
1525      0
1526      45.2194
1527      97.8554
1528      0
1529      86.5919
1530      76.056
1531      84.6343
1532      82.256
1533      79.2046
1534      0
1535      0
1536      0
1537      96.0458
1538      48.6228
1539      97.0959
1540      74.9344
1541      64.4426
1542      0
1543      0
1544      0
1545      0
1546      0
1547      0
1548      64.7358
1549      97.0649
1550      95.8031
1551      78.83
1552      0
1553      88.4671
1554      0
1555      71.175
1556      0
1557      95.4162
1558      92.3105
1559      0
1560      96.9489
1561      0
1562      38.4226
1563      96.7761
1564      88.054
1565      78.2006
1566      0
1567      47.4212
1568      78.1652
1569      64.3064
1570      92.2819
1571      68.1828
1572      95.7385
1573      0
1574      91.8963
1575      98.8782
1576      95.0792
1577      91.6122
1578      93.8515
1579      96.3396
1580      0
1581      0
1582      0
1583      0
1584      0
1585      99.7768
1586      0
1587      0
1588      0
1589      95.2748
1590      99.7615
1591      97.3884
1592      0
1593      72.6038
1594      97.2362
1595      0
1596      71.2888
1597      98.007
1598      96.7315
1599      99.1679
1600      95.024
1601      0
1602      97.284
1603      87.7184
1604      79.2974
1605      99.6979
1606      95.667
1607      0
1608      0
1609      0
1610      0
1611      0
1612      96.1441
1613      85.6151
1614      90.8798
1615      63.7611
1616      0
1617      97.6131
1618      82.9463
1619      0
1620      83.7927
1621      88.1957
1622      0
1623      0
1624      59.166
1625      0
1626      0
1627      97.1672
1628      94.1009
1629      94.0716
1630      72.6279
1631      0
1632      0
1633      0
1634      0
1635      93.8393
1636      78.9333
1637      55.3522
1638      88.5049
1639      0
1640      0
1641      79.8735
1642      0
1643      0
1644      0
1645      98.3182
1646      0
1647      0
1648      83.3751
1649      93.3604
1650      0
1651      99.4721
1652      81.8575
1653      0
1654      79.4398
1655      73.6618
1656      89.8476
1657      99.6915
1658      0
1659      0
1660      59.2958
1661      0
1662      93.413
1663      90.9481
1664      0
1665      0
1666      0
1667      0
1668      0
1669      0
1670      71.1116
1671      72.0621
1672      0
1673      67.698
1674      82.3027
1675      90.5304
1676      92.9014
1677      97.9681
1678      98.8984
1679      98.5921
1680      98.4483
1681      0
1682      0
1683      0
1684      75.8202
1685      0
1686      93.5769
1687      93.167
1688      88.1859
1689      87.2305
1690      0
1691      0
1692      85.966
1693      0
1694      75.8464
1695      0
1696      97.9538
1697      32.47
1698      0
1699      0
1700      98.1516
1701      0
1702      0
1703      66.6551
1704      0
1705      0
1706      97.4006
1707      0
1708      0
1709      97.7361
1710      0
1711      0
1712      76.8685
1713      0
1714      0
1715      49.5039
1716      0
1717      98.9483
1718      90.3065
1719      94.1326
1720      13.8869
1721      0
1722      95.5278
1723      0
1724      95.5957
1725      0
1726      68.6898
1727      97.9514
1728      97.8332
1729      0
1730      0
1731      48.6567
1732      68.0318
1733      0
1734      95.2786
1735      0
1736      58.5221
1737      0
1738      0
1739      0
1740      0
1741      98.4517
1742      98.3903
1743      99.223
1744      89.2264
1745      98.6258
1746      68.6369
1747      87.7837
1748      0
1749      86.9827
1750      0
1751      0
1752      91.2942
1753      0
1754      0
1755      86.6769
1756      66.9223
1757      99.4021
1758      85.3791
1759      93.2177
1760      0
1761      0
1762      92.4124
1763      36.6564
1764      99.1954
1765      93.1677
1766      80.5543
1767      81.9811
1768      0
1769      95.8938
1770      98.1018
1771      66.7985
1772      0
1773      99.3418
1774      75.5809
1775      0
1776      81.4756
1777      59.3
1778      0
1779      0
1780      82.1722
1781      0
1782      0
1783      87.208
1784      0
1785      0
1786      77.9374
1787      0
1788      97.5132
1789      91.5715
1790      0
1791      87.8839
1792      99.1353
1793      0
1794      92.8624
1795      95.0445
1796      0
1797      98.8454
1798      91.1753
1799      90.1985
1800      0
1801      86.2627
1802      0
1803      90.7052
1804      94.464
1805      0
1806      84.4617
1807      0
1808      0
1809      93.433
1810      0
1811      0
1812      76.4238
1813      0
1814      95.8099
1815      80.3666
1816      0
1817      98.6175
1818      95.482
1819      74.7433
1820      92.207
1821      94.6824
1822      57.9379
1823      65.3091
1824      90.2408
1825      0
1826      0
1827      61.9112
1828      79.9024
1829      99.6203
1830      0
1831      0
1832      91.1693
1833      58.2211
1834      0
1835      84.988
1836      99.2285
1837      0
1838      93.4531
1839      88.3111
1840      54.3166
1841      81.1592
1842      43.9529
1843      87.7326
1844      83.6795
1845      93.6259
1846      81.4107
1847      88.8429
1848      89.8319
1849      81.2241
1850      70.9899
1851      96.4991
1852      87.2837
1853      93.482
1854      98.95
1855      97.4488
1856      86.0336
1857      0
1858      79.3831
1859      0
1860      98.8226
1861      88.1043
1862      95.5451
1863      93.1825
1864      97.7803
1865      82.5608
1866      66.2198
1867      91.7382
1868      0
1869      88.3484
1870      0
1871      97.0313
1872      0
1873      96.0242
1874      0
1875      94.9335
1876      98.4665
1877      0
1878      49.1789
1879      0
1880      0
1881      84.9801
1882      82.7963
1883      0
1884      0
1885      67.3808
1886      93.6396
1887      0
1888      83.1997
1889      97.7392
1890      95.685
1891      70.3027
1892      0
1893      93.7566
1894      91.5422
1895      63.111
1896      71.038
1897      72.4689
1898      99.233
1899      0
1900      0
1901      95.0202
1902      99.7868
1903      0
1904      0
1905      62.3659
1906      0
1907      0
1908      0
1909      80.9956
1910      98.0888
1911      97.6039
1912      0
1913      0
1914      97.3225
1915      67.2411
1916      97.2283
1917      0
1918      0
1919      80.2538
1920      84.8506
1921      83.5527
1922      0
1923      98.0873
1924      0
1925      0
1926      0
1927      99.3357
1928      0
1929      56.0223
1930      0
1931      81.0649
1932      0
1933      0
1934      87.5309
1935      0
1936      95.6304
1937      98.4095
1938      0
1939      73.2817
1940      0
1941      0
1942      0
1943      0
1944      0
1945      0
1946      99.7849
1947      95.2222
1948      0
1949      0
1950      0
1951      84.4436
1952      0
1953      0
1954      99.9051
1955      0
1956      0
1957      0
1958      0
1959      98.1515
1960      94.5008
1961      61.6659
1962      91.6101
1963      0
1964      0
1965      91.3572
1966      0
1967      72.7478
1968      99.3757
1969      97.0111
1970      0
1971      0
1972      83.7158
1973      0
1974      0
1975      0
1976      95.7984
1977      95.294
1978      77.8103
1979      0
1980      76.3636
1981      0
1982      0
1983      0
1984      46.3364
1985      0
1986      99.6683
1987      0
1988      97.4505
1989      0
1990      97.9396
1991      77.7137
1992      72.2314
1993      63.7758
1994      0
1995      96.5395
1996      92.7006
1997      0
1998      87.6065
1999      98.5323
2000      0
2001      0
2002      98.7145
2003      0
2004      79.2289
2005      0
2006      0
2007      86.9373
2008      0
2009      62.518
2010      0
2011      0
2012      0
2013      0
2014      0
2015      98.0111
2016      73.0182
2017      84.635
2018      77.7689
2019      0
2020      93.7749
2021      73.1746
2022      89.0091
2023      0
2024      77.4133
2025      0
2026      92.1868
2027      98.8534
2028      76.002
2029      86.9213
2030      0
2031      0
2032      85.01
2033      85.6531
2034      0
2035      79.5982
2036      0
2037      0
2038      0
2039      0
2040      0
2041      90.7744
2042      98.9519
2043      0
2044      96.2696
2045      81.5341
2046      98.1659
2047      90.1028
2048      0
2049      58.3713
2050      0
2051      0
2052      0
2053      78.0819
2054      82.2991
2055      84.1325
2056      0
2057      0
2058      54.9226
2059      0
2060      0
2061      87.7336
2062      0
2063      98.1694
2064      98.2504
2065      54.3451
2066      0
2067      0
2068      69.9018
2069      95.5832
2070      0
2071      0
2072      77.9495
2073      94.935
2074      91.9547
2075      97.8897
2076      0
2077      93.1464
2078      92.7766
2079      0
2080      96.9903
2081      50.3714
2082      91.7814
2083      98.377
2084      0
2085      0
2086      0
2087      0
2088      0
2089      0
2090      0
2091      98.8161
2092      0
2093      80.3438
2094      0
2095      0
2096      0
2097      0
2098      51.2592
2099      0
2100      75.649
2101      74.4766
2102      95.4175
2103      95.4375
2104      0
2105      57.0229
2106      92.2392
2107      65.3251
2108      96.6232
2109      0
2110      0
2111      88.3513
2112      0
2113      82.7417
2114      0
2115      98.5555
2116      59.1242
2117      99.6611
2118      0
2119      0
2120      32.7858
2121      96.0012
2122      0
2123      96.2905
2124      99.8529
2125      97.7122
2126      88.6689
2127      62.6378
2128      75.5907
2129      0
2130      95.658
2131      0
2132      94.4117
2133      0
2134      74.9883
2135      78.1569
2136      0
2137      82.903
2138      0
2139      0
2140      0
2141      0
2142      0
2143      0
2144      0
2145      71.4743
2146      90.1962
2147      0
2148      0
2149      0
2150      54.0066
2151      95.2502
2152      94.2547
2153      99.1888
2154      0
2155      81.9716
2156      97.6895
2157      94.8536
2158      0
2159      0
2160      83.1048
2161      0
2162      75.2797
2163      0
2164      87.3002
2165      90.1815
2166      0
2167      98.9151
2168      57.6963
2169      0
2170      0
2171      95.6087
2172      96.4613
2173      0
2174      0
2175      95.0425
2176      85.1886
2177      74.1665
2178      98.6403
2179      80.1389
2180      96.0892
2181      0
2182      88.7778
2183      93.9598
2184      99.3634
2185      91.7558
2186      0
2187      0
2188      0
2189      92.6416
2190      93.4327
2191      92.2046
2192      79.9759
2193      49.653
2194      0
2195      98.9352
2196      99.5974
2197      99.9047
2198      0
2199      0
2200      0
2201      0
2202      38.5078
2203      0
2204      59.7692
2205      0
2206      0
2207      0
2208      91.694
2209      0
2210      89.177
2211      81.4477
2212      69.8321
2213      0
2214      0
2215      92.9067
2216      93.7347
2217      0
2218      70.4278
2219      74.5078
2220      0
2221      89.3683
2222      96.9723
2223      0
2224      58.9994
2225      0
2226      0
2227      0
2228      90.3183
2229      71.4493
2230      99.3913
2231      94.7245
2232      94.878
2233      0
2234      83.4644
2235      0
2236      97.1191
2237      0
2238      0
2239      0
2240      77.0983
2241      0
2242      0
2243      0
2244      91.0572
2245      99.7515
2246      94.0292
2247      99.9354
2248      84.3054
2249      0
2250      0
2251      81.3178
2252      92.6505
2253      0
2254      94.5001
2255      92.8111
2256      42.3737
2257      80.762
2258      72.6251
2259      0
2260      82.9433
2261      99.7128
2262      96.2522
2263      0
2264      0
2265      0
2266      0
2267      90.2007
2268      65.2571
2269      0
2270      83.4894
2271      0
2272      97.0796
2273      85.3977
2274      47.3681
2275      0
2276      0
2277      97.7929
2278      73.5502
2279      0
2280      99.5236
2281      0
2282      0
2283      85.8383
2284      81.9849
2285      87.0012
2286      82.552
2287      0
2288      97.0668
2289      0
2290      97.3891
2291      52.9702
2292      0
2293      72.5928
2294      92.7369
2295      0
2296      62.9553
2297      94.3336
2298      0
2299      87.395
2300      92.7428
2301      96.9707
2302      82.3623
2303      85.6755
2304      0
2305      0
2306      0
2307      88.2157
2308      0
2309      91.8505
2310      0
2311      91.2837
2312      74.0248
2313      55.5789
2314      0
2315      0
2316      86.0864
2317      98.1868
2318      92.961
2319      96.9754
2320      82.7556
2321      0
2322      99.9322
2323      73.7082
2324      0
2325      48.1423
2326      86.5428
2327      65.7667
2328      62.3668
2329      0
2330      80.7358
2331      0
2332      0
2333      0
2334      0
2335      85.0312
2336      71.414
2337      96.057
2338      0
2339      82.8003
2340      75.4901
2341      65.8821
2342      77.6404
2343      95.9314
2344      96.951
2345      0
2346      70.7739
2347      72.0698
2348      83.0821
2349      84.6028
2350      82.4476
2351      83.1275
2352      80.2516
2353      0
2354      80.1603
2355      93.4968
2356      70.1041
2357      88.618
2358      0
2359      0
2360      76.2253
2361      0
2362      66.3605
2363      94.8913
2364      99.6188
2365      0
2366      0
2367      66.5112
2368      0
2369      0
2370      99.382
2371      0
2372      0
2373      0
2374      94.807
2375      0
2376      0
2377      0
2378      83.0473
2379      91.4747
2380      89.2215
2381      0
2382      0
2383      95.3023
2384      67.6444
2385      99.0997
2386      0
2387      96.7214
2388      82.5059
2389      31.6691
2390      51.4092
2391      0
2392      0
2393      92.8237
2394      83.2237
2395      81.2728
2396      95.9264
2397      82.4008
2398      0
2399      0
2400      92.5592
2401      0
2402      68.7252
2403      0
2404      47.9333
2405      92.8724
2406      0
2407      94.1304
2408      94.2852
2409      59.6269
2410      32.5546
2411      93.9569
2412      0
2413      46.7527
2414      0
2415      0
2416      0
2417      97.955
2418      0
2419      0
2420      0
2421      0
2422      80.0502
2423      90.941
2424      0
2425      0
2426      85.6312
2427      51.849
2428      0
2429      0
2430      0
2431      81.1084
2432      0
2433      91.6843
2434      0
2435      0
2436      85.9431
2437      0
2438      68.6616
2439      0
2440      0
2441      91.9281
2442      0
2443      0
2444      97.1805
2445      0
2446      51.8507
2447      0
2448      0
2449      81.097
2450      0
2451      0
2452      89.9959
2453      98.3255
2454      76.1508
2455      0
2456      75.1707
2457      95.7947
2458      0
2459      0
2460      0
2461      96.9083
2462      0
2463      0
2464      0
2465      86.1217
2466      0
2467      0
2468      0
2469      88.9426
2470      94.7927
2471      88.8976
2472      78.1852
2473      90.3447
2474      97.8425
2475      0
2476      0
2477      96.7997
2478      84.2017
2479      0
2480      97.3639
2481      0
2482      97.6113
2483      0
2484      0
2485      93.9645
2486      0
2487      78.8921
2488      86.4846
2489      61.3195
2490      98.3564
2491      0
2492      0
2493      94.6721
2494      0
2495      0
2496      0
2497      0
2498      0
2499      0
       76024.5
