0      0
1      59.1627
2      0
3      46.1485
4      72.7487
5      0
6      0
7      0
8      50.5449
9      68.8428
10      91.0413
11      99.7419
12      75.5383
13      45.6092
14      96.8923
15      0
16      84.5472
17      71.2859
18      0
19      99.9422
20      0
21      99.7471
22      51.6755
23      0
24      44.5836
25      97.9884
26      99.5547
27      0
28      99.9242
29      0
30      48.631
31      0
32      0
33      0
34      0
35      0
36      99.8658
37      0
38      99.8964
39      99.9203
40      0
41      0
42      61.4983
43      0
44      99.9934
45      0
46      99.699
47      0
48      99.7268
49      0
50      93.9813
51      99.8651
52      65.0384
53      0
54      99.8233
55      99.9627
56      0
57      0
58      0
59      0
60      96.9474
61      0
62      95.5439
63      0
64      0
65      0
66      47.191
67      0
68      0
69      61.7622
70      78.8033
71      98.1947
72      0
73      0
74      99.2314
75      0
76      95.5651
77      0
78      0
79      78.1172
80      0
81      99.8384
82      0
83      99.9748
84      99.9542
85      58.2491
86      0
87      99.9858
88      0
89      99.6033
90      92.6035
91      0
92      0
93      0
94      77.827
95      99.8006
96      99.9668
97      0
98      0
99      55.9088
100      0
101      0
102      0
103      66.4207
104      0
105      78.8904
106      99.9
107      0
108      0
109      99.6209
110      95.6304
111      40.1866
112      53.7424
113      99.9073
114      0
115      75.0797
116      0
117      94.9853
118      80.5956
119      55.5375
120      99.2884
121      99.1814
122      0
123      52.251
124      61.595
125      0
126      0
127      56.6962
128      87.1669
129      0
130      98.7122
131      99.7501
132      0
133      97.5802
134      99.5454
135      98.0113
136      99.1577
137      99.9037
138      99.375
139      99.8724
140      0
141      99.9795
142      67.1628
143      70.7107
144      61.8053
145      0
146      36.2727
147      99.4048
148      99.9189
149      99.8209
150      0
151      0
152      68.3838
153      99.8987
154      72.1928
155      85.8651
156      0
157      55.2222
158      99.8845
159      99.9995
160      0
161      97.7335
162      97.4971
163      0
164      53.1502
165      0
166      0
167      0
168      99.0384
169      0
170      0
171      0
172      0
173      91.8836
174      95.9601
175      76.2562
176      56.2394
177      60.301
178      0
179      87.7408
180      99.8749
181      0
182      99.8
183      67.5235
184      0
185      0
186      93.211
187      0
188      99.5969
189      0
190      98.8498
191      62.7186
192      55.4262
193      0
194      99.9403
195      95.5687
196      86.3776
197      0
198      99.5591
199      99.8329
       6058.22
