0      0
1      0
2      84.4468
3      97.1862
4      0
5      0
6      92.9651
7      94.9227
8      98.3893
9      0
10      90.3398
11      98.6762
12      79.198
13      99.6891
14      72.1677
15      0
16      78.2241
17      0
18      97.1935
19      77.9087
20      98.6533
21      0
22      99.8513
23      96.9813
24      0
25      66.2625
26      54.8669
27      89.2023
28      99.206
29      96.2023
30      98.8617
31      0
32      28.2737
33      0
34      0
35      83.8232
36      95.8501
37      85.4418
38      0
39      0
40      0
41      0
42      85.4529
43      0
44      0
45      98.6036
46      94.1862
47      0
48      93.339
49      0
50      97.5583
51      93.1565
52      87.3959
53      0
54      55.6164
55      0
56      98.4674
57      72.8675
58      78.5045
59      0
60      95.2276
61      93.0063
62      0
63      0
64      93.777
65      96.4977
66      96.922
67      0
68      54.5663
69      98.0617
70      38.4257
71      98.875
72      0
73      0
74      0
75      95.395
76      0
77      94.6717
78      67.146
79      0
80      89.584
81      98.1636
82      68.1378
83      0
84      85.9031
85      0
86      0
87      86.1465
88      87.1758
89      96.053
90      67.6287
91      97.9098
92      89.8093
93      84.6156
94      86.8984
95      0
96      97.1153
97      97.5644
98      53.9334
99      0
100      97.1558
101      0
102      0
103      0
104      0
105      57.3122
106      94.3388
107      97.0785
108      0
109      86.7567
110      54.8631
111      72.6835
112      84.5058
113      82.83
114      0
115      84.2681
116      70.849
117      84.5601
118      92.8006
119      0
120      83.8572
121      55.4752
122      0
123      79.3965
124      63.8871
125      0
126      85.7383
127      82.9774
128      70.3872
129      93.8452
130      0
131      71.6101
132      73.1285
133      84.1252
134      84.2194
135      0
136      0
137      96.7157
138      91.7344
139      98.2756
140      87.4846
141      0
142      95.2018
143      0
144      90.0325
145      0
146      0
147      0
148      0
149      0
150      86.3378
151      0
152      83.9439
153      0
154      0
155      86.0803
156      90.6665
157      0
158      0
159      0
160      0
161      86.3928
162      91.1097
163      79.3137
164      0
165      0
166      0
167      94.038
168      0
169      0
170      0
171      0
172      92.6573
173      0
174      0
175      96.01
176      94.3606
177      96.037
178      98.4608
179      92.6847
180      0
181      50.576
182      96.4782
183      98.6999
184      93.2332
185      92.145
186      97.2635
187      77.0943
188      98.1046
189      69.7152
190      73.1844
191      95.6837
192      98.0975
193      0
194      75.5171
195      91.9572
196      67.4231
197      0
198      83.903
199      0
200      0
201      86.5896
202      66.338
203      97.2436
204      0
205      0
206      0
207      0
208      71.5472
209      81.619
210      98.2898
211      0
212      0
213      68.5949
214      98.1691
215      96.57
216      96.6296
217      0
218      83.6755
219      60.6942
220      92.4222
221      0
222      74.552
223      96.5469
224      92.695
225      64.636
226      0
227      91.4512
228      99.6001
229      0
230      0
231      91.1077
232      83.1002
233      86.6789
234      82.0228
235      87.0124
236      0
237      0
238      84.2745
239      0
240      0
241      0
242      13.4161
243      48.2
244      0
245      79.2716
246      0
247      0
248      0
249      0
250      0
251      0
252      93.0529
253      0
254      96.9158
255      0
256      0
257      71.4958
258      93.8665
259      97.5754
260      0
261      53.3067
262      82.0681
263      95.2894
264      84.5587
265      99.8824
266      0
267      94.4997
268      0
269      0
270      97.442
271      0
272      92.6454
273      85.3151
274      98.3069
275      99.9141
276      93.9446
277      98.4978
278      0
279      99.5103
280      93.8734
281      51.1251
282      57.404
283      0
284      63.5478
285      0
286      0
287      98.1868
288      99.8581
289      87.2967
290      0
291      92.3484
292      95.7418
293      58.6343
294      0
295      93.8816
296      95.2608
297      69.6869
298      0
299      0
300      0
301      99.4727
302      45.8473
303      0
304      97.7066
305      69.7939
306      91.5618
307      94.9975
308      0
309      70.8411
310      66.811
311      76.4135
312      96.523
313      92.4697
314      0
315      0
316      0
317      0
318      0
319      96.6425
320      87.3295
321      75.4784
322      86.2831
323      87.82
324      98.7682
325      77.7873
326      0
327      80.2217
328      93.4186
329      99.2505
330      67.7044
331      0
332      93.1629
333      94.3585
334      78.6931
335      88.8725
336      90.9948
337      60.7216
338      0
339      86.805
340      94.0877
341      0
342      55.8083
343      0
344      86.1221
345      0
346      0
347      0
348      87.1923
349      83.8736
350      72.9437
351      96.0345
352      99.8402
353      95.6305
354      0
355      0
356      0
357      0
358      0
359      58.4956
360      0
361      0
362      0
363      99.2405
364      91.4622
365      98.6192
366      86.9529
367      90.4251
368      61.1066
369      99.6123
370      68.9068
371      94.8291
372      81.9934
373      90.015
374      47.3944
375      0
376      99.6378
377      95.5873
378      0
379      0
380      0
381      96.7412
382      96.1978
383      79.1657
384      83.3618
385      0
386      0
387      0
388      0
389      0
390      96.8562
391      0
392      91.6424
393      0
394      0
395      0
396      0
397      0
398      0
399      0
400      0
401      0
402      98.8138
403      84.843
404      67.1261
405      0
406      97.9638
407      0
408      0
409      0
410      78.398
411      75.8587
412      87.1859
413      82.3843
414      0
415      98.3164
416      90.7269
417      0
418      0
419      76.2738
420      85.0871
421      0
422      84.4455
423      0
424      56.6333
425      83.5045
426      83.4072
427      73.8226
428      0
429      97.8037
430      0
431      67.3868
432      94.0102
433      0
434      41.288
435      97.7962
436      92.7606
437      98.6387
438      0
439      0
440      94.4241
441      92.7478
442      76.9177
443      0
444      0
445      0
446      56.5576
447      75.9422
448      0
449      93.0543
450      0
451      0
452      0
453      76.2772
454      92.1284
455      88.4371
456      60.1843
457      99.2518
458      99.6374
459      84.7246
460      0
461      94.5314
462      0
463      99.2585
464      62.1315
465      0
466      0
467      78.5628
468      83.9561
469      0
470      81.9372
471      0
472      91.2257
473      91.6931
474      0
475      58.861
476      0
477      0
478      95.0248
479      0
480      78.7447
481      68.3094
482      0
483      0
484      0
485      97.0994
486      99.8834
487      74.9184
488      0
489      94.0372
490      0
491      0
492      46.0074
493      0
494      60.8678
495      83.5037
496      0
497      0
498      80.8335
499      84.3961
500      0
501      0
502      82.0045
503      88.4603
504      91.7513
505      70.0995
506      0
507      0
508      90.5617
509      93.2287
510      0
511      0
512      79.2927
513      0
514      79.0722
515      0
516      90.2194
517      0
518      0
519      79.9297
520      62.5595
521      97.8928
522      0
523      86.1141
524      0
525      0
526      92.1232
527      0
528      0
529      0
530      96.8011
531      92.5528
532      0
533      38.1665
534      99.7002
535      91.8354
536      0
537      66.0761
538      82.4239
539      78.2693
540      97.1063
541      70.4662
542      33.4494
543      0
544      0
545      86.5265
546      87.6966
547      0
548      96.2387
549      0
550      0
551      0
552      99.9743
553      91.9841
554      0
555      70.9106
556      0
557      95.6321
558      91.5462
559      75.2369
560      86.6312
561      43.7015
562      91.8279
563      97.1494
564      0
565      96.8214
566      0
567      0
568      0
569      0
570      56.0434
571      0
572      74.8847
573      74.1449
574      0
575      0
576      97.5678
577      0
578      88.0337
579      0
580      0
581      0
582      90.0144
583      89.9507
584      0
585      92.1238
586      0
587      76.8798
588      97.1504
589      60.765
590      81.0644
591      0
592      92.0253
593      0
594      72.3821
595      84.2629
596      0
597      0
598      82.5275
599      66.3029
600      94.1634
601      0
602      95.9355
603      96.2142
604      96.3166
605      0
606      94.0935
607      98.8254
608      0
609      0
610      74.2145
611      61.9677
612      0
613      0
614      0
615      67.5262
616      97.4144
617      53.7702
618      96.2628
619      94.9243
620      99.0863
621      99.5641
622      69.5259
623      92.0311
624      94.1039
625      98.9305
626      0
627      0
628      98.9807
629      0
630      0
631      93.9124
632      97.688
633      97.4407
634      80.8897
635      0
636      0
637      0
638      0
639      81.8857
640      91.338
641      0
642      0
643      62.1284
644      93.2986
645      81.0931
646      0
647      81.8648
648      0
649      0
650      99.743
651      0
652      67.9603
653      98.2377
654      74.5609
655      94.2984
656      0
657      71.5688
658      68.7826
659      80.3599
660      83.7591
661      0
662      68.167
663      0
664      90.8887
665      88.9231
666      0
667      53.9932
668      0
669      0
670      0
671      91.7971
672      99.246
673      86.3734
674      0
675      0
676      0
677      97.8751
678      79.1664
679      0
680      77.3587
681      62.4782
682      98.5285
683      0
684      99.8098
685      0
686      94.7044
687      93.8116
688      96.2509
689      0
690      97.434
691      97.0138
692      0
693      95.1874
694      98.3575
695      99.0899
696      78.3783
697      80.6774
698      78.9093
699      99.1832
700      90.2505
701      77.0588
702      95.2259
703      57.2961
704      0
705      86.2442
706      97.8027
707      83.7789
708      0
709      0
710      95.8617
711      0
712      0
713      81.3596
714      94.31
715      61.9381
716      52.2297
717      0
718      92.3482
719      77.4355
720      64.7718
721      99.3659
722      0
723      0
724      84.0833
725      0
726      0
727      0
728      0
729      0
730      0
731      56.0239
732      88.845
733      82.0514
734      0
735      0
736      0
737      0
738      99.1999
739      62.0066
740      93.0882
741      0
742      94.0099
743      0
744      0
745      47.6926
746      83.977
747      90.2395
748      77.2529
749      94.3339
750      0
751      0
752      93.2776
753      0
754      88.2337
755      74.192
756      0
757      82.5261
758      90.0301
759      98.7978
760      74.859
761      96.4985
762      0
763      0
764      0
765      84.1559
766      90.9606
767      94.3549
768      88.2538
769      89.9595
770      96.8427
771      86.2192
772      0
773      98.7996
774      89.3563
775      98.9434
776      0
777      0
778      96.5483
779      0
780      0
781      94.6514
782      0
783      0
784      0
785      0
786      99.4186
787      0
788      69.2367
789      0
790      0
791      0
792      0
793      0
794      0
795      86.7367
796      95.9626
797      90.7038
798      77.0049
799      92.2012
800      0
801      0
802      95.5004
803      91.6102
804      0
805      74.9344
806      96.6384
807      0
808      85.4306
809      81.9165
810      99.0278
811      90.5393
812      0
813      0
814      0
815      60.5521
816      0
817      91.5556
818      0
819      96.6424
820      90.7257
821      0
822      0
823      97.5463
824      0
825      94.7003
826      87.6926
827      0
828      85.5172
829      98.1071
830      0
831      60.3465
832      0
833      84.8762
834      0
835      0
836      99.2685
837      98.7599
838      98.2184
839      0
840      84.6553
841      0
842      62.2606
843      52.409
844      92.8793
845      68.3642
846      0
847      0
848      0
849      0
850      96.7623
851      0
852      0
853      93.6814
854      0
855      0
856      0
857      48.4746
858      89.3467
859      57.3203
860      0
861      0
862      0
863      98.7241
864      98.7966
865      80.1989
866      42.2067
867      89.5841
868      93.5573
869      0
870      91.4631
871      95.2408
872      97.8158
873      0
874      0
875      96.5587
876      0
877      99.7039
878      99.2885
879      96.9361
880      0
881      0
882      0
883      35.3115
884      63.7017
885      97.7615
886      96.9656
887      0
888      0
889      0
890      95.6632
891      0
892      0
893      93.4728
894      91.9424
895      0
896      0
897      98.927
898      0
899      0
900      93.8349
901      0
902      98.9531
903      70.0466
904      0
905      56.6334
906      93.3097
907      97.214
908      85.0285
909      0
910      0
911      0
912      81.0697
913      77.9025
914      0
915      80.1424
916      0
917      90.4832
918      87.4374
919      87.1439
920      0
921      79.4956
922      70.3177
923      83.0899
924      0
925      97.9637
926      0
927      70.0085
928      98.3295
929      77.7811
930      91.9347
931      0
932      72.5713
933      0
934      0
935      0
936      64.8359
937      96.5429
938      0
939      85.9269
940      75.5381
941      75.3878
942      97.2684
943      97.5722
944      0
945      94.8727
946      72.774
947      61.7706
948      80.7123
949      0
950      0
951      95.2206
952      0
953      0
954      99.5754
955      0
956      0
957      93.5309
958      0
959      87.8632
960      75.7365
961      71.71
962      96.8833
963      69.6918
964      0
965      64.6446
966      70.0429
967      64.1295
968      99.0058
969      0
970      84.696
971      93.5278
972      0
973      74.7453
974      99.4106
975      0
976      76.1052
977      0
978      98.5264
979      0
980      73.3441
981      0
982      0
983      97.0926
984      0
985      78.6244
986      0
987      0
988      0
989      98.556
990      0
991      0
992      81.3874
993      0
994      97.3549
995      0
996      96.0573
997      0
998      0
999      99.1293
1000      93.5176
1001      73.3651
1002      0
1003      55.9455
1004      0
1005      96.8128
1006      0
1007      0
1008      87.9591
1009      0
1010      0
1011      84.5162
1012      0
1013      83.4053
1014      0
1015      85.5167
1016      38.0676
1017      0
1018      0
1019      89.0904
1020      94.7092
1021      67.9253
1022      90.5489
1023      0
1024      0
1025      95.7042
1026      75.6621
1027      0
1028      81.1091
1029      97.7389
1030      75.7056
1031      0
1032      98.7213
1033      0
1034      96.6684
1035      62.4849
1036      99.2343
1037      94.9529
1038      0
1039      0
1040      91.5606
1041      99.6118
1042      98.4904
1043      87.2127
1044      70.2922
1045      82.5736
1046      65.0855
1047      0
1048      98.5784
1049      92.3198
1050      89.8297
1051      0
1052      0
1053      88.4387
1054      0
1055      0
1056      90.8145
1057      83.5739
1058      44.8734
1059      82.826
1060      98.9608
1061      0
1062      0
1063      69.9912
1064      53.0032
1065      99.2929
1066      92.0348
1067      0
1068      0
1069      94.317
1070      60.8674
1071      50.8107
1072      0
1073      98.9322
1074      92.4854
1075      97.6868
1076      97.9253
1077      87.5651
1078      0
1079      0
1080      0
1081      99.9375
1082      65.242
1083      89.8673
1084      58.726
1085      83.5495
1086      0
1087      0
1088      0
1089      89.1299
1090      0
1091      0
1092      0
1093      0
1094      80.7628
1095      0
1096      94.1679
1097      0
1098      99.8841
1099      0
1100      0
1101      94.2693
1102      0
1103      0
1104      86.4678
1105      0
1106      0
1107      0
1108      91.5569
1109      0
1110      67.5723
1111      0
1112      0
1113      0
1114      86.7501
1115      94.2416
1116      0
1117      0
1118      75.7073
1119      88.2248
1120      0
1121      92.2623
1122      75.5266
1123      0
1124      54.7434
1125      99.7883
1126      76.9767
1127      98.6201
1128      90.8253
1129      90.9554
1130      97.1651
1131      87.0542
1132      0
1133      0
1134      83.904
1135      91.4998
1136      0
1137      0
1138      98.6782
1139      71.7794
1140      0
1141      0
1142      74.0502
1143      0
1144      93.415
1145      0
1146      87.7436
1147      72.7146
1148      0
1149      99.0983
1150      93.8508
1151      0
1152      99.6243
1153      82.9935
1154      65.3581
1155      0
1156      0
1157      0
1158      97.276
1159      97.7054
1160      0
1161      99.1127
1162      61.8993
1163      0
1164      0
1165      0
1166      78.468
1167      82.6648
1168      99.5717
1169      95.5254
1170      97.7139
1171      0
1172      38.5082
1173      0
1174      0
1175      87.0341
1176      0
1177      0
1178      84.109
1179      0
1180      68.1421
1181      87.6115
1182      71.0592
1183      98.4278
1184      0
1185      0
1186      0
1187      66.4336
1188      95.1507
1189      0
1190      82.1872
1191      67.8475
1192      84.5298
1193      0
1194      97.0035
1195      49.0177
1196      99.4867
1197      0
1198      96.6456
1199      0
1200      0
1201      0
1202      0
1203      0
1204      81.2293
1205      95.7768
1206      0
1207      84.8633
1208      0
1209      92.0032
1210      95.6809
1211      0
1212      0
1213      0
1214      0
1215      99.9495
1216      0
1217      0
1218      67.1707
1219      69.4776
1220      0
1221      54.4429
1222      75.7232
1223      81.8182
1224      0
1225      0
1226      94.3317
1227      0
1228      76.6785
1229      87.5633
1230      93.1591
1231      51.9822
1232      0
1233      0
1234      0
1235      91.8392
1236      0
1237      96.6964
1238      70.4069
1239      79.824
1240      94.151
1241      91.4677
1242      50.6215
1243      65.726
1244      0
1245      92.5735
1246      75.1638
1247      87.7622
1248      90.1135
1249      91.4212
1250      99.6205
1251      0
1252      0
1253      0
1254      75.9992
1255      0
1256      79.4504
1257      57.8593
1258      94.2258
1259      59.2274
1260      94.4462
1261      99.8447
1262      0
1263      0
1264      0
1265      0
1266      91.7651
1267      67.3696
1268      81.992
1269      0
1270      0
1271      90.1093
1272      0
1273      80.9454
1274      86.5899
1275      98.7584
1276      0
1277      96.4305
1278      0
1279      99.9874
1280      90.4845
1281      0
1282      92.6478
1283      59.9641
1284      0
1285      0
1286      0
1287      0
1288      66.8816
1289      0
1290      0
1291      79.7714
1292      0
1293      98.555
1294      0
1295      0
1296      92.9558
1297      95.9921
1298      0
1299      0
1300      98.7349
1301      0
1302      0
1303      0
1304      84.17
1305      0
1306      0
1307      55.9536
1308      0
1309      0
1310      0
1311      90.4074
1312      36.2008
1313      95.1254
1314      97.322
1315      42.8098
1316      0
1317      0
1318      0
1319      0
1320      0
1321      99.6587
1322      0
1323      0
1324      88.5206
1325      0
1326      99.7743
1327      93.2613
1328      91.2251
1329      97.1815
1330      80.8909
1331      85.2068
1332      0
1333      0
1334      98.2376
1335      0
1336      95.4016
1337      0
1338      83.2763
1339      94.5681
1340      88.5354
1341      0
1342      95.6413
1343      0
1344      98.5923
1345      87.3821
1346      0
1347      0
1348      98.3211
1349      0
1350      59.847
1351      0
1352      98.7691
1353      91.2957
1354      98.3865
1355      0
1356      57.1869
1357      0
1358      54.9154
1359      94.1907
1360      70.5676
1361      0
1362      99.0045
1363      0
1364      0
1365      0
1366      0
1367      84.0952
1368      0
1369      70.79
1370      86.9825
1371      0
1372      0
1373      69.4869
1374      83.301
1375      0
1376      62.3224
1377      92.978
1378      0
1379      92.1889
1380      0
1381      0
1382      0
1383      96.5775
1384      0
1385      90.6645
1386      92.0499
1387      0
1388      0
1389      96.366
1390      94.5956
1391      99.3085
1392      0
1393      0
1394      94.1018
1395      94.1218
1396      55.833
1397      0
1398      79.2561
1399      39.5146
1400      53.2405
1401      74.6334
1402      0
1403      0
1404      96.825
1405      72.5064
1406      98.2161
1407      0
1408      40.8015
1409      74.5373
1410      90.3561
1411      56.0372
1412      0
1413      0
1414      95.7022
1415      0
1416      0
1417      91.7169
1418      0
1419      0
1420      0
1421      0
1422      0
1423      0
1424      0
1425      76.7911
1426      0
1427      0
1428      0
1429      0
1430      0
1431      99.091
1432      98.7142
1433      81.1224
1434      0
1435      62.7568
1436      95.5166
1437      90.1537
1438      98.786
1439      0
1440      0
1441      0
1442      45.6832
1443      0
1444      81.7837
1445      0
1446      0
1447      94.4008
1448      76.2096
1449      98.1646
1450      54.9437
1451      87.7921
1452      99.7097
1453      97.3878
1454      93.58
1455      99.3846
1456      91.5311
1457      69.1182
1458      90.2886
1459      97.0415
1460      80.0104
1461      99.6828
1462      98.7437
1463      99.4621
1464      0
1465      84.8203
1466      0
1467      0
1468      0
1469      98.8349
1470      0
1471      87.9249
1472      98.8271
1473      94.0706
1474      96.8384
1475      0
1476      0
1477      70.6485
1478      0
1479      0
1480      99.1777
1481      0
1482      0
1483      85.802
1484      97.0296
1485      97.3568
1486      83.4869
1487      0
1488      77.9432
1489      0
1490      0
1491      93.2876
1492      77.5793
1493      71.829
1494      0
1495      98.4675
1496      75.0438
1497      0
1498      90.5187
1499      95.625
1500      99.1646
1501      0
1502      82.0287
1503      0
1504      0
1505      0
1506      0
1507      88.0907
1508      79.1266
1509      0
1510      0
1511      0
1512      94.7115
1513      0
1514      0
1515      95.7049
1516      0
1517      0
1518      0
1519      0
1520      93.9181
1521      61.8916
1522      76.9729
1523      0
1524      82.6103
1525      0
1526      94.407
1527      0
1528      86.0794
1529      0
1530      0
1531      0
1532      0
1533      94.0796
1534      95.2235
1535      76.962
1536      0
1537      91.5368
1538      98.8433
1539      97.1897
1540      0
1541      0
1542      0
1543      0
1544      95.695
1545      0
1546      87.9883
1547      0
1548      98.6595
1549      70.0838
1550      0
1551      58.29
1552      86.5237
1553      98.876
1554      0
1555      0
1556      81.6899
1557      0
1558      58.3068
1559      0
1560      99.5204
1561      0
1562      73.939
1563      0
1564      0
1565      61.9438
1566      95.2636
1567      0
1568      94.7894
1569      84.8637
1570      96.4367
1571      0
1572      0
1573      75.319
1574      57.2543
1575      0
1576      0
1577      0
1578      0
1579      0
1580      51.2278
1581      0
1582      0
1583      0
1584      62.0243
1585      97.4163
1586      95.2036
1587      99.0144
1588      85.4758
1589      0
1590      43.3174
1591      90.91
1592      0
1593      95.2095
1594      0
1595      0
1596      97.6018
1597      91.622
1598      59.1922
1599      93.2357
1600      83.3645
1601      74.2534
1602      92.9895
1603      0
1604      92.2168
1605      0
1606      80.056
1607      0
1608      0
1609      0
1610      0
1611      0
1612      0
1613      89.8605
1614      0
1615      0
1616      72.466
1617      96.5091
1618      0
1619      97.0446
1620      86.7995
1621      0
1622      95.738
1623      82.2597
1624      99.2424
1625      0
1626      0
1627      99.2446
1628      94.9634
1629      97.8096
1630      0
1631      0
1632      85.7947
1633      94.3871
1634      0
1635      94.6229
1636      97.5144
1637      0
1638      0
1639      92.4658
1640      0
1641      0
1642      0
1643      99.9137
1644      96.0163
1645      83.0197
1646      0
1647      86.3466
1648      0
1649      90.424
1650      85.3547
1651      0
1652      0
1653      0
1654      76.4745
1655      0
1656      97.2057
1657      0
1658      99.8303
1659      79.1326
1660      0
1661      0
1662      98.3626
1663      94.6168
1664      78.5847
1665      0
1666      63.0355
1667      92.7874
1668      71.6605
1669      0
1670      54.5404
1671      96.9821
1672      93.4098
1673      90.9347
1674      0
1675      96.6567
1676      84.9873
1677      99.8233
1678      62.7241
1679      88.3531
1680      0
1681      0
1682      0
1683      0
1684      62.2024
1685      0
1686      97.7571
1687      0
1688      75.6668
1689      59.6235
1690      0
1691      0
1692      65.1177
1693      63.7811
1694      63.8944
1695      0
1696      0
1697      49.277
1698      0
1699      77.3171
1700      71.6595
1701      56.9674
1702      98.3222
1703      0
1704      0
1705      0
1706      97.8878
1707      0
1708      0
1709      92.157
1710      76.4261
1711      0
1712      94.038
1713      0
1714      0
1715      0
1716      99.2886
1717      77.5879
1718      0
1719      99.4838
1720      99.4562
1721      0
1722      0
1723      0
1724      88.2169
1725      94.4114
1726      0
1727      95.7527
1728      0
1729      82.5929
1730      95.4908
1731      98.117
1732      0
1733      95.8695
1734      94.7965
1735      0
1736      72.1288
1737      0
1738      82.6459
1739      97.15
1740      0
1741      99.949
1742      66.0112
1743      0
1744      79.727
1745      99.9149
1746      0
1747      65.3247
1748      80.7006
1749      97.0096
1750      77.6954
1751      97.1301
1752      0
1753      0
1754      98.1602
1755      98.0475
1756      0
1757      0
1758      0
1759      75.5487
1760      0
1761      0
1762      99.9397
1763      0
1764      79.0013
1765      97.3725
1766      83.6039
1767      97.315
1768      96.7909
1769      36.7015
1770      90.7272
1771      0
1772      82.6042
1773      0
1774      93.8031
1775      85.9406
1776      97.7561
1777      72.5377
1778      0
1779      89.0757
1780      0
1781      0
1782      0
1783      61.4988
1784      0
1785      95.9624
1786      99.0734
1787      0
1788      92.6644
1789      0
1790      0
1791      94.2066
1792      0
1793      59.3334
1794      0
1795      95.7058
1796      82.3607
1797      83.7559
1798      0
1799      85.1124
1800      0
1801      0
1802      92
1803      0
1804      87.8327
1805      90.2
1806      0
1807      0
1808      0
1809      60.0219
1810      0
1811      0
1812      0
1813      0
1814      97.9094
1815      79.9073
1816      96.247
1817      56.6308
1818      0
1819      0
1820      44.614
1821      0
1822      0
1823      96.41
1824      93.2272
1825      94.7052
1826      0
1827      99.2611
1828      90.4177
1829      0
1830      94.4861
1831      0
1832      0
1833      87.5985
1834      87.3241
1835      0
1836      0
1837      94.4268
1838      0
1839      75.7716
1840      0
1841      0
1842      0
1843      98.051
1844      0
1845      0
1846      97.1383
1847      70.1419
1848      0
1849      0
1850      91.2923
1851      99.7811
1852      93.5797
1853      0
1854      82.3649
1855      0
1856      79.9562
1857      96.3375
1858      86.4239
1859      46.9599
1860      66.9403
1861      87.0917
1862      0
1863      0
1864      84.3403
1865      85.7559
1866      0
1867      0
1868      67.5116
1869      0
1870      0
1871      97.6349
1872      0
1873      93.8014
1874      51.1129
1875      0
1876      96.9846
1877      87.5525
1878      0
1879      97.3077
1880      56.4441
1881      0
1882      93.9647
1883      0
1884      98.8243
1885      0
1886      99.7783
1887      0
1888      0
1889      0
1890      99.7572
1891      0
1892      0
1893      0
1894      0
1895      90.9826
1896      86.9906
1897      0
1898      88.536
1899      81.5306
1900      98.6892
1901      0
1902      0
1903      0
1904      0
1905      0
1906      0
1907      0
1908      79.9038
1909      0
1910      0
1911      0
1912      0
1913      90.3733
1914      0
1915      0
1916      0
1917      0
1918      0
1919      0
1920      0
1921      81.8139
1922      73.1741
1923      99.0782
1924      73.4886
1925      88.1062
1926      0
1927      0
1928      96.2309
1929      0
1930      0
1931      0
1932      0
1933      0
1934      0
1935      96.8936
1936      67.3816
1937      41.0194
1938      0
1939      78.3181
1940      84.4683
1941      74.6978
1942      48.5901
1943      87.0555
1944      0
1945      99.0985
1946      96.3908
1947      0
1948      0
1949      0
1950      0
1951      74.9042
1952      95.3057
1953      97.7848
1954      77.6335
1955      69.1087
1956      0
1957      88.3391
1958      99.7778
1959      0
1960      0
1961      72.2184
1962      0
1963      0
1964      76.0069
1965      0
1966      64.9337
1967      0
1968      0
1969      0
1970      76.5175
1971      0
1972      0
1973      0
1974      0
1975      98.766
1976      86.6208
1977      0
1978      0
1979      0
1980      0
1981      31.3428
1982      0
1983      95.9617
1984      0
1985      0
1986      0
1987      95.2677
1988      83.9942
1989      0
1990      66.3207
1991      92.4025
1992      0
1993      95.717
1994      0
1995      98.429
1996      90.4509
1997      95.4095
1998      0
1999      85.2332
2000      0
2001      69.0839
2002      0
2003      0
2004      0
2005      66.8064
2006      56.0861
2007      53.5465
2008      89.4642
2009      91.4042
2010      0
2011      96.3638
2012      96.9819
2013      74.3162
2014      99.4109
2015      70.7159
2016      0
2017      63.6125
2018      99.2788
2019      0
2020      88.4406
2021      94.9855
2022      0
2023      0
2024      78.0333
2025      0
2026      0
2027      0
2028      90.6526
2029      86.1276
2030      88.9016
2031      72.2832
2032      0
2033      98.9872
2034      0
2035      0
2036      63.0817
2037      97.6274
2038      85.2196
2039      97.0933
2040      0
2041      95.4805
2042      97.2803
2043      84.6985
2044      95.9343
2045      73.4595
2046      94.9425
2047      88.6665
2048      0
2049      61.7402
2050      79.8949
2051      94.658
2052      84.9427
2053      0
2054      94.1729
2055      92.6656
2056      0
2057      99.8314
2058      0
2059      0
2060      0
2061      0
2062      94.4099
2063      0
2064      0
2065      99.2877
2066      96.7271
2067      0
2068      0
2069      0
2070      84.7699
2071      94.8284
2072      0
2073      90.5065
2074      77.223
2075      0
2076      79.8733
2077      85.2173
2078      66.212
2079      94.2726
2080      0
2081      93.185
2082      97.3682
2083      0
2084      0
2085      56.1747
2086      97.1509
2087      99.4
2088      0
2089      90.5425
2090      88.6395
2091      94.4023
2092      0
2093      84.1344
2094      0
2095      0
2096      0
2097      91.3009
2098      0
2099      99.4575
2100      0
2101      79.2981
2102      0
2103      96.1967
2104      88.1118
2105      96.5303
2106      0
2107      0
2108      96.9907
2109      0
2110      0
2111      99.3999
2112      0
2113      98.8728
2114      96.425
2115      79.9494
2116      0
2117      69.7964
2118      0
2119      0
2120      95.9377
2121      0
2122      0
2123      89.26
2124      85.7941
2125      80.1667
2126      96.5472
2127      96.5334
2128      75.1789
2129      0
2130      99.6563
2131      0
2132      96.2183
2133      0
2134      0
2135      78.527
2136      0
2137      99.7281
2138      92.9046
2139      98.3939
2140      96.5056
2141      0
2142      93.2248
2143      95.4402
2144      0
2145      0
2146      0
2147      0
2148      98.5056
2149      0
2150      62.634
2151      0
2152      0
2153      0
2154      53.4455
2155      0
2156      0
2157      99.1308
2158      0
2159      92.3506
2160      85.1911
2161      0
2162      63.7826
2163      95.1236
2164      0
2165      90.7806
2166      81.9867
2167      0
2168      0
2169      0
2170      0
2171      78.5353
2172      0
2173      0
2174      98.5939
2175      94.3805
2176      95.0835
2177      88.4064
2178      90.8363
2179      0
2180      62.3171
2181      86.8273
2182      0
2183      0
2184      77.7382
2185      92.8855
2186      58.8754
2187      0
2188      0
2189      97.9778
2190      99.0508
2191      0
2192      0
2193      0
2194      0
2195      0
2196      81.7697
2197      67.3038
2198      48.1455
2199      0
2200      0
2201      61.4922
2202      96.3741
2203      99.3902
2204      98.822
2205      0
2206      0
2207      87.1793
2208      98.1769
2209      0
2210      93.386
2211      0
2212      0
2213      90.0457
2214      99.3396
2215      0
2216      70.0023
2217      0
2218      63.1794
2219      0
2220      0
2221      95.3833
2222      42.6908
2223      78.1564
2224      93.1086
2225      92.7621
2226      98.5712
2227      0
2228      0
2229      0
2230      92.1265
2231      0
2232      0
2233      88.7042
2234      0
2235      0
2236      85.8865
2237      0
2238      87.1851
2239      0
2240      49.8186
2241      0
2242      82.6252
2243      74.6032
2244      0
2245      0
2246      90.7642
2247      0
2248      0
2249      87.7174
2250      82.4263
2251      91.3294
2252      0
2253      0
2254      0
2255      0
2256      0
2257      0
2258      60.0419
2259      78.7316
2260      96.4729
2261      0
2262      91.0586
2263      87.6053
2264      0
2265      0
2266      0
2267      80.1545
2268      0
2269      0
2270      0
2271      98.8211
2272      99.6228
2273      98.7947
2274      0
2275      69.5338
2276      97.4454
2277      0
2278      96.0909
2279      95.4476
2280      0
2281      0
2282      79.1164
2283      0
2284      0
2285      0
2286      78.5471
2287      0
2288      82.206
2289      0
2290      0
2291      92.8331
2292      97.8276
2293      79.1697
2294      98.6196
2295      0
2296      0
2297      88.4255
2298      0
2299      0
2300      86.7372
2301      0
2302      89.2244
2303      84.1162
2304      0
2305      66.3521
2306      97.9243
2307      92.0776
2308      0
2309      52.0157
2310      90.7697
2311      0
2312      95.7139
2313      97.1473
2314      0
2315      0
2316      92.9198
2317      0
2318      72.4303
2319      97.3235
2320      86.4092
2321      99.846
2322      76.0499
2323      0
2324      0
2325      75.3499
2326      85.4016
2327      0
2328      98.8639
2329      0
2330      96.0113
2331      0
2332      0
2333      97.6576
2334      0
2335      93.7539
2336      78.105
2337      0
2338      89.1589
2339      95.5541
2340      0
2341      81.4348
2342      68.1879
2343      0
2344      0
2345      0
2346      92.7487
2347      0
2348      0
2349      96.9608
2350      48.3499
2351      89.5847
2352      94.3604
2353      77.6113
2354      0
2355      92.6361
2356      88.4292
2357      59.5916
2358      0
2359      0
2360      0
2361      91.1379
2362      98.6309
2363      92.3957
2364      0
2365      0
2366      99.8583
2367      95.5197
2368      0
2369      99.5638
2370      0
2371      0
2372      93.4286
2373      96.3737
2374      84.939
2375      76.5893
2376      85.3494
2377      0
2378      0
2379      69.3927
2380      0
2381      97.0993
2382      66.4804
2383      73.2362
2384      80.0147
2385      79.2213
2386      94.6181
2387      91.6735
2388      0
2389      94.6775
2390      0
2391      99.8588
2392      92.9958
2393      0
2394      0
2395      99.3214
2396      93.9083
2397      92.7277
2398      62.2261
2399      0
2400      99.6849
2401      93.3136
2402      57.7406
2403      85.6907
2404      52.0422
2405      90.3322
2406      90.7693
2407      95.0776
2408      90.5176
2409      0
2410      0
2411      91.8136
2412      99.696
2413      0
2414      98.6709
2415      0
2416      98.0911
2417      0
2418      0
2419      99.3318
2420      0
2421      31.2637
2422      0
2423      0
2424      93.4316
2425      0
2426      0
2427      90.397
2428      0
2429      82.1263
2430      97.4251
2431      90.0033
2432      96.1996
2433      90.7059
2434      0
2435      0
2436      0
2437      91.3349
2438      0
2439      71.948
2440      0
2441      0
2442      0
2443      0
2444      86.9728
2445      0
2446      97.8042
2447      87.9236
2448      90.6776
2449      85.7097
2450      89.7199
2451      65.2019
2452      0
2453      80.7912
2454      84.4583
2455      0
2456      0
2457      0
2458      98.5545
2459      83.0887
2460      75.7303
2461      0
2462      0
2463      97.8695
2464      69.4404
2465      99.395
2466      0
2467      0
2468      0
2469      99.0328
2470      89.9158
2471      86.8294
2472      95.4152
2473      0
2474      89.0688
2475      0
2476      92.551
2477      90.1614
2478      71.6502
2479      68.1641
2480      94.2591
2481      97.0225
2482      86.1977
2483      0
2484      0
2485      97.9893
2486      74.8693
2487      0
2488      97.7311
2489      0
2490      85.7702
2491      73.6641
2492      86.8185
2493      94.6447
2494      86.2232
2495      88.8222
2496      83.6763
2497      89.4767
2498      86.6534
2499      95.3677
       74483.2
