0      99.1646
1      98.2676
2      95.9932
3      50.3388
4      0
5      99.586
6      50.9843
7      96.7159
8      97.4932
9      0
10      0
11      72.8545
12      0
13      0
14      0
15      0
16      98.7545
17      0
18      0
19      0
20      57.8515
21      99.7059
22      0
23      0
24      0
25      51.0201
26      0
27      97.0706
28      57.5127
29      0
30      74.7395
31      0
32      66.6726
33      91.345
34      0
35      95.6057
36      98.9558
37      0
38      54.6373
39      94.8547
40      94.7491
41      0
42      0
43      95.7117
44      99.6262
45      99.2126
46      99.2113
47      0
48      0
49      80.7073
50      82.2613
51      0
52      99.552
53      85.4383
54      57.0645
55      98.3503
56      84.8009
57      99.15
58      67.0981
59      0
60      79.8105
61      0
62      0
63      0
64      64.2292
65      0
66      97.3625
67      74.7386
68      96.0942
69      93.4328
70      26.352
71      0
72      99.6696
73      0
74      0
75      99.8639
76      99.1937
77      99.8425
78      0
79      98.83
80      96.9062
81      74.8362
82      0
83      99.7858
84      99.0085
85      97.5537
86      97.1925
87      81.6358
88      0
89      0
90      0
91      81.1683
92      0
93      0
94      99.5517
95      46.7394
96      0
97      60.1383
98      0
99      81.2487
100      0
101      0
102      78.8639
103      89.9396
104      99.2043
105      99.7124
106      0
107      0
108      0
109      0
110      0
111      98.735
112      98.9182
113      79.8842
114      68.7367
115      0.0603299
116      0
117      44.8997
118      0
119      0
120      99.5052
121      0
122      0
123      55.1811
124      67.1576
125      63.6634
126      0
127      69.5388
128      98.5626
129      99.7316
130      90.3083
131      96.3377
132      70.1509
133      99.5991
134      99.0602
135      97.4135
136      0
137      0
138      99.2851
139      54.6192
140      94.2838
141      0
142      97.7319
143      0
144      83.2185
145      86.7491
146      66.7476
147      60.5781
148      98.4362
149      0
150      99.1027
151      0
152      0
153      99.3903
154      95.0256
155      75.8902
156      0
157      84.4776
158      0
159      60.1835
160      0
161      89.0592
162      0
163      0
164      95.1079
165      99.041
166      71.7064
167      49.3893
168      0
169      0
170      96.6022
171      0
172      64.5482
173      0
174      72.4507
175      0
176      99.4043
177      42.4968
178      69.3736
179      98.9459
180      0
181      97.4392
182      0
183      61.5839
184      0
185      98.5331
186      99.034
187      99.7572
188      99.6593
189      99.6144
190      76.0455
191      0
192      68.147
193      99.4623
194      74.3033
195      0
196      90.8177
197      0
198      0
199      0
200      99.4225
201      67.1608
202      97.4911
203      0
204      84.1086
205      0
206      0
207      0
208      97.8044
209      0
210      0
211      68.7199
212      0
213      0
214      81.9538
215      81.9314
216      0
217      99.0317
218      0
219      0
220      97.1548
221      59.2197
222      99.9776
223      85.4242
224      99.4063
225      0
226      0
227      0
228      0
229      0
230      99.6478
231      0
232      99.2898
233      52.5676
234      0
235      74.9792
236      87.3544
237      0
238      99.2893
239      62.9546
240      0
241      0
242      99.7044
243      0
244      55.3735
245      0
246      76.8845
247      64.1364
248      0
249      0
250      0
251      99.1146
252      0
253      0
254      0
255      0
256      0
257      91.0187
258      0
259      0
260      72.7318
261      65.6277
262      0
263      0
264      99.0138
265      0
266      0
267      93.3523
268      0
269      60.6211
270      97.6836
271      96.9747
272      99.2021
273      98.6552
274      0
275      66.1625
276      66.252
277      97.6893
278      99.501
279      99.4162
280      59.7885
281      0
282      0
283      0
284      0
285      99.9544
286      60.7751
287      76.0597
288      92.815
289      91.1093
290      78.3251
291      49.7681
292      0
293      0
294      0
295      99.4779
296      0
297      50.9994
298      99.8171
299      0
300      99.603
301      65.1761
302      0
303      59.1172
304      81.8282
305      0
306      68.2322
307      99.4943
308      97.9443
309      0
310      0
311      92.7954
312      42.0934
313      80.844
314      0
315      99.6179
316      67.0793
317      51.7036
318      65.0058
319      99.4932
320      99.5135
321      0
322      79.589
323      0
324      0
325      99.9354
326      0
327      99.4201
328      96.5794
329      46.0441
330      69.2494
331      0
332      0
333      0
334      0
335      0
336      65.0433
337      99.9071
338      0
339      98.5937
340      99.4386
341      60.3091
342      0
343      62.0461
344      28.0837
345      74.2435
346      63.3976
347      0
348      57.9021
349      0
350      0
351      78.9998
352      69.0609
353      71.5488
354      0
355      0
356      98.3735
357      99.5153
358      0
359      0
360      0
361      97.8651
362      43.4885
363      72.7805
364      0
365      0
366      98.2214
367      52.8444
368      0
369      0
370      0
371      0
372      0
373      96.8081
374      58.79
375      56.9613
376      94.4767
377      0
378      0
379      76.5376
380      0
381      95.4867
382      54.3042
383      65.8979
384      99.2247
385      94.8681
386      0
387      0
388      0
389      68.6065
390      75.5924
391      0
392      99.3637
393      93.6657
394      99.8232
395      93.9779
396      70.123
397      0
398      99.361
399      84.2555
400      98.793
401      0
402      98.4411
403      0
404      76.7763
405      0
406      64.436
407      99.5998
408      98.9459
409      65.3888
410      38.1654
411      0
412      0
413      95.9896
414      97.2649
415      92.8127
416      78.7733
417      96.2071
418      56.2076
419      0
420      83.573
421      0
422      0
423      69.873
424      61.6951
425      99.4575
426      0
427      67.1372
428      0
429      38.7108
430      0
431      99.9576
432      0
433      98.2465
434      98.2626
435      0
436      0
437      87.4752
438      96.9723
439      68.474
440      0
441      99.8692
442      96.0127
443      79.2602
444      0
445      0
446      55.1856
447      99.4299
448      72.6876
449      99.8403
450      99.0778
451      75.988
452      54.8454
453      97.3037
454      0
455      96.488
456      0
457      98.709
458      78.2724
459      99.9849
460      49.6584
461      77.4992
462      0
463      0
464      86.0128
465      0
466      54.2167
467      55.9562
468      73.091
469      85.7976
470      95.0769
471      0
472      87.2074
473      0
474      0
475      99.5729
476      0
477      0
478      98.9404
479      79.3245
480      97.6971
481      0
482      0
483      96.9438
484      65.3516
485      0
486      97.7257
487      87.0647
488      0
489      0
490      91.9644
491      0
492      0
493      76.3151
494      0
495      92.9633
496      0
497      0
498      90.2197
499      66.7155
       16319.7
