0      74.2734
1      80.9534
2      0
3      54.6799
4      97.112
5      99.8402
6      99.9443
7      0
8      0
9      99.9182
10      0
11      0
12      99.9824
13      80.4049
14      0
15      0
16      79.5178
17      62.6796
18      0
19      74.2043
20      0
21      72.4809
22      0
23      0
24      92.3902
25      0
26      86.3161
27      85.8622
28      99.9912
29      0
30      80.6244
31      64.5086
32      99.9952
33      0
34      75.5406
35      89.4151
36      0
37      97.9395
38      99.9427
39      99.8367
40      94.3833
41      99.9471
42      0
43      99.9956
44      96.0219
45      0
46      0
47      99.8042
48      0
49      0
       1506.66
