0      0
1      0
2      99.9092
3      84.9014
4      44.8327
5      0
6      0
7      0
8      51.2422
9      0
10      0
11      99.8107
12      0
13      0
14      99.8642
15      99.9478
16      0
17      0
18      99.7633
19      97.8251
20      0
21      74.0433
22      99.5064
23      0
24      0
25      0
26      52.8726
27      54.0767
28      47.0018
29      81.467
30      99.8111
31      99.6508
32      0
33      94.9543
34      68.0071
35      67.3552
36      99.7074
37      0
38      0
39      99.9983
40      99.9153
41      98.4464
42      70.0004
43      99.9954
44      0
45      83.0996
46      69.4385
47      63.2578
48      76.6935
49      99.8625
50      0.00333711
51      97.0397
52      0
53      99.9156
54      0
55      99.9959
56      0
57      64.7587
58      97.9781
59      0
60      0
61      87.1624
62      99.8217
63      74.3185
64      97.277
65      0
66      72.296
67      99.9707
68      0
69      60.0464
70      99.2696
71      46.9282
72      0
73      0
74      99.9996
75      0
76      61.3998
77      0
78      0
79      0
80      0
81      81.1427
82      0
83      58.3982
84      70.9653
85      99.8998
86      0
87      0
88      0
89      0
90      0
91      0
92      62.2513
93      0
94      99.7675
95      98.4418
96      99.9829
97      99.7894
98      99.7887
99      98.3068
       3309.02
