0      67.5879
1      0
2      0
3      0
4      99.0472
5      99.7618
6      99.999
7      76.0491
8      55.953
9      0
10      99.704
11      99.9636
12      0
13      97.8778
14      60.4852
15      78.0274
16      0
17      99.7614
18      0
19      87.0678
20      99.9453
21      0
22      82.1075
23      99.9757
24      66.7795
25      99.8396
26      74.8241
27      95.6695
28      82.1157
29      0
30      0
31      52.1974
32      0
33      57.7426
34      67.0812
35      0
36      0
37      72.1426
38      0
39      73.9989
40      0
41      99.9584
42      0
43      99.9995
44      99.6298
45      0
46      0
47      74.0529
48      99.9333
49      87.0282
50      0
51      0
52      0
53      82.321
54      99.9748
55      0
56      99.5215
57      0
58      99.9925
59      99.9609
60      55.5819
61      99.8768
62      99.986
63      91.2884
64      66.7106
65      99.8686
66      0
67      99.9354
68      57.0299
69      99.9326
70      99.2661
71      88.1579
72      0
73      0
74      0
75      0
76      99.9934
77      99.9501
78      0
79      0
80      97.6564
81      65.9533
82      0
83      99.8829
84      99.7854
85      99.987
86      0
87      73.1797
88      46.6698
89      0
90      86.5304
91      0
92      99.894
93      0
94      99.9215
95      0
96      0.000294597
97      0
98      81.2557
99      0
       3029.56
