0      78.222
1      0
2      99.8953
3      92.809
4      0
5      0
6      99.7001
7      0
8      0
9      49.0429
10      98.0628
11      0
12      0
13      97.1304
14      66.8974
15      68.9823
16      0
17      99.9571
18      63.6584
19      0
20      97.1055
21      99.6124
22      0
23      99.7913
24      0
25      55.6553
26      99.8194
27      75.1393
28      0
29      99.6058
30      0
31      0
32      95.3362
33      75.337
34      0
35      98.8778
36      0
37      85.5637
38      0
39      71.7329
40      0
41      99.0861
42      98.518
43      69.5393
44      58.7195
45      90.7132
46      0
47      71.6977
48      0
49      0
50      98.5268
51      0
52      57.4705
53      0
54      0
55      0
56      0
57      85.2171
58      0
59      71.2182
60      99.7444
61      0
62      0
63      99.9027
64      92.4991
65      0
66      72.5209
67      99.3512
68      55.3323
69      0
70      0
71      0
72      79.1425
73      0
74      90.0349
75      0
76      99.6614
77      75.6019
78      0
79      0
80      0
81      0
82      0
83      77.8439
84      0
85      0
86      97.1984
87      90.7799
88      99.8517
89      61.9839
90      98.6552
91      76.0579
92      60.0272
93      98.8595
94      0
95      84.8659
96      0
97      98.144
98      82.6883
99      53.8701
100      0
101      0
102      98.6453
103      84.1825
104      68.5629
105      0
106      0
107      0
108      96.7013
109      0
110      99.4004
111      13.6827
112      99.9168
113      87.3958
114      0
115      0
116      0
117      0
118      99.6214
119      0
120      95.663
121      0
122      0
123      0
124      63.1232
125      59.4184
126      0
127      99.9867
128      96.944
129      0
130      0
131      0
132      0
133      99.8618
134      0
135      0
136      0
137      72.3668
138      98.3495
139      35.2581
140      70.4152
141      0
142      86.8455
143      83.0108
144      0
145      46.1627
146      0
147      70.1912
148      98.5102
149      0
150      68.6211
151      50.1487
152      0
153      0
154      95.037
155      99.8176
156      0
157      0
158      88.6464
159      99.2139
160      0
161      0
162      0
163      98.7605
164      0
165      0
166      0
167      97.4383
168      91.6063
169      0
170      0
171      0
172      82.9554
173      78.8532
174      0
175      66.7598
176      95.366
177      99.8391
178      0
179      94.3941
180      0
181      0
182      79.0913
183      91.7449
184      0
185      0
186      96.8243
187      78.6801
188      99.7149
189      0
190      90.2453
191      0
192      0
193      80.1001
194      92.5316
195      99.4475
196      0
197      0
198      98.4047
199      0
200      0
201      99.4222
202      95.4943
203      0
204      99.3026
205      90.735
206      99.1882
207      68.7892
208      99.3764
209      0
210      59.8179
211      99.2322
212      77.6719
213      60.0336
214      96.3408
215      0
216      0
217      99.681
218      99.6396
219      99.9444
220      99.7822
221      0
222      98.039
223      0
224      98.2757
225      83.9468
226      0
227      0
228      67.8389
229      0
230      97.9859
231      82.4552
232      99.7775
233      0
234      99.5533
235      60.6912
236      99.5342
237      0
238      99.696
239      0
240      0
241      99.537
242      92.0324
243      0
244      99.2642
245      83.2137
246      98.6035
247      99.0485
248      81.7929
249      0
250      77.9852
251      74.4853
252      58.4712
253      98.9862
254      99.7288
255      98.9833
256      83.8694
257      0
258      0
259      99.8728
260      0
261      59.0176
262      48.8902
263      89.1065
264      91.0037
265      0
266      88.4684
267      99.3533
268      99.6965
269      0
270      90.3581
271      98.5226
272      44.9608
273      0
274      61.1952
275      82.8059
276      93.0259
277      98.1198
278      99.9834
279      0
280      0
281      98.774
282      98.5826
283      0
284      0
285      99.7221
286      99.8605
287      66.7417
288      0
289      0
290      64.9343
291      0
292      0
293      73.6705
294      0
295      0
296      0
297      79.5431
298      67.4891
299      99.3713
300      92.4335
301      0
302      0
303      0
304      99.4947
305      84.4916
306      98.8512
307      0
308      0
309      80.2427
310      0
311      0
312      0
313      0
314      96.0961
315      0
316      85.427
317      98.4764
318      0
319      99.9567
320      52.1086
321      0
322      75.495
323      0
324      0
325      99.7727
326      99.4478
327      84.8781
328      79.5833
329      98.9848
330      0
331      99.974
332      99.9891
333      71.5978
334      99.1978
335      0
336      93.6505
337      82.8562
338      0
339      99.3605
340      83.2638
341      0
342      60.0577
343      79.9115
344      0
345      0
346      0
347      0
348      0
349      0
350      0
351      66.8072
352      0
353      0
354      99.0881
355      0
356      51.3818
357      61.8946
358      88.2681
359      72.4242
360      0
361      0
362      0
363      0
364      0
365      84.5663
366      67.75
367      91.3479
368      99.1331
369      99.2762
370      97.2649
371      99.8602
372      0
373      99.0697
374      0
375      99.6676
376      99.8403
377      76.3229
378      99.9583
379      99.999
380      0
381      0
382      54.5059
383      0
384      99.0316
385      0
386      84.1552
387      0
388      0
389      0
390      90.6262
391      72.9586
392      0
393      0
394      99.9713
395      75.6172
396      88.4183
397      52.837
398      0
399      89.3749
400      99.5502
401      98.8369
402      96.3527
403      0
404      99.8239
405      87.8116
406      84.175
407      73.3271
408      0
409      95.9954
410      0
411      99.6525
412      0
413      68.4705
414      73.0545
415      99.2725
416      96.083
417      98.6492
418      0
419      80.5212
420      91.6662
421      0
422      0
423      83.7953
424      98.5206
425      0
426      0
427      88.9711
428      0
429      76.9041
430      99.237
431      99.0166
432      96.2763
433      99.914
434      99.7855
435      0
436      95.878
437      0
438      99.8308
439      0
440      99.4131
441      99.2664
442      99.3886
443      98.7861
444      98.583
445      0
446      87.6483
447      0
448      0
449      99.8275
450      70.1039
451      99.7587
452      99.8902
453      0
454      91.5508
455      0
456      0
457      98.8152
458      0
459      96.4855
460      0
461      96.8203
462      99.1402
463      97.6884
464      0
465      74.4031
466      0
467      0
468      72.936
469      0
470      98.8176
471      0
472      82.1547
473      98.5149
474      99.9462
475      98.2342
476      0
477      0
478      75.8729
479      81.7173
480      0
481      50.3432
482      0
483      86.0777
484      0
485      0
486      0
487      74.2616
488      0
489      0
490      80.501
491      98.1786
492      99.4705
493      0
494      99.5756
495      0
496      31.4324
497      0
498      0
499      0
       15809.1
