0      99.6376
1      87.9132
2      73.9619
3      0
4      99.8214
5      91.709
6      99.9266
7      0
8      0
9      96.1288
10      97.3325
11      0
12      55.3906
13      99.9972
14      78.466
15      0
16      0
17      99.9995
18      0
19      0
20      0
21      99.5221
22      99.8334
23      0
24      0
25      0
26      65.8523
27      0
28      0
29      88.6073
30      0
31      0
32      99.9677
33      81.2937
34      99.9789
35      99.9764
36      99.9634
37      99.9621
38      84.6034
39      99.9462
40      0
41      61.8771
42      0
43      64.3482
44      0
45      0
46      68.2991
47      78.8971
48      0
49      0
       1507.93
