0      44.2947
1      0
2      97.2871
3      97.4933
4      0
5      97.5608
6      97.4056
7      66.3705
8      99.6641
9      85.2488
10      0
11      0
12      69.1379
13      86.3646
14      80.8472
15      87.8719
16      77.226
17      0
18      0
19      62.391
20      86.4297
21      71.9202
22      98.4985
23      82.861
24      98.9971
25      89.435
26      0
27      82.5945
28      97.7444
29      98.7803
30      56.437
31      90.3434
32      91.3032
33      98.9763
34      75.2626
35      95.9246
36      0
37      0
38      99.8158
39      92.358
40      64.1148
41      0
42      80.6875
43      76.6524
44      96.2454
45      95.8639
46      0
47      0
48      84.5981
49      0
50      0
51      99.852
52      68.7196
53      99.0772
54      96.3894
55      0
56      84.2067
57      98.1675
58      91.9808
59      0
60      0
61      0
62      74.5118
63      77.4534
64      62.898
65      69.3045
66      88.9761
67      98.8385
68      0
69      70.3552
70      0
71      99.358
72      0
73      0
74      0
75      0
76      0
77      99.6447
78      98.4075
79      98.5581
80      99.8629
81      67.347
82      0
83      99.6585
84      85.8958
85      0
86      0
87      0
88      0
89      94.1064
90      0
91      0
92      0
93      86.9133
94      97.2632
95      99.394
96      61.8609
97      0
98      63.5805
99      70.6885
100      0
101      0
102      0
103      91.5023
104      91.2196
105      0
106      78.715
107      47.3008
108      0
109      99.6723
110      98.1294
111      0
112      0
113      0
114      0
115      0
116      0
117      60.5294
118      0
119      0
120      96.0315
121      89.1026
122      99.7786
123      95.5411
124      93.5337
125      67.3302
126      98.3948
127      98.7799
128      0
129      99.1371
130      0
131      0
132      84.0424
133      83.3667
134      0
135      0
136      0
137      89.2853
138      0
139      0
140      99.8567
141      97.3721
142      0
143      99.0095
144      0
145      0
146      0
147      98.0126
148      97.3311
149      97.5943
150      82.9734
151      0
152      0
153      0
154      97.9504
155      0
156      0
157      0
158      0
159      0
160      0
161      97.8266
162      0
163      0
164      0
165      90.5522
166      88.7684
167      91.4131
168      97.7498
169      0
170      54.9563
171      0
172      0
173      98.5002
174      0
175      0
176      98.9598
177      84.6182
178      79.5971
179      0
180      72.3665
181      81.0766
182      97.9503
183      0
184      0
185      86.9984
186      87.4437
187      89.0895
188      97.8506
189      0
190      92.3702
191      63.5137
192      0
193      0
194      0
195      91.9875
196      57.5038
197      95.8316
198      0
199      66.6499
200      98.6633
201      98.1796
202      98.1172
203      78.7758
204      84.4974
205      56.4165
206      97.2932
207      42.6517
208      0
209      99.4544
210      99.2688
211      0
212      0
213      0
214      0
215      0
216      99.6479
217      99.9831
218      99.3706
219      74.0028
220      99.8633
221      50.3345
222      67.9413
223      74.706
224      97.7193
225      96.0878
226      0
227      99.2552
228      0
229      0
230      95.2384
231      97.3404
232      52.861
233      59.143
234      58.0661
235      0
236      69.2018
237      98.0189
238      65.1273
239      0
240      0
241      0
242      0
243      81.2561
244      99.2361
245      0
246      97.6971
247      98.241
248      96.9265
249      99.1133
250      88.5717
251      81.8656
252      0
253      85.1238
254      87.1204
255      98.8843
256      89.9497
257      0
258      77.1741
259      0
260      97.9522
261      87.2095
262      0
263      96.3654
264      70.1037
265      97.495
266      0
267      58.5077
268      85.7322
269      0
270      96.7627
271      0
272      55.3206
273      85.0507
274      98.5186
275      93.2341
276      0
277      93.1081
278      91.9355
279      83.0251
280      62.6472
281      13.7364
282      88.1139
283      0
284      97.8596
285      99.6969
286      84.3228
287      0
288      0
289      0
290      61.5823
291      79.9638
292      0
293      99.8782
294      0
295      0
296      30.0146
297      94.5855
298      0
299      0
300      0
301      0
302      0
303      0
304      0
305      0
306      0
307      0
308      64.2605
309      96.2246
310      96.853
311      74.3056
312      0
313      0
314      0
315      61.2496
316      99.8608
317      86.7651
318      91.444
319      0
320      0
321      0
322      65.9752
323      85.237
324      0
325      98.6687
326      0
327      79.3286
328      97.3295
329      0
330      96.267
331      0
332      69.2117
333      0
334      0
335      99.217
336      91.1474
337      97.8578
338      97.9728
339      48.2755
340      98.4216
341      56.5265
342      89.267
343      0
344      0
345      94.9704
346      0
347      83.8588
348      90.9527
349      87.8712
350      0
351      93.2252
352      99.0738
353      81.8525
354      0
355      86.4547
356      0
357      99.977
358      67.7027
359      0
360      0
361      0
362      0
363      0
364      99.7837
365      0
366      99.6496
367      89.6053
368      0
369      99.6508
370      62.9464
371      0
372      0
373      0
374      0
375      0
376      0
377      93.7422
378      87.8431
379      0
380      0
381      73.2479
382      92.6375
383      87.6339
384      0
385      0
386      99.1988
387      99.6557
388      83.9546
389      93.6001
390      98.7308
391      93.741
392      0
393      0
394      0
395      43.1892
396      99.3314
397      0
398      99.7173
399      97.6272
400      90.7972
401      0
402      0
403      0
404      96.5474
405      73.0242
406      0
407      99.8804
408      98.4654
409      86.685
410      0
411      77.583
412      73.7599
413      60.6415
414      52.1475
415      0
416      94.5029
417      0
418      0
419      81.5173
420      98.6481
421      99.7548
422      0
423      0
424      0
425      0
426      0
427      0
428      83.8333
429      83.1965
430      0
431      96.7612
432      99.0664
433      56.0107
434      0
435      0
436      53.8539
437      0
438      0
439      86.8952
440      99.1727
441      66.0686
442      0
443      0
444      0
445      0
446      88.8687
447      77.2618
448      96.9555
449      98.7449
450      91.7433
451      55.3804
452      0
453      83.7331
454      0
455      0
456      0
457      98.649
458      99.2469
459      0
460      98.3595
461      0
462      0
463      93.9623
464      99.3476
465      62.68
466      0
467      0
468      89.9536
469      0
470      69.6545
471      53.8199
472      0
473      63.7324
474      67.2783
475      0
476      99.7249
477      52.0778
478      92.7615
479      99.3789
480      0
481      42.2693
482      96.8918
483      94.3708
484      50.5625
485      74.6648
486      73.7264
487      0
488      62.1584
489      95.5095
490      0
491      92.6077
492      95.7567
493      0
494      0
495      0
496      0
497      99.7706
498      0
499      81.0739
500      0
501      94.5253
502      86.9342
503      0
504      0
505      0
506      0
507      0
508      0
509      0
510      74.9949
511      98.4689
512      84.3985
513      99.6536
514      0
515      0
516      0
517      68.645
518      72.9129
519      0
520      97.5761
521      0
522      63.972
523      0
524      0
525      99.3648
526      0
527      0
528      88.0546
529      96.9069
530      98.5959
531      92.3342
532      99.9875
533      99.7655
534      70.7343
535      84.2014
536      81.406
537      0
538      0
539      0
540      0
541      79.1036
542      45.1197
543      98.1786
544      0
545      58.909
546      0
547      0
548      94.6629
549      0
550      0
551      97.7005
552      0
553      0
554      74.0193
555      0
556      95.4422
557      98.3644
558      75.9594
559      95.6282
560      94.2474
561      80.1513
562      53.2274
563      0
564      0
565      81.0935
566      95.9396
567      0
568      64.0341
569      0
570      0
571      0
572      0
573      97.7629
574      0
575      0
576      94.6324
577      0
578      0
579      0
580      47.8652
581      95.7091
582      96.5793
583      97.1935
584      0
585      61.209
586      95.6448
587      81.0233
588      93.9586
589      96.5098
590      89.5042
591      0
592      86.6001
593      99.741
594      99.3199
595      99.3331
596      97.6831
597      93.7052
598      0
599      0
600      84.3091
601      64.0205
602      93.4649
603      31.9408
604      0
605      0
606      0
607      99.3557
608      57.7581
609      95.2396
610      79.476
611      0
612      59.6005
613      83.8677
614      0
615      55.5326
616      77.4261
617      86.0849
618      0
619      95.6264
620      0
621      99.8061
622      97.6636
623      84.9846
624      43.8045
625      69.6792
626      99.143
627      0
628      94.0175
629      97.287
630      0
631      0
632      73.1093
633      92.0268
634      0
635      78.4312
636      0
637      91.27
638      0
639      65.5686
640      58.3333
641      99.4502
642      0
643      77.0182
644      0
645      0
646      98.487
647      0
648      0
649      0
650      62.1644
651      97.4683
652      59.3333
653      0
654      92.7449
655      99.6392
656      0
657      97.3205
658      99.0613
659      99.5026
660      0
661      49.0778
662      82.616
663      0
664      99.3859
665      0
666      0
667      0
668      0
669      0
670      68.6854
671      98.5829
672      0
673      90.8558
674      0
675      0
676      0
677      0
678      0
679      95.0785
680      99.8596
681      59.1795
682      0
683      0
684      99.891
685      96.3008
686      0
687      96.8954
688      91.6165
689      99.7711
690      0
691      68.6785
692      69.7002
693      93.8311
694      0
695      70.8326
696      0
697      54.4575
698      51.7046
699      41.9746
700      48.7523
701      60.6311
702      99.5579
703      0
704      98.3363
705      0
706      77.3391
707      93.6784
708      0
709      97.8654
710      94.3017
711      73.237
712      0
713      91.3135
714      91.8575
715      96.5718
716      0
717      70.6351
718      73.3913
719      53.5828
720      0
721      99.1845
722      98.6099
723      0
724      0
725      0
726      0
727      50.9658
728      41.897
729      0
730      99.3313
731      0
732      0
733      97.0181
734      81.5514
735      99.5904
736      0
737      97.56
738      92.9421
739      0
740      0
741      76.1577
742      45.2589
743      0
744      70.7889
745      96.7663
746      97.9589
747      99.7857
748      99.3523
749      0
750      50.7624
751      0
752      95.7776
753      0
754      0
755      78.1434
756      0
757      73.7867
758      98.4819
759      98.4197
760      0
761      0
762      97.4231
763      0
764      0
765      0
766      98.9444
767      91.2086
768      85.1996
769      60.59
770      0
771      0
772      62.209
773      0
774      0
775      76.5596
776      0
777      92.7541
778      0
779      78.516
780      0
781      0
782      0
783      60.7755
784      99.9811
785      68.0534
786      62.1363
787      84.4734
788      98.6697
789      99.2827
790      99.087
791      63.9787
792      98.8639
793      0
794      99.7505
795      0
796      52.6672
797      0
798      99.2508
799      0
800      0
801      92.3265
802      0
803      90.2057
804      99.2136
805      97.8679
806      0
807      0
808      51.3696
809      87.8223
810      97.0952
811      99.0709
812      96.537
813      0
814      65.8074
815      98.7775
816      0
817      87.331
818      0
819      99.7354
820      0
821      80.0884
822      51.6857
823      97.9088
824      0
825      96.3035
826      0
827      94.0166
828      78.9914
829      97.5698
830      70.7199
831      0
832      83.7899
833      57.2942
834      0
835      0
836      99.4385
837      44.2959
838      0
839      0
840      0
841      81.0607
842      88.6567
843      0
844      96.3785
845      0
846      0
847      0
848      0
849      0
850      0
851      84.1346
852      97.3625
853      0
854      0
855      0
856      0
857      0
858      0
859      0
860      82.4915
861      74.4216
862      0
863      0
864      39.8233
865      0
866      97.2299
867      97.9255
868      99.1685
869      60.8385
870      0.0447276
871      0
872      88.2533
873      0
874      98.2747
875      0
876      93.6188
877      47.1157
878      92.489
879      0
880      82.4397
881      99.8648
882      0
883      52.0929
884      77.0097
885      0
886      96.5116
887      99.838
888      0
889      67.5429
890      0
891      65.5213
892      99.4029
893      0
894      96.2584
895      87.3803
896      0
897      62.3494
898      96.6129
899      92.5124
900      98.6112
901      66.0945
902      0
903      99.4911
904      0
905      98.3507
906      95.6309
907      0
908      0
909      93.1158
910      96.4223
911      0
912      0
913      99.0167
914      0
915      61.7446
916      85.0362
917      0
918      0
919      0
920      56.0672
921      0
922      0
923      98.167
924      99.1239
925      99.703
926      0
927      0
928      95.1155
929      0
930      85.7962
931      99.8817
932      0
933      65.086
934      99.1803
935      0
936      55.7218
937      89.4669
938      0
939      90.1107
940      99.1624
941      88.2406
942      98.9053
943      72.2134
944      99.9991
945      98.4111
946      0
947      0
948      97.3238
949      0
950      60.89
951      84.0899
952      0
953      0
954      0
955      0
956      95.4903
957      0
958      0
959      0
960      90.1981
961      96.714
962      0
963      0
964      0
965      71.7667
966      0
967      75.108
968      99.9852
969      72.9199
970      99.0455
971      99.9239
972      95.632
973      95.6279
974      86.1099
975      0
976      63.9897
977      96.3791
978      72.4888
979      72.3526
980      73.3925
981      0
982      83.9273
983      99.4361
984      0
985      90.9867
986      98.9599
987      0
988      0
989      98.8062
990      95.1033
991      0
992      0
993      0
994      91.0338
995      71.1708
996      0
997      99.8512
998      98.7035
999      0
       32467.9
