0      0
1      87.9535
2      0
3      72.8794
4      0
5      99.1388
6      0
7      63.1148
8      99.7713
9      0
10      90.7273
11      99.8641
12      99.8482
13      0
14      0
15      0
16      88.2364
17      99.9823
18      0
19      97.7182
20      82.1376
21      58.6152
22      0
23      0
24      0
25      99.4547
26      69.188
27      0
28      0
29      0
30      99.8934
31      0
32      58.4939
33      0
34      99.7242
35      98.1801
36      69.8566
37      50.6538
38      0
39      0
40      83.9591
41      98.8288
42      0
43      0
44      0
45      0
46      68.4383
47      56.055
48      0
49      99.8517
50      51.3603
51      99.8651
52      52.5066
53      54.6592
54      75.7655
55      91.8028
56      99.2487
57      97.8069
58      65.1842
59      0
60      0
61      65.0149
62      66.6562
63      72.8659
64      0
65      0
66      76.8614
67      0
68      0
69      43.1716
70      0
71      0
72      0
73      99.1706
74      0
75      0
76      65.4401
77      99.8152
78      0
79      99.1705
80      0
81      45.0701
82      60.1123
83      97.2375
84      0
85      95.203
86      0
87      99.5466
88      99.3111
89      94.3926
90      85.4208
91      0
92      73.1129
93      99.1859
94      99.9075
95      98.9607
96      0
97      63.7346
98      0
99      0
100      61.6815
101      0
102      76.1682
103      0
104      99.1406
105      0
106      0
107      0
108      80.9839
109      56.7656
110      75.8951
111      86.335
112      72.8357
113      0
114      0
115      58.7262
116      83.9121
117      0
118      99.8684
119      0
120      0
121      58.8918
122      81.921
123      0
124      99.126
125      60.7088
126      99.8992
127      99.8706
128      99.931
129      49.8015
130      99.5442
131      58.3148
132      81.0075
133      0
134      72.6432
135      98.7725
136      0
137      0
138      99.9536
139      47.0922
140      0
141      0
142      88.5429
143      0
144      99.9456
145      98.8859
146      85.4209
147      98.0941
148      41.6051
149      56.698
150      74.0312
151      99.9563
152      0
153      56.5365
154      77.4295
155      0
156      97.9111
157      99.7201
158      0
159      0
160      0
161      0
162      81.9182
163      0.000214983
164      0
165      0
166      0
167      99.828
168      81.932
169      99.875
170      96.6986
171      84.7451
172      98.6352
173      69.9914
174      0
175      60.5232
176      92.7478
177      80.1808
178      0
179      99.463
180      0
181      0
182      0
183      82.8405
184      99.8615
185      68.6862
186      98.9114
187      99.419
188      0
189      99.6492
190      98.892
191      0
192      76.3446
193      0
194      55.1092
195      42.0821
196      0
197      99.8034
198      77.4459
199      0
       7130.34
