0      0
1      95.0326
2      83.2725
3      84.0158
4      0
5      86.2345
6      0
7      0
8      92.3786
9      84.3736
10      0
11      0
12      92.4581
13      92.6745
14      0
15      0
16      0
17      93.6856
18      0
19      76.6879
20      0
21      0
22      0
23      82.593
24      69.1249
25      0
26      0
27      90.9382
28      87.5669
29      93.1908
30      0
31      86.2638
32      77.5347
33      0
34      94.3176
35      0
36      0
37      98.5584
38      95.7299
39      79.1382
40      75.5486
41      94.0086
42      86.5983
43      78.7828
44      0
45      0
46      70.4251
47      0
48      0
49      94.8862
50      87.666
51      0
52      0
53      67.613
54      76.5689
55      94.5451
56      87.9318
57      0
58      83.01
59      98.3526
60      51.3373
61      0
62      0
63      99.6125
64      99.4071
65      86.3707
66      0
67      86.3193
68      66.9218
69      68.742
70      72.6154
71      0
72      0
73      0
74      0
75      0
76      0
77      91.0807
78      64.2993
79      0
80      0
81      0
82      69.6332
83      0
84      99.5427
85      0
86      84.8037
87      82.097
88      93.9187
89      94.8274
90      0
91      91.9812
92      0
93      0
94      99.1073
95      0
96      0
97      82.3691
98      59.9086
99      95.2175
100      0
101      0
102      97.062
103      80.9397
104      63.3496
105      81.1711
106      0
107      83.6632
108      99.9817
109      95.9064
110      0
111      92.7074
112      93.589
113      94.2371
114      78.9803
115      64.5912
116      96.9636
117      75.5277
118      0
119      99.6845
120      98.1183
121      0
122      0
123      0
124      0
125      89.0675
126      98.1195
127      0
128      0
129      69.043
130      0
131      0
132      81.2423
133      95.5764
134      0
135      0
136      95.5968
137      84.3999
138      91.7376
139      0
140      0
141      84.2637
142      91.7563
143      78.9526
144      97.7901
145      85.2496
146      0
147      95.8913
148      92.9397
149      98.2611
150      0
151      0
152      0
153      90.4276
154      0
155      0
156      80.8355
157      76.155
158      94.8755
159      0
160      63.5232
161      0
162      0
163      0
164      0
165      0
166      0
167      0
168      0
169      98.87
170      95.3805
171      0
172      66.9384
173      86.3517
174      92.4367
175      87.5165
176      0
177      0
178      0
179      96.6038
180      97.3936
181      0
182      94.8891
183      97.2551
184      91.43
185      64.976
186      97.85
187      0
188      99.6846
189      71.8568
190      0
191      95.7181
192      95.0261
193      0
194      93.2874
195      81.0314
196      82.5871
197      93.2322
198      93.075
199      78.9185
200      0
201      0
202      97.3983
203      95.2708
204      0
205      0
206      0
207      0
208      93.0759
209      87.824
210      0
211      96.2134
212      99.9742
213      0
214      99.944
215      0
216      92.4173
217      0
218      0
219      95.7985
220      0
221      0
222      87.2691
223      0
224      0
225      89.6803
226      0
227      97.8427
228      55.4026
229      97.0369
230      92.6972
231      0
232      0
233      99.0084
234      99.382
235      0
236      0
237      86.0089
238      82.4701
239      78.2558
240      0
241      44.1727
242      97.8583
243      98.3609
244      91.6108
245      95.7499
246      0
247      0
248      64.6621
249      94.8788
250      80.5332
251      0
252      0
253      0
254      71.2466
255      71.3283
256      94.9336
257      0
258      0
259      69.2478
260      0
261      85.6561
262      0
263      95.5025
264      0
265      80.2412
266      88.678
267      97.1086
268      96.2569
269      49.9541
270      86.6282
271      0
272      97.784
273      85.51
274      93.5925
275      90.9266
276      0
277      0
278      0
279      0
280      96.346
281      0
282      94.2917
283      98.4456
284      99.8602
285      0
286      0
287      0
288      93.7629
289      73.3612
290      89.0937
291      75.8407
292      0
293      84.248
294      91.6848
295      99.3452
296      0
297      95.9507
298      0
299      99.4683
300      88.373
301      99.346
302      0
303      0
304      0
305      92.8775
306      0
307      95.3681
308      0
309      0
310      81.4092
311      81.5054
312      64.042
313      0
314      0
315      0
316      79.3411
317      0
318      78.9625
319      0
320      81.9543
321      97.0355
322      0
323      0
324      0
325      62.8176
326      87.6184
327      95.4982
328      0
329      83.053
330      89.2276
331      0
332      56.1468
333      70.7927
334      58.8066
335      0
336      0
337      0
338      0
339      0
340      52.8453
341      97.8396
342      84.662
343      0
344      0
345      0
346      54.6519
347      0
348      61.1236
349      87.2223
350      0
351      91.0434
352      98.0409
353      97.0796
354      0
355      0
356      71.7005
357      99.277
358      98.5518
359      0
360      0
361      90.2133
362      88.3459
363      93.1942
364      90.4714
365      0
366      0
367      0
368      83.6687
369      0
370      0
371      90.4891
372      95.962
373      0
374      79.0758
375      0
376      95.4654
377      0
378      92.4416
379      95.4843
380      0
381      67.9352
382      95.8892
383      0
384      92.7744
385      0
386      0
387      68.5026
388      0
389      0
390      0
391      80.8235
392      67.2728
393      0
394      93.8513
395      81.3104
396      97.9293
397      85.985
398      0
399      0
400      0
401      0
402      0
403      92.555
404      0
405      0
406      0
407      44.19
408      86.8617
409      88.2318
410      0
411      86.4216
412      98.6551
413      98.2386
414      72.0024
415      74.0073
416      0
417      0
418      60.7016
419      98.528
420      64.7974
421      38.9889
422      97.5196
423      98.122
424      85.2255
425      0
426      0
427      0
428      0
429      94.9076
430      0
431      96.0985
432      39.2125
433      0
434      99.4591
435      89.9983
436      85.8565
437      98.8572
438      84.727
439      0
440      0
441      65.218
442      0
443      80.4994
444      0
445      0
446      96.3466
447      97.9328
448      94.3964
449      0
450      0
451      99.6274
452      86.1024
453      48.2703
454      0
455      40.1204
456      93.6513
457      0
458      89.4382
459      0
460      89.2057
461      97.7666
462      81.4647
463      0
464      98.4929
465      0
466      0
467      98.8654
468      92.9724
469      0
470      0
471      99.4002
472      80.8209
473      0
474      83.7747
475      99.4912
476      0
477      75.8147
478      0
479      96.2194
480      0
481      0
482      0
483      90.8569
484      99.2586
485      0
486      93.9188
487      0
488      98.2772
489      96.7905
490      70.7837
491      0
492      91.1377
493      0
494      79.879
495      76.7391
496      0
497      91.2863
498      82.0055
499      0
500      93.5576
501      0
502      53.6588
503      84.7404
504      72.6366
505      0
506      93.5545
507      0
508      95.4565
509      49.7371
510      96.7222
511      0
512      93.0994
513      96.3882
514      50.4074
515      0
516      0
517      65.9809
518      45.1811
519      98.2395
520      0
521      0
522      0
523      0
524      65.5857
525      0
526      0
527      0
528      0
529      88.9799
530      92.1762
531      99.9612
532      0
533      0
534      88.0718
535      83.8158
536      0
537      0
538      97.5318
539      80.8518
540      0
541      82.0567
542      76.4583
543      91.3645
544      0
545      0
546      0
547      95.6512
548      64.5794
549      66.8152
550      0
551      22.0385
552      0
553      0
554      0
555      0
556      0
557      0
558      0
559      0
560      86.7991
561      0
562      0
563      99.1472
564      0
565      88.6392
566      0
567      91.8277
568      0
569      78.7957
570      0
571      0
572      0
573      94.8024
574      71.2916
575      98.152
576      73.9275
577      0
578      0
579      91.9352
580      0
581      88.9387
582      92.1742
583      98.1853
584      0
585      0
586      92.818
587      0
588      0
589      0
590      98.0702
591      81.6496
592      85.2566
593      92.3092
594      0
595      0
596      88.6456
597      91.1705
598      83.91
599      34.584
600      90.1925
601      0
602      92.4054
603      0
604      98.7734
605      0
606      0
607      0
608      97.0348
609      0
610      97.5389
611      0
612      98.429
613      99.2296
614      92.8383
615      0
616      92.327
617      0
618      94.536
619      96.7726
620      0
621      96.5851
622      80.0422
623      0
624      93.4909
625      0
626      96.3079
627      71.7558
628      0
629      0
630      0
631      0
632      86.3701
633      67.8113
634      0
635      64.1051
636      0
637      0
638      77.3113
639      79.8372
640      0
641      0
642      0
643      59.4157
644      0
645      51.6091
646      0
647      0
648      0
649      0
650      62.2524
651      95.6154
652      98.2069
653      74.5449
654      0
655      89.0229
656      73.3748
657      0
658      98.5337
659      0
660      98.2963
661      96.1144
662      97.2872
663      93.1778
664      0
665      64.8483
666      0
667      97.9423
668      0
669      0
670      0
671      84.1505
672      0
673      93.919
674      0
675      0
676      79.6037
677      78.4888
678      0
679      96.4652
680      90.6167
681      86.6558
682      0
683      95.0537
684      97.8595
685      0
686      0
687      0
688      96.2195
689      63.5177
690      0
691      95.9332
692      65.6619
693      98.1369
694      0
695      88.5429
696      74.5238
697      70.492
698      98.6195
699      97.2659
700      81.8494
701      0
702      85.4255
703      94.6531
704      0
705      96.1009
706      0
707      0
708      0
709      73.4943
710      99.8478
711      0
712      0
713      0
714      0
715      94.2251
716      78.4044
717      49.4109
718      52.3904
719      0
720      74.7956
721      0
722      0
723      0
724      0
725      94.5481
726      0
727      0
728      72.5234
729      76.7162
730      87.9746
731      0
732      66.3946
733      0
734      0
735      95.2728
736      0
737      89.5725
738      0
739      0
740      0
741      94.9598
742      99.6983
743      0
744      95.8297
745      52.223
746      99.4791
747      0
748      0
749      0
750      79.8898
751      0
752      0
753      0
754      98.5382
755      0
756      95.3332
757      0
758      0
759      0
760      0
761      95.5711
762      0
763      46.0252
764      80.8225
765      54.6106
766      79.691
767      96.8094
768      78.6362
769      88.8568
770      0
771      93.7221
772      0
773      95.7559
774      65.3138
775      81.1804
776      99.625
777      0
778      0
779      72.918
780      0
781      0
782      0
783      99.3634
784      0
785      62.8195
786      0
787      70.2175
788      0
789      73.9845
790      0
791      36.9441
792      0
793      0
794      0
795      94.27
796      0
797      98.8734
798      72.4643
799      81.8373
800      0
801      91.9655
802      85.7554
803      0
804      0
805      95.7122
806      0
807      0
808      0
809      0
810      0
811      91.5176
812      96.967
813      0
814      48.9726
815      78.2126
816      0
817      0
818      0
819      0
820      92.6509
821      76.2368
822      0
823      0
824      63.6085
825      97.2644
826      0
827      0
828      0
829      0
830      0
831      92.8487
832      0
833      95.1033
834      95.3927
835      0
836      0
837      65.9218
838      0
839      95.8264
840      0
841      72.0329
842      75.2103
843      0
844      0
845      0
846      0
847      81.2333
848      85.9201
849      95.7093
850      0
851      0
852      53.3282
853      99.543
854      92.7835
855      96.3725
856      0
857      50.5675
858      97.3907
859      62.2943
860      67.322
861      95.8303
862      0
863      0
864      0
865      0
866      0
867      88.2906
868      99.7145
869      0
870      41.9367
871      0
872      0
873      0
874      67.8977
875      0
876      0
877      0
878      79.8224
879      80.8926
880      92.1635
881      59.2263
882      99.7515
883      86.355
884      85.9378
885      91.9847
886      79.105
887      92.726
888      0
889      76.5475
890      0
891      80.1521
892      98.0835
893      0
894      0
895      0
896      0
897      96.9441
898      90.1948
899      87.9605
900      0
901      98.5688
902      73.62
903      0
904      0
905      99.7925
906      0
907      94.4852
908      95.7638
909      0
910      0
911      0
912      0
913      0
914      0
915      94.9707
916      79.3189
917      56.9443
918      96.4983
919      64.3885
920      0
921      87.3112
922      0
923      99.1866
924      46.257
925      92.3626
926      0
927      97.6126
928      92.658
929      0
930      81.5736
931      89.2399
932      79.2985
933      0
934      95.7868
935      0
936      82.3235
937      0
938      78.6946
939      68.2536
940      99.9196
941      97.0062
942      0
943      85.556
944      68.5719
945      92.9505
946      60.2491
947      90.5981
948      96.1918
949      0
950      0
951      0
952      0
953      0
954      0
955      94.4393
956      0
957      0
958      0
959      92.0989
960      0
961      0
962      98.0609
963      83.9757
964      84.1666
965      76.877
966      72.6027
967      56.3442
968      0
969      0
970      61.0339
971      91.7068
972      89.6526
973      87.2643
974      97.8536
975      0
976      0
977      97.7339
978      98.8906
979      0
980      0
981      0
982      89.2293
983      93.9474
984      86.5302
985      0
986      0
987      97.9391
988      0
989      78.1864
990      75.6198
991      0
992      0
993      76.2418
994      0
995      75.6728
996      0
997      84.1636
998      64.6969
999      0
1000      91.3388
1001      76.1846
1002      0
1003      0
1004      94.9846
1005      0
1006      0
1007      97.5606
1008      0
1009      83.5153
1010      60.6891
1011      0
1012      67.342
1013      85.6443
1014      97.334
1015      93.8924
1016      84.122
1017      46.7237
1018      99.6143
1019      78.6817
1020      86.5945
1021      32.6115
1022      0
1023      98.0446
1024      92.2591
1025      0
1026      0
1027      96.5337
1028      0
1029      0
1030      94.6715
1031      99.5658
1032      0
1033      87.6987
1034      0
1035      91.0653
1036      94.7057
1037      97.6418
1038      0
1039      0
1040      93.9518
1041      91.2547
1042      99.6541
1043      75.7591
1044      0
1045      86.7318
1046      92.0006
1047      88.7983
1048      0
1049      97.0679
1050      0
1051      44.1385
1052      0
1053      62.1728
1054      64.4523
1055      80.0783
1056      92.5011
1057      95.2965
1058      70.9413
1059      62.7343
1060      0
1061      65.3673
1062      96.5275
1063      0
1064      43.1523
1065      93.6375
1066      90.4614
1067      60.5137
1068      0
1069      85.3649
1070      89.2005
1071      98.8178
1072      0
1073      96.6552
1074      92.3118
1075      59.3716
1076      99.9696
1077      0
1078      96.5279
1079      0
1080      93.9694
1081      0
1082      71.6922
1083      97.408
1084      98.9085
1085      92.9035
1086      91.9667
1087      84.3364
1088      0
1089      92.6058
1090      0
1091      95.896
1092      97.4282
1093      70.0189
1094      95.6405
1095      0
1096      86.7417
1097      0
1098      61.1817
1099      0
1100      80.3349
1101      86.9269
1102      87.2831
1103      0
1104      91.9561
1105      0
1106      0
1107      68.0018
1108      99.1642
1109      73.8575
1110      95.7285
1111      0
1112      86.6038
1113      98.4582
1114      0
1115      0
1116      54.7053
1117      52.4714
1118      91.0895
1119      98.5151
1120      0
1121      0
1122      0
1123      96.9286
1124      95.7106
1125      0
1126      94.5518
1127      0
1128      0
1129      62.2576
1130      85.6874
1131      88.1148
1132      86.2295
1133      0
1134      93.5234
1135      99.701
1136      93.8152
1137      0
1138      65.7434
1139      86.2025
1140      93.1942
1141      93.082
1142      99.6191
1143      99.9716
1144      86.398
1145      98.7725
1146      93.6228
1147      0
1148      0
1149      85.9612
1150      74.8813
1151      0
1152      92.6233
1153      0
1154      78.2134
1155      85.7399
1156      0
1157      0
1158      74.2781
1159      0
1160      0
1161      92.5753
1162      0
1163      68.5496
1164      0
1165      98.7165
1166      98.7136
1167      71.7191
1168      0
1169      93.8513
1170      0
1171      98.9335
1172      96.598
1173      88.0219
1174      0
1175      0
1176      0
1177      97.6487
1178      89.6904
1179      89.5135
1180      0
1181      0
1182      0
1183      0
1184      96.686
1185      0
1186      0
1187      70.9266
1188      99.1981
1189      0
1190      92.4879
1191      0
1192      0
1193      90.8679
1194      82.173
1195      0
1196      88.8863
1197      78.1162
1198      86.6863
1199      99.7276
1200      94.2014
1201      83.1517
1202      95.5499
1203      58.8103
1204      0
1205      0
1206      89.9607
1207      83.8352
1208      0
1209      0
1210      0
1211      0
1212      0
1213      0
1214      0
1215      98.2751
1216      0
1217      88.7264
1218      0
1219      62.4538
1220      84.8769
1221      78.6918
1222      80.0849
1223      0
1224      93.5636
1225      86.6659
1226      0
1227      0
1228      97.3215
1229      0
1230      0
1231      99.6674
1232      97.6065
1233      0
1234      83.9667
1235      86.7485
1236      0
1237      92.3273
1238      92.7196
1239      0
1240      0
1241      97.4471
1242      97.5945
1243      95.6395
1244      0
1245      40.6482
1246      68.288
1247      96.7696
1248      98.1351
1249      99.1707
1250      0
1251      84.418
1252      0
1253      0
1254      85.9046
1255      0
1256      0
1257      0
1258      0
1259      0
1260      85.3464
1261      78.7985
1262      97.2303
1263      93.8596
1264      98.0331
1265      0
1266      88.8528
1267      0
1268      0
1269      0
1270      86.0775
1271      87.7822
1272      0
1273      99.7544
1274      0
1275      0
1276      0
1277      0
1278      97.7446
1279      90.005
1280      0
1281      90.3483
1282      82.167
1283      92.5893
1284      0
1285      82.0464
1286      86.2399
1287      40.6682
1288      0
1289      89.2405
1290      0
1291      78.7492
1292      99.3749
1293      94.9128
1294      0
1295      92.0031
1296      0
1297      0
1298      0
1299      91.0401
1300      71.4427
1301      0
1302      96.2315
1303      74.2438
1304      0
1305      0
1306      0
1307      0
1308      99.3386
1309      98.932
1310      89.2944
1311      87.8496
1312      93.6924
1313      95.3019
1314      0
1315      95.8422
1316      97.2034
1317      0
1318      0
1319      62.5982
1320      0
1321      48.791
1322      98.1564
1323      0
1324      0
1325      0
1326      0
1327      0
1328      99.3887
1329      86.2088
1330      78.3104
1331      0
1332      0
1333      0
1334      98.933
1335      0
1336      0
1337      83.5368
1338      84.3226
1339      99.3081
1340      98.4459
1341      88.3144
1342      0
1343      85.6604
1344      0
1345      0
1346      95.5924
1347      0
1348      0
1349      0
1350      96.2752
1351      89.2911
1352      0
1353      0
1354      0
1355      97.3865
1356      0
1357      0
1358      0
1359      0
1360      82.2927
1361      97.5394
1362      84.5189
1363      0
1364      0
1365      0
1366      86.5998
1367      77.761
1368      90.2699
1369      99.2602
1370      99.3466
1371      84.2256
1372      0
1373      0
1374      94.9122
1375      92.3366
1376      0
1377      0
1378      76.928
1379      94.3089
1380      0
1381      0
1382      80.5462
1383      0
1384      77.4885
1385      99.1073
1386      89.858
1387      78.8057
1388      0
1389      69.7252
1390      97.7265
1391      86.7143
1392      97.5302
1393      99.6124
1394      0
1395      77.0402
1396      81.84
1397      92.204
1398      69.3176
1399      98.8166
1400      88.8887
1401      88.1012
1402      96.779
1403      93.3608
1404      0
1405      0
1406      0
1407      85.8254
1408      0
1409      0
1410      0
1411      90.8231
1412      60.1548
1413      0
1414      0
1415      90.6891
1416      0
1417      85.6085
1418      94.3112
1419      0
1420      61.4252
1421      0
1422      73.0202
1423      42.5739
1424      0
1425      92.5087
1426      0
1427      0
1428      96.4787
1429      0
1430      97.4809
1431      0
1432      80.807
1433      0
1434      0
1435      0
1436      90.2429
1437      91.6084
1438      84.1385
1439      84.0762
1440      63.6038
1441      0
1442      0
1443      0
1444      0
1445      0
1446      0
1447      87.0711
1448      96.4553
1449      75.7829
1450      0
1451      99.8135
1452      0
1453      65.3815
1454      89.9506
1455      0
1456      0
1457      95.3819
1458      0
1459      99.4365
1460      69.8082
1461      0
1462      0
1463      0
1464      56.1481
1465      0
1466      94.3113
1467      0
1468      88.5347
1469      98.7763
1470      0
1471      0
1472      91.5905
1473      0
1474      99.3343
1475      0
1476      94.1043
1477      98.0741
1478      0
1479      95.4626
1480      91.4427
1481      52.9679
1482      0
1483      82.4579
1484      95.1131
1485      91.2292
1486      56.206
1487      83.4835
1488      0
1489      90.5182
1490      51.7024
1491      0
1492      98.852
1493      77.939
1494      83.3257
1495      99.7884
1496      95.9774
1497      57.2641
1498      98.2233
1499      99.0463
1500      91.8252
1501      0
1502      91.7987
1503      77.8798
1504      0
1505      99.3969
1506      92.8448
1507      0
1508      70.736
1509      0
1510      88.0071
1511      0
1512      0
1513      0
1514      96.3282
1515      0
1516      98.3654
1517      58.9494
1518      72.5853
1519      0
1520      95.3448
1521      99.771
1522      0
1523      69.0526
1524      65.3573
1525      0
1526      0
1527      58.0191
1528      74.5023
1529      92.8882
1530      0
1531      95.1122
1532      0
1533      84.573
1534      0
1535      0
1536      0
1537      57.1638
1538      0
1539      93.321
1540      0
1541      82.2368
1542      0
1543      51.8606
1544      57.3712
1545      97.7753
1546      96.4755
1547      86.0789
1548      90.0455
1549      97.4303
1550      0
1551      0
1552      94.6444
1553      0
1554      93.8799
1555      93.1031
1556      78.4438
1557      98.4048
1558      0
1559      64.7993
1560      0
1561      69.8077
1562      87.8347
1563      97.5084
1564      94.5935
1565      0
1566      86.1265
1567      93.8581
1568      99.442
1569      0
1570      0
1571      89.7237
1572      0
1573      98.3392
1574      0
1575      0
1576      93.2978
1577      0
1578      0
1579      42.3523
1580      73.6149
1581      86.1917
1582      0
1583      0
1584      91.0318
1585      67.7461
1586      0
1587      0
1588      98.82
1589      0
1590      0
1591      83.9763
1592      0
1593      0
1594      97.0813
1595      79.4842
1596      98.1915
1597      0
1598      0
1599      98.1149
1600      76.3559
1601      0
1602      67.374
1603      92.9493
1604      82.4379
1605      94.0014
1606      0
1607      83.9748
1608      89.4288
1609      96.8797
1610      0
1611      89.7898
1612      96.5758
1613      0
1614      97.1319
1615      0
1616      97.6172
1617      94.7859
1618      95.5869
1619      98.4866
1620      74.1741
1621      75.2885
1622      94.8757
1623      0
1624      93.3334
1625      0
1626      0
1627      94.3156
1628      98.3668
1629      82.1328
1630      99.8027
1631      90.8498
1632      0
1633      0
1634      0
1635      0
1636      0
1637      96.0878
1638      0
1639      96.4212
1640      0
1641      83.4156
1642      0
1643      90.3611
1644      45.0587
1645      88.829
1646      0
1647      0
1648      0
1649      0
1650      0
1651      0
1652      0
1653      61.1707
1654      85.6942
1655      84.4421
1656      98.9653
1657      0
1658      98.692
1659      91.1519
1660      89.6574
1661      64.3065
1662      0
1663      99.2279
1664      99.0751
1665      0
1666      66.4974
1667      80.5343
1668      99.4561
1669      0
1670      0
1671      0
1672      0
1673      76.5287
1674      0
1675      94.6732
1676      0
1677      0
1678      96.4146
1679      91.9673
1680      0
1681      0
1682      0
1683      97.2849
1684      92.254
1685      0
1686      99.346
1687      65.3198
1688      0
1689      96.2897
1690      0
1691      0
1692      0
1693      0
1694      0
1695      0
1696      98.2721
1697      0
1698      91.9705
1699      98.3453
1700      47.0201
1701      0
1702      94.7826
1703      84.3871
1704      0
1705      60.1956
1706      93.1317
1707      99.017
1708      0
1709      99.1918
1710      0
1711      93.0845
1712      95.099
1713      62.273
1714      0
1715      0
1716      51.6157
1717      56.3085
1718      0
1719      98.2803
1720      0
1721      0
1722      60.8448
1723      69.945
1724      70.899
1725      56.1899
1726      86.2482
1727      98.628
1728      84.1297
1729      0
1730      0
1731      85.2314
1732      87.2794
1733      0
1734      71.269
1735      95.1407
1736      82.1646
1737      0
1738      82.9356
1739      0
1740      70.5527
1741      92.1405
1742      79.5229
1743      0
1744      82.2306
1745      0
1746      95.7668
1747      74.505
1748      0
1749      86.1551
1750      99.0758
1751      0
1752      91.1535
1753      96.324
1754      87.5173
1755      57.3811
1756      0
1757      0
1758      91.3598
1759      0
1760      0
1761      97.8304
1762      0
1763      77.0339
1764      91.9389
1765      71.0897
1766      97.7129
1767      0
1768      51.9693
1769      92.3219
1770      87.3959
1771      0
1772      85.2908
1773      98.6642
1774      0
1775      88.8879
1776      0
1777      99.5342
1778      81.7934
1779      96.0071
1780      0
1781      0
1782      75.9363
1783      0
1784      0
1785      98.7156
1786      0
1787      91.6256
1788      0
1789      0
1790      0
1791      0
1792      95.4411
1793      0
1794      0
1795      86.8281
1796      0
1797      0
1798      0
1799      0
1800      86.8021
1801      97.4938
1802      61.9279
1803      78.0904
1804      87.9712
1805      0
1806      86.9433
1807      67.7199
1808      52.1174
1809      0
1810      80.187
1811      0
1812      66.6663
1813      60.5607
1814      0
1815      99.8655
1816      0
1817      91.6925
1818      0
1819      69.3274
1820      78.3156
1821      79.4774
1822      0
1823      0
1824      0
1825      96.4101
1826      88.2894
1827      95.3457
1828      99.5147
1829      81.0116
1830      94.1693
1831      67.157
1832      0
1833      0
1834      99.3105
1835      92.2367
1836      95.1743
1837      0
1838      0
1839      0
1840      78.3129
1841      0
1842      93.8994
1843      0
1844      97.0805
1845      81.5362
1846      94.2371
1847      90.5022
1848      0
1849      0
1850      82.1793
1851      0
1852      0
1853      80.0715
1854      0
1855      0
1856      0
1857      0
1858      0
1859      93.4222
1860      86.2475
1861      0
1862      94.4021
1863      92.3884
1864      90.0761
1865      0
1866      83.9701
1867      0
1868      95.4979
1869      89.456
1870      96.6176
1871      82.4823
1872      0
1873      77.1978
1874      99.25
1875      0
1876      0
1877      87.1346
1878      99.0182
1879      99.9221
1880      0
1881      0
1882      64.0411
1883      0
1884      94.7714
1885      99.3706
1886      95.1717
1887      0
1888      87.4515
1889      81.5612
1890      0
1891      99.745
1892      96.0941
1893      0
1894      0
1895      0
1896      66.9011
1897      86.335
1898      0
1899      0
1900      95.9526
1901      91.5522
1902      91.2769
1903      99.1238
1904      75.4544
1905      97.2271
1906      0
1907      0
1908      89.9026
1909      68.2391
1910      0
1911      88.8973
1912      0
1913      86.0255
1914      0
1915      0
1916      98.6215
1917      97.5817
1918      0
1919      92.7811
1920      95.5349
1921      0
1922      0
1923      0
1924      98.4635
1925      0
1926      98.9157
1927      0
1928      96.2926
1929      0
1930      60.0829
1931      0
1932      97.7051
1933      98.6103
1934      0
1935      0
1936      0
1937      0
1938      96.5134
1939      56.954
1940      0
1941      88.2532
1942      71.4513
1943      99.4617
1944      0
1945      83.6874
1946      0
1947      88.3405
1948      0
1949      98.2173
1950      0
1951      96.9677
1952      0
1953      0
1954      66.2821
1955      82.5518
1956      96.2389
1957      71.0012
1958      0
1959      0
1960      0
1961      0
1962      77.6578
1963      0
1964      84.4733
1965      0
1966      81.4034
1967      86.8523
1968      58.2625
1969      93.1146
1970      92.8073
1971      92.4871
1972      93.7856
1973      98.4784
1974      97.6016
1975      0
1976      90.8749
1977      71.2228
1978      0
1979      95.7541
1980      85.1189
1981      0
1982      84.1145
1983      95.2829
1984      0
1985      0
1986      53.9862
1987      73.7436
1988      0
1989      63.4112
1990      84.7727
1991      99.0414
1992      65.9621
1993      99.2915
1994      24.9562
1995      92.0208
1996      0
1997      0
1998      0
1999      95.0468
2000      98.2081
2001      0
2002      87.4252
2003      91.8861
2004      97.0219
2005      0
2006      0
2007      0
2008      97.711
2009      0
2010      0
2011      0
2012      63.2894
2013      71.4232
2014      77.2786
2015      96.8594
2016      0
2017      0
2018      95.8191
2019      95.6601
2020      99.8711
2021      0
2022      95.4006
2023      67.5733
2024      86.0743
2025      90.7203
2026      68.8496
2027      89.7769
2028      0
2029      97.6487
2030      83.4587
2031      95.7606
2032      0
2033      87.946
2034      0
2035      88.7262
2036      96.3196
2037      99.8862
2038      0
2039      92.8154
2040      97.5694
2041      92.4981
2042      0
2043      0
2044      0
2045      99.5996
2046      0
2047      37.6258
2048      95.3742
2049      98.7677
2050      0
2051      91.9012
2052      82.6186
2053      0
2054      0
2055      0
2056      0
2057      0
2058      85.5832
2059      67.3776
2060      0
2061      36.837
2062      0
2063      0
2064      87.037
2065      0
2066      0
2067      29.9083
2068      0
2069      86.8521
2070      90.4905
2071      98.5369
2072      0
2073      0
2074      86.4235
2075      0
2076      0
2077      0
2078      86.217
2079      96.78
2080      95.0326
2081      95.3755
2082      74.3949
2083      98.9966
2084      84.4421
2085      99.2549
2086      76.3635
2087      57.4609
2088      0
2089      0
2090      0
2091      0
2092      62.8133
2093      0
2094      58.4724
2095      97.7019
2096      95.8405
2097      96.7912
2098      96.9386
2099      98.141
2100      0
2101      99.6994
2102      94.6274
2103      88.7411
2104      90.1785
2105      0
2106      98.8038
2107      0
2108      89.245
2109      0
2110      92.9649
2111      0
2112      0
2113      0
2114      0
2115      0
2116      94.7542
2117      89.7276
2118      91.9683
2119      73.7258
2120      99.4444
2121      0
2122      94.1821
2123      94.6234
2124      0
2125      68.3261
2126      78.1595
2127      0
2128      99.6201
2129      90.3515
2130      83.459
2131      0
2132      90.4188
2133      0
2134      53.2998
2135      0
2136      98.5494
2137      0
2138      0
2139      50.2984
2140      84.364
2141      83.4096
2142      99.7768
2143      98.8006
2144      97.4827
2145      0
2146      0
2147      90.4937
2148      0
2149      98.1482
2150      95.2557
2151      98.1166
2152      0
2153      0
2154      98.7875
2155      0
2156      0
2157      0
2158      99.1105
2159      0
2160      38.4928
2161      0
2162      99.0038
2163      69.6922
2164      0
2165      99.9277
2166      0
2167      0
2168      0
2169      92.2863
2170      89.1839
2171      0
2172      98.6472
2173      63.7662
2174      0
2175      0
2176      92.8844
2177      97.1235
2178      86.8617
2179      97.7834
2180      0
2181      0
2182      0
2183      0
2184      78.242
2185      93.9872
2186      0
2187      99.4269
2188      0
2189      0
2190      58.3628
2191      86.9405
2192      99.12
2193      0
2194      0
2195      97.4914
2196      0
2197      71.023
2198      75.9546
2199      85.1764
2200      0
2201      80.3213
2202      0
2203      0
2204      98.3662
2205      78.7914
2206      87.3734
2207      0
2208      93.0637
2209      0
2210      0
2211      0
2212      77.4023
2213      91.6054
2214      0
2215      0
2216      0
2217      95.6823
2218      78.6948
2219      98.9733
2220      0
2221      0
2222      0
2223      0
2224      0
2225      51.1384
2226      76.2403
2227      0
2228      0
2229      0
2230      97.2237
2231      82.9629
2232      94.4742
2233      0
2234      0
2235      98.818
2236      0
2237      69.9915
2238      0
2239      97.7566
2240      99.651
2241      97.6388
2242      96.0911
2243      0
2244      0
2245      0
2246      51.9676
2247      75.2688
2248      99.2325
2249      90.0101
2250      0
2251      95.9437
2252      97.3558
2253      0
2254      0
2255      0
2256      98.6512
2257      0
2258      88.8291
2259      0
2260      96.8886
2261      98.2534
2262      99.4004
2263      0
2264      89.9607
2265      71.5294
2266      91.8774
2267      79.6846
2268      91.5778
2269      98.2368
2270      0
2271      0
2272      59.3225
2273      94.9565
2274      0
2275      87.3165
2276      85.407
2277      97.4873
2278      96.8933
2279      72.8951
2280      95.007
2281      0
2282      91.7583
2283      0
2284      68.0539
2285      0
2286      0
2287      81.2512
2288      75.3082
2289      0
2290      71.4596
2291      0
2292      97.608
2293      0
2294      59.5918
2295      94.8456
2296      0
2297      71.5193
2298      84.8447
2299      94.4963
2300      0
2301      0
2302      41.8027
2303      48.407
2304      40.3131
2305      95.5808
2306      72.619
2307      99.1212
2308      92.8518
2309      0
2310      0
2311      0
2312      0
2313      0
2314      0
2315      95.2167
2316      90.664
2317      87.7425
2318      0
2319      99.6556
2320      97.7141
2321      0
2322      92.4845
2323      0
2324      0
2325      71.7058
2326      79.5677
2327      0
2328      0
2329      57.9966
2330      73.8437
2331      96.4303
2332      0
2333      98.9071
2334      92.3837
2335      0
2336      0
2337      0
2338      71.1301
2339      98.689
2340      59.7433
2341      98.3463
2342      78.3688
2343      0
2344      86.8873
2345      0
2346      88.1639
2347      0
2348      67.9153
2349      98.4467
2350      91.178
2351      0
2352      78.3727
2353      95.6458
2354      82.5896
2355      0
2356      0
2357      55.2192
2358      82.6611
2359      0
2360      96.4033
2361      0
2362      96.3272
2363      91.1946
2364      97.115
2365      0
2366      94.6321
2367      86.4174
2368      0
2369      50.0782
2370      0
2371      0
2372      89.9791
2373      95.6258
2374      0
2375      98.5228
2376      0
2377      0
2378      65.1766
2379      0
2380      89.3926
2381      0
2382      97.6158
2383      63.8884
2384      0
2385      99.9687
2386      84.0284
2387      0
2388      99.589
2389      84.3366
2390      79.8726
2391      75.4571
2392      0
2393      0
2394      0
2395      0
2396      84.3215
2397      0
2398      0
2399      98.7458
2400      98.1716
2401      0
2402      89.5435
2403      0
2404      97.7508
2405      0
2406      0
2407      96.0266
2408      90.4304
2409      98.4398
2410      84.1856
2411      82.5177
2412      63.4532
2413      0
2414      90.3369
2415      96.3024
2416      0
2417      88.2198
2418      98.2015
2419      96.5878
2420      0
2421      0
2422      0
2423      0
2424      0
2425      0
2426      98.785
2427      0
2428      0
2429      98.6618
2430      77.7686
2431      0
2432      71.2365
2433      58.7757
2434      90.6099
2435      91.2721
2436      0
2437      43.4968
2438      88.4126
2439      0
2440      0
2441      72.1971
2442      0
2443      0
2444      0
2445      98.0756
2446      97.5401
2447      98.3742
2448      0
2449      83.4271
2450      97.6556
2451      0
2452      0
2453      81.0489
2454      95.2675
2455      0
2456      77.2141
2457      99.243
2458      0
2459      0
2460      97.3458
2461      0
2462      0
2463      0
2464      93.9391
2465      50.9274
2466      87.2833
2467      0
2468      71.6864
2469      88.4089
2470      45.3749
2471      0
2472      77.6572
2473      0
2474      0
2475      76.0526
2476      0
2477      64.4503
2478      90.2376
2479      78.4472
2480      99.7859
2481      95.133
2482      0
2483      96.0147
2484      0
2485      74.0154
2486      99.1122
2487      0
2488      98.6812
2489      0
2490      0
2491      86.1263
2492      95.3656
2493      0
2494      28.5176
2495      0
2496      0
2497      0
2498      0
2499      98.7456
       75433.7
