0      93.1166
1      0
2      64.2469
3      0
4      94.3512
5      99.3207
6      99.8977
7      0
8      0
9      98.942
10      99.9272
11      88.5885
12      96.3616
13      0
14      0
15      0
16      0
17      65.6453
18      0
19      0
20      83.104
21      76.9418
22      48.2325
23      94.668
24      63.1971
25      0
26      75.8738
27      0
28      97.8933
29      71.7045
30      98.3678
31      80.9884
32      98.5067
33      97.4819
34      87.5899
35      99.5249
36      85.1217
37      96.935
38      93.7461
39      0
40      82.9223
41      0
42      92.6829
43      0
44      94.1341
45      91.9057
46      98.8883
47      87.5629
48      95.8881
49      0
50      86.3754
51      69.7949
52      0
53      74.6178
54      0
55      0
56      0
57      62.361
58      0
59      98.9966
60      64.9915
61      0
62      0
63      84.1193
64      99.9168
65      95.3887
66      96.1469
67      0
68      0
69      93.0681
70      95.7307
71      0
72      58.9343
73      0
74      77.2787
75      81.7642
76      0
77      0
78      0
79      0
80      76.2743
81      98.4871
82      0
83      45.2513
84      0
85      56.5734
86      85.5614
87      74.9557
88      95.5397
89      0
90      0
91      0
92      97.4279
93      96.0137
94      0
95      0
96      96.1131
97      54.1719
98      91.4812
99      80.0453
100      54.6238
101      0
102      76.1669
103      96.7195
104      53.22
105      98.1782
106      0
107      99.5156
108      99.9824
109      92.5322
110      85.9413
111      0
112      0
113      97.2856
114      0
115      0
116      64.4364
117      0
118      81.6654
119      0
120      95.4313
121      0
122      0
123      0
124      0
125      48.0581
126      85.7597
127      90.0368
128      0
129      98.7796
130      0
131      0
132      97.5679
133      97.87
134      0
135      0
136      0
137      98.1929
138      83.3018
139      0
140      0
141      99.976
142      99.4979
143      86.2525
144      99.6067
145      99.6924
146      0
147      0
148      0
149      95.8835
150      99.2299
151      49.4146
152      0
153      81.6687
154      99.2544
155      96.1372
156      63.3433
157      72.3886
158      99.9161
159      58.8611
160      98.4358
161      0
162      0
163      66.9314
164      91.6164
165      99.5511
166      36.5771
167      60.0354
168      0
169      0
170      0
171      46.355
172      0
173      87.9316
174      0
175      61.9518
176      96.1337
177      0
178      80.0726
179      99.3547
180      96.0251
181      99.9112
182      0
183      99.489
184      0
185      58.8965
186      96.3339
187      0
188      0
189      0
190      82.0825
191      97.13
192      93.2498
193      0
194      87.1127
195      0
196      99.5918
197      0
198      98.6648
199      99.0798
200      87.8201
201      0
202      93.9759
203      67.2639
204      96.5575
205      97.1189
206      0
207      0
208      77.1848
209      0
210      86.4772
211      35.3832
212      0
213      95.2968
214      72.8778
215      99.282
216      0
217      99.695
218      0
219      0
220      0
221      99.8932
222      0
223      52.0722
224      96.2273
225      99.5559
226      66.2398
227      95.3998
228      97.1226
229      82.6865
230      0
231      0
232      62.6429
233      0
234      0
235      95.4905
236      0
237      0
238      64.2734
239      98.2873
240      73.568
241      71.9525
242      97.752
243      99.4015
244      98.8758
245      84.8093
246      49.7513
247      63.3897
248      0
249      46.9412
250      0
251      0
252      0
253      95.5951
254      99.9743
255      0
256      0
257      99.8039
258      76.5364
259      0
260      0
261      99.0338
262      98.6306
263      0
264      99.5669
265      94.4515
266      0
267      0
268      0
269      95.7418
270      78.377
271      97.236
272      70.2155
273      0
274      99.8465
275      99.0787
276      0
277      94.5733
278      0
279      0
280      0
281      0
282      90.2566
283      81.2992
284      98.7156
285      0
286      99.6644
287      0
288      81.0632
289      79.5011
290      0
291      0
292      60.123
293      0
294      94.0083
295      0
296      95.0692
297      57.0294
298      0
299      98.2617
300      92.9205
301      99.9241
302      68.2345
303      90.5823
304      0
305      0
306      0
307      0
308      0
309      0
310      0
311      92.8684
312      96.3532
313      0
314      0
315      99.0315
316      0
317      74.0524
318      83.4158
319      64.8753
320      99.7773
321      99.9259
322      0
323      0
324      81.5204
325      0
326      0
327      99.6824
328      58.6246
329      83.8303
330      61.9001
331      0
332      98.5139
333      65.201
334      0
335      56.8709
336      99.6491
337      0
338      0
339      0
340      0
341      0
342      98.5158
343      89.3167
344      0
345      0
346      97.8482
347      76.7325
348      0
349      77.3084
350      0
351      0
352      99.923
353      0
354      98.6506
355      0
356      83.1232
357      68.9627
358      0
359      0
360      94.3379
361      83.4133
362      0
363      97.1132
364      0
365      93.6216
366      0
367      0
368      58.3244
369      87.4888
370      97.868
371      88.0469
372      99.4537
373      90.5765
374      0
375      0
376      0
377      92.3244
378      98.9724
379      99.7887
380      71.3148
381      96.1863
382      0
383      90.0786
384      25.3778
385      99.9369
386      95.3086
387      98.7147
388      0
389      97.5665
390      95.3675
391      51.7144
392      99.9822
393      99.8704
394      78.6925
395      0
396      95.2752
397      99.7239
398      63.8542
399      32.5883
400      0
401      0
402      75.7227
403      98.0808
404      97.8356
405      77.7789
406      90.5617
407      78.0121
408      0
409      67.3111
410      83.5326
411      0
412      99.6771
413      0
414      75.3298
415      98.9905
416      0
417      98.2074
418      78.0639
419      85.5567
420      88.0551
421      0
422      0
423      0
424      98.6754
425      81.1699
426      97.7608
427      0
428      0
429      0
430      74.9734
431      0
432      0
433      0
434      0
435      92.4533
436      0
437      0
438      76.5257
439      0
440      0
441      0
442      99.6708
443      85.6566
444      51.5215
445      0
446      0
447      0
448      65.351
449      99.1132
450      0
451      0
452      91.5411
453      99.2658
454      98.6887
455      0
456      0
457      53.6775
458      86.6365
459      0
460      0
461      94.498
462      0
463      0
464      94.345
465      0
466      0
467      93.4177
468      0
469      57.0732
470      0
471      0
472      85.8056
473      88.7077
474      0
475      65.4016
476      99.3887
477      91.9944
478      0
479      48.0132
480      77.8635
481      56.2694
482      0
483      48.7089
484      0
485      67.5221
486      99.2028
487      70.0811
488      0
489      82.7391
490      93.5894
491      64.8562
492      0
493      0
494      99.947
495      0
496      66.0656
497      0
498      0
499      97.929
500      98.906
501      0
502      0
503      96.1595
504      0
505      98.8253
506      0
507      82.8317
508      0
509      96.348
510      99.1136
511      0
512      91.969
513      0
514      94.4173
515      61.0122
516      0
517      79.7078
518      0
519      90.7582
520      78.6416
521      70.5189
522      99.851
523      91.6594
524      96.8111
525      0
526      94.3652
527      99.539
528      0
529      0
530      89.5198
531      96.5851
532      70.6932
533      98.1095
534      0
535      56.4934
536      70.6183
537      90.3066
538      0
539      91.572
540      0
541      99.6485
542      0
543      92.3934
544      60.887
545      74.4448
546      97.5373
547      0
548      99.6265
549      0
550      79.5955
551      54.3461
552      98.9544
553      68.0119
554      78.0233
555      0
556      85.7488
557      23.6293
558      97.6683
559      82.5415
560      96.524
561      72.588
562      91.227
563      0
564      90.6515
565      88.5846
566      0
567      58.285
568      0
569      98.0788
570      97.6079
571      71.5372
572      47.9565
573      87.5147
574      99.8464
575      0
576      90.6668
577      99.8043
578      0
579      98.3065
580      78.9741
581      0
582      0
583      95.6183
584      93.3985
585      79.5341
586      0
587      41.6311
588      0
589      0
590      93.479
591      0
592      0
593      97.8745
594      89.5885
595      0
596      0
597      98.3706
598      43.8947
599      59.1468
600      96.2582
601      0
602      63.1096
603      0
604      0
605      95.6452
606      61.055
607      96.0426
608      0
609      0
610      99.7256
611      0
612      0
613      0
614      0
615      0
616      91.1417
617      82.2327
618      0
619      84.8794
620      0
621      0
622      54.3472
623      98.7456
624      0
625      0
626      74.7869
627      99.4068
628      0
629      0
630      67.9175
631      84.9769
632      0
633      96.9378
634      81.2799
635      0
636      93.1677
637      0
638      0
639      0
640      0
641      96.6241
642      51.0618
643      95.3297
644      74.9546
645      0
646      96.3967
647      0
648      44.9665
649      69.7835
650      82.5213
651      0
652      0
653      0
654      62.4483
655      96.1221
656      99.3745
657      97.1074
658      0
659      0
660      0
661      0
662      0
663      91.7374
664      97.3307
665      0
666      80.2909
667      71.0794
668      98.5372
669      0
670      96.0252
671      97.4993
672      91.4604
673      0
674      0
675      0
676      0
677      98.11
678      0
679      97.5351
680      94.1044
681      97.033
682      0
683      56.7044
684      0
685      77.9987
686      0
687      93.5673
688      59.4905
689      55.2996
690      78.3438
691      99.5541
692      71.9338
693      72.5327
694      98.7611
695      0
696      99.8934
697      79.4107
698      99.5304
699      49.2864
700      95.5309
701      61.5807
702      94.7923
703      64.5947
704      99.4644
705      0
706      91.1474
707      93.3162
708      0
709      70.1547
710      0
711      0
712      96.4561
713      0
714      0
715      99.7883
716      78.0449
717      97.6844
718      0
719      98.133
720      81.2398
721      0
722      59.1115
723      0
724      0
725      0
726      0
727      86.2055
728      86.3415
729      94.9071
730      73.3829
731      86.0848
732      96.1159
733      72.5363
734      0
735      0
736      62.0777
737      99.9061
738      48.0328
739      98.9674
740      57.1668
741      98.9136
742      76.7316
743      0
744      99.6658
745      0
746      0
747      0
748      98.7995
749      91.9317
750      83.2968
751      0
752      98.8182
753      0
754      0
755      98.0813
756      98.462
757      97.7203
758      0
759      0
760      0
761      0
762      99.1476
763      0
764      97.346
765      71.7073
766      99.7481
767      0
768      0
769      60.6009
770      78.805
771      0
772      0
773      0
774      0
775      0
776      89.3275
777      0
778      81.8638
779      99.7974
780      56.8778
781      91.3949
782      99.2614
783      0
784      94.0092
785      0
786      0
787      0
788      83.6425
789      92.036
790      0
791      89.635
792      0
793      0
794      0
795      0
796      96.7618
797      0
798      0
799      0
800      60.1297
801      98.542
802      89.5436
803      91.4295
804      80.2591
805      0
806      0
807      93.7039
808      0
809      80.7175
810      91.6999
811      0
812      0
813      98.3368
814      0
815      0
816      0
817      73.5916
818      0
819      0
820      0
821      0
822      95.3261
823      0
824      98.3535
825      0
826      0
827      0
828      55.7667
829      0
830      0
831      0
832      91.2246
833      14.3106
834      94.8318
835      0
836      0
837      97.0588
838      97.7864
839      99.5024
840      54.8243
841      90.6808
842      87.5248
843      0
844      77.0649
845      0
846      99.0167
847      0
848      97.0738
849      0
850      0
851      72.8345
852      89.6366
853      98.6072
854      0
855      0
856      63.2836
857      0
858      0
859      0
860      0
861      98.3333
862      99.5546
863      72.0616
864      86.8054
865      99.9063
866      57.5258
867      87.1956
868      0
869      0
870      54.3007
871      78.8759
872      73.5913
873      0
874      96.529
875      0
876      0
877      0
878      0
879      0
880      0
881      70.2
882      97.0772
883      0
884      75.7177
885      0
886      98.8584
887      0
888      0
889      0
890      97.4882
891      63.674
892      0
893      0
894      0
895      0
896      0
897      92.2251
898      98.3289
899      99.9097
900      0
901      98.903
902      0
903      0
904      0
905      99.2119
906      85.6547
907      90.0076
908      53.3384
909      0
910      96.8313
911      0
912      68.5091
913      0
914      92.6187
915      65.5073
916      89.9295
917      99.5165
918      96.2364
919      73.891
920      94.2363
921      97.93
922      0
923      96.1409
924      96.284
925      99.297
926      67.359
927      98.3857
928      96.0883
929      99.9735
930      94.9155
931      63.5828
932      97.9951
933      88.1907
934      0
935      96.2854
936      0
937      81.267
938      0
939      0
940      68.7168
941      68.4936
942      0
943      0
944      0
945      60.8112
946      0
947      0
948      0
949      0
950      88.8758
951      98.629
952      50.3258
953      98.5741
954      0
955      99.0139
956      96.7319
957      72.3938
958      61.9202
959      98.9328
960      0
961      0
962      94.793
963      0
964      0
965      0
966      0
967      0
968      93.1369
969      0
970      91.972
971      99.8871
972      71.8735
973      0
974      59.7676
975      0
976      0
977      83.0917
978      98.2268
979      92.5567
980      0
981      0
982      0
983      88.3711
984      0
985      34.6463
986      52.5308
987      0
988      0
989      80.6967
990      98.6816
991      98.0763
992      61.1188
993      0
994      0
995      0
996      0
997      87.9141
998      0
999      99.6207
       32751.7
