0      0
1      0
2      0
3      60.4413
4      0
5      68.0591
6      73.542
7      0
8      0
9      84.4418
10      99.9759
11      99.8264
12      99.3405
13      0
14      97.3397
15      0
16      99.931
17      0
18      91.1679
19      99.9355
20      0
21      99.9357
22      99.9535
23      64.8778
24      0
25      54.1537
26      0
27      99.0244
28      99.9733
29      90.3689
30      0
31      99.996
32      92.9948
33      99.9991
34      69.9673
35      99.9963
36      99.6959
37      99.9989
38      99.9216
39      99.9901
40      0
41      99.9949
42      0
43      99.9885
44      0
45      0
46      68.9617
47      0
48      96.6699
49      0
       1410.62
