0      0
1      0
2      96.9
3      0
4      98.6801
5      79.2664
6      99.6589
7      0
8      0
9      81.0937
10      99.7536
11      99.928
12      73.9743
13      43.872
14      0
15      0
16      68.1799
17      86.1854
18      57.5135
19      90.8176
20      0
21      83.8368
22      81.6372
23      99.1552
24      67.8337
25      88.5864
26      94.6921
27      0
28      0
29      0
30      80.0657
31      0
32      97.6692
33      0
34      0
35      94.4384
36      98.3848
37      98.6378
38      96.903
39      99.8216
40      99.7125
41      69.405
42      96.8031
43      0
44      98.2289
45      49.2494
46      98.061
47      99.6017
48      0
49      98.733
50      99.3727
51      85.7988
52      98.8693
53      85.556
54      69.11
55      97.5911
56      99.3207
57      86.3442
58      0
59      97.2243
60      0
61      0
62      97.7472
63      0
64      0
65      99.5345
66      0
67      0
68      99.9268
69      64.541
70      92.5751
71      71.5047
72      0
73      80.6929
74      0
75      0
76      0
77      0
78      0
79      96.2538
80      97.655
81      99.7492
82      90.2054
83      73.7147
84      99.4733
85      76.4827
86      0
87      0
88      86.4821
89      73.2233
90      0
91      0
92      77.823
93      99.8474
94      93.0763
95      0
96      99.3458
97      97.0641
98      0
99      99.6378
100      0
101      0
102      0
103      70.4578
104      0
105      99.8841
106      0
107      0
108      0
109      94.1061
110      71.9513
111      92.7903
112      0
113      62.7116
114      99.6904
115      69.3981
116      0
117      99.1139
118      0
119      67.9808
120      43.9962
121      89.8227
122      99.7235
123      0
124      0
125      50.2178
126      0
127      83.9097
128      54.7832
129      94.6603
130      99.661
131      0
132      0
133      0
134      0
135      98.9495
136      0
137      0
138      73.7494
139      0
140      45.892
141      0
142      89.8721
143      0
144      47.8159
145      0
146      99.1723
147      98.5991
148      59.3884
149      0
150      99.8398
151      99.9811
152      0
153      86.627
154      0
155      0
156      0
157      86.881
158      0
159      0
160      98.0707
161      0
162      0
163      67.3773
164      98.639
165      0
166      98.5093
167      99.728
168      0
169      96.1281
170      84.3245
171      84.6765
172      98.8741
173      0
174      98.846
175      99.7515
176      80.6
177      99.9611
178      0
179      79.7186
180      0
181      0
182      0
183      64.9216
184      97.1637
185      99.9004
186      0
187      41.4103
188      0
189      99.6797
190      98.7515
191      97.1388
192      0
193      0
194      0
195      99.5403
196      0
197      0
198      0
199      99.496
200      0
201      29.6507
202      98.0578
203      0
204      0
205      61.8592
206      99.1045
207      0
208      0
209      64.5039
210      0
211      0
212      95.2377
213      99.8151
214      99.7787
215      0
216      99.6615
217      55.6841
218      0
219      0
220      99.3586
221      99.6998
222      87.6676
223      54.8863
224      98.9787
225      99.8374
226      0
227      0
228      93.6277
229      54.4871
230      0
231      40.6936
232      0
233      0
234      71.7286
235      31.6439
236      0
237      0
238      0
239      0
240      53.1374
241      0
242      69.5922
243      99.2744
244      98.7041
245      0
246      96.3122
247      99.6909
248      0
249      63.2966
250      82.3422
251      0
252      0
253      0
254      99.3814
255      98.9478
256      72.664
257      0
258      99.7965
259      0
260      99.7016
261      66.2557
262      83.9857
263      98.2544
264      0
265      0
266      0
267      59.6946
268      0
269      64.9638
270      97.1511
271      77.9521
272      0
273      99.0051
274      65.7948
275      99.6827
276      93.5085
277      99.7896
278      99.1587
279      54.0711
280      99.7856
281      65.8507
282      99.998
283      0
284      98.787
285      81.8115
286      0
287      70.248
288      92.1221
289      97.7383
290      48.4494
291      0
292      0
293      87.3589
294      0
295      99.0343
296      0
297      85.6755
298      95.3659
299      96.8798
300      0
301      0
302      76.341
303      0
304      0
305      99.9172
306      0
307      99.808
308      0
309      35.8358
310      95.0129
311      0
312      0
313      77.1487
314      0
315      63.4142
316      0
317      0
318      98.51
319      58.8618
320      97.5927
321      80.0356
322      81.2926
323      99.4723
324      0
325      74.9466
326      0
327      0
328      0
329      0
330      78.9082
331      99.6601
332      99.6417
333      0
334      0
335      92.5788
336      83.9094
337      79.6191
338      99.6633
339      64.1491
340      73.874
341      93.6683
342      0
343      99.7462
344      0
345      0
346      98.1932
347      90.095
348      59.8659
349      98.3859
350      72.8669
351      98.251
352      94.2125
353      99.4799
354      81.8251
355      0
356      0
357      99.5047
358      99.8378
359      0
360      58.7047
361      99.1699
362      0
363      96.7039
364      0
365      0
366      61.4193
367      0
368      99.3166
369      97.7389
370      99.7603
371      0
372      0
373      0
374      57.0669
375      0
376      0
377      67.0487
378      0
379      98.81
380      87.056
381      0
382      0
383      60.785
384      99.853
385      0
386      0
387      0
388      75.4344
389      91.561
390      0
391      0
392      0
393      96.0849
394      0
395      97.427
396      78.9405
397      0
398      99.8574
399      0
400      83.1179
401      0
402      0
403      97.1723
404      0
405      97.273
406      0
407      88.8869
408      99.8026
409      87.4921
410      78.8093
411      0
412      65.7908
413      0
414      0
415      99.7908
416      58.7984
417      95.6692
418      0
419      0
420      99.0195
421      0
422      0
423      86.5056
424      65.3651
425      91.6179
426      97.2055
427      86.5236
428      61.2457
429      0
430      0
431      99.9436
432      98.3739
433      0
434      99.9781
435      0
436      0
437      92.8466
438      99.9056
439      0
440      99.834
441      99.7991
442      0
443      98.7724
444      65.6245
445      99.5654
446      0
447      0
448      81.3643
449      0
450      0
451      0
452      98.0613
453      93.5533
454      99.695
455      99.754
456      0
457      50.1939
458      0
459      0
460      0
461      66.5007
462      0
463      98.0275
464      0
465      0
466      99.7411
467      92.6816
468      99.91
469      0
470      99.0102
471      93.9693
472      94.3944
473      99.306
474      81.8056
475      0
476      87.6939
477      0
478      95.044
479      0
480      0
481      65.4228
482      99.2348
483      97.6067
484      0
485      99.685
486      0
487      95.6881
488      92.0793
489      99.0034
490      74.9184
491      93.9755
492      96.2728
493      0
494      0
495      0
496      0
497      71.8826
498      99.7001
499      0
       15364.4
