0      69.6437
1      71.0195
2      0
3      0
4      0
5      90.2514
6      99.6211
7      0
8      83.7961
9      0
10      0
11      71.4779
12      0
13      88.1507
14      99.9633
15      66.7635
16      63.2588
17      0
18      99.815
19      92.6279
20      97.5959
21      86.9339
22      72.962
23      97.5516
24      87.4911
25      89.4207
26      0
27      91.8589
28      80.7356
29      89.8836
30      69.5294
31      0
32      68.6164
33      0
34      99.141
35      0
36      85.6105
37      54.4054
38      98.5089
39      84.477
40      77.1661
41      96.0578
42      0
43      0
44      66.0692
45      75.1998
46      99.7331
47      0
48      99.9945
49      0
50      0
51      67.7001
52      82.7617
53      62.938
54      0
55      90.0692
56      92.4918
57      95.2212
58      97.1758
59      0
60      0
61      0
62      0
63      71.3445
64      0
65      97.2976
66      70.4669
67      64.882
68      0
69      91.5973
70      78.9842
71      82.1121
72      99.7911
73      80.6878
74      77.7219
75      0
76      97.1525
77      68.176
78      0
79      99.7125
80      93.9523
81      0
82      0
83      0
84      0
85      0
86      0
87      64.8802
88      97.3173
89      84.3224
90      95.9138
91      95.6791
92      92.3366
93      88.8098
94      83.445
95      35.7276
96      99.565
97      0
98      95.625
99      0
100      0
101      0
102      98.6019
103      0
104      0
105      91.9953
106      80.409
107      0
108      97.3503
109      0
110      0
111      99.2627
112      0
113      80.4198
114      87.4001
115      0
116      94.4952
117      0
118      93.4698
119      98.7747
120      0
121      62.0917
122      0
123      0
124      65.1739
125      0
126      0
127      0
128      48.1538
129      93.0186
130      97.4906
131      0
132      0
133      90.8446
134      0
135      0
136      36.1517
137      0
138      0
139      0
140      0
141      0
142      0
143      89.681
144      94.5047
145      0
146      0
147      99.7809
148      0
149      82.8941
150      85.7799
151      0
152      86.663
153      96.1495
154      74.8742
155      66.6263
156      0
157      64.4286
158      98.2489
159      0
160      83.9789
161      85.0712
162      86.9631
163      0
164      97.401
165      73.2851
166      0
167      0
168      0
169      95.1489
170      72.3738
171      0
172      0
173      75.1648
174      0
175      85.3038
176      95.5033
177      98.5926
178      94.2428
179      0
180      0
181      0
182      0
183      81.4356
184      94.7931
185      0
186      77.9499
187      86.515
188      93.9342
189      95.8062
190      0
191      97.8655
192      87.2404
193      0
194      88.914
195      98.4938
196      99.1612
197      89.8933
198      0
199      94.6581
200      0
201      97.9515
202      0
203      0
204      0
205      95.8357
206      95.0008
207      0
208      97.1059
209      0
210      94.7645
211      71.3711
212      79.6469
213      89.1045
214      0
215      74.292
216      92.4289
217      0
218      78.9394
219      81.7348
220      0
221      94.6112
222      0
223      99.8097
224      98.6788
225      96.9406
226      0
227      97.1597
228      0
229      0
230      0
231      72.3271
232      96.8085
233      0
234      95.5124
235      0
236      0
237      64.7208
238      0
239      95.0256
240      97.2636
241      57.9732
242      0
243      44.882
244      86.6814
245      0
246      0
247      94.8188
248      88.4537
249      0
250      95.3213
251      87.127
252      0
253      98.8901
254      89.6599
255      0
256      96.6745
257      94.4264
258      95.4224
259      89.562
260      91.8746
261      0
262      0
263      0
264      95.4685
265      0
266      0
267      0
268      0
269      96.3371
270      99.5687
271      0
272      97.976
273      0
274      94.9239
275      0
276      0
277      89.0848
278      0
279      29.2743
280      42.377
281      77.6474
282      0
283      99.7254
284      51.5249
285      47.9515
286      0
287      0
288      89.7641
289      0
290      0
291      94.7588
292      87.411
293      0
294      59.2146
295      98.0718
296      0
297      0
298      0
299      0
300      0
301      0
302      0
303      95.7604
304      0
305      99.0777
306      98.1518
307      0
308      0
309      94.791
310      97.3823
311      0
312      0
313      99.489
314      89.1832
315      92.7691
316      62.5843
317      75.9035
318      0
319      92.0493
320      0
321      0
322      90.5576
323      89.3332
324      91.7857
325      0
326      0
327      41.8211
328      0
329      0
330      71.1747
331      71.0235
332      0
333      90.3501
334      76.3489
335      96.3114
336      0
337      73.71
338      91.9297
339      0
340      96.6074
341      0
342      93.8816
343      0
344      91.5452
345      87.2508
346      0
347      38.7538
348      95.8878
349      0
350      0
351      84.234
352      0
353      94.2793
354      0
355      87.5904
356      98.9726
357      48.6446
358      69.439
359      60.6399
360      0
361      74.7588
362      95.1123
363      0
364      98.1242
365      79.9214
366      82.01
367      80.7281
368      78.832
369      0
370      94.4167
371      0
372      92.4669
373      0
374      90.4997
375      0
376      0
377      0
378      0
379      0
380      99.7516
381      0
382      73.8147
383      73.6383
384      99.1704
385      80.7607
386      0
387      48.0087
388      0
389      0
390      92.4127
391      99.5798
392      0
393      94.7932
394      64.6266
395      95.916
396      0
397      0
398      0
399      82.9442
400      0
401      0
402      99.8973
403      49.6766
404      0
405      0
406      90.4838
407      0
408      55.1437
409      0
410      0
411      0
412      0
413      0
414      85.5598
415      84.962
416      0
417      0
418      89.4243
419      0
420      0
421      90.4824
422      0
423      93.0941
424      95.2517
425      92.8988
426      92.432
427      0
428      0
429      85.8318
430      0
431      0
432      81.8758
433      60.8711
434      89.736
435      92.3018
436      99.171
437      0
438      50.9981
439      95.4124
440      95.8631
441      97.999
442      90.3448
443      89.8479
444      0
445      99.6288
446      0
447      93.3437
448      0
449      0
450      89.624
451      88.4664
452      94.5238
453      0
454      0
455      95.4934
456      0
457      0
458      82.0199
459      97.5339
460      0
461      70.9223
462      94.0309
463      90.4248
464      0
465      81.3048
466      80.9078
467      0
468      0
469      90.059
470      0
471      79.9027
472      92.6539
473      0
474      86.2174
475      55.2289
476      58.3566
477      57.9663
478      55.9961
479      97.5009
480      97.0917
481      90.6946
482      82.5515
483      0
484      0
485      0
486      91.6005
487      70.1362
488      94.8317
489      67.6257
490      0
491      0
492      73.8138
493      80.6391
494      0
495      0
496      66.6135
497      83.9755
498      99.0875
499      0
500      0
501      92.8887
502      86.7979
503      0
504      0
505      59.8202
506      92.4952
507      84.256
508      98.9456
509      0
510      89.016
511      76.8017
512      63.431
513      85.7876
514      99.5925
515      69.4985
516      0
517      90.108
518      44.8798
519      0
520      98.1611
521      96.6916
522      0
523      0
524      71.5102
525      90.4294
526      95.0066
527      95.9298
528      99.3108
529      0
530      95.0491
531      0
532      0
533      0
534      0
535      0
536      0
537      0
538      91.6223
539      0
540      67.9001
541      0
542      95.2353
543      0
544      0
545      92.3696
546      78.1046
547      66.081
548      93.3453
549      0
550      96.7462
551      81.2873
552      92.7136
553      91.4341
554      0
555      0
556      0
557      57.2497
558      93.1508
559      87.4476
560      95.2772
561      0
562      0
563      0
564      0
565      65.2526
566      82.9907
567      0
568      90.543
569      97.4585
570      95.8676
571      89.3516
572      0
573      0
574      0
575      84.2585
576      88.6421
577      94.5925
578      0
579      85.3639
580      76.3405
581      0
582      95.2221
583      0
584      88.9614
585      0
586      92.066
587      0
588      95.8839
589      94.2125
590      63.2816
591      0
592      66.2942
593      90.2572
594      70.6611
595      95.6127
596      0
597      0
598      0
599      88.3293
600      0
601      91.2036
602      58.7039
603      31.5303
604      0
605      97.9307
606      0
607      92.0601
608      93.7689
609      0
610      99.8354
611      72.4067
612      0
613      0
614      98.2453
615      77.7447
616      0
617      85.7703
618      0
619      0
620      0
621      61.1076
622      0
623      92.6753
624      0
625      79.4794
626      0
627      59.8595
628      86.1791
629      91.4346
630      94.5006
631      0
632      0
633      94.376
634      93.7845
635      98.3892
636      0
637      99.7103
638      0
639      0
640      93.6524
641      94.9407
642      0
643      64.9902
644      0
645      97.6505
646      0
647      0
648      0
649      94.8251
650      97.5517
651      0
652      0
653      81.2445
654      0
655      0
656      94.1722
657      0
658      0
659      92.7381
660      0
661      98.069
662      99.1673
663      0
664      98.1486
665      94.3748
666      0
667      0
668      0
669      0
670      0
671      81.2837
672      0
673      79.8923
674      97.8487
675      84.8197
676      90.1019
677      99.1847
678      83.4037
679      79.4116
680      74.6103
681      99.4777
682      0
683      90.6765
684      0
685      61.5999
686      94.9453
687      0
688      0
689      0
690      93.1652
691      59.7881
692      0
693      0
694      89.6585
695      57.1611
696      0
697      0
698      0
699      0
700      0
701      97.7202
702      79.5911
703      65.4573
704      71.6842
705      0
706      98.1792
707      0
708      57.9789
709      0
710      99.2487
711      97.1886
712      0
713      0
714      0
715      0
716      0
717      58.0541
718      78.3012
719      0
720      0
721      0
722      0
723      0
724      62.8746
725      68.9869
726      95.0103
727      78.3939
728      0
729      0
730      0
731      98.6911
732      89.9939
733      73.8143
734      0
735      0
736      83.6389
737      93.943
738      0
739      0
740      96.0824
741      78.7852
742      83.0158
743      95.4961
744      99.4526
745      0
746      84.8039
747      0
748      98.2301
749      98.5157
750      0
751      0
752      0
753      85.4288
754      91.7195
755      96.7202
756      99.908
757      96.746
758      0
759      99.0326
760      93.5183
761      89.606
762      95.2099
763      0
764      94.2634
765      0
766      98.6425
767      96.9157
768      0
769      90.7756
770      0
771      79.1397
772      98.6564
773      0
774      99.1587
775      97.3615
776      96.9311
777      0
778      82.2133
779      96.5063
780      80.1098
781      92.2704
782      0
783      92.156
784      88.4781
785      0
786      0
787      91.3153
788      0
789      98.002
790      62.097
791      36.8792
792      0
793      93.0066
794      81.6347
795      0
796      66.0782
797      98.1877
798      69.6739
799      99.7357
800      79.7821
801      0
802      93.4136
803      95.6005
804      0
805      0
806      0
807      0
808      99.0647
809      0
810      83.543
811      94.0832
812      0
813      74.7329
814      0
815      0
816      98.228
817      0
818      0
819      85.5765
820      96.486
821      70.4762
822      0
823      0
824      0
825      0
826      97.3629
827      99.1247
828      90.7531
829      99.3327
830      0
831      0
832      0
833      51.8545
834      0
835      90.4134
836      69.3001
837      0
838      0
839      0
840      65.5638
841      99.262
842      99.8234
843      51.5975
844      95.994
845      67.4826
846      67.0306
847      90.8016
848      0
849      95.6569
850      0
851      92.8202
852      0
853      96.5082
854      96.4134
855      0
856      0
857      0
858      0
859      0
860      84.2115
861      94.6122
862      0
863      42.5367
864      0
865      0
866      95.8389
867      0
868      0
869      64.2419
870      0
871      0
872      90.2935
873      0
874      81.6421
875      80.8631
876      0
877      99.9221
878      92.144
879      80.1175
880      0
881      51.2179
882      64.0788
883      97.5727
884      78.9735
885      99.1059
886      75.704
887      96.4474
888      93.9255
889      0
890      98.4708
891      79.8605
892      95.6575
893      0.000486796
894      0
895      91.3971
896      91.7077
897      0
898      89.2696
899      98.6969
900      0
901      78.3161
902      94.591
903      90.1233
904      0
905      65.689
906      0
907      96.3376
908      73.9478
909      60.9676
910      0
911      91.7129
912      0
913      0
914      0
915      68.8895
916      91.5042
917      0
918      75.8264
919      0
920      0
921      0
922      84.9164
923      0
924      86.5845
925      0
926      69.7095
927      0
928      0
929      0
930      90.7884
931      86.0035
932      97.3027
933      99.0919
934      82.1531
935      0
936      95.2526
937      0
938      99.511
939      98.9446
940      0
941      0
942      0
943      0
944      0
945      0
946      58.1875
947      0
948      0
949      0
950      0
951      84.3485
952      51.3691
953      97.8301
954      96.8254
955      0
956      96.2776
957      0
958      87.9463
959      99.3015
960      0
961      99.6965
962      0
963      0
964      0
965      0
966      0
967      99.6931
968      95.8646
969      89.0503
970      0
971      29.6895
972      89.7727
973      0
974      98.7724
975      42.444
976      0
977      86.0082
978      0
979      98.1879
980      0
981      89.8785
982      0
983      0
984      0
985      90.1625
986      0
987      99.9579
988      0
989      90.0898
990      0
991      98.8949
992      93.1955
993      0
994      0
995      92.8217
996      84.6065
997      87.9633
998      0
999      83.416
1000      46.5402
1001      0
1002      0
1003      98.6949
1004      78.2258
1005      88.4148
1006      98.4488
1007      0
1008      96.9472
1009      92.5843
1010      63.425
1011      0
1012      98.8955
1013      0
1014      0
1015      89.796
1016      0
1017      0
1018      98.0523
1019      51.6274
1020      68.2805
1021      83.626
1022      92.2836
1023      99.4724
1024      83.4668
1025      0
1026      0
1027      87.3768
1028      80.0137
1029      0
1030      0
1031      98.8653
1032      94.91
1033      84.0523
1034      0
1035      0
1036      97.5427
1037      0
1038      95.64
1039      0
1040      83.5311
1041      50.59
1042      71.938
1043      85.9796
1044      0
1045      97.4988
1046      0
1047      0
1048      0
1049      71.6681
1050      0
1051      99.1717
1052      0
1053      0
1054      80.3655
1055      0
1056      68.4121
1057      0
1058      0
1059      46.8454
1060      0
1061      93.8929
1062      0
1063      98.8826
1064      0
1065      62.2525
1066      0
1067      0
1068      81.3881
1069      0
1070      94.998
1071      92.8457
1072      0
1073      89.1993
1074      89.2287
1075      0
1076      95.6592
1077      90.1886
1078      99.0903
1079      91.1489
1080      99.9991
1081      97.6051
1082      0
1083      0
1084      68.7806
1085      0
1086      99.5377
1087      81.0981
1088      0
1089      92.0181
1090      0
1091      0
1092      97.151
1093      98.0846
1094      89.2323
1095      0
1096      89.0526
1097      96.8832
1098      0
1099      88.9181
1100      0
1101      96.7047
1102      0
1103      0
1104      0
1105      99.4432
1106      0
1107      98.9309
1108      0
1109      99.9109
1110      93.4399
1111      93.6918
1112      98.5816
1113      94.2015
1114      0
1115      0
1116      0
1117      0
1118      89.3034
1119      92.6584
1120      65.3975
1121      96.3914
1122      65.6544
1123      77.598
1124      59.7854
1125      0
1126      91.0304
1127      0
1128      0
1129      99.5818
1130      0
1131      0
1132      0
1133      99.1969
1134      65.6543
1135      0
1136      0
1137      60.2109
1138      0
1139      69.6093
1140      86.116
1141      99.0769
1142      0
1143      96.5077
1144      0
1145      93.9798
1146      92.8384
1147      62.5186
1148      51.7081
1149      72.0472
1150      86.057
1151      0
1152      86.2708
1153      83.0444
1154      95.3346
1155      0
1156      55.0112
1157      83.9605
1158      0
1159      0
1160      0
1161      0
1162      0
1163      92.7059
1164      98.2604
1165      77.2378
1166      83.4581
1167      0
1168      76.0303
1169      82.5279
1170      95.6023
1171      0
1172      92.6137
1173      0
1174      0
1175      0
1176      0
1177      48.4358
1178      0
1179      0
1180      0
1181      0
1182      0
1183      78.4238
1184      64.6661
1185      0
1186      85.2555
1187      96.3902
1188      60.0039
1189      72.0418
1190      88.2282
1191      0
1192      76.3298
1193      0
1194      65.7492
1195      64.9494
1196      0
1197      0
1198      64.3707
1199      93.2275
1200      80.664
1201      0
1202      0
1203      0
1204      0
1205      0
1206      69.6306
1207      87.3768
1208      66.4621
1209      0
1210      88.9789
1211      81.1485
1212      79.5947
1213      87.4246
1214      57.8987
1215      87.802
1216      88.9032
1217      99.7659
1218      0
1219      94.1581
1220      0
1221      85.1427
1222      69.48
1223      90.5127
1224      0
1225      73.5671
1226      0
1227      99.5806
1228      0
1229      93.993
1230      0
1231      0
1232      0
1233      99.653
1234      84.6935
1235      80.8721
1236      0
1237      0
1238      75.0743
1239      0
1240      97.7652
1241      0
1242      97.8938
1243      91.6083
1244      89.6958
1245      88.758
1246      0
1247      0
1248      96.0442
1249      93.1813
1250      74.9341
1251      0
1252      65.5129
1253      0
1254      68.9291
1255      0
1256      43.6816
1257      92.1094
1258      0
1259      86.0486
1260      68.9858
1261      93.6148
1262      0
1263      0
1264      76.3017
1265      95.0363
1266      73.3516
1267      92.8837
1268      0
1269      97.2609
1270      99.9859
1271      99.2158
1272      0
1273      0
1274      0
1275      82.666
1276      72.2232
1277      0
1278      80.056
1279      46.3189
1280      67.5827
1281      68.9141
1282      0
1283      69.1713
1284      73.8352
1285      93.1536
1286      81.1028
1287      66.1148
1288      0
1289      82.4583
1290      0
1291      0
1292      67.4538
1293      76.7438
1294      96.8712
1295      60.6845
1296      0
1297      99.775
1298      64.3986
1299      66.0704
1300      97.5837
1301      0
1302      92.7778
1303      0
1304      0
1305      0
1306      0
1307      79.971
1308      0
1309      0
1310      0
1311      0
1312      82.1398
1313      97.872
1314      0
1315      92.1347
1316      84.7982
1317      79.2921
1318      75.5577
1319      80.4898
1320      0
1321      0
1322      90.6248
1323      0
1324      0
1325      0
1326      0
1327      69.7366
1328      0
1329      0
1330      84.4217
1331      0
1332      0
1333      56.924
1334      98.602
1335      36.8503
1336      97.1774
1337      0
1338      0
1339      0
1340      0
1341      78.1442
1342      66.9006
1343      0
1344      98.8185
1345      72.5133
1346      53.8023
1347      94.3688
1348      93.7933
1349      99.4125
1350      0
1351      0
1352      0
1353      0
1354      0
1355      0
1356      50.7132
1357      0
1358      60.0902
1359      81.3807
1360      0
1361      0
1362      89.9045
1363      0
1364      56.0759
1365      76.905
1366      75.6252
1367      97.4369
1368      96.4699
1369      0
1370      0
1371      83.3071
1372      0
1373      0
1374      95.3029
1375      0
1376      70.5519
1377      97.2436
1378      89.5924
1379      78.5897
1380      96.2888
1381      87.0493
1382      49.2622
1383      0
1384      0
1385      96.7667
1386      0
1387      79.1044
1388      71.2767
1389      0
1390      0
1391      0
1392      66.2975
1393      68.9471
1394      0
1395      66.5357
1396      0
1397      79.5761
1398      0
1399      0
1400      70.223
1401      0
1402      0
1403      0
1404      0
1405      83.427
1406      61.4621
1407      0
1408      61.0136
1409      0
1410      0
1411      0
1412      0
1413      0
1414      0
1415      66.5544
1416      98.0701
1417      98.7394
1418      88.8628
1419      0
1420      0
1421      67.2559
1422      0
1423      88.1417
1424      0
1425      0
1426      72.5215
1427      98.072
1428      0
1429      0
1430      0
1431      91.8388
1432      89.4442
1433      0
1434      99.6881
1435      0
1436      0
1437      98.9375
1438      0
1439      81.4917
1440      87.9898
1441      98.2164
1442      97.4849
1443      45.7597
1444      0
1445      0
1446      68.77
1447      92.9869
1448      92.2927
1449      0
1450      0
1451      93.1094
1452      0
1453      80.2237
1454      0
1455      95.1652
1456      0
1457      0
1458      0
1459      0
1460      0
1461      0
1462      0
1463      80.0143
1464      0
1465      92.4175
1466      93.113
1467      89.4722
1468      30.807
1469      98.464
1470      84.283
1471      0
1472      0
1473      80.3514
1474      89.3653
1475      96.9901
1476      0
1477      0
1478      0
1479      0
1480      99.9492
1481      0
1482      99.6018
1483      0
1484      99.8415
1485      50.8686
1486      0
1487      0
1488      94.5419
1489      0
1490      0
1491      99.0661
1492      0
1493      90.7549
1494      0
1495      91.8863
1496      0
1497      96.4334
1498      95.6098
1499      63.0185
1500      90.4592
1501      44.5492
1502      0
1503      0
1504      53.3268
1505      90.7518
1506      0
1507      0
1508      66.1507
1509      0
1510      0
1511      68.4835
1512      99.5832
1513      0
1514      0
1515      92.6898
1516      0
1517      89.5655
1518      97.6822
1519      72.9666
1520      43.0601
1521      97.6848
1522      98.9078
1523      98.7655
1524      96.7193
1525      99.4926
1526      0
1527      97.8771
1528      0
1529      0
1530      0
1531      98.2261
1532      97.6013
1533      86.2002
1534      0
1535      81.1863
1536      95.1504
1537      92.3894
1538      0
1539      96.3758
1540      0
1541      94.4623
1542      94.6829
1543      0
1544      0
1545      0
1546      96.1978
1547      98.3932
1548      91.0451
1549      0
1550      63.6693
1551      0
1552      0
1553      0
1554      0
1555      83.2257
1556      0
1557      75.1552
1558      0
1559      51.7392
1560      43.9217
1561      0
1562      90.7343
1563      67.6095
1564      89.5948
1565      95.6618
1566      97.9405
1567      77.0074
1568      93.3203
1569      0
1570      98.9578
1571      0
1572      83.0077
1573      99.7816
1574      44.9459
1575      0
1576      0
1577      0
1578      0
1579      0
1580      94.7663
1581      0
1582      69.6371
1583      0
1584      93.0348
1585      0
1586      92.6349
1587      72.2552
1588      0
1589      67.2417
1590      0
1591      89.5609
1592      73.5579
1593      91.9645
1594      0
1595      0
1596      0
1597      98.1488
1598      80.9146
1599      0
1600      88.179
1601      0
1602      95.4046
1603      96.4352
1604      0
1605      95.1625
1606      99.8495
1607      94.3107
1608      60.0097
1609      93.6129
1610      0
1611      0
1612      0
1613      89.5346
1614      98.1815
1615      0
1616      0
1617      0
1618      0
1619      94.0253
1620      0
1621      0
1622      99.1199
1623      95.0705
1624      79.6565
1625      98.0469
1626      63.479
1627      0
1628      0
1629      0
1630      94.7036
1631      87.6243
1632      68.3013
1633      93.7157
1634      0
1635      0
1636      0
1637      84.3043
1638      97.7002
1639      0
1640      0
1641      98.3416
1642      47.6032
1643      0
1644      75.941
1645      0
1646      82.4655
1647      0
1648      0
1649      0
1650      68.7825
1651      0
1652      0
1653      98.0577
1654      90.9109
1655      91.6254
1656      92.5884
1657      69.1109
1658      0
1659      0
1660      96.8269
1661      90.267
1662      95.2986
1663      89.6147
1664      74.1809
1665      0
1666      74.7143
1667      95.4631
1668      86.8695
1669      0
1670      0
1671      82.9042
1672      0
1673      0
1674      0
1675      87.1715
1676      0
1677      0
1678      0
1679      85.8461
1680      0
1681      59.53
1682      0
1683      97.3433
1684      99.3129
1685      0
1686      0
1687      50.5772
1688      87.4153
1689      0
1690      0
1691      96.6667
1692      98.7617
1693      0
1694      0
1695      92.2189
1696      68.4984
1697      0
1698      99.222
1699      0
1700      94.2814
1701      68.2184
1702      65.9644
1703      0
1704      0
1705      0
1706      0
1707      69.0159
1708      75.29
1709      0
1710      89.9823
1711      92.3196
1712      0
1713      94.8992
1714      78.5864
1715      96.0823
1716      81.1847
1717      79.0746
1718      0
1719      79.7247
1720      97.97
1721      0
1722      0
1723      84.727
1724      94.5187
1725      0
1726      94.8516
1727      0
1728      64.0617
1729      81.1868
1730      72.5775
1731      90.7975
1732      91.6212
1733      0
1734      93.7561
1735      0
1736      0
1737      94.2307
1738      0
1739      85.2557
1740      77.855
1741      0
1742      91.3404
1743      97.4263
1744      82.9951
1745      0
1746      0
1747      87.6724
1748      0
1749      91.2163
1750      68.6006
1751      0
1752      0
1753      77.8036
1754      99.3529
1755      99.7926
1756      97.5014
1757      0
1758      84.7859
1759      99.3524
1760      96.6326
1761      0
1762      97.1072
1763      0
1764      99.0083
1765      44.808
1766      0
1767      0
1768      0
1769      0
1770      99.3556
1771      0
1772      99.117
1773      0
1774      94.3642
1775      92.711
1776      90.2237
1777      0
1778      0
1779      0
1780      90.4383
1781      44.5029
1782      96.5491
1783      49.581
1784      80.282
1785      0
1786      0
1787      99.4598
1788      49.13
1789      89.4844
1790      93.3206
1791      89.4972
1792      92.7348
1793      97.0053
1794      78.2595
1795      76.315
1796      92.6359
1797      0
1798      0
1799      75.3325
1800      96.7586
1801      0
1802      86.6272
1803      88.9479
1804      0
1805      99.7716
1806      92.6557
1807      95.0949
1808      60.7207
1809      91.6072
1810      96.0339
1811      0
1812      95.3796
1813      88.5141
1814      0
1815      94.4849
1816      0
1817      94.2513
1818      0
1819      0
1820      97.2441
1821      0
1822      0
1823      94.897
1824      81.2801
1825      88.5435
1826      80.656
1827      0
1828      0
1829      49.9839
1830      59.4976
1831      0
1832      92.8326
1833      0
1834      68.9566
1835      96.3349
1836      0
1837      0
1838      0
1839      68.1223
1840      0
1841      78.8824
1842      95.9074
1843      0
1844      0
1845      0
1846      0
1847      0
1848      0
1849      0
1850      0
1851      97.9905
1852      99.5867
1853      94.2321
1854      81.9756
1855      0
1856      62.5189
1857      69.4821
1858      0
1859      68.7242
1860      81.431
1861      78.4982
1862      87.4788
1863      0
1864      0
1865      0
1866      0
1867      90.7911
1868      0
1869      92.7297
1870      0
1871      0
1872      75.2918
1873      60.2751
1874      0
1875      89.4976
1876      90.7997
1877      95.3009
1878      0
1879      0
1880      0
1881      0
1882      0
1883      93.6506
1884      0
1885      51.209
1886      0
1887      99.265
1888      92.4192
1889      0
1890      97.4201
1891      0
1892      94.7207
1893      0
1894      63.1508
1895      0
1896      0
1897      0
1898      91.7679
1899      0
1900      90.2605
1901      0
1902      92.4203
1903      89.5313
1904      0
1905      96.7955
1906      0
1907      97.1762
1908      98.9831
1909      89.6563
1910      0
1911      89.0147
1912      0
1913      0
1914      0
1915      86.2941
1916      0
1917      97.8977
1918      80.6147
1919      68.9402
1920      76.8214
1921      85.8903
1922      0
1923      58.5136
1924      0
1925      0
1926      0
1927      0
1928      83.9254
1929      0
1930      72.154
1931      86.4991
1932      92.5753
1933      98.7817
1934      0
1935      0
1936      98.8832
1937      0
1938      43.1147
1939      86.4707
1940      0
1941      90.805
1942      0
1943      0
1944      88.0787
1945      0
1946      0
1947      68.0068
1948      0
1949      83.3503
1950      0
1951      85.573
1952      0
1953      64.6598
1954      94.6663
1955      0
1956      0
1957      0
1958      0
1959      97.6527
1960      75.9378
1961      82.265
1962      78.2353
1963      0
1964      0
1965      94.8539
1966      94.0299
1967      0
1968      54.9569
1969      92.1128
1970      88.8692
1971      97.7675
1972      92.9627
1973      0
1974      82.2223
1975      0
1976      0
1977      0
1978      0
1979      76.7929
1980      0
1981      99.2937
1982      94.3768
1983      0
1984      52.7743
1985      97.0804
1986      89.5027
1987      67.723
1988      0
1989      0
1990      0
1991      80.0069
1992      65.3422
1993      94.8006
1994      0
1995      0
1996      76.7628
1997      81.8095
1998      80.3166
1999      0
2000      69.1731
2001      0
2002      0
2003      93.3527
2004      0
2005      59.289
2006      81.4173
2007      16.4275
2008      99.1331
2009      89.7489
2010      0
2011      51.5908
2012      75.9135
2013      87.7614
2014      58.7004
2015      93.9967
2016      0
2017      54.1597
2018      0
2019      0
2020      59.7423
2021      0
2022      0
2023      0
2024      87.3617
2025      98.6064
2026      97.8911
2027      89.8088
2028      0
2029      0
2030      91.6293
2031      97.7694
2032      0
2033      0
2034      0
2035      84.8031
2036      94.7294
2037      88.3067
2038      60.9217
2039      52.3695
2040      0
2041      52.2083
2042      67.3422
2043      0
2044      95.9833
2045      0
2046      73.3969
2047      75.2462
2048      82.0874
2049      58.2201
2050      61.1009
2051      79.1577
2052      93.2126
2053      87.8922
2054      0
2055      96.4331
2056      0
2057      0
2058      0
2059      70.1799
2060      0
2061      0
2062      0
2063      0
2064      0
2065      0
2066      67.8671
2067      80.2229
2068      0
2069      66.1379
2070      0
2071      0
2072      0
2073      0
2074      0
2075      0
2076      77.4523
2077      99.389
2078      0
2079      92.2894
2080      0
2081      0
2082      0
2083      38.1223
2084      69.2467
2085      70.7571
2086      0
2087      67.9684
2088      83.9679
2089      92.487
2090      98.6228
2091      83.9157
2092      0
2093      0
2094      0
2095      0
2096      75.8889
2097      0
2098      57.453
2099      99.8705
2100      22.0229
2101      0
2102      45.446
2103      95.1316
2104      91.6143
2105      90.5693
2106      94.9933
2107      68.8391
2108      95.2385
2109      92.5636
2110      0
2111      0
2112      92.7554
2113      0
2114      0
2115      99.0891
2116      0
2117      92.6115
2118      91.6659
2119      0
2120      89.6431
2121      81.8801
2122      75.6167
2123      89.2993
2124      0
2125      0
2126      88.1951
2127      77.4121
2128      84.41
2129      0
2130      0
2131      80.977
2132      99.1119
2133      75.811
2134      92.5827
2135      71.4814
2136      91.8547
2137      85.8469
2138      84.6063
2139      97.3611
2140      0
2141      98.8448
2142      94.0548
2143      0
2144      0
2145      93.8247
2146      61.9062
2147      0
2148      49.81
2149      0
2150      0
2151      92.5002
2152      98.9448
2153      95.0112
2154      0
2155      95.107
2156      72.5286
2157      97.7307
2158      89.3268
2159      87.684
2160      49.7551
2161      0
2162      83.9736
2163      0
2164      87.7959
2165      97.3367
2166      0
2167      0
2168      0
2169      77.8768
2170      0
2171      99.7069
2172      94.983
2173      98.4422
2174      0
2175      92.0749
2176      98.5632
2177      0
2178      93.093
2179      0
2180      0
2181      0
2182      0
2183      0
2184      88.9528
2185      88.0547
2186      93.8761
2187      98.376
2188      0
2189      76.8234
2190      79.8565
2191      0
2192      0
2193      95.0876
2194      57.3126
2195      94.2822
2196      23.9049
2197      81.252
2198      68.0962
2199      86.871
2200      66.3862
2201      58.6765
2202      52.9566
2203      0
2204      0
2205      0
2206      0
2207      0
2208      85.3859
2209      0
2210      0
2211      0
2212      0
2213      99.8281
2214      88.9063
2215      93.4785
2216      0
2217      0
2218      0
2219      83.8164
2220      80.3817
2221      94.7843
2222      0
2223      95.9638
2224      98.813
2225      0
2226      78.8537
2227      98.2316
2228      77.1649
2229      75.8366
2230      0
2231      97.8343
2232      98.2821
2233      72.5044
2234      56.9645
2235      72.6299
2236      71.6755
2237      0
2238      0
2239      72.2584
2240      79.6136
2241      92.3871
2242      97.7631
2243      98.7872
2244      0
2245      0
2246      0
2247      99.2328
2248      0
2249      33.9821
2250      0
2251      86.291
2252      94.7019
2253      0
2254      0
2255      79.3754
2256      87.1919
2257      99.3868
2258      81.848
2259      0
2260      89.283
2261      86.6376
2262      99.572
2263      86.8195
2264      98.4394
2265      99.8999
2266      0
2267      0
2268      0
2269      96.5522
2270      95.8272
2271      69.7246
2272      87.343
2273      0
2274      84.793
2275      99.8141
2276      75.5641
2277      65.3181
2278      59.8926
2279      82.0881
2280      0
2281      0
2282      0
2283      42.4044
2284      93.1203
2285      0
2286      0
2287      0
2288      86.1354
2289      0
2290      76.4585
2291      0
2292      91.6624
2293      0
2294      98.6105
2295      97.2298
2296      0
2297      86.1741
2298      66.8519
2299      0
2300      0
2301      77.0112
2302      0
2303      94.1687
2304      0
2305      0
2306      92.082
2307      99.1139
2308      0
2309      0
2310      88.3207
2311      0
2312      94.6334
2313      87.136
2314      0
2315      98.7445
2316      69.3074
2317      0
2318      86.1467
2319      0
2320      54.8624
2321      52.1544
2322      0
2323      0
2324      89.034
2325      94.7051
2326      93.9077
2327      86.4662
2328      86.6561
2329      0
2330      0
2331      95.9031
2332      0
2333      87.9893
2334      0
2335      0
2336      0
2337      0
2338      0
2339      98.8755
2340      86.6616
2341      0
2342      83.4172
2343      72.9993
2344      0
2345      0
2346      73.3677
2347      75.0206
2348      87.011
2349      0
2350      95.9385
2351      94.5818
2352      63.4355
2353      88.3962
2354      99.0853
2355      0
2356      90.9337
2357      0
2358      92.3918
2359      0
2360      92.2492
2361      47.1346
2362      94.0786
2363      61.1792
2364      98.7724
2365      0
2366      75.3399
2367      96.9645
2368      95.2016
2369      85.8972
2370      77.8718
2371      0
2372      94.3106
2373      92.6838
2374      99.8247
2375      0
2376      74.231
2377      93.1559
2378      99.3299
2379      74.709
2380      86.0311
2381      98.2233
2382      0
2383      0
2384      86.2166
2385      0
2386      96.5316
2387      94.7467
2388      0
2389      0
2390      0
2391      75.4557
2392      77.1872
2393      0
2394      91.8962
2395      0
2396      0
2397      89.1397
2398      0
2399      81.953
2400      91.1696
2401      65.4498
2402      0
2403      0
2404      90.4476
2405      0
2406      0
2407      0
2408      0
2409      68.2989
2410      92.3152
2411      0
2412      74.3718
2413      97.117
2414      91.7667
2415      0
2416      83.2302
2417      74.728
2418      91.6229
2419      0
2420      97.5793
2421      0
2422      0
2423      94.1785
2424      0
2425      98.358
2426      48.2685
2427      0
2428      93.8149
2429      76.6287
2430      86.2512
2431      0
2432      99.3304
2433      76.3873
2434      95.9451
2435      90.9674
2436      89.7876
2437      0
2438      99.1211
2439      73.979
2440      78.8007
2441      98.9004
2442      66.4845
2443      0
2444      0
2445      72.6077
2446      0
2447      89.5502
2448      0
2449      0
2450      86.7409
2451      87.2188
2452      0
2453      87.2749
2454      0
2455      0
2456      0
2457      0
2458      0
2459      0
2460      0
2461      0
2462      99.438
2463      48.982
2464      62.342
2465      0
2466      99.3191
2467      96.9145
2468      0
2469      0
2470      53.6352
2471      93.5531
2472      0
2473      93.0843
2474      0
2475      77.0935
2476      66.9611
2477      0
2478      0
2479      79.6149
2480      0
2481      0
2482      70.8982
2483      85.1229
2484      0
2485      90.8155
2486      85.2858
2487      34.0958
2488      91.1013
2489      90.8245
2490      97.979
2491      82.152
2492      75.3775
2493      88.3445
2494      84.9257
2495      0
2496      78.0471
2497      0
2498      0
2499      90.1674
       77410
