0      0
1      0
2      99.619
3      77.2888
4      94.7013
5      83.6074
6      96.2733
7      0
8      84.9644
9      94.3691
10      95.3764
11      0
12      0
13      97.7625
14      61.4968
15      0
16      79.9664
17      58.3953
18      82.2451
19      94.5531
20      0
21      0
22      52.8686
23      96.7324
24      0
25      0
26      95.2161
27      0
28      93.3379
29      0
30      0
31      33.2613
32      0
33      0
34      0
35      72.8552
36      97.606
37      87.0363
38      68.754
39      99.4772
40      55.3238
41      86.5859
42      0
43      0
44      68.1414
45      0
46      96.0528
47      75.6161
48      0
49      96.9468
50      0
51      84.8933
52      74.8054
53      99.8846
54      0
55      98.9614
56      99.44
57      74.5147
58      79.8283
59      0
60      55.9673
61      98.6697
62      77.0909
63      0
64      64.2874
65      0
66      80.2414
67      96.5153
68      99.9203
69      0
70      0
71      0
72      67.2875
73      0
74      0
75      0
76      98.4181
77      0
78      0
79      0
80      87.1484
81      0
82      87.3324
83      0
84      69.8197
85      40.8333
86      0
87      0
88      87.0844
89      0
90      0
91      0
92      0
93      0
94      68.4629
95      97.7479
96      0
97      94.0338
98      88.582
99      97.7481
100      90.9864
101      96.5063
102      65.4374
103      66.5974
104      96.3415
105      0
106      0
107      84.6841
108      0
109      0
110      0
111      0
112      0
113      98.1425
114      0
115      52.0604
116      0
117      0
118      0
119      81.8807
120      78.4459
121      91.8109
122      99.9875
123      0
124      0
125      97.3993
126      89.9805
127      92.0423
128      76.6979
129      0
130      0
131      0
132      57.5315
133      85.4984
134      0
135      0
136      0
137      97.8471
138      67.1587
139      0
140      0
141      98.6902
142      71.623
143      0
144      0
145      94.551
146      98.1214
147      90.9725
148      77.4917
149      93.7555
150      93.8325
151      67.1971
152      0
153      0
154      0
155      94.1101
156      37.8061
157      99.4318
158      0
159      0
160      97.7198
161      0
162      0
163      98.6928
164      80.1521
165      0
166      66.5874
167      0
168      94.7014
169      46.4898
170      91.3203
171      96.9562
172      0
173      81.8093
174      96.029
175      0
176      98.82
177      91.6155
178      0
179      85.712
180      88.5176
181      97.6506
182      78.7082
183      61.1804
184      0
185      89.3277
186      95.0251
187      0
188      0
189      96.82
190      0
191      86.7091
192      0
193      88.497
194      99.4575
195      76.757
196      0
197      75.696
198      77.6673
199      0
200      0
201      0
202      76.4159
203      0
204      0
205      99.2848
206      0
207      94.376
208      83.3739
209      0
210      0
211      98.4127
212      83.7157
213      0
214      0
215      0
216      94.1803
217      0
218      85.0636
219      98.7462
220      91.4117
221      46.7763
222      84.9564
223      0
224      91.4591
225      0
226      99.4842
227      96.3832
228      0
229      0
230      96.6686
231      0
232      47.4629
233      84.7728
234      52.0686
235      35.0758
236      0
237      94.8518
238      0
239      93.8976
240      84.8595
241      0
242      50.9697
243      56.5108
244      81.6844
245      79.8868
246      89.4947
247      82.3607
248      88.0122
249      73.2502
250      92.4108
251      0
252      0
253      0
254      76.3566
255      82.3729
256      0
257      70.9395
258      78.2511
259      0
260      0
261      0
262      45.8473
263      0
264      0
265      0
266      93.3281
267      93.2282
268      0
269      80.8641
270      94.8315
271      99.7091
272      61.5083
273      82.327
274      0
275      52.9689
276      0
277      82.6251
278      0
279      0
280      98.9113
281      0
282      0
283      0
284      0
285      0
286      0
287      83.5375
288      73.1334
289      97.273
290      56.0855
291      81.3377
292      84.9194
293      85.0371
294      98.3504
295      0
296      0
297      0
298      0
299      0
300      61.0512
301      0
302      74.6673
303      0
304      92.9273
305      0
306      90.8053
307      59.223
308      89.3004
309      0
310      0
311      0
312      98.4355
313      0
314      0
315      97.1909
316      0
317      57.4547
318      67.4571
319      99.6769
320      83.799
321      0
322      93.3787
323      95.5969
324      90.3127
325      70.8252
326      0
327      93.6838
328      94.0771
329      0
330      99.1883
331      91.2437
332      93.1341
333      89.3736
334      95.6635
335      80.145
336      93.3594
337      99.2848
338      84.5274
339      86.7851
340      0
341      0
342      96.2617
343      0
344      0
345      89.2271
346      96.2604
347      93.7816
348      70.0408
349      93.8383
350      79.1648
351      84.56
352      0
353      98.6892
354      93.3506
355      92.1318
356      85.4011
357      88.3534
358      97.4107
359      74.8905
360      0
361      72.2565
362      97.7812
363      97.9591
364      0
365      74.2388
366      0
367      0
368      99.2913
369      98.9443
370      0
371      0
372      0
373      92.8622
374      0
375      63.5897
376      0
377      95.7926
378      0
379      54.9803
380      0
381      85.7897
382      0
383      99.7151
384      99.6874
385      0
386      95.682
387      0
388      0
389      83.4133
390      87.1055
391      83.6396
392      86.4622
393      97.3141
394      72.3129
395      0
396      85.1481
397      98.4339
398      0
399      0
400      50.9257
401      93.3982
402      52.5038
403      0
404      84.7878
405      0
406      86.6385
407      0
408      0
409      86.2968
410      76.5171
411      0
412      93.8657
413      95.5838
414      0
415      77.1747
416      98.9912
417      0
418      0
419      0
420      98.3028
421      0
422      88.3943
423      0
424      0
425      62.6857
426      99.4291
427      54.2795
428      95.1593
429      92.8477
430      94.3475
431      0
432      89.7415
433      0
434      0
435      93.4923
436      0
437      0
438      99.2493
439      99.4834
440      0
441      57.4454
442      0
443      96.5966
444      83.4489
445      0
446      92.3365
447      92.0307
448      93.8971
449      0
450      80.3903
451      0
452      0
453      0
454      0
455      93.7552
456      0
457      85.6266
458      93.8333
459      0
460      0
461      99.4869
462      0
463      60.3443
464      0
465      77.6539
466      96.3316
467      80.4161
468      88.2545
469      99.7961
470      0
471      98.7652
472      98.333
473      0
474      59.0279
475      96.5178
476      89.9057
477      0
478      0
479      99.339
480      0
481      98.6909
482      0
483      0
484      74.6986
485      96.3397
486      95.4445
487      98.2967
488      82.8041
489      0
490      0
491      0
492      95.2728
493      92.2513
494      0
495      0
496      83.3706
497      62.8943
498      63.6276
499      0
500      98.5217
501      72.0807
502      57.3145
503      94.0376
504      77.4514
505      0
506      0
507      96.7174
508      0
509      0
510      91.0348
511      71.3013
512      96.1738
513      78.5669
514      0
515      80.6898
516      99.0512
517      0
518      0
519      0
520      97.9349
521      0
522      0
523      86.917
524      0
525      0
526      0
527      99.3215
528      99.6908
529      99.3867
530      43.5625
531      72.3733
532      97.1356
533      95.6495
534      62.4625
535      0
536      54.8807
537      97.444
538      72.5117
539      95.7617
540      0
541      0
542      86.2489
543      86.5548
544      83.109
545      0
546      0
547      0
548      0
549      0
550      0
551      87.951
552      0
553      0
554      0
555      0
556      80.7577
557      0
558      0
559      0
560      98.1072
561      93.3893
562      0
563      53.4696
564      90.328
565      86.4807
566      83.5644
567      91.6734
568      96.899
569      48.7062
570      92.8422
571      98.2849
572      96.8249
573      99.5287
574      0
575      85.026
576      0
577      99.12
578      96.6325
579      51.1062
580      0
581      0
582      83.1156
583      87.9663
584      0
585      0
586      0
587      93.6031
588      97.4058
589      0
590      96.7331
591      73.8613
592      57.1939
593      93.2775
594      91.1532
595      0
596      0
597      0
598      86.2203
599      0
600      93.3208
601      90.6419
602      64.7129
603      0
604      97.2326
605      99.8042
606      65.1514
607      90.6523
608      0
609      0
610      74.9043
611      35.4451
612      59.306
613      93.7306
614      99.6425
615      80.7611
616      0
617      0
618      74.5021
619      63.2381
620      98.7083
621      93.6918
622      0
623      94.7014
624      0
625      99.3069
626      53.374
627      93.1075
628      97.8032
629      0
630      73.5254
631      95.0853
632      98.3874
633      94.2359
634      83.8979
635      0
636      0
637      0
638      91.8739
639      0
640      0
641      98.4504
642      86.7038
643      0
644      99.3675
645      87.6296
646      91.812
647      0
648      85.233
649      97.9382
650      0
651      89.6876
652      97.5098
653      0
654      0
655      0
656      85.3309
657      63.6389
658      0
659      0
660      96.9892
661      0
662      0
663      68.0433
664      0
665      0
666      90.496
667      91.8156
668      53.7759
669      0
670      0
671      0
672      99.9269
673      0
674      0
675      90.3468
676      92.294
677      99.3896
678      0
679      97.9388
680      69.1607
681      0
682      0
683      0
684      90.5174
685      98.5507
686      0
687      96.3899
688      82.5346
689      78.0867
690      71.8607
691      59.966
692      0
693      33.7159
694      96.666
695      92.9339
696      99.8404
697      60.5673
698      87.3087
699      92.0147
700      85.2378
701      97.2636
702      0
703      0
704      94.5904
705      99.3144
706      0
707      97.4267
708      0
709      94.7152
710      0
711      0
712      93.9682
713      83.6855
714      96.9443
715      0
716      0
717      97.2884
718      0
719      61.7821
720      0
721      0
722      0
723      68.8232
724      96.0851
725      0
726      73.4241
727      95.8258
728      0
729      94.2489
730      79.2783
731      87.5497
732      0
733      0
734      88.9986
735      0
736      85.2336
737      56.7451
738      0
739      70.1755
740      0
741      0
742      87.363
743      0
744      0
745      97.9554
746      80.448
747      0
748      0
749      0
750      93.5658
751      89.5157
752      87.2819
753      99.3268
754      0
755      85.5757
756      71.3304
757      0
758      0
759      0
760      99.2159
761      39.3786
762      74.4402
763      0
764      0
765      98.3192
766      0
767      75.6211
768      0
769      0
770      0
771      0
772      46.2084
773      77.4678
774      0
775      78.2682
776      0
777      0
778      0
779      50.863
780      0
781      83.8691
782      96.1435
783      63.5152
784      86.6453
785      0
786      0
787      67.6391
788      0
789      94.7839
790      0
791      0
792      90.2875
793      89.0709
794      0
795      0
796      0
797      0
798      0
799      93.5567
800      88.8807
801      66.9802
802      0
803      86.6609
804      93.624
805      48.9364
806      0
807      0
808      56.0659
809      88.83
810      0
811      0
812      0
813      90.4172
814      84.433
815      0
816      0
817      99.7019
818      61.3038
819      94.5838
820      91.9972
821      0
822      0
823      90.8803
824      0
825      81.5208
826      48.17
827      90.7284
828      73.4173
829      0
830      75.4465
831      74.4483
832      0
833      96.1312
834      92.2662
835      96.0958
836      0
837      0
838      0
839      98.4714
840      0
841      81.7126
842      99.8155
843      77.6444
844      0
845      67.1753
846      93.9837
847      97.3237
848      86.5881
849      0
850      85.4192
851      0
852      98.2617
853      69.0243
854      64.5083
855      0
856      85.1517
857      0
858      94.1056
859      95.1732
860      86.0633
861      45.9759
862      89.5607
863      63.7629
864      0
865      98.9503
866      0
867      52.2377
868      97.0025
869      94.389
870      0
871      0
872      94.4777
873      0
874      98.3082
875      93.6179
876      0
877      0
878      96.1424
879      92.2841
880      92.2819
881      87.439
882      0
883      99.1992
884      97.579
885      0
886      99.1903
887      98.3912
888      92.5064
889      0
890      94.3637
891      76.8435
892      93.4359
893      87.1946
894      0
895      0
896      0
897      0
898      95.3749
899      91.6945
900      0
901      96.2045
902      0
903      76.6215
904      92.4075
905      90.8867
906      95.7309
907      86.2233
908      0
909      96.0078
910      92.6147
911      0
912      0
913      0
914      84.9317
915      69.6793
916      85.3568
917      90.8215
918      97.1715
919      67.6201
920      99.0142
921      0
922      85.185
923      0
924      90.0146
925      98.4694
926      89.2265
927      94.2758
928      64.6213
929      79.3321
930      84.2458
931      0
932      93.3191
933      74.0082
934      91.336
935      84.9403
936      0
937      0
938      0
939      80.6386
940      0
941      90.6855
942      64.6306
943      0
944      0
945      0
946      85.8668
947      0
948      95.884
949      0
950      0
951      54.416
952      0
953      65.4351
954      0
955      98.6898
956      0
957      0
958      0
959      95.0425
960      97.73
961      82.8444
962      0
963      73.805
964      0
965      62.404
966      96.2024
967      93.6336
968      70.8578
969      69.9159
970      95.7201
971      0
972      91.6657
973      60.0876
974      64.2265
975      93.1838
976      0
977      95.6467
978      91.3386
979      56.9328
980      73.8336
981      99.8583
982      86.4044
983      89.3385
984      72.4964
985      70.6482
986      95.4499
987      0
988      98.6871
989      0
990      99.2814
991      0
992      0
993      0
994      0
995      99.6552
996      97.4405
997      0
998      0
999      95.6294
1000      88.8588
1001      0
1002      96.5685
1003      82.7714
1004      97.1087
1005      99.242
1006      65.3795
1007      97.7285
1008      89.6557
1009      89.8409
1010      0
1011      0
1012      0
1013      94.5366
1014      0
1015      79.5694
1016      0
1017      88.217
1018      0
1019      0
1020      76.5016
1021      0
1022      0
1023      0
1024      0
1025      0
1026      90.872
1027      0
1028      0
1029      0
1030      0
1031      0
1032      72.1607
1033      0
1034      93.82
1035      0
1036      0
1037      0
1038      80.3624
1039      98.215
1040      99.4589
1041      86.362
1042      0
1043      86.563
1044      74.9772
1045      80.9154
1046      0
1047      0
1048      96.4009
1049      0
1050      99.693
1051      0
1052      0
1053      99.4744
1054      0
1055      78.3163
1056      0
1057      41.8915
1058      0
1059      99.595
1060      78.8301
1061      99.1746
1062      83.9305
1063      80.7757
1064      0
1065      0
1066      95.9698
1067      87.4956
1068      0
1069      0
1070      0
1071      52.432
1072      23.5981
1073      97.9005
1074      0
1075      64.3422
1076      0
1077      38.9165
1078      99.6719
1079      81.6355
1080      93.512
1081      86.6233
1082      97.4357
1083      98.3679
1084      88.1656
1085      99.09
1086      93.9591
1087      61.5679
1088      0
1089      94.0353
1090      82.9049
1091      82.0922
1092      0
1093      0
1094      92.0635
1095      97.194
1096      56.3554
1097      0
1098      0
1099      0
1100      0
1101      98.034
1102      0
1103      0
1104      0
1105      91.0019
1106      91.4123
1107      0
1108      0
1109      78.9542
1110      71.5057
1111      0
1112      97.0126
1113      52.6544
1114      77.1808
1115      70.2549
1116      96.1429
1117      0
1118      0
1119      0
1120      94.586
1121      74.545
1122      91.028
1123      0
1124      92.5211
1125      85.4245
1126      95.0426
1127      75.3887
1128      0
1129      0
1130      0
1131      0
1132      45.0138
1133      98.3376
1134      0
1135      0
1136      51.451
1137      40.2134
1138      0
1139      0
1140      86.0708
1141      0
1142      0
1143      78.4359
1144      0
1145      0
1146      0
1147      92.6239
1148      94.4492
1149      87.2015
1150      97.6197
1151      98.018
1152      98.3297
1153      51.7923
1154      92.9969
1155      95.8448
1156      86.9411
1157      99.1311
1158      99.2915
1159      90.6263
1160      0
1161      93.4386
1162      96.2583
1163      0
1164      0
1165      0
1166      0
1167      89.879
1168      63.5863
1169      73.67
1170      0
1171      95.3804
1172      0
1173      0
1174      97.0439
1175      0
1176      96.5431
1177      0
1178      64.1201
1179      93.5511
1180      62.2686
1181      78.8485
1182      0
1183      0
1184      79.8388
1185      77.0811
1186      98.2376
1187      0
1188      0
1189      46.4338
1190      95.7004
1191      0
1192      0
1193      0
1194      90.9154
1195      87.6416
1196      85.4167
1197      99.8039
1198      99.6603
1199      87.6363
1200      92.0126
1201      96.5683
1202      88.9081
1203      76.7438
1204      97.2191
1205      99.5319
1206      0
1207      0
1208      96.6225
1209      63.6749
1210      99.7615
1211      88.4188
1212      83.2819
1213      0
1214      0
1215      0
1216      0
1217      0
1218      0
1219      98.0821
1220      73.0059
1221      0
1222      95.2156
1223      39.2284
1224      77.2847
1225      91.7461
1226      96.3108
1227      57.8308
1228      0
1229      0
1230      96.3426
1231      60.2853
1232      89.8996
1233      94.6654
1234      76.9204
1235      90.978
1236      88.0421
1237      0
1238      98.8078
1239      0
1240      91.9028
1241      93.3528
1242      97.942
1243      93.1013
1244      0
1245      94.3855
1246      56.3334
1247      0
1248      0
1249      0
1250      85.6105
1251      0
1252      0
1253      83.4061
1254      92.3162
1255      99.8026
1256      0
1257      86.3978
1258      0
1259      86.1146
1260      0
1261      94.5378
1262      89.1312
1263      0
1264      54.4035
1265      0
1266      0
1267      0
1268      0
1269      99.5603
1270      0
1271      89.854
1272      84.8684
1273      0
1274      0
1275      75.6468
1276      96.0289
1277      0
1278      0
1279      84.6776
1280      0
1281      0
1282      92.2464
1283      93.3114
1284      0
1285      66.4323
1286      95.132
1287      0
1288      0
1289      0
1290      96.052
1291      70.7203
1292      0
1293      55.881
1294      0
1295      93.5278
1296      96.7483
1297      91.4779
1298      0
1299      0
1300      0
1301      0
1302      93.3219
1303      0
1304      81.3191
1305      0
1306      98.7512
1307      96.5608
1308      91.1856
1309      0
1310      92.1165
1311      98.2641
1312      0
1313      0
1314      96.0134
1315      98.2088
1316      0
1317      0
1318      0
1319      45.9732
1320      77.3228
1321      0
1322      95.4597
1323      0
1324      0
1325      94.8257
1326      0
1327      0
1328      95.6253
1329      0
1330      99.7641
1331      0
1332      0
1333      99.1839
1334      79.7307
1335      0
1336      66.4751
1337      69.3921
1338      0
1339      0
1340      77.8436
1341      68.0459
1342      96.9129
1343      91.4681
1344      0
1345      0
1346      0
1347      0
1348      0
1349      70.4373
1350      0
1351      0
1352      0
1353      0
1354      0
1355      88.6707
1356      74.1483
1357      0
1358      96.308
1359      97.7956
1360      93.9686
1361      90.9979
1362      70.0942
1363      93.8498
1364      0
1365      0
1366      0
1367      0
1368      0
1369      0
1370      66.0292
1371      67.3955
1372      0
1373      80.3096
1374      0
1375      86.3785
1376      90.7531
1377      97.5386
1378      97.9501
1379      95.0789
1380      0
1381      77.8434
1382      70.4907
1383      88.4187
1384      0
1385      90.7837
1386      0
1387      98.9371
1388      79.734
1389      0
1390      96.7817
1391      0
1392      0
1393      84.9857
1394      0
1395      87.1536
1396      91.3423
1397      88.6204
1398      79.9743
1399      97.6105
1400      88.4187
1401      0
1402      0
1403      96.2474
1404      0
1405      99.1232
1406      0
1407      79.2055
1408      0
1409      0
1410      87.7542
1411      0
1412      93.1283
1413      96.908
1414      95.6112
1415      0
1416      0
1417      97.9386
1418      69.1028
1419      98.4002
1420      91.194
1421      95.9125
1422      0
1423      95.1282
1424      73.5331
1425      0
1426      96.2118
1427      82.4672
1428      0
1429      0
1430      69.5972
1431      0
1432      0
1433      0
1434      79.8654
1435      0
1436      96.8279
1437      85.2816
1438      97.3583
1439      0
1440      78.8076
1441      0
1442      85.0357
1443      0
1444      99.8654
1445      0
1446      0
1447      84.2194
1448      0
1449      0
1450      81.8915
1451      60.844
1452      0
1453      0
1454      84.2053
1455      86.001
1456      99.1247
1457      0
1458      0
1459      0
1460      93.4318
1461      0
1462      0
1463      83.9601
1464      0
1465      97.6585
1466      48.2741
1467      73.8055
1468      0
1469      74.2429
1470      0
1471      89.4949
1472      65.3212
1473      0
1474      99.6969
1475      83.3835
1476      0
1477      93.6165
1478      92.5601
1479      0
1480      90.8367
1481      0
1482      0
1483      78.1247
1484      0
1485      0
1486      0
1487      99.6942
1488      0
1489      87.5704
1490      85.1701
1491      0
1492      0
1493      0
1494      97.4389
1495      89.2809
1496      99.0833
1497      85.8087
1498      99.6236
1499      82.1966
1500      69.5229
1501      0
1502      68.4614
1503      90.9529
1504      97.521
1505      0
1506      0
1507      88.0331
1508      0
1509      0
1510      0
1511      95.6883
1512      0
1513      0
1514      97.9544
1515      0
1516      83.8648
1517      0
1518      0
1519      94.9486
1520      99.732
1521      84.5955
1522      0
1523      0
1524      96.755
1525      0
1526      0
1527      0
1528      81.2763
1529      0
1530      98.8558
1531      94.0533
1532      98.6466
1533      0
1534      67.4145
1535      85.1901
1536      55.8504
1537      96.7081
1538      0
1539      0
1540      57.1352
1541      0
1542      0
1543      0
1544      0
1545      94.4547
1546      70.857
1547      90.7816
1548      71.8009
1549      48.1973
1550      63.0735
1551      87.3428
1552      99.567
1553      0
1554      0
1555      50.6473
1556      0
1557      0
1558      0
1559      87.8018
1560      43.8925
1561      0
1562      90.3394
1563      85.0441
1564      89.2368
1565      80.6196
1566      78.6748
1567      0
1568      0
1569      77.9722
1570      0
1571      0
1572      0
1573      85.4406
1574      91.828
1575      0
1576      92.4423
1577      74.738
1578      60.7385
1579      81.9767
1580      84.8083
1581      0
1582      0
1583      0
1584      0
1585      0
1586      73.2012
1587      98.0674
1588      98.0709
1589      95.979
1590      0
1591      80.9193
1592      98.6905
1593      48.5978
1594      92.3579
1595      0
1596      0
1597      0
1598      92.6629
1599      81.6824
1600      0
1601      0
1602      96.1374
1603      0
1604      0
1605      36.8274
1606      0
1607      69.5168
1608      0
1609      76.8756
1610      0
1611      87.5395
1612      0
1613      0
1614      94.6519
1615      0
1616      0
1617      0
1618      72.3411
1619      99.0352
1620      94.6264
1621      88.6146
1622      0
1623      94.2174
1624      0
1625      0
1626      0
1627      0
1628      0
1629      96.7287
1630      99.5207
1631      63.0962
1632      99.7273
1633      67.9362
1634      42.8907
1635      0
1636      0
1637      95.7215
1638      0
1639      0
1640      0
1641      0
1642      97.085
1643      0
1644      0
1645      0
1646      99.4861
1647      95.5317
1648      86.5118
1649      98.3205
1650      51.5968
1651      0
1652      0
1653      0
1654      92.7092
1655      0
1656      0
1657      0
1658      0
1659      92.8257
1660      88.2477
1661      73.8324
1662      98.3566
1663      0
1664      0
1665      68.9757
1666      0
1667      79.0952
1668      69.052
1669      76.8275
1670      88.0882
1671      0
1672      0
1673      92.3066
1674      0
1675      0
1676      88.4838
1677      93.6281
1678      94.0246
1679      80.2587
1680      70.697
1681      0
1682      0
1683      0
1684      94.2651
1685      91.4138
1686      0
1687      88.4049
1688      75.2899
1689      0
1690      0
1691      94.1098
1692      0
1693      95.6963
1694      0
1695      90.0987
1696      95.4051
1697      54.2643
1698      96.4661
1699      0
1700      89.275
1701      0
1702      0
1703      93.8044
1704      90.269
1705      84.9972
1706      0
1707      98.5166
1708      0
1709      97.8286
1710      0
1711      90.927
1712      92.0909
1713      94.6178
1714      98.7467
1715      63.5492
1716      96.0981
1717      0
1718      0
1719      0
1720      94.6035
1721      0
1722      0
1723      97.0769
1724      89.4648
1725      84.4017
1726      84.6337
1727      95.1555
1728      99.0979
1729      0
1730      0
1731      88.139
1732      97.6903
1733      0
1734      0
1735      82.7157
1736      0
1737      0
1738      78.2875
1739      0
1740      78.8642
1741      0
1742      0
1743      0
1744      0
1745      0
1746      0
1747      94.6643
1748      84.6188
1749      96.1688
1750      0
1751      64.0359
1752      98.4728
1753      0
1754      0
1755      0
1756      0
1757      88.3061
1758      98.8712
1759      97.4335
1760      89.0026
1761      0
1762      93.0162
1763      91.0714
1764      95.0884
1765      0
1766      73.2457
1767      97.9888
1768      0
1769      52.1747
1770      90.0644
1771      99.9729
1772      97.0773
1773      0
1774      98.8693
1775      0
1776      74.0262
1777      84.5837
1778      70.8233
1779      0
1780      0
1781      0
1782      98.6249
1783      98.1314
1784      0
1785      0
1786      93.9747
1787      68.5144
1788      99.4392
1789      93.7338
1790      94.5635
1791      0
1792      88.7273
1793      0
1794      0
1795      0
1796      0
1797      0
1798      0
1799      95.2011
1800      0
1801      91.4819
1802      0
1803      0
1804      0
1805      0
1806      0
1807      89.2256
1808      0
1809      0
1810      87.661
1811      0
1812      0
1813      0
1814      0
1815      0
1816      87.1809
1817      95.4025
1818      96.8956
1819      81.9651
1820      0
1821      0
1822      89.8514
1823      96.9167
1824      96.5495
1825      0
1826      0
1827      0
1828      89.5043
1829      0
1830      95.5646
1831      0
1832      0
1833      0
1834      0
1835      90.0392
1836      95.0549
1837      87.5467
1838      0
1839      98.5733
1840      98.9239
1841      81.5237
1842      95.0252
1843      0
1844      98.8353
1845      97.601
1846      93.7946
1847      0
1848      0
1849      82.2945
1850      0
1851      99.0911
1852      93.0183
1853      0
1854      64.1479
1855      65.3024
1856      0
1857      0
1858      0
1859      0
1860      64.6828
1861      91.0297
1862      78.6254
1863      0
1864      0
1865      0
1866      0
1867      65.3754
1868      96.4044
1869      0
1870      0
1871      0
1872      82.7605
1873      97.0705
1874      0
1875      0
1876      99.6524
1877      83.7091
1878      92.1899
1879      0
1880      83.6216
1881      0
1882      88.8819
1883      0
1884      99.8135
1885      93.2229
1886      0
1887      42.2582
1888      0
1889      72.9931
1890      0
1891      0
1892      0
1893      88.9944
1894      89.9615
1895      70.3877
1896      86.4769
1897      0
1898      95.9473
1899      86.9083
1900      58.8991
1901      0
1902      77.8123
1903      85.2458
1904      0
1905      97.9789
1906      78.6232
1907      71.3542
1908      55.7498
1909      88.0946
1910      0
1911      0
1912      0
1913      92.3728
1914      65.1126
1915      50.8916
1916      75.0953
1917      0
1918      70.6622
1919      0
1920      61.5188
1921      99.5436
1922      99.3372
1923      97.127
1924      77.8089
1925      78.8086
1926      94.5767
1927      99.5184
1928      74.9243
1929      65.4167
1930      65.3462
1931      85.0425
1932      0
1933      81.297
1934      56.335
1935      0
1936      0
1937      79.9544
1938      93.1305
1939      0
1940      52.4598
1941      59.5549
1942      91.8
1943      92.9152
1944      0
1945      0
1946      92.7284
1947      96.2513
1948      0
1949      89.232
1950      88.4852
1951      0
1952      38.9658
1953      0
1954      0
1955      0
1956      0
1957      54.174
1958      97.0749
1959      98.248
1960      0
1961      0
1962      39.618
1963      0
1964      0
1965      63.8372
1966      84.8018
1967      0
1968      0
1969      0
1970      66.7465
1971      0
1972      75.5243
1973      0
1974      0
1975      85.4255
1976      80.0575
1977      0
1978      0
1979      0
1980      0
1981      98.3834
1982      91.7124
1983      0
1984      0
1985      97.616
1986      85.6858
1987      0
1988      53.6574
1989      88.613
1990      0
1991      52.3534
1992      0
1993      0
1994      0
1995      90.4118
1996      0
1997      0
1998      96.2662
1999      83.4892
2000      89.7225
2001      77.9911
2002      99.211
2003      0
2004      88.6376
2005      99.8396
2006      0
2007      70.4561
2008      0
2009      0
2010      0
2011      71.6275
2012      85.906
2013      0
2014      0
2015      0
2016      90.802
2017      0
2018      0
2019      99.769
2020      70.5525
2021      0
2022      89.9043
2023      92.5238
2024      0
2025      0
2026      0
2027      98.8701
2028      70.8699
2029      67.1908
2030      48.1608
2031      80.7285
2032      97.1796
2033      67.018
2034      70.95
2035      93.4505
2036      92.712
2037      0
2038      96.6091
2039      0
2040      74.9719
2041      0
2042      0
2043      0
2044      99.7361
2045      0
2046      77.8347
2047      66.2377
2048      68.6912
2049      0
2050      89.0334
2051      95.8606
2052      99.0977
2053      0
2054      77.6713
2055      92.4194
2056      0
2057      99.7614
2058      0
2059      92.5003
2060      0
2061      0
2062      94.985
2063      58.8999
2064      99.3748
2065      0
2066      97.2895
2067      87.8931
2068      0
2069      0
2070      85.7986
2071      0
2072      97.6019
2073      89.9155
2074      0
2075      68.7394
2076      67.1741
2077      91.178
2078      0
2079      0
2080      0
2081      0
2082      0
2083      69.3569
2084      84.7696
2085      75.0391
2086      0
2087      97.3483
2088      95.6919
2089      94.5863
2090      95.2015
2091      0
2092      0
2093      0
2094      64.514
2095      44.4225
2096      0
2097      0
2098      66.4631
2099      91.3079
2100      0
2101      94.5855
2102      0
2103      99.4144
2104      0
2105      0
2106      0
2107      99.9769
2108      91.5944
2109      61.0769
2110      0
2111      93.8721
2112      54.9356
2113      0
2114      95.027
2115      98.7276
2116      96.6238
2117      0
2118      0
2119      0
2120      0
2121      0
2122      0
2123      0
2124      76.4662
2125      0
2126      24.671
2127      0
2128      0
2129      95.8396
2130      0
2131      0
2132      0
2133      0
2134      0
2135      0
2136      74.294
2137      64.757
2138      0
2139      79.0773
2140      97.8493
2141      56.8671
2142      0
2143      74.4967
2144      61.9631
2145      96.5743
2146      85.0144
2147      94.0196
2148      0
2149      0
2150      0
2151      0
2152      75.9975
2153      90.6336
2154      86.4232
2155      80.9382
2156      54.8316
2157      76.9839
2158      0
2159      0
2160      73.7356
2161      94.8145
2162      91.7341
2163      0
2164      0
2165      0
2166      84.0174
2167      94.2138
2168      0
2169      99.1522
2170      0
2171      95.1923
2172      95.7368
2173      95.8912
2174      93.1919
2175      0
2176      90.2634
2177      79.8189
2178      0
2179      0
2180      99.804
2181      0
2182      0
2183      0
2184      86.8819
2185      0
2186      0
2187      0
2188      97.3925
2189      0
2190      89.8724
2191      0
2192      95.6768
2193      72.3316
2194      99.8903
2195      79.0105
2196      66.9487
2197      0
2198      99.9148
2199      85.0283
2200      0
2201      0
2202      0
2203      79.4335
2204      97.6991
2205      95.9199
2206      85.2997
2207      90.9948
2208      94.0078
2209      89.9961
2210      0
2211      99.3521
2212      85.6029
2213      0
2214      91.1641
2215      99.9835
2216      71.254
2217      98.1985
2218      57.1973
2219      0
2220      97.2582
2221      98.7509
2222      80.8985
2223      93.6038
2224      89.3239
2225      88.0909
2226      68.7736
2227      0
2228      98.8083
2229      98.6234
2230      97.0861
2231      0
2232      91.55
2233      98.32
2234      0
2235      53.9544
2236      0
2237      0
2238      0
2239      98.2044
2240      98.1295
2241      85.4782
2242      0
2243      85.8926
2244      0
2245      99.3052
2246      91.3286
2247      98.6411
2248      91.3153
2249      78.7561
2250      84.7802
2251      0
2252      61.0285
2253      63.1917
2254      97.8837
2255      0
2256      91.7826
2257      99.6572
2258      0
2259      98.8503
2260      0
2261      93.9476
2262      0
2263      91.2945
2264      0
2265      97.7711
2266      80.2408
2267      92.5054
2268      99.679
2269      89.1432
2270      83.4951
2271      82.0972
2272      93.7425
2273      83.9351
2274      75.2174
2275      0
2276      0
2277      90.599
2278      82.7153
2279      66.3788
2280      0
2281      0
2282      0
2283      0
2284      0
2285      51.1468
2286      94.1843
2287      52.1658
2288      83.852
2289      0
2290      0
2291      95.1987
2292      97.0032
2293      78.0795
2294      99.8227
2295      78.3313
2296      0
2297      99.1161
2298      0
2299      86.3713
2300      92.0498
2301      0
2302      0
2303      94.5189
2304      0
2305      77.0196
2306      0
2307      0
2308      0
2309      0
2310      99.6263
2311      0
2312      0
2313      94.6561
2314      96.9036
2315      0
2316      0
2317      0
2318      0
2319      77.1481
2320      99.897
2321      95.038
2322      97.8909
2323      99.6839
2324      0
2325      74.6017
2326      99.6577
2327      0
2328      0
2329      63.4974
2330      86.4647
2331      0
2332      0
2333      96.2975
2334      94.5548
2335      79.6241
2336      83.9425
2337      0
2338      78.3276
2339      0
2340      89.3714
2341      0
2342      61.4538
2343      91.8491
2344      0
2345      97.9478
2346      91.2437
2347      0
2348      96.6608
2349      0
2350      88.5077
2351      54.0359
2352      0
2353      81.0963
2354      51.8265
2355      97.4781
2356      95.6957
2357      0
2358      0
2359      90.7958
2360      90.1681
2361      0
2362      75.9446
2363      0
2364      0
2365      71.8404
2366      83.4417
2367      0
2368      0
2369      0
2370      92.4901
2371      77.8172
2372      0
2373      93.5052
2374      97.1418
2375      46.1593
2376      0
2377      0
2378      0
2379      90.2172
2380      0
2381      99.9908
2382      83.1063
2383      73.729
2384      0
2385      0
2386      0
2387      98.842
2388      84.0481
2389      0
2390      93.3892
2391      97.7664
2392      88.8865
2393      99.6833
2394      0
2395      85.9316
2396      0
2397      91.1957
2398      92.477
2399      86.7941
2400      78.64
2401      0
2402      68.0532
2403      0
2404      87.9537
2405      92.6644
2406      89.3531
2407      0
2408      87.8527
2409      93.4548
2410      92.7952
2411      0
2412      96.2208
2413      78.2972
2414      88.4535
2415      89.0966
2416      0
2417      90.3
2418      97.8483
2419      98.7727
2420      67.878
2421      91.6751
2422      57.5692
2423      83.4659
2424      99.3702
2425      0
2426      76.4982
2427      91.0275
2428      81.3597
2429      89.8813
2430      89.0282
2431      57.5299
2432      0
2433      78.2136
2434      96.4708
2435      0
2436      86.9052
2437      83.98
2438      0
2439      69.6668
2440      99.9018
2441      93.9684
2442      60.9189
2443      98.6516
2444      0
2445      96.9042
2446      0
2447      64.6916
2448      58.6686
2449      99.2393
2450      0
2451      0
2452      0
2453      84.4676
2454      98.9303
2455      96.2514
2456      0
2457      0
2458      0
2459      68.1791
2460      0
2461      93.1098
2462      95.3937
2463      0
2464      0
2465      0
2466      0
2467      0
2468      84.79
2469      0
2470      95.207
2471      0
2472      97.6829
2473      97.4537
2474      0
2475      0
2476      77.1312
2477      45.3983
2478      87.4363
2479      0
2480      94.7371
2481      53.8578
2482      78.1655
2483      97.953
2484      96.8135
2485      74.3892
2486      69.025
2487      0
2488      74.1891
2489      68.4169
2490      81.6931
2491      92.5422
2492      68.0265
2493      50.876
2494      0
2495      0
2496      64.9416
2497      92.6684
2498      0
2499      94.3586
       77521.9
