0      83.741
1      0
2      44.9805
3      0
4      99.67
5      0
6      95.0889
7      0
8      99.9352
9      79.6816
10      0
11      0
12      76.6194
13      92.0855
14      96.5455
15      99.9839
16      99.7825
17      62.8002
18      66.7661
19      0
20      0
21      90.947
22      79.838
23      0
24      99.6799
25      56.8753
26      44.7983
27      0
28      0
29      0
30      0
31      98.8888
32      74.3748
33      85.6941
34      99.5914
35      0
36      55.96
37      0
38      99.4652
39      77.9803
40      0
41      0
42      59.5343
43      0
44      0
45      0
46      82.8759
47      62.5324
48      99.7145
49      0
50      74.7289
51      0
52      96.8352
53      98.5884
54      0
55      0
56      68.9824
57      85.3452
58      65.8046
59      99.3353
60      0
61      60.5816
62      66.7919
63      99.4571
64      0
65      99.3926
66      0
67      0
68      99.3
69      0
70      96.2766
71      65.2309
72      99.6889
73      0
74      0
75      0
76      0
77      62.6568
78      69.9017
79      99.703
80      99.9144
81      0
82      0
83      68.349
84      0
85      0
86      96.0685
87      0
88      0
89      0
90      74.8201
91      99.7009
92      0
93      0
94      0
95      99.9819
96      81.4604
97      0
98      0
99      54.2845
100      0
101      0
102      99.3104
103      79.5204
104      99.7391
105      0
106      0
107      0
108      69.2597
109      38.9041
110      91.0259
111      99.8153
112      0
113      83.9138
114      93.3433
115      0
116      63.7967
117      0
118      0
119      54.1324
120      0
121      89.2253
122      56.1838
123      44.6883
124      99.4529
125      0
126      0
127      99.7983
128      95.3928
129      0
130      0
131      0
132      99.9184
133      99.7422
134      99.7903
135      0
136      99.8617
137      76.388
138      0
139      99.6871
140      0
141      0
142      99.6203
143      60.5599
144      0
145      0
146      99.848
147      99.9184
148      0
149      42.4227
150      59.1902
151      99.7546
152      0
153      92.7229
154      0
155      0
156      99.8877
157      0
158      99.6092
159      0
160      69.9509
161      99.3061
162      99.9651
163      99.9081
164      0
165      0
166      41.797
167      0
168      0
169      99.7535
170      99.6075
171      99.6836
172      99.7735
173      70.1721
174      99.9371
175      58.5021
176      99.8695
177      0
178      99.7767
179      99.7761
180      0
181      99.5422
182      0
183      0
184      0
185      68.5742
186      99.2522
187      0
188      0
189      97.1339
190      99.6553
191      0
192      99.9802
193      0
194      52.982
195      99.6794
196      99.8205
197      99.8946
198      91.5911
199      0
       6437.25
