0      72.5658
1      88.5945
2      90.2553
3      99.9822
4      86.5774
5      71.4956
6      0
7      92.7798
8      0
9      99.843
10      54.6119
11      86.0817
12      94.9994
13      63.6993
14      48.9244
15      97.518
16      0
17      0
18      74.1915
19      97.1862
20      0
21      0
22      40.3119
23      51.147
24      0
25      0
26      99.5987
27      0
28      99.8149
29      72.398
30      99.5201
31      0
32      99.9858
33      99.5083
34      63.2875
35      99.9555
36      99.665
37      80.6431
38      0
39      0
40      78.3576
41      0
42      85.3294
43      0
44      97.6638
45      0
46      0
47      67.1202
48      0
49      0
50      84.1137
51      94.5215
52      0
53      99.7449
54      99.8088
55      0
56      43.9476
57      99.923
58      0
59      88.9833
60      0
61      0
62      0
63      0
64      0
65      99.4956
66      99.678
67      73.7187
68      87.5117
69      62.928
70      84.0235
71      99.9341
72      0
73      94.3653
74      0
75      90.6272
76      0
77      0
78      71.4758
79      0
80      0
81      96.9382
82      0
83      0
84      0
85      65.55
86      66.8489
87      0
88      0
89      0
90      96.7875
91      99.8713
92      98.7488
93      0
94      98.7352
95      0
96      0
97      0
98      87.333
99      99.976
100      0
101      71.8379
102      53.6228
103      50.7567
104      99.6168
105      0
106      40.3813
107      52.6656
108      0
109      97.9557
110      88.5718
111      49.1089
112      0
113      50.7356
114      99.4842
115      0
116      0
117      0
118      61.6219
119      0
120      0
121      0
122      0
123      0
124      0
125      99.6956
126      66.9557
127      0
128      0
129      99.9004
130      64.9708
131      59.8988
132      99.0053
133      97.6315
134      99.5766
135      99.9713
136      99.9114
137      0
138      98.573
139      0
140      71.092
141      71.7141
142      96.7167
143      74.5227
144      99.4164
145      99.8957
146      0
147      45.2389
148      63.1257
149      99.8985
150      96.7931
151      0
152      95.9536
153      51.1985
154      51.1406
155      93.9555
156      0
157      75.6467
158      0
159      0
160      99.9717
161      0
162      99.8522
163      0
164      81.756
165      73.8226
166      84.6529
167      81.2159
168      0
169      0
170      61.3389
171      98.6916
172      77.6348
173      0
174      0
175      0
176      0
177      69.5052
178      99.5016
179      0
180      97.5683
181      0
182      97.6432
183      99.8508
184      0
185      0
186      99.9098
187      0
188      73.7345
189      62.4332
190      0
191      0
192      99.7205
193      85.838
194      87.436
195      0
196      0
197      69.6573
198      86.7013
199      69.8422
       7107.29
