0      0
1      0
2      94.4871
3      0
4      96.0275
5      0
6      0
7      92.6372
8      78.6247
9      0
10      99.7557
11      80.7475
12      68.4278
13      0
14      0
15      96.1908
16      97.8311
17      92.0917
18      0
19      0
20      96.7098
21      0
22      49.4206
23      0
24      90.522
25      99.2333
26      0
27      90.9825
28      98.2122
29      0
30      0
31      52.9592
32      63.5272
33      0
34      81.3765
35      62.8619
36      0
37      0
38      0
39      0
40      0
41      0
42      98.6326
43      0
44      0
45      0
46      0
47      84.6869
48      99.5696
49      0
50      0
51      48.2416
52      75.5746
53      0
54      0
55      0
56      99.636
57      91.9704
58      0
59      99.3368
60      58.0066
61      99.1076
62      0
63      54.677
64      69.2875
65      0
66      0
67      94.3575
68      0
69      76.1068
70      91.4225
71      0
72      0
73      0
74      96.4776
75      56.4262
76      99.2376
77      0
78      0
79      99.7351
80      0
81      0
82      67.5198
83      71.3889
84      67.3715
85      98.1092
86      99.4638
87      60.3969
88      0
89      83.8005
90      97.7009
91      0
92      86.5445
93      0
94      93.3997
95      97.0631
96      98.0279
97      0
98      99.1754
99      64.0885
100      74.4331
101      0
102      0
103      82.6584
104      61.5524
105      86.1139
106      69.3897
107      89.5388
108      97.2763
109      0
110      98.433
111      79.8077
112      95.7778
113      0
114      97.2189
115      0
116      0
117      98.0637
118      0
119      81.2406
120      68.7857
121      86.9811
122      0
123      78.1376
124      97.7967
125      55.3726
126      0
127      93.9689
128      95.4444
129      0
130      81.5627
131      89.1551
132      85.7439
133      98.1921
134      96.1933
135      94.6775
136      0
137      98.6328
138      99.7132
139      60.5646
140      99.6281
141      79.8656
142      74.9649
143      99.4144
144      0
145      93.4166
146      0
147      97.7512
148      96.8724
149      0
150      0
151      87.5715
152      95.9526
153      0
154      72.1063
155      0
156      96.1353
157      0
158      53.467
159      31.3599
160      63.8585
161      79.5199
162      97.413
163      96.3873
164      95.0869
165      99.7945
166      0
167      83.1272
168      63.1586
169      0
170      0
171      71.4981
172      80.3822
173      0
174      0
175      0
176      0
177      74.6399
178      0
179      77.3039
180      92.3071
181      0
182      0
183      0
184      94.2843
185      0
186      98.9839
187      0
188      0
189      94.2279
190      85.6883
191      0
192      99.7429
193      96.1449
194      54.7597
195      0
196      0
197      99.3993
198      0
199      93.8054
200      0
201      96.4139
202      96.1139
203      62.9431
204      89.9126
205      0
206      99.9501
207      0
208      89.7477
209      0
210      64.4562
211      85.2827
212      0
213      0
214      0
215      0
216      72.1749
217      98.8878
218      0
219      0
220      0
221      98.8945
222      39.7747
223      0
224      98.0428
225      0
226      0
227      97.2241
228      0
229      0
230      0
231      99.8442
232      64.9429
233      0
234      99.2403
235      38.6226
236      91.8338
237      78.9614
238      0
239      99.5109
240      99.887
241      99.8348
242      0
243      0
244      74.9651
245      99.0762
246      78.263
247      73.0397
248      0
249      94.4955
250      86.7765
251      71.0756
252      96.7135
253      96.2503
254      0
255      0
256      0
257      90.181
258      50.7678
259      99.9205
260      92.323
261      63.5967
262      91.8144
263      89.1073
264      90.5269
265      0
266      0
267      0
268      99.8416
269      98.9803
270      0
271      0
272      0
273      98.2677
274      0
275      0
276      99.5877
277      96.8926
278      0
279      0
280      88.1122
281      0
282      98.5795
283      99.5843
284      64.3256
285      0
286      93.27
287      95.1489
288      0
289      51.6065
290      0
291      87.9239
292      67.7751
293      63.5917
294      99.8832
295      99.0306
296      0
297      99.0235
298      99.6647
299      68.6619
300      92.5008
301      95.0978
302      99.668
303      0
304      0
305      80.1899
306      99.6791
307      73.8956
308      0
309      90.4392
310      54.3257
311      69.4055
312      0
313      0
314      70.7812
315      96.3005
316      76.5165
317      0
318      84.7594
319      0
320      96.8416
321      99.246
322      99.7149
323      0
324      64.5548
325      96.9194
326      0
327      63.2753
328      94.738
329      92.173
330      81.2306
331      0
332      0
333      49.7025
334      96.9562
335      91.3907
336      0
337      97.149
338      79.2236
339      0
340      0
341      0
342      0
343      95.3824
344      74.7984
345      0
346      0
347      95.0011
348      88.1998
349      98.3325
350      0
351      0
352      0
353      51.6422
354      0
355      88.1332
356      0
357      0
358      99.8828
359      72.7891
360      97.9299
361      88.2655
362      56.9247
363      58.2728
364      92.512
365      0
366      0
367      99.9411
368      0
369      0
370      0
371      90.5455
372      0
373      0
374      0
375      0
376      98.9956
377      99.5089
378      63.0962
379      93.7923
380      99.3169
381      99.8244
382      88.1834
383      97.6975
384      88.0958
385      95.679
386      0
387      0
388      98.5398
389      0
390      96.7423
391      0
392      0
393      98.0014
394      73.4466
395      91.6998
396      99.7725
397      0
398      97.435
399      64.4546
400      89.2286
401      0
402      0
403      0
404      99.3265
405      94.8018
406      0
407      0
408      98.7556
409      0
410      0
411      98.5592
412      98.4312
413      0
414      93.9498
415      71.8343
416      0
417      96.7577
418      71.9413
419      98.237
420      0
421      0
422      99.6622
423      0
424      0
425      83.5258
426      67.82
427      75.2361
428      0
429      0
430      96.8578
431      87.497
432      91.6359
433      0
434      0
435      98.9411
436      99.7247
437      0
438      41.7201
439      98.7903
440      0
441      99.6934
442      99.0598
443      0
444      99.3638
445      0
446      0
447      82.2035
448      99.615
449      99.0058
450      0
451      0
452      51.9422
453      0
454      46.1567
455      0
456      0
457      96.9453
458      0
459      0
460      0
461      0
462      0
463      0
464      0
465      99.5363
466      0
467      0
468      0
469      95.1115
470      97.9935
471      76.3814
472      0
473      0
474      0
475      96.6687
476      61.1045
477      99.466
478      0
479      0
480      0
481      0
482      96.2814
483      0
484      89.1899
485      0
486      93.9635
487      87.5424
488      0
489      98.5459
490      95.2984
491      72.7123
492      0
493      97.652
494      0
495      0
496      88.94
497      97.4508
498      99.3225
499      54.3295
500      0
501      71.1052
502      0
503      64.9801
504      55.2209
505      85.8329
506      91.348
507      0
508      0
509      99.5935
510      99.9717
511      0
512      0
513      91.3367
514      0
515      69.0475
516      98.4585
517      0
518      68.1498
519      0
520      80.0953
521      0
522      0
523      0
524      0
525      99.8079
526      0
527      0
528      0
529      93.2255
530      0
531      68.2378
532      0
533      57.4704
534      0
535      98.5964
536      93.0109
537      95.1453
538      0
539      94.0382
540      97.0756
541      61.7656
542      0
543      0
544      99.8913
545      98.0732
546      0
547      0
548      96.2381
549      0
550      80.2714
551      0
552      73.8483
553      90.0662
554      98.7745
555      99.775
556      0
557      0
558      0
559      98.7632
560      0
561      98.9603
562      0
563      0
564      0
565      96.9863
566      97.8574
567      0
568      0
569      99.817
570      99.8762
571      83.4884
572      46.9354
573      78.6249
574      0
575      0
576      98.9424
577      72.4529
578      0
579      88.3098
580      97.4069
581      64.0768
582      0
583      55.1005
584      0
585      84.0506
586      0
587      0
588      90.3732
589      93.4427
590      99.775
591      93.0087
592      0
593      0
594      70.5534
595      0
596      87.6335
597      0
598      0
599      0
600      0
601      0
602      88.0427
603      69.7228
604      79.9022
605      0
606      98.4404
607      83.7294
608      80.6601
609      0
610      0
611      97.6587
612      0
613      97.7962
614      0
615      0
616      0
617      0
618      98.403
619      54.9008
620      0
621      99.2401
622      72.856
623      0
624      98.466
625      78.7973
626      0
627      97.4953
628      0
629      95.28
630      0
631      99.779
632      71.5938
633      96.5438
634      0
635      99.6696
636      93.739
637      0
638      95.2838
639      80.1301
640      85.5932
641      81.9626
642      0
643      93.2857
644      0
645      97.7501
646      86.9806
647      68.5854
648      0
649      63.5198
650      0
651      86.4544
652      0
653      50.6904
654      69.7426
655      88.2857
656      98.7783
657      0
658      0
659      0
660      0
661      98.2743
662      0
663      98.4755
664      0
665      37.7251
666      68.9639
667      0
668      98.7311
669      0
670      61.7453
671      0
672      89.6231
673      99.9349
674      0
675      94.8992
676      99.0069
677      95.7509
678      0
679      91.8933
680      93.0239
681      88.4211
682      0
683      95.5824
684      0
685      0
686      83.5188
687      75.9156
688      0
689      95.3678
690      0
691      99.5568
692      77.0924
693      98.4916
694      0
695      0
696      99.188
697      87.7225
698      67.5763
699      0
700      0
701      0
702      0
703      0
704      0
705      97.9454
706      54.3385
707      89.6179
708      78.3591
709      0
710      86.906
711      58.3917
712      98.2572
713      99.5978
714      99.9709
715      98.8623
716      0
717      93.7121
718      70.221
719      99.6165
720      96.7034
721      0
722      94.1028
723      0
724      0
725      0
726      0
727      97.6289
728      83.6375
729      63.5249
730      0
731      0
732      94.8666
733      76.252
734      0
735      0
736      99.6671
737      94.8426
738      0
739      0
740      75.6795
741      53.5149
742      97.8672
743      86.7707
744      94.1575
745      92.5243
746      0
747      89.9026
748      89.9767
749      98.8043
750      91.7682
751      99.4028
752      0
753      98.0075
754      0
755      99.5201
756      95.3183
757      0
758      0
759      98.4745
760      78.4943
761      0
762      93.2817
763      99.0678
764      94.0845
765      98.3298
766      0
767      43.2269
768      97.6559
769      0
770      99.6372
771      0
772      82.939
773      0
774      98.2785
775      0
776      90.1536
777      93.1161
778      45.7893
779      45.4979
780      46.9809
781      93.4719
782      0
783      0
784      78.824
785      82.4208
786      0
787      94.698
788      74.4425
789      0
790      0
791      99.0433
792      97.5784
793      0
794      0
795      89.4168
796      96.5836
797      98.0739
798      66.9807
799      97.1719
800      98.4625
801      0
802      0
803      98.2457
804      98.7277
805      90.4974
806      97.6185
807      88.9649
808      99.4747
809      96.5095
810      70.661
811      0
812      97.9319
813      95.2433
814      37.8406
815      93.9993
816      71.3977
817      95.4554
818      76.6102
819      0
820      72.4578
821      84.6411
822      90.8736
823      0
824      88.4426
825      0
826      0
827      98.2121
828      0
829      97.9586
830      97.5466
831      54.7706
832      57.8085
833      0
834      0
835      99.7634
836      78.8004
837      0
838      0
839      0
840      0
841      0
842      99.4804
843      72.2257
844      98.963
845      0
846      88.5251
847      0
848      97.1845
849      72.877
850      0
851      99.4876
852      0
853      0
854      0
855      99.7649
856      68.3821
857      97.397
858      0
859      96.9472
860      0
861      0
862      98.9697
863      95.1029
864      0
865      97.2008
866      0
867      98.7837
868      0
869      87.483
870      0
871      86.3952
872      0
873      94.9133
874      57.5631
875      95.8127
876      0
877      0
878      50.2112
879      53.7484
880      64.1341
881      50.7007
882      0
883      0
884      83.4698
885      98.3987
886      0
887      71.8669
888      86.8449
889      0
890      60.4846
891      98.3372
892      99.8893
893      71.3779
894      99.3771
895      0
896      0
897      97.8323
898      0
899      94.0506
900      0
901      92.9556
902      0
903      0
904      98.6645
905      97.3838
906      98.4186
907      0
908      98.6225
909      0
910      85.5665
911      0
912      0
913      92.0573
914      96.5889
915      99.3943
916      0
917      92.0637
918      0
919      99.5089
920      45.6758
921      95.1728
922      68.0316
923      0
924      99.8455
925      97.969
926      81.901
927      0
928      0
929      72.9618
930      58.5864
931      0
932      97.8761
933      0
934      99.2531
935      99.3267
936      99.8994
937      0
938      98.1404
939      75.8873
940      0
941      94.802
942      67.2862
943      69.2003
944      0
945      0
946      0
947      0
948      0
949      0
950      95.3774
951      53.1246
952      0
953      98.5214
954      0
955      0
956      63.8731
957      98.3853
958      0
959      0
960      94.7086
961      95.6946
962      88.0945
963      82.2161
964      61.9126
965      99.6603
966      99.749
967      98.6632
968      81.5081
969      0
970      99.93
971      94.6046
972      67.0129
973      71.6487
974      0
975      99.0312
976      0
977      70.4974
978      0
979      99.3581
980      95.3424
981      77.7684
982      82.2003
983      0
984      0
985      75.342
986      70.1598
987      49.6939
988      99.218
989      61.4573
990      91.2081
991      0
992      0
993      0
994      0
995      0
996      0
997      99.9048
998      83.5687
999      0
       32189.6
