0      76.6613
1      0
2      95.7037
3      99.847
4      89.9479
5      73.1885
6      99.8655
7      89.1468
8      0
9      99.9194
10      53.2287
11      0
12      99.0695
13      64.3572
14      51.8581
15      99.9868
16      0
17      0
18      84.8814
19      99.968
20      0
21      0
22      44.0336
23      60.7541
24      0
25      0
26      99.9932
27      0
28      99.2212
29      73.4761
30      99.7802
31      0
32      99.9248
33      99.8727
34      67.4429
35      99.9984
36      99.8981
37      82.848
38      0
39      0
40      80.1456
41      0
42      83.8156
43      0
44      99.3703
45      0
46      0
47      55.9773
48      99.7359
49      0
50      78.8026
51      0
52      0
53      99.9156
54      99.9668
55      0
56      39.1331
57      99.9859
58      99.7969
59      87.6827
60      0
61      0
62      0
63      0
64      0
65      99.8673
66      90.4045
67      0
68      88.3731
69      68.2904
70      87.3749
71      99.9857
72      99.8604
73      91.418
74      0
75      0
76      99.8881
77      0
78      80.0314
79      0
80      0
81      99.1065
82      0
83      0
84      0
85      75.9446
86      71.4612
87      0
88      0
89      0
90      99.8954
91      99.9506
92      99.7179
93      80.6172
94      99.5687
95      0
96      0
97      0
98      85.747
99      99.8909
       3446.63
