0      57.7066
1      87.9336
2      0
3      87.7921
4      74.0375
5      0
6      0
7      34.793
8      0
9      99.9143
10      0
11      99.4176
12      66.7612
13      99.7633
14      96.9006
15      97.4287
16      84.6208
17      72.4369
18      0
19      0
20      0
21      0
22      98.9485
23      99.6831
24      0
25      0
26      0.000295016
27      99.0926
28      73.1966
29      0
30      93.5647
31      0
32      50.5606
33      99.3188
34      99.6703
35      0
36      0
37      0
38      62.4386
39      92.7309
40      0
41      99.6077
42      0
43      81.2294
44      72.2657
45      0
46      0
47      99.8727
48      99.5393
49      0
50      0
51      77.7798
52      0
53      95.8966
54      60.4456
55      0
56      99.2793
57      99.8162
58      54.4294
59      87.6038
60      99.8841
61      92.3924
62      0
63      71.7552
64      0
65      0
66      0
67      0
68      0
69      89.4483
70      99.6155
71      99.6756
72      0
73      0
74      99.4936
75      99.3599
76      99.5374
77      92.9141
78      94.9179
79      0
80      0
81      79.9449
82      0
83      54.3234
84      0
85      52.4341
86      85.307
87      77.643
88      99.2504
89      62.8051
90      98.907
91      0
92      93.6633
93      99.6569
94      0
95      99.9851
96      0
97      0
98      99.8838
99      99.8728
100      0
101      54.5553
102      0
103      99.1142
104      71.9114
105      82.4087
106      90.6288
107      98.8515
108      58.6169
109      0
110      54.0883
111      75.1668
112      98.2686
113      0
114      99.7561
115      89.377
116      56.7462
117      0
118      89.7116
119      0
120      0
121      71.4843
122      0
123      0
124      51.7862
125      97.389
126      0
127      0
128      0
129      0
130      0
131      92.5736
132      99.4656
133      79.3468
134      83.2967
135      0
136      99.9912
137      0
138      51.1422
139      0
140      64.7906
141      51.2343
142      99.4258
143      99.6067
144      99.613
145      0
146      99.6164
147      99.7472
148      79.2838
149      0
150      51.1288
151      93.2965
152      99.8711
153      99.9602
154      0
155      99.4494
156      77.3805
157      99.7756
158      76.6532
159      0
160      99.9734
161      85.2725
162      99.7717
163      0
164      0
165      0
166      0
167      0
168      0
169      99.921
170      0
171      0
172      0
173      0
174      0
175      0
176      0
177      58.807
178      99.8695
179      99.9338
180      73.9332
181      63.3609
182      0
183      0
184      99.3201
185      0
186      0
187      99.1298
188      0
189      81.8047
190      99.971
191      0
192      99.6008
193      80.9903
194      0
195      69.7489
196      99.3741
197      0
198      58.2223
199      0
       6548.06
