0      57.1588
1      99.7673
2      0
3      93.9513
4      0
5      0
6      99.9962
7      0
8      0
9      0
10      75.8687
11      99.9762
12      99.9467
13      0
14      0
15      95.1534
16      40.1902
17      0
18      0
19      99.8216
20      99.9647
21      99.9798
22      99.9733
23      70.3834
24      99.8645
25      61.5491
26      99.9696
27      0
28      99.9333
29      99.7968
30      0
31      99.9355
32      0
33      0
34      0
35      70.2615
36      0
37      0
38      0
39      99.911
40      99.8989
41      0
42      99.9308
43      59.8656
44      51.6875
45      99.9575
46      99.8508
47      96.8832
48      90.9345
49      0
50      99.8803
51      51.5109
52      0
53      99.6765
54      99.8428
55      0
56      80.9765
57      94.1656
58      0
59      98.9266
60      99.9979
61      99.9489
62      0
63      90.8742
64      0
65      0
66      0
67      0
68      99.9894
69      64.3275
70      85.0323
71      0
72      99.8957
73      0
74      0
75      0
76      56.7882
77      98.601
78      0
79      0.000219619
80      0
81      0
82      0
83      65.1655
84      98.1564
85      0
86      76.4437
87      0
88      99.9411
89      95.1846
90      0
91      0
92      0
93      0
94      62.3166
95      68.5575
96      68.0888
97      0
98      0
99      99.6437
       3243.81
