0      65.6189
1      0
2      67.4656
3      0
4      0
5      99.2077
6      99.8971
7      99.9347
8      0
9      0
10      0
11      0
12      99.9349
13      71.2087
14      0
15      88.9008
16      75.9081
17      98.9265
18      55.4759
19      0
20      0
21      99.5514
22      0
23      92.3941
24      64.6128
25      82.8336
26      71.4115
27      73.7853
28      56.5591
29      0
30      78.9379
31      83.2618
32      63.0566
33      99.9592
34      88.6019
35      0
36      0
37      99.1991
38      82.9537
39      99.9968
40      66.6858
41      0
42      0
43      0
44      0
45      98.9996
46      0
47      0
48      99.7791
49      68.9352
50      98.729
51      98.9731
52      90.2049
53      0
54      0
55      86.2735
56      0
57      0
58      73.3094
59      81.9573
60      65.7384
61      85.3658
62      99.8507
63      0
64      79.5925
65      98.9271
66      99.7106
67      89.7807
68      53.1973
69      0
70      0
71      99.6394
72      0
73      0
74      0
75      0
76      0
77      0
78      0
79      56.0612
80      0
81      48.5307
82      0
83      99.8529
84      0
85      0
86      57.6283
87      99.7723
88      84.2756
89      0
90      0
91      99.5664
92      43.7276
93      0
94      0
95      61.2508
96      0
97      75.3912
98      0
99      0
100      99.1113
101      0
102      64.2029
103      94.5841
104      0
105      98.6083
106      77.6555
107      0
108      99.8479
109      99.7875
110      0
111      0
112      99.9831
113      80.6832
114      87.5333
115      0
116      0
117      0
118      99.966
119      55.3035
120      99.0977
121      72.0859
122      98.7304
123      99.0312
124      99.2281
125      99.8287
126      0
127      99.7983
128      60.9286
129      96.5119
130      78.3613
131      0
132      67.1142
133      0
134      55.865
135      0
136      92.7173
137      0
138      0
139      0
140      65.3416
141      0
142      92.2283
143      0
144      0
145      98.1957
146      0
147      0
148      99.5608
149      69.8546
150      97.332
151      0
152      49.1456
153      98.6602
154      86.0789
155      0
156      98.8409
157      0
158      86.1059
159      60.8792
160      99.948
161      65.2551
162      0
163      89.4647
164      48.6835
165      90.2855
166      0
167      92.4754
168      60.9152
169      99.9879
170      40.6294
171      78.9871
172      98.0194
173      0
174      98.8731
175      67.1048
176      96.3823
177      99.9369
178      0
179      0
180      95.689
181      99.8358
182      0
183      0
184      0
185      0
186      99.9847
187      59.1257
188      72.7259
189      0
190      0
191      0
192      39.6702
193      0
194      81.4731
195      55.5587
196      0
197      0
198      0
199      0
       6758
