0      96.6693
1      0
2      97.9729
3      41.8572
4      0
5      94.2653
6      0
7      76.3568
8      0
9      85.0255
10      99.8773
11      0
12      99.843
13      0
14      82.1376
15      65.8602
16      82.0491
17      77.0892
18      0
19      0
20      61.1022
21      99.7392
22      70.0736
23      0
24      0
25      0
26      0
27      57.8566
28      99.0121
29      52.8277
30      93.975
31      0
32      98.8507
33      99.8038
34      0
35      0
36      99.8022
37      0
38      79.0597
39      65.0964
40      99.9956
41      0
42      99.95
43      83.5627
44      91.7043
45      99.7808
46      0
47      76.0235
48      86.6856
49      60.0165
50      0
51      0
52      99.7581
53      0
54      0
55      99.8875
56      0
57      99.9351
58      99.9761
59      0
60      76.3514
61      0
62      0
63      0
64      0
65      0
66      99.9208
67      71.4349
68      80.6428
69      0
70      73.515
71      99.8118
72      0
73      0
74      0
75      99.787
76      77.7105
77      99.8912
78      0
79      94.732
80      53.0912
81      0
82      0
83      89.3604
84      0
85      0
86      0
87      70.892
88      0
89      0
90      0
91      99.9747
92      66.6561
93      68.9001
94      83.1898
95      0
96      60.3569
97      99.9402
98      0
99      98.9546
       3598.86
