0      98.5656
1      99.1581
2      0
3      99.9275
4      54.0413
5      51.9526
6      0
7      83.4325
8      0
9      0
10      99.964
11      81.1768
12      55.1072
13      94.1637
14      64.0508
15      0
16      99.9912
17      69.9703
18      0
19      0
20      99.6466
21      40.2564
22      99.9865
23      0
24      0
25      0
26      0
27      99.6497
28      99.9449
29      0
30      0
31      89.687
32      0
33      0
34      0
35      83.4671
36      0
37      93.7024
38      99.8886
39      0
40      58.2185
41      0
42      61.4434
43      68.8338
44      99.9262
45      99.9808
46      79.6878
47      70.9787
48      63.7755
49      0
       1878.82
