0      94.7465
1      0
2      0
3      86.5404
4      94.4759
5      75.7561
6      96.8066
7      0
8      0
9      59.3831
10      0
11      0
12      0
13      0
14      0
15      58.8933
16      94.2725
17      66.988
18      0
19      0
20      41.8496
21      69.2798
22      0
23      0
24      94.4043
25      75.1269
26      88.4275
27      94.4777
28      57.9942
29      84.0075
30      0
31      56.1464
32      0
33      0
34      82.6915
35      96.4086
36      0
37      95.7106
38      0
39      54.3715
40      98.598
41      0
42      94.409
43      95.66
44      81.963
45      95.1134
46      72.5454
47      66.7349
48      0
49      0
50      48.155
51      0
52      53.03
53      92.5785
54      0
55      99.751
56      0
57      0
58      0
59      0
60      95.2159
61      52.0238
62      99.1355
63      91.0124
64      74.1869
65      73.522
66      0
67      95.4057
68      0
69      96.7905
70      0
71      86.439
72      96.4919
73      0
74      98.7236
75      0
76      99.7502
77      0
78      0
79      69.6006
80      0
81      0
82      97.2859
83      92.8421
84      0
85      96.8064
86      86.301
87      77.3549
88      0
89      0
90      62.1731
91      79.5027
92      83.5279
93      0
94      0
95      78.9139
96      62.628
97      0
98      99.1487
99      0
100      94.8784
101      0
102      77.0564
103      94.5444
104      0
105      59.6619
106      0
107      93.6807
108      0
109      67.5772
110      88.161
111      0
112      0
113      0
114      95.2645
115      0
116      91.6867
117      87.7512
118      0
119      90.7293
120      95.5964
121      83.6602
122      88.1631
123      0
124      64.4113
125      0
126      98.8304
127      99.9473
128      94.9857
129      95.6543
130      0
131      64.3741
132      94.1919
133      0
134      97.0875
135      92.3771
136      60.5563
137      0
138      71.3975
139      0
140      71.739
141      0
142      95.4867
143      72.9433
144      80.7019
145      96.1283
146      89.5669
147      0
148      96.2295
149      79.2245
150      0
151      87.9661
152      0
153      0
154      74.2598
155      96.3948
156      84.3383
157      0
158      99.3613
159      92.8359
160      0
161      99.2495
162      95.6181
163      94.4238
164      0
165      93.562
166      0
167      89.9803
168      0
169      99.0413
170      78.4494
171      96.2507
172      0
173      0
174      78.2864
175      0
176      90.2803
177      0
178      0
179      98.9102
180      0
181      0
182      97.2629
183      0
184      87.5295
185      95.3629
186      0
187      78.8356
188      0
189      85.466
190      0
191      0
192      67.4544
193      0
194      0
195      0
196      0
197      0
198      83.5026
199      98.9339
200      0
201      94.7265
202      93.6259
203      0
204      0
205      91.4438
206      74.4735
207      0
208      84.1064
209      63.6307
210      0
211      0
212      0
213      73.8775
214      26.9275
215      0
216      96.6296
217      65.0916
218      77.0109
219      93.3618
220      0
221      0
222      61.8842
223      89.9512
224      0
225      58.2536
226      71.8329
227      0
228      78.5554
229      0
230      96.5082
231      0
232      69.5164
233      92.5065
234      85.0198
235      66.9097
236      0
237      55.2351
238      0
239      61.5485
240      90.4047
241      92.5537
242      65.4196
243      81.2472
244      85.524
245      0
246      0
247      0
248      0
249      96.3701
250      97.4443
251      0
252      97.2983
253      95.0903
254      85.2951
255      0
256      53.0908
257      0
258      0
259      0
260      0
261      0
262      0
263      0
264      0
265      0
266      0
267      78.6601
268      0
269      0
270      98.6951
271      65.9866
272      0
273      0
274      94.6309
275      83.4106
276      97.951
277      99.5946
278      97.317
279      0
280      0
281      0
282      99.4244
283      50.34
284      0
285      91.3149
286      98.437
287      84.3872
288      99.3799
289      63.7521
290      90.0842
291      71.2217
292      85.0041
293      65.4048
294      29.7662
295      59.645
296      93.0929
297      99.2788
298      0
299      0
300      84.0907
301      0
302      0
303      64.4011
304      0
305      94.8634
306      51.3233
307      87.1642
308      94.8712
309      99.3004
310      0
311      94.5973
312      89.587
313      90.0236
314      0
315      80.393
316      96.1598
317      66.145
318      69.8292
319      0
320      92.5301
321      76.3922
322      90.5367
323      99.9809
324      0
325      75.514
326      89.5928
327      0
328      0
329      98.2959
330      73.359
331      50.1369
332      43.0107
333      99.1625
334      0
335      88.2885
336      0
337      99.438
338      0
339      0
340      0
341      71.8891
342      98.6588
343      0
344      0
345      0
346      83.1833
347      86.7218
348      0
349      99.8714
350      0
351      0
352      0
353      0
354      0
355      0
356      87.6509
357      0
358      97.3164
359      0
360      0
361      0
362      0
363      73.7085
364      43.794
365      73.4581
366      81.3975
367      95.5231
368      64.1461
369      99.0064
370      97.5782
371      0
372      90.9731
373      92.4835
374      89.7031
375      0
376      70.7546
377      92.738
378      0
379      53.2423
380      73.4005
381      0
382      97.0514
383      0
384      85.0617
385      73.9522
386      0
387      88.253
388      70.9791
389      98.1854
390      0
391      88.2002
392      0
393      93.0551
394      0
395      94.2102
396      68.2054
397      0
398      46.8748
399      0
400      95.7323
401      91.4344
402      99.9007
403      94.4143
404      67.1261
405      0
406      92.8825
407      94.3578
408      0
409      0
410      50.9108
411      0
412      0
413      0
414      0
415      99.2694
416      0
417      89.2608
418      0
419      89.9247
420      65.4504
421      44.3724
422      0
423      89.7433
424      0
425      97.5394
426      0
427      84.9205
428      92.9867
429      93.0675
430      86.1135
431      0
432      0
433      0
434      0
435      76.843
436      68.157
437      87.6147
438      0
439      99.6289
440      0
441      66.8344
442      52.5446
443      94.0907
444      0
445      0
446      0
447      0
448      83.4569
449      0
450      0
451      37.4938
452      0
453      76.4639
454      0
455      0
456      0
457      44.5212
458      82.2036
459      0
460      85.4906
461      0
462      0
463      0
464      0
465      0
466      0
467      0
468      0
469      62.5395
470      0
471      0
472      0
473      45.8778
474      0
475      97.9734
476      92.4969
477      98.0887
478      98.3215
479      87.84
480      97.1812
481      0
482      93.9699
483      94.2816
484      85.6514
485      69.0507
486      0
487      79.4414
488      84.273
489      95.5078
490      92.6636
491      91.7387
492      89.3906
493      62.8263
494      92.4539
495      96.3811
496      0
497      91.324
498      65.252
499      0
500      76.3027
501      87.1336
502      0
503      0
504      0
505      0
506      0
507      96.0594
508      0
509      0
510      98.901
511      0
512      90.0981
513      93.5567
514      0
515      0
516      0
517      68.8518
518      74.9089
519      76.1185
520      98.7922
521      0
522      0
523      0
524      0
525      0
526      79.5576
527      0
528      92.0953
529      90.0403
530      82.4993
531      71.9928
532      0
533      0
534      77.7512
535      0
536      0
537      0
538      60.1877
539      74.5878
540      82.727
541      0
542      97.6651
543      89.4648
544      39.9536
545      0
546      83.4749
547      0
548      68.0013
549      99.1625
550      0
551      0
552      91.1744
553      0
554      0
555      0
556      0
557      0
558      0
559      0
560      0
561      98.9187
562      84.4174
563      86.1662
564      96.7871
565      95.982
566      84.8215
567      96.2609
568      67.5216
569      93.0072
570      35.1445
571      71.2804
572      96.5
573      0
574      0
575      90.8611
576      74.8408
577      77.5201
578      89.4505
579      99.6944
580      99.7082
581      77.0445
582      99.0706
583      98.1671
584      61.327
585      99.9955
586      93.8353
587      0
588      97.1504
589      76.2927
590      0
591      75.7797
592      85.7892
593      88.6452
594      0
595      0
596      0
597      99.2707
598      49.6886
599      98.5667
600      0
601      88.5185
602      80.4173
603      93.3319
604      88.2346
605      90.3109
606      78.3051
607      0
608      92.0172
609      0
610      88.3938
611      56.7304
612      0
613      80.4792
614      0
615      0
616      96.8065
617      99.404
618      73.6239
619      0
620      82.2226
621      0
622      69.9814
623      90.7245
624      75.1502
625      74.1638
626      98.4387
627      87.3477
628      0
629      0
630      0
631      97.6269
632      0
633      0
634      0
635      79.5904
636      88.2461
637      97.7728
638      62.5632
639      0
640      94.1817
641      98.167
642      87.9197
643      80.4104
644      63.8598
645      95.5659
646      0
647      89.2162
648      54.3156
649      60.3843
650      0
651      0
652      88.6855
653      98.2377
654      89.1314
655      0
656      0
657      0
658      0
659      0
660      0
661      51.5218
662      84.8509
663      64.8474
664      74.3072
665      94.1795
666      41.076
667      0
668      72.1605
669      95.9531
670      0
671      75.1098
672      87.6413
673      0
674      97.0759
675      57.0817
676      81.6971
677      0
678      59.496
679      98.4655
680      0
681      93.1424
682      47.4517
683      0
684      94.7501
685      64.6253
686      92.2731
687      75.489
688      98.6449
689      0
690      92.3039
691      99.4044
692      87.2353
693      99.5564
694      87.8285
695      88.5954
696      0
697      94.5931
698      95.1786
699      0
700      0
701      0
702      0
703      0
704      79.7283
705      0
706      50.9073
707      0
708      62.6151
709      70.4605
710      99.7752
711      0
712      0
713      0
714      88.7319
715      97.2283
716      47.1444
717      75.7876
718      0
719      0
720      88.8765
721      94.5335
722      96.7128
723      72.9504
724      94.1232
725      0
726      82.4279
727      0
728      0
729      89.1974
730      97.2489
731      84.37
732      95.0172
733      97.3905
734      92.7477
735      0
736      87.7432
737      42.8944
738      98.3016
739      0
740      76.3886
741      98.5444
742      83.0906
743      0
744      77.5425
745      47.0793
746      83.977
747      93.1788
748      0
749      83.536
750      89.5908
751      81.5644
752      0
753      0
754      89.4405
755      0
756      85.5573
757      90.7147
758      93.0001
759      60.4498
760      0
761      0
762      90.8661
763      49.5994
764      99.1534
765      74.5787
766      71.6988
767      99.2295
768      99.9268
769      0
770      86.5892
771      92.6086
772      94.8858
773      0
774      96.9029
775      0
776      95.7041
777      78.2541
778      96.1084
779      99.5072
780      0
781      0
782      0
783      74.8389
784      43.7855
785      38.3664
786      0
787      85.3758
788      59.3163
789      88.0873
790      0
791      0
792      82.7576
793      84.2485
794      0
795      98.0834
796      90.739
797      62.7743
798      96.8405
799      0
800      96.4523
801      0
802      93.1528
803      0
804      97.714
805      91.9589
806      79.7774
807      95.5712
808      0
809      0
810      73.2982
811      46.3549
812      99.6414
813      0
814      0
815      0
816      97.2596
817      0
818      0
819      0
820      90.3341
821      97.8994
822      0
823      0
824      84.5057
825      97.0309
826      0
827      99.4364
828      0
829      94.0587
830      97.0717
831      0
832      0
833      0
834      0
835      84.4564
836      79.8915
837      0
838      0
839      0
840      0
841      96.562
842      78.1754
843      52.4545
844      58.2283
845      0
846      86.0556
847      98.7163
848      97.081
849      0
850      0
851      56.8649
852      86.3432
853      99.228
854      94.3278
855      66.0169
856      75.1411
857      97.2246
858      0
859      93.7323
860      0
861      79.2095
862      82.5113
863      89.3975
864      66.5207
865      95.2314
866      0
867      86.111
868      0
869      0
870      0
871      0
872      90.3729
873      80.2475
874      85.6053
875      0
876      96.8793
877      80.477
878      97.9066
879      0
880      93.178
881      98.6109
882      66.579
883      0
884      0
885      0
886      0
887      87.4022
888      0
889      0
890      57.5225
891      99.8024
892      0
893      0
894      82.2591
895      0
896      81.6598
897      0
898      94.2105
899      77.9532
900      90.7036
901      92.2632
902      0
903      92.4239
904      0
905      0
906      93.3097
907      0
908      97.5228
909      86.0504
910      84.9896
911      0
912      97.2917
913      0
914      98.8964
915      0
916      0
917      93.4147
918      94.3204
919      92.9848
920      0
921      99.17
922      0
923      80.1455
924      94.3708
925      0
926      0
927      80.7533
928      77.4652
929      80.5825
930      0
931      96.4401
932      98.6766
933      0
934      90.6932
935      0
936      0
937      0
938      90.1539
939      88.4961
940      67.6226
941      79.4408
942      96.3688
943      0
944      92.5037
945      97.7451
946      0
947      0
948      0
949      0
950      0
951      84.1224
952      0
953      95.8081
954      0
955      98.9308
956      79.9066
957      0
958      0
959      99.0829
960      0
961      99.1933
962      96.572
963      99.4837
964      85.2115
965      0
966      98.0572
967      72.8209
968      0
969      0
970      0
971      80.789
972      0
973      98.3271
974      0
975      0
976      95.8459
977      0
978      0
979      0
980      89.8512
981      0
982      0
983      0
984      87.0756
985      98.6322
986      93.4045
987      0
988      84.8525
989      98.1153
990      71.6836
991      0
992      0
993      0
994      0
995      83.3384
996      0
997      91.1016
998      93.8767
999      92.1944
1000      0
1001      0
1002      0
1003      0
1004      78.386
1005      73.7589
1006      60.1245
1007      95.8565
1008      86.1368
1009      0
1010      83.8804
1011      95.3444
1012      99.6596
1013      0
1014      0
1015      0
1016      0
1017      0
1018      74.697
1019      95.0518
1020      0
1021      72.6193
1022      0
1023      0
1024      0
1025      96.6252
1026      42.617
1027      59.219
1028      0
1029      69.8974
1030      0
1031      0
1032      0
1033      0
1034      0
1035      0
1036      56.4056
1037      90.7413
1038      97.2647
1039      0
1040      0
1041      90.1611
1042      0
1043      64.0164
1044      97.3311
1045      75.7799
1046      0
1047      85.9056
1048      93.6444
1049      0
1050      98.5743
1051      80.353
1052      0
1053      95.4545
1054      0
1055      53.3583
1056      88.8929
1057      0
1058      81.934
1059      99.8632
1060      0
1061      0
1062      0
1063      94.8126
1064      0
1065      85.4459
1066      0
1067      0
1068      94.2386
1069      96.4947
1070      90.9548
1071      0
1072      81.7272
1073      96.6801
1074      84.5449
1075      95.7158
1076      90.9968
1077      0
1078      0
1079      0
1080      91.7809
1081      0
1082      94.9611
1083      0
1084      90.2122
1085      75.4986
1086      0
1087      45.1354
1088      0
1089      96.3305
1090      0
1091      79.907
1092      86.8527
1093      0
1094      0
1095      0
1096      92.0316
1097      0
1098      72.9288
1099      0
1100      82.5265
1101      85.0844
1102      0
1103      74.7739
1104      89.8719
1105      0
1106      0
1107      87.5995
1108      54.7833
1109      99.9948
1110      0
1111      0
1112      86.3939
1113      0
1114      77.6033
1115      60.3077
1116      89.2049
1117      0
1118      0
1119      78.862
1120      0
1121      88.6302
1122      0
1123      0
1124      70.3455
1125      92.376
1126      0
1127      60.5026
1128      73.4684
1129      0
1130      0
1131      90.9387
1132      0
1133      0
1134      93.7567
1135      94.8813
1136      89.9281
1137      0
1138      0
1139      0
1140      77.234
1141      0
1142      85.5685
1143      94.1625
1144      95.6487
1145      91.3333
1146      96.2871
1147      0
1148      0
1149      69.9602
1150      0
1151      0
1152      95.2807
1153      0
1154      89.859
1155      0
1156      98.6445
1157      87.3558
1158      0
1159      98.3046
1160      0
1161      99.8563
1162      94.2276
1163      0
1164      0
1165      59.7964
1166      58.1781
1167      87.0459
1168      0
1169      0
1170      97.8949
1171      99.5419
1172      99.4165
1173      0
1174      0
1175      87.5066
1176      99.5869
1177      84.4037
1178      0
1179      94.9765
1180      0
1181      0
1182      0
1183      0
1184      94.8353
1185      0
1186      0
1187      69.5808
1188      96.0895
1189      97.607
1190      99.1803
1191      86.7824
1192      0
1193      86.4925
1194      0
1195      0
1196      0
1197      98.4569
1198      0
1199      0
1200      0
1201      87.4722
1202      87.488
1203      88.6133
1204      99.0879
1205      0
1206      90.7545
1207      0
1208      0
1209      0
1210      0
1211      97.7232
1212      96.8877
1213      95.057
1214      0
1215      74.4457
1216      0
1217      0
1218      0
1219      0
1220      99.9562
1221      0
1222      80.9225
1223      80.34
1224      95.6697
1225      0
1226      97.1105
1227      98.3909
1228      81.3605
1229      0
1230      88.8201
1231      98.0407
1232      92.5049
1233      76.5223
1234      88.2835
1235      91.8392
1236      92.3267
1237      72.8325
1238      86.409
1239      88.5681
1240      66.807
1241      88.8388
1242      0
1243      0
1244      0
1245      0
1246      0
1247      0
1248      0
1249      61.9235
1250      98.9212
1251      0
1252      86.5161
1253      99.0166
1254      87.0998
1255      98.2542
1256      0
1257      90.0292
1258      93.558
1259      92.6414
1260      67.7333
1261      0
1262      0
1263      0
1264      0
1265      93.0768
1266      0
1267      80.8221
1268      98.9267
1269      0
1270      78.138
1271      97.5514
1272      81.6446
1273      0
1274      82.754
1275      28.9249
1276      99.8045
1277      0
1278      79.176
1279      77.0813
1280      56.8839
1281      0
1282      83.2136
1283      70.589
1284      63.4921
1285      94.4232
1286      96.5999
1287      91.4227
1288      48.6063
1289      0
1290      0
1291      89.031
1292      0
1293      98.3203
1294      85.7093
1295      0
1296      92.6398
1297      99.162
1298      90.8081
1299      0
1300      0
1301      94.0052
1302      60.9394
1303      99.1571
1304      0
1305      0
1306      94.9698
1307      0
1308      65.2854
1309      0
1310      0
1311      0
1312      0
1313      68.8914
1314      83.6073
1315      97.1742
1316      38.2342
1317      0
1318      99.9178
1319      0.234959
1320      0
1321      0
1322      86.2562
1323      99.044
1324      96.6795
1325      92.747
1326      0
1327      0
1328      0
1329      92.8916
1330      0
1331      74.0297
1332      0
1333      99.5977
1334      0
1335      78.8658
1336      0
1337      75.8822
1338      73.5751
1339      47.2012
1340      76.3606
1341      99.4683
1342      0
1343      84.2868
1344      90.6718
1345      84.7802
1346      98.6398
1347      0
1348      0
1349      99.2443
1350      0
1351      0
1352      98.6543
1353      66.266
1354      0
1355      0
1356      95.7192
1357      96.1337
1358      0
1359      40.6145
1360      40.7784
1361      0
1362      0
1363      0
1364      76.7312
1365      78.0984
1366      93.8335
1367      0
1368      0
1369      75.187
1370      82.4949
1371      97.5559
1372      77.4049
1373      0
1374      0
1375      80.942
1376      92.3767
1377      0
1378      0
1379      0
1380      99.4242
1381      0
1382      0
1383      0
1384      0
1385      66.759
1386      48.5235
1387      89.3858
1388      92.9984
1389      78.502
1390      83.2872
1391      94.8382
1392      99.1979
1393      0
1394      95.6128
1395      86.2745
1396      85.5722
1397      0
1398      94.9637
1399      0
1400      81.5438
1401      0
1402      79.0829
1403      0
1404      0
1405      0
1406      0
1407      0
1408      0
1409      76.6325
1410      80.0265
1411      84.9979
1412      95.1004
1413      0
1414      94.1444
1415      0
1416      0
1417      0
1418      63.8605
1419      86.7779
1420      98.2007
1421      0
1422      90.9655
1423      93.6675
1424      0
1425      0
1426      0
1427      41.7241
1428      86.1994
1429      95.8239
1430      0
1431      55.1805
1432      69.0911
1433      0
1434      60.8586
1435      97.1882
1436      0
1437      0
1438      0
1439      63.4619
1440      0
1441      86.4475
1442      86.0398
1443      0
1444      89.8583
1445      95.1433
1446      91.6148
1447      0
1448      82.9243
1449      0
1450      58.4012
1451      0
1452      94.55
1453      0
1454      62.7712
1455      0
1456      80.5192
1457      47.9285
1458      61.1013
1459      86.5922
1460      96.9133
1461      0
1462      0
1463      0
1464      0
1465      0
1466      78.7373
1467      98.178
1468      0
1469      90.3061
1470      0
1471      67.0111
1472      0
1473      0
1474      94.314
1475      73.2369
1476      69.9253
1477      57.8295
1478      88.9408
1479      88.0548
1480      0
1481      0
1482      0
1483      98.8108
1484      0
1485      98.6647
1486      74.7961
1487      0
1488      0
1489      0
1490      0
1491      0
1492      0
1493      87.7267
1494      0
1495      56.8959
1496      0
1497      0
1498      0
1499      99.4663
1500      0
1501      0
1502      96.4621
1503      88.4329
1504      96.4613
1505      79.5501
1506      99.5733
1507      0
1508      97.3334
1509      31.4921
1510      98.6931
1511      0
1512      0
1513      95.0149
1514      61.3535
1515      96.6483
1516      0
1517      0
1518      88.8916
1519      0
1520      94.6441
1521      94.8055
1522      0
1523      97.1347
1524      0
1525      56.5039
1526      91.9661
1527      85.495
1528      0
1529      96.1933
1530      0
1531      0
1532      97.6481
1533      78.9654
1534      0
1535      93.126
1536      0
1537      82.8805
1538      0
1539      72.9118
1540      0
1541      99.3469
1542      99.8116
1543      56.8402
1544      59.565
1545      89.2155
1546      0
1547      94.0861
1548      0
1549      0
1550      95.4476
1551      0
1552      56.3729
1553      0
1554      0
1555      0
1556      0
1557      72.8418
1558      0
1559      85.3537
1560      0
1561      0
1562      43.9261
1563      96.8448
1564      78.8814
1565      0
1566      93.7722
1567      99.4289
1568      81.8466
1569      0
1570      0
1571      0
1572      99.3503
1573      0
1574      78.2821
1575      0
1576      98.0293
1577      87.1146
1578      0
1579      0
1580      0
1581      0
1582      0
1583      98.0458
1584      0
1585      0
1586      97.2557
1587      83.2773
1588      0
1589      86.9522
1590      98.0949
1591      60.974
1592      99.2587
1593      99.7776
1594      0
1595      76.0266
1596      0
1597      98.4326
1598      95.1063
1599      96.9403
1600      0
1601      0
1602      0
1603      88.2789
1604      66.1931
1605      0
1606      0
1607      0
1608      86.1393
1609      0
1610      99.5706
1611      19.7254
1612      99.8021
1613      90.675
1614      0
1615      0
1616      0
1617      0
1618      0
1619      0
1620      99.6281
1621      0
1622      0
1623      0
1624      80.6278
1625      87.2318
1626      0
1627      98.7804
1628      72.9715
1629      0
1630      0
1631      0
1632      0
1633      98.5121
1634      0
1635      0
1636      0
1637      79.1754
1638      99.1864
1639      63.1394
1640      87.5168
1641      90.9049
1642      81.5385
1643      80.1535
1644      0
1645      74.5752
1646      0
1647      72.0129
1648      89.6743
1649      0
1650      74.3279
1651      58.5238
1652      0
1653      0
1654      84.4636
1655      90.987
1656      0
1657      0
1658      70.7292
1659      0
1660      0
1661      0
1662      0
1663      91.4631
1664      0
1665      0
1666      0
1667      87.6191
1668      92.0361
1669      0
1670      75.835
1671      0
1672      78.6885
1673      67.2236
1674      0
1675      83.4658
1676      86.8353
1677      96.4009
1678      0
1679      96.4742
1680      0
1681      0
1682      60.6129
1683      68.1553
1684      0
1685      0
1686      90.7067
1687      87.4263
1688      90.3764
1689      0
1690      98.2863
1691      0
1692      0
1693      94.2423
1694      0
1695      0
1696      0
1697      0
1698      97.7372
1699      0
1700      0
1701      97.7417
1702      79.0997
1703      0
1704      82.5183
1705      85.7687
1706      77.7722
1707      96.2255
1708      93.2516
1709      99.3351
1710      63.7736
1711      97.624
1712      79.5386
1713      70.0589
1714      91.4709
1715      0
1716      0
1717      89.1401
1718      91.3312
1719      92.0337
1720      95.0915
1721      0
1722      95.168
1723      0
1724      89.7693
1725      93.1262
1726      0
1727      0
1728      93.4676
1729      0
1730      93.8377
1731      94.9353
1732      0
1733      0
1734      91.1234
1735      93.5429
1736      97.2673
1737      0
1738      92.9916
1739      0
1740      0
1741      94.2345
1742      87.2123
1743      0
1744      97.9127
1745      81.6899
1746      0
1747      95.9871
1748      82.2395
1749      97.0096
1750      84.5812
1751      67.501
1752      66.9529
1753      0
1754      97.3135
1755      83.6452
1756      69.3721
1757      0
1758      0
1759      93.8951
1760      0
1761      61.1863
1762      44.258
1763      79.023
1764      83.8096
1765      0
1766      89.9901
1767      97.654
1768      97.6885
1769      0
1770      0
1771      87.5968
1772      84.3568
1773      0
1774      95.4352
1775      76.5077
1776      95.6617
1777      96.5561
1778      96.0995
1779      0
1780      0
1781      94.274
1782      0
1783      0
1784      98.1515
1785      99.3542
1786      97.3986
1787      65.3626
1788      0
1789      0
1790      63.056
1791      0
1792      99.6878
1793      96.0288
1794      0
1795      0
1796      80.6228
1797      76.3901
1798      76.6249
1799      95.9289
1800      95.2559
1801      0
1802      0
1803      0
1804      97.1141
1805      0
1806      96.0038
1807      0
1808      93.2354
1809      69.5892
1810      0
1811      0
1812      0
1813      0
1814      97.9094
1815      0
1816      83.8918
1817      96.002
1818      0
1819      99.2453
1820      64.6096
1821      0
1822      98.3941
1823      0
1824      0
1825      99.4712
1826      0
1827      66.7293
1828      72.5895
1829      0
1830      0
1831      90.7758
1832      96.981
1833      66.7809
1834      96.4925
1835      0
1836      81.9946
1837      86.8192
1838      0
1839      96.7152
1840      71.5507
1841      0
1842      56.1055
1843      80.8194
1844      0
1845      0
1846      97.2751
1847      0
1848      0
1849      80.3701
1850      0
1851      91.0995
1852      0
1853      0
1854      0
1855      0
1856      75.1103
1857      61.8923
1858      96.1303
1859      57.2655
1860      0
1861      0
1862      0
1863      0
1864      0
1865      89.4405
1866      76.7789
1867      65.7407
1868      92.6987
1869      0
1870      93.7454
1871      95.4405
1872      0
1873      96.5944
1874      84.2165
1875      0
1876      90.3999
1877      73.2239
1878      92.262
1879      91.04
1880      0
1881      0
1882      67.1562
1883      0
1884      0
1885      0
1886      70.4343
1887      0
1888      0
1889      0
1890      97.7856
1891      70.6118
1892      0
1893      0
1894      98.0347
1895      74.9155
1896      86.6932
1897      54.567
1898      0
1899      74.4194
1900      98.6892
1901      86.8013
1902      97.1819
1903      0
1904      97.7957
1905      96.3302
1906      61.3161
1907      93.6655
1908      0
1909      81.6132
1910      0
1911      95.6478
1912      0
1913      58.5618
1914      75.8953
1915      96.6087
1916      94.289
1917      84.4159
1918      0
1919      82.1575
1920      87.1839
1921      0
1922      0
1923      88.7055
1924      0
1925      0
1926      0
1927      99.1303
1928      0
1929      72.151
1930      0
1931      89.8926
1932      90.4894
1933      91.9236
1934      91.6442
1935      0
1936      99.8998
1937      0
1938      91.6238
1939      0
1940      99.0206
1941      98.0069
1942      0
1943      87.6745
1944      94.7052
1945      0
1946      98.7832
1947      0
1948      0
1949      96.5234
1950      79.934
1951      0
1952      93.4534
1953      0
1954      82.5067
1955      0
1956      0
1957      99.9507
1958      0
1959      92.5373
1960      0
1961      0
1962      97.3125
1963      69.8699
1964      0
1965      0
1966      0
1967      0
1968      99.8985
1969      69.7719
1970      93.7496
1971      0
1972      82.4412
1973      94.576
1974      0
1975      98.766
1976      0
1977      0
1978      72.8285
1979      90.227
1980      0
1981      59.5109
1982      0
1983      82.0611
1984      0
1985      0
1986      0
1987      81.0463
1988      0
1989      0
1990      68.9788
1991      96.5797
1992      96.0625
1993      0
1994      0
1995      0
1996      51.8215
1997      0
1998      94.9996
1999      0
2000      0
2001      99.8406
2002      82.1443
2003      84.8271
2004      78.4898
2005      0
2006      95.595
2007      56.7552
2008      69.62
2009      93.3307
2010      0
2011      93.6726
2012      0
2013      0
2014      0
2015      0
2016      94.6494
2017      0
2018      77.2053
2019      0
2020      0
2021      0
2022      0
2023      85.8561
2024      73.0915
2025      0
2026      0
2027      91.3456
2028      73.8604
2029      0
2030      65.2128
2031      0
2032      0
2033      0
2034      73.2154
2035      74.7318
2036      97.8146
2037      0
2038      0
2039      0
2040      0
2041      58.4607
2042      76.3796
2043      0
2044      98.2834
2045      73.57
2046      94.7661
2047      0
2048      0
2049      99.1407
2050      82.5873
2051      89.3447
2052      0
2053      88.9991
2054      71.7181
2055      88.038
2056      98.3658
2057      80.0064
2058      0
2059      75.8513
2060      70.297
2061      0
2062      0
2063      99.1251
2064      0
2065      0
2066      0
2067      84.3139
2068      96.0302
2069      0
2070      76.2427
2071      0
2072      0
2073      0
2074      91.2046
2075      74.575
2076      76.7588
2077      83.8798
2078      0
2079      74.4304
2080      0
2081      0
2082      0
2083      96.2719
2084      67.3602
2085      0
2086      0
2087      62.3305
2088      0
2089      0
2090      91.1195
2091      89.4547
2092      0
2093      0
2094      0
2095      0
2096      0
2097      0
2098      96.8121
2099      63.2541
2100      0
2101      88.1767
2102      86.9223
2103      95.0834
2104      0
2105      0
2106      80.2607
2107      92.3699
2108      0
2109      87.2848
2110      89.7862
2111      96.543
2112      76.35
2113      0
2114      90.6717
2115      0
2116      95.9988
2117      99.9981
2118      79.5142
2119      98.0679
2120      0
2121      94.6892
2122      85.166
2123      0
2124      88.208
2125      42.4332
2126      83.424
2127      0
2128      79.7628
2129      76.2446
2130      0
2131      0
2132      0
2133      93.0678
2134      0
2135      98.2215
2136      0
2137      90.1935
2138      97.1582
2139      98.5023
2140      97.5194
2141      0
2142      94.4395
2143      98.9267
2144      0
2145      53.9271
2146      0
2147      91.2747
2148      0
2149      0
2150      71.7582
2151      0
2152      80.6986
2153      75.338
2154      72.9037
2155      87.9599
2156      0
2157      87.3391
2158      75.2973
2159      71.0914
2160      56.2061
2161      77.0251
2162      0
2163      91.1537
2164      0
2165      62.2598
2166      0
2167      95.0393
2168      0
2169      0
2170      72.6592
2171      82.7993
2172      98.8907
2173      70.2656
2174      98.5939
2175      90.412
2176      0
2177      93.2461
2178      0
2179      0
2180      98.3695
2181      82.7039
2182      59.5587
2183      99.0751
2184      93.3352
2185      0
2186      0
2187      0
2188      0
2189      0
2190      89.3309
2191      96.6335
2192      0
2193      84.4895
2194      54.1852
2195      98.3237
2196      92.3453
2197      95.2628
2198      62.7579
2199      0
2200      53.9383
2201      94.2896
2202      98.1963
2203      97.486
2204      0
2205      96.6592
2206      94.2757
2207      59.7218
2208      96.4188
2209      99.5752
2210      0
2211      0
2212      57.4291
2213      89.9365
2214      60.9573
2215      82.9758
2216      0
2217      0
2218      99.6123
2219      72.5458
2220      73.2212
2221      83.0935
2222      97.6042
2223      0
2224      81.608
2225      0
2226      0
2227      31.0805
2228      82.2611
2229      92.521
2230      77.5213
2231      99.8767
2232      83.8
2233      0
2234      86.5202
2235      53.7304
2236      77.8339
2237      98.2264
2238      0
2239      0
2240      0
2241      94.5809
2242      0
2243      0
2244      63.4008
2245      0
2246      0
2247      0
2248      91.3283
2249      0
2250      92.0372
2251      0
2252      99.0384
2253      98.2365
2254      81.7349
2255      0
2256      75.4424
2257      94.908
2258      94.0086
2259      0
2260      82.4894
2261      93.5599
2262      0
2263      0
2264      0
2265      94.8368
2266      0
2267      0
2268      74.0676
2269      96.3276
2270      0
2271      0
2272      93.2777
2273      0
2274      0
2275      94.1308
2276      92.8691
2277      0
2278      65.8135
2279      89.0386
2280      0
2281      0
2282      82.8694
2283      92.4226
2284      0
2285      0
2286      98.9069
2287      0
2288      0
2289      97.9628
2290      0
2291      97.7898
2292      97.447
2293      0
2294      0
2295      0
2296      92.1654
2297      97.0981
2298      0
2299      94.8419
2300      0
2301      96.7486
2302      0
2303      96.4272
2304      98.6305
2305      69.8639
2306      92.6986
2307      77.3808
2308      0
2309      0
2310      42.0572
2311      0
2312      0
2313      0
2314      0
2315      0
2316      0
2317      97.8153
2318      96.1911
2319      99.5416
2320      85.825
2321      99.5669
2322      0
2323      0
2324      72.8425
2325      71.9797
2326      0
2327      95.6891
2328      95.7297
2329      0
2330      0
2331      0
2332      99.0028
2333      0
2334      0
2335      0
2336      46.7124
2337      0
2338      0
2339      94.4349
2340      0
2341      88.1815
2342      87.9035
2343      99.9238
2344      95.9016
2345      85.4524
2346      54.4501
2347      84.5387
2348      0
2349      97.0706
2350      98.9031
2351      89.5847
2352      99.5852
2353      56.6112
2354      80.7221
2355      0
2356      0
2357      62.132
2358      0
2359      92.1188
2360      0
2361      0
2362      90.2279
2363      70.1929
2364      59.7709
2365      0
2366      26.0997
2367      95.3018
2368      0
2369      0
2370      84.7895
2371      85.4926
2372      98.9616
2373      70.6967
2374      98.6524
2375      0
2376      81.5061
2377      73.5494
2378      0
2379      0
2380      95.6867
2381      91.5918
2382      91.6288
2383      97.1734
2384      0
2385      0
2386      63.9032
2387      0
2388      68.1127
2389      52.0986
2390      0
2391      0
2392      97.0113
2393      0
2394      0
2395      99.126
2396      67.8747
2397      0
2398      71.5652
2399      85.8233
2400      81.3558
2401      98.4534
2402      0
2403      59.3812
2404      81.4446
2405      99.1975
2406      97.8314
2407      95.0776
2408      0
2409      93.959
2410      64.2181
2411      96.238
2412      75.3197
2413      81.3182
2414      0
2415      79.9312
2416      0
2417      74.3329
2418      92.7693
2419      0
2420      96.1729
2421      0
2422      87.2993
2423      73.9955
2424      75.9698
2425      96.5208
2426      0
2427      0
2428      88.0421
2429      0
2430      90.7764
2431      99.8568
2432      97.6717
2433      0
2434      94.7535
2435      40.3163
2436      88.3075
2437      0
2438      88.3716
2439      0
2440      0
2441      69.1385
2442      99.8899
2443      0
2444      97.4203
2445      91.7369
2446      0
2447      0
2448      0
2449      0
2450      0
2451      0
2452      98.3981
2453      99.8868
2454      55.5539
2455      0
2456      53.8954
2457      90.1298
2458      97.2655
2459      96.421
2460      73.2289
2461      0
2462      0
2463      94.847
2464      0
2465      90.2164
2466      78.6058
2467      0
2468      97.6538
2469      78.0534
2470      91.9482
2471      89.1044
2472      54.6436
2473      70.0535
2474      44.7693
2475      0
2476      0
2477      0
2478      0
2479      59.4044
2480      64.9434
2481      96.373
2482      96.9519
2483      79.9937
2484      94.1026
2485      0
2486      76.9617
2487      98.9338
2488      65.3795
2489      96.7549
2490      95.4483
2491      64.094
2492      0
2493      86.3921
2494      0
2495      95.9481
2496      0
2497      0
2498      98.8545
2499      0
       77468.6
