0      0
1      76.8776
2      0
3      0
4      0
5      0
6      90.4876
7      70.135
8      63.4108
9      78.5154
10      99.9492
11      0
12      0
13      0
14      0
15      0.000281694
16      0
17      66.8902
18      99.7176
19      99.9797
20      99.8197
21      99.8998
22      99.9651
23      99.9509
24      99.7776
25      61.1395
26      0
27      73.3473
28      99.9946
29      99.9842
30      0
31      0
32      99.9765
33      0
34      0
35      0
36      0
37      95.7641
38      0
39      0
40      99.9438
41      99.3922
42      99.8518
43      71.6343
44      99.9679
45      0
46      73.9397
47      0
48      0
49      71.4321
       1451.96
