0      0
1      0
2      96.273
3      0
4      0
5      94.205
6      63.2664
7      0
8      0
9      0
10      99.1741
11      96.6144
12      0
13      99.1622
14      0
15      46.9691
16      96.2341
17      0
18      94.7806
19      71.1443
20      99.8049
21      0
22      81.0454
23      98.8921
24      0
25      63.0232
26      0
27      0
28      98.4835
29      52.8132
30      92.922
31      0
32      92.2892
33      0
34      84.6605
35      64.8146
36      0
37      0
38      0
39      0
40      91.3057
41      96.1952
42      0
43      93.9887
44      98.3316
45      99.9589
46      91.9392
47      91.5211
48      86.1191
49      0
50      0
51      98.5069
52      58.729
53      71.6467
54      0
55      96.3605
56      57.5822
57      0
58      75.6086
59      0
60      0
61      90.7527
62      96.3799
63      0
64      0
65      0
66      0
67      0
68      90.7486
69      93.4003
70      0
71      96.7295
72      99.9017
73      0
74      42.6312
75      0
76      96.7429
77      0
78      98.6577
79      98.3011
80      0
81      96.126
82      0
83      75.7005
84      46.1152
85      79.1356
86      0
87      99.1047
88      78.9327
89      0
90      99.9799
91      0
92      98.594
93      98.7905
94      99.8544
95      0
96      97.1269
97      62.2171
98      0
99      0
100      98.6624
101      0
102      56.3179
103      0
104      99.6599
105      77.0946
106      0
107      0
108      0
109      0
110      95.1744
111      0
112      0
113      87.0326
114      0
115      0
116      0
117      0
118      0
119      94.878
120      94.331
121      0
122      99.1023
123      0
124      60.5707
125      77.9559
126      62.3897
127      58.9037
128      95.6624
129      0
130      63.0771
131      94.0528
132      95.2731
133      0
134      97.5901
135      0
136      92.7396
137      96.5424
138      97.6156
139      0
140      0
141      0
142      98.8519
143      77.3238
144      61.3731
145      88.4584
146      0
147      52.5395
148      73.6062
149      85.3684
150      99.0002
151      97.2628
152      0
153      97.4039
154      0
155      0
156      88.1845
157      99.5949
158      90.9576
159      0
160      99.8926
161      61.0758
162      0
163      99.633
164      0
165      0
166      83.367
167      71.594
168      0
169      96.6238
170      66.4695
171      92.7249
172      0
173      96.5874
174      0
175      0
176      0
177      78.6107
178      99.3419
179      68.3848
180      66.2954
181      52.5224
182      0
183      62.1732
184      0
185      62.6624
186      0
187      88.9568
188      0
189      0
190      56.7054
191      98.1799
192      0
193      96.6574
194      0
195      86.8378
196      74.671
197      0
198      0
199      95.9385
200      0
201      77.5583
202      87.7486
203      97.7848
204      0
205      0
206      83.0906
207      0
208      0
209      0
210      65.8272
211      63.6395
212      82.5885
213      97.7892
214      55.314
215      0
216      99.0769
217      98.2288
218      65.5229
219      95.7683
220      0
221      0
222      0
223      88.8255
224      0
225      70.9675
226      98.7918
227      97.6168
228      84.8242
229      98.9659
230      70.7179
231      96.8243
232      87.9507
233      96.5891
234      92.492
235      96.3869
236      0
237      99.7253
238      0
239      82.2815
240      0
241      66.9406
242      95.4272
243      99.9429
244      85.9742
245      0
246      0
247      0
248      0
249      0
250      65.7752
251      97.8188
252      92.5492
253      91.2204
254      0
255      96.4009
256      0
257      81.1133
258      99.2805
259      0
260      0
261      98.7482
262      0
263      58.8498
264      99.5243
265      0
266      98.209
267      0
268      93.0818
269      99.408
270      0
271      0
272      0
273      77.4357
274      51.8149
275      99.8838
276      0
277      99.0604
278      75.9421
279      97.3444
280      81.8456
281      0
282      54.5715
283      0
284      79.9844
285      0
286      98.1003
287      97.3528
288      0
289      0
290      0
291      96.8471
292      0
293      0
294      0
295      0
296      0
297      88.4415
298      0
299      69.4269
300      56.6163
301      0
302      93.0131
303      96.8399
304      0
305      0
306      0
307      0
308      94.721
309      86.056
310      92.8792
311      97.7597
312      63.8241
313      91.2733
314      0
315      0
316      0
317      71.4248
318      70.7469
319      0
320      99.5702
321      99.0546
322      86.2344
323      97.73
324      0
325      72.5264
326      0
327      0
328      0
329      58.2385
330      96.3997
331      98.8571
332      97.5461
333      99.2225
334      67.3118
335      0
336      0
337      0
338      0
339      94.5541
340      75.0083
341      0
342      0
343      0
344      0
345      0
346      0
347      89.7516
348      0
349      0
350      45.343
351      85.5081
352      0
353      94.2161
354      88.3026
355      59.577
356      0
357      0
358      0
359      0
360      0
361      0
362      0
363      94.753
364      98.713
365      99.7071
366      98.5106
367      99.7419
368      69.1804
369      0
370      98.4939
371      0
372      97.9719
373      77.1628
374      79.2107
375      97.9005
376      0
377      83.1789
378      95.5499
379      0
380      0
381      0
382      99.7951
383      92.5412
384      88.3147
385      0
386      0
387      54.7193
388      0
389      0
390      94.1829
391      0
392      63.1987
393      0
394      63.2627
395      96.9025
396      0
397      0
398      98.323
399      80.7246
400      84.7501
401      84.1266
402      86.6925
403      58.6773
404      0
405      92.6226
406      0
407      91.9143
408      0
409      99.1279
410      87.8394
411      99.6452
412      0
413      0
414      0
415      83.5762
416      97.5666
417      63.9255
418      73.81
419      76.5997
420      95.547
421      0
422      0
423      79.5684
424      96.7575
425      0
426      0
427      0
428      69.2673
429      0
430      99.979
431      88.1802
432      96.4059
433      99.7423
434      97.0866
435      0
436      0
437      0
438      81.2259
439      89.1365
440      0
441      95.1947
442      82.8502
443      0
444      97.0574
445      0
446      97.8777
447      78.2328
448      77.0123
449      99.2451
450      68.8291
451      86.9593
452      98.8934
453      85.7613
454      0
455      95.4731
456      0
457      94.9393
458      52.9728
459      0
460      96.9948
461      0
462      0
463      99.9345
464      92.9867
465      0
466      99.5899
467      91.4926
468      0
469      99.9609
470      0
471      0
472      98.6503
473      53.05
474      71.991
475      84.9263
476      86.9709
477      0
478      0
479      51.0105
480      87.7602
481      95.2693
482      94.574
483      0
484      0
485      43.6827
486      0
487      38.795
488      76.2117
489      97.6985
490      0
491      98.2324
492      96.3337
493      99.1643
494      93.9388
495      97.3403
496      0
497      98.5797
498      61.6749
499      0
500      0
501      0
502      0
503      0
504      0
505      73.8347
506      83.0022
507      0
508      0
509      0
510      93.3083
511      94.7512
512      93.1451
513      93.3243
514      55.1154
515      0
516      98.947
517      96.6008
518      99.1744
519      0
520      0
521      0
522      0
523      0
524      54.205
525      75.3848
526      0
527      97.8803
528      98.6044
529      85.0559
530      0
531      0
532      0
533      0
534      94.8951
535      0
536      79.6271
537      99.5745
538      99.9659
539      0
540      0
541      94.5973
542      0
543      0
544      0
545      0
546      98.7287
547      45.6686
548      0
549      99.0591
550      43.8905
551      0
552      0
553      0
554      98.6469
555      60.4034
556      61.2404
557      0
558      0
559      74.7432
560      73.5613
561      98.216
562      0
563      95.9125
564      94.7826
565      93.753
566      0
567      0
568      83.485
569      52.5543
570      97.2718
571      0
572      0
573      93.2601
574      0
575      0
576      98.9398
577      75.9109
578      0
579      0
580      90.7926
581      67.8035
582      0
583      0
584      84.3946
585      0
586      0
587      99.539
588      0
589      0
590      99.41
591      99.3762
592      0
593      96.0919
594      81.4468
595      76.4277
596      0
597      0
598      96.6969
599      94.5617
600      0
601      0
602      98.0647
603      98.8489
604      97.4931
605      0
606      92.5652
607      0
608      93.4773
609      99.6231
610      0
611      99.0978
612      0
613      98.7874
614      85.3956
615      71.721
616      0
617      99.8896
618      0
619      0
620      98.4684
621      0
622      97.5163
623      45.969
624      58.683
625      99.712
626      62.893
627      85.9577
628      89.0591
629      0
630      65.0454
631      0
632      0
633      96.9428
634      99.6335
635      0
636      98.3505
637      98.7886
638      0
639      0
640      0
641      98.1317
642      73.5261
643      99.245
644      90.8484
645      0
646      0
647      48.9438
648      0
649      0
650      0
651      99.669
652      0
653      83.3355
654      88.2
655      98.5782
656      0
657      97.8801
658      62.7609
659      0
660      86.2045
661      96.4068
662      54.6103
663      0
664      0
665      93.5111
666      0
667      0
668      0
669      75.1066
670      97.1929
671      93.8038
672      0
673      99.7645
674      95.8375
675      0
676      0
677      0
678      0
679      99.9792
680      98.43
681      90.0865
682      98.7973
683      96.1495
684      0
685      0
686      0
687      0
688      76.259
689      0
690      99.6101
691      99.9917
692      98.9897
693      87.6612
694      98.5532
695      0
696      0
697      0
698      76.3386
699      83.101
700      0
701      0
702      0
703      0
704      0
705      0
706      93.6724
707      0
708      68.5893
709      69.1379
710      88.7265
711      99.0646
712      0
713      0
714      88.1375
715      75.5373
716      0
717      27.8238
718      0
719      57.3689
720      0
721      0
722      98.6936
723      0
724      49.3199
725      99.7323
726      96.0735
727      91.1954
728      74.8916
729      42.0588
730      0
731      64.3713
732      80.0945
733      81.9504
734      95.7282
735      0
736      98.7372
737      93.5539
738      0
739      95.9706
740      57.5431
741      0
742      0
743      0
744      35.4598
745      0
746      0
747      97.1663
748      0
749      0
750      97.6785
751      0
752      0
753      51.2163
754      0
755      95.5785
756      0
757      97.1723
758      54.284
759      94.6122
760      0
761      98.9
762      94.503
763      99.5995
764      0
765      89.8628
766      0
767      95.0914
768      0
769      97.8267
770      65.2737
771      79.7303
772      0
773      0
774      0
775      99.824
776      53.7839
777      98.9212
778      0
779      96.1347
780      96.3082
781      82.0781
782      98.1968
783      0
784      98.8053
785      0
786      95.0257
787      99.4024
788      67.9256
789      0
790      98.5351
791      98.4093
792      94.0404
793      88.525
794      0
795      63.8809
796      80.6828
797      91.3791
798      96.0123
799      53.592
800      51.4233
801      89.1336
802      97.5146
803      0
804      82.7296
805      86.9012
806      0
807      96.92
808      0
809      0
810      62.426
811      88.9055
812      97.3857
813      0
814      45.4386
815      95.9386
816      85.4787
817      66.4181
818      71.7928
819      0
820      93.5685
821      74.3694
822      84.0855
823      0
824      98.8482
825      0
826      92.5624
827      0
828      84.0373
829      66.6903
830      47.2887
831      0
832      0
833      0
834      0
835      97.9636
836      47.1907
837      98.0834
838      84.967
839      99.7525
840      79.2949
841      0
842      0
843      0
844      80.8312
845      99.8829
846      98.368
847      99.5031
848      0
849      0
850      64.8384
851      0
852      0
853      63.6563
854      50.6163
855      86.2006
856      0
857      88.6722
858      0
859      98.7567
860      0
861      0
862      0
863      76.866
864      0
865      0
866      0
867      98.677
868      96.8121
869      0
870      0
871      0
872      0
873      0
874      0
875      55.9351
876      88.1775
877      76.2748
878      53.8317
879      74.6153
880      59.0974
881      95.9855
882      67.8974
883      93.8078
884      0
885      97.5841
886      52.943
887      55.148
888      79.5121
889      99.7549
890      0
891      98.3993
892      99.4153
893      0
894      93.0636
895      70.2144
896      61.641
897      91.6244
898      87.9939
899      0
900      93.8315
901      99.9798
902      0
903      97.9695
904      98.5366
905      0
906      0
907      98.7878
908      0
909      98.5261
910      0
911      99.2041
912      0
913      98.8286
914      59.0193
915      60.8614
916      0
917      97.7177
918      0
919      0
920      99.1124
921      97.5337
922      86.4461
923      91.0079
924      93.3801
925      68.3592
926      99.4311
927      79.6994
928      0
929      78.1637
930      99.3949
931      80.5141
932      0
933      94.3908
934      99.2907
935      98.6091
936      87.6726
937      0
938      98.3336
939      96.2368
940      98.9367
941      0
942      0
943      99.9419
944      97.8738
945      99.7244
946      86.3516
947      53.861
948      98.6618
949      0
950      97.3359
951      73.867
952      66.8212
953      0
954      96.9545
955      0
956      63.0148
957      91.2248
958      0
959      56.8349
960      0
961      98.06
962      99.9668
963      0
964      0
965      92.9588
966      0
967      95.3408
968      94.484
969      54.8072
970      0
971      75.152
972      0
973      92.9941
974      0
975      91.8933
976      99.2544
977      99.3618
978      96.7981
979      85.8599
980      99.7107
981      0
982      99.6972
983      93.9017
984      0
985      0
986      93.2842
987      42.7479
988      91.6088
989      0
990      0
991      98.5906
992      95.6817
993      54.2158
994      0
995      0
996      98.8415
997      52.9585
998      0
999      84.8401
       32022.9
