0      90.5632
1      0
2      0
3      70.1214
4      0
5      83.9387
6      98.2712
7      97.6102
8      65.9956
9      95.39
10      0
11      0
12      89.3686
13      92.4834
14      0
15      82.4133
16      0
17      93.2887
18      0
19      82.2127
20      92.867
21      70.4465
22      0
23      0
24      0
25      99.208
26      66.901
27      95.3318
28      92.642
29      82.2841
30      98.9424
31      86.5294
32      87.5971
33      0
34      99.2377
35      0
36      92.8073
37      0
38      83.4313
39      0
40      94.446
41      0
42      88.9385
43      89.6968
44      0
45      99.1742
46      75.9939
47      98.3775
48      86.4163
49      92.829
50      61.4792
51      97.4054
52      99.2424
53      0
54      71.8926
55      78.082
56      0
57      96.5424
58      0
59      0
60      88.6286
61      82.8798
62      95.9953
63      0
64      79.5646
65      94.5658
66      83.7343
67      91.107
68      78.7865
69      0
70      99.6576
71      94.2065
72      91.0264
73      0
74      0
75      0
76      83.8556
77      0
78      75.4965
79      75.8779
80      48.5881
81      0
82      0
83      0
84      0
85      96.7552
86      90.4234
87      80.5587
88      98.1538
89      95.0603
90      79.1128
91      0
92      0
93      97.3588
94      0
95      99.8207
96      99.1858
97      96.521
98      0
99      0
100      45.4864
101      0
102      0
103      51.2594
104      40.0208
105      87.1105
106      0
107      80.5227
108      0
109      99.4496
110      0
111      0
112      0
113      66.4291
114      0
115      0
116      0
117      88.5555
118      72.0016
119      0
120      0
121      0
122      55.5254
123      0
124      0
125      56.2489
126      82.7454
127      77.8623
128      43.8638
129      85.3602
130      63.2514
131      85.5341
132      81.6209
133      80.6108
134      0
135      86.4413
136      97.4869
137      73.4265
138      82.4828
139      0
140      95.2833
141      96.9162
142      98.2493
143      0
144      95.87
145      70.3906
146      84.1243
147      90.2487
148      99.2426
149      0
150      88.9248
151      99.2736
152      0
153      82.8607
154      0
155      0
156      0
157      95.4657
158      0
159      91.2442
160      0
161      90.397
162      0
163      98.1435
164      56.056
165      75.3157
166      0
167      79.8885
168      0
169      94.2776
170      88.8157
171      93.5249
172      86.7492
173      89.1327
174      93.8602
175      91.7599
176      0
177      98.056
178      0
179      99.7417
180      0
181      87.6215
182      0
183      85.7128
184      0
185      99.9655
186      0
187      0
188      78.3942
189      88.6722
190      75.37
191      0
192      72.7782
193      99.8765
194      93.3066
195      0
196      91.137
197      49.0333
198      0
199      0
200      0
201      62.4116
202      99.8523
203      0
204      89.4605
205      0
206      60.3322
207      68.9351
208      0
209      52.3649
210      0
211      77.2931
212      0
213      96.2966
214      0
215      86.2159
216      0
217      98.2896
218      88.8427
219      52.0047
220      0
221      67.4392
222      41.0908
223      96.6321
224      0
225      98.542
226      90.5725
227      73.4954
228      98.1454
229      60.7518
230      91.4104
231      0
232      0
233      95.982
234      0
235      0
236      92.3659
237      43.1946
238      66.0489
239      0
240      0
241      98.8076
242      85.4748
243      67.0094
244      0
245      0
246      86.8063
247      33.9761
248      88.9881
249      88.1096
250      88.738
251      54.1989
252      78.2374
253      92.8951
254      98.6199
255      0
256      0
257      79.4049
258      94.8301
259      0
260      78.3938
261      93.3933
262      98.801
263      94.9768
264      67.0297
265      97.4427
266      89.2194
267      94.2459
268      95.3497
269      0
270      0
271      0
272      60.4915
273      59.6916
274      73.2655
275      82.6844
276      0
277      0
278      0
279      0
280      82.7329
281      91.5009
282      0
283      88.3451
284      0
285      85.147
286      84.308
287      0
288      98.2239
289      0
290      0
291      0
292      97.5633
293      96.9818
294      0
295      0
296      0
297      68.0454
298      0
299      0
300      68.7215
301      0
302      98.6628
303      96.1375
304      0
305      0
306      0
307      0
308      94.2299
309      0
310      45.7317
311      98.1757
312      92.102
313      94.4258
314      99.91
315      0
316      98.5687
317      0
318      0
319      0
320      0
321      99.7484
322      0
323      87.4429
324      0
325      99.9775
326      0
327      92.8841
328      97.8968
329      97.6634
330      59.4532
331      0
332      87.1916
333      98.8304
334      0
335      56.8258
336      47.5713
337      71.6867
338      94.7239
339      0
340      0
341      75.7968
342      0
343      0
344      96.8086
345      0
346      64.0594
347      0
348      72.4973
349      0
350      0
351      93.8039
352      94.3066
353      97.2976
354      0
355      97.8131
356      0
357      0
358      74.7545
359      0
360      97.3643
361      90.4881
362      96.9619
363      85.2195
364      89.0131
365      98.4735
366      0
367      65.2385
368      0
369      0
370      0
371      0
372      99.7176
373      75.3933
374      0
375      0
376      50.3857
377      0
378      96.6493
379      99.2217
380      0
381      65.6922
382      0
383      0
384      0
385      93.2222
386      87.2981
387      88.768
388      0
389      0
390      65.7665
391      94.8464
392      0
393      99.6064
394      95.0326
395      95.1229
396      97.9628
397      89.8087
398      64.8997
399      0
400      98.0628
401      98.2444
402      93.4167
403      0
404      92.7471
405      0
406      98.2767
407      0
408      98.8136
409      70.3032
410      0
411      70.2611
412      0
413      96.2035
414      0
415      99.9679
416      99.6993
417      0
418      70.9344
419      44.5585
420      0
421      90.4429
422      53.0746
423      83.9667
424      0
425      96.0433
426      84.0126
427      0
428      62.8228
429      94.9064
430      64.2337
431      83.8383
432      96.8421
433      89.4188
434      0
435      0
436      0
437      83.765
438      86.9715
439      0
440      0
441      92.6449
442      83.5409
443      81.1527
444      87.2222
445      0
446      0
447      87.5189
448      0
449      0
450      0
451      51.056
452      0
453      78.1648
454      0
455      0
456      0
457      98.691
458      97.3292
459      0
460      0
461      0
462      99.3673
463      93.9656
464      94.6575
465      0
466      0
467      0
468      60.1329
469      0
470      89.2873
471      78.3847
472      76.4771
473      0
474      0
475      0
476      98.1418
477      0
478      0
479      42.8314
480      99.0601
481      73.5679
482      83.1572
483      0
484      0
485      62.0359
486      0
487      84.127
488      91.651
489      98.0049
490      0
491      0
492      86.0186
493      96.3919
494      90.6943
495      97.587
496      73.9915
497      0
498      96.6841
499      0
500      78.6778
501      98.5621
502      0
503      95.1503
504      0
505      0
506      0
507      89.2603
508      0
509      71.5592
510      0
511      55.1224
512      88.9386
513      71.0155
514      0
515      0
516      0
517      73.3789
518      69.0223
519      73.4373
520      76.8672
521      90.8059
522      96.4548
523      93.4097
524      0
525      56.0473
526      0
527      99.8036
528      0
529      97.2727
530      87.0866
531      0
532      0
533      92.6859
534      0
535      99.5727
536      0
537      93.6035
538      93.2173
539      62.5021
540      71.0154
541      54.8088
542      0
543      0
544      0
545      79.7175
546      0
547      0
548      0
549      71.1108
550      99.9008
551      62.3703
552      0
553      72.6258
554      0
555      0
556      0
557      98.6106
558      90.998
559      0
560      0
561      0
562      0
563      95.7155
564      86.9039
565      66.2039
566      94.4045
567      98.053
568      93.8961
569      74.6267
570      94.7698
571      71.453
572      92.0817
573      62.9917
574      88.5714
575      89.5827
576      93.5965
577      77.3783
578      75.8653
579      80.8932
580      94.0237
581      76.6823
582      0
583      0
584      99.3317
585      96.561
586      0
587      97.8673
588      99.253
589      92.8753
590      0
591      0
592      96.4408
593      0
594      98.9067
595      0
596      0
597      87.5568
598      98.6125
599      83.5294
600      0
601      0
602      89.1752
603      78.5291
604      0
605      0
606      29.5362
607      95.5344
608      91.4839
609      85.9962
610      93.2095
611      0
612      0
613      49.8547
614      88.7803
615      71.452
616      97.9287
617      94.8654
618      89.8171
619      82.8727
620      0
621      33.3717
622      96.0662
623      0
624      0
625      0
626      0
627      88.3016
628      97.5697
629      89.4788
630      60.4428
631      0
632      0
633      0
634      37.431
635      65.3882
636      0
637      0
638      83.3931
639      0
640      91.9942
641      78.9865
642      98.8268
643      0
644      0
645      0
646      0
647      66.2225
648      0
649      0
650      65.256
651      0
652      46.8758
653      0
654      0
655      89.5094
656      0
657      80.2388
658      95.5744
659      0
660      0
661      0
662      91.13
663      0
664      0
665      97.5481
666      97.1478
667      96.1734
668      71.2336
669      0
670      0
671      61.0723
672      44.7656
673      65.3217
674      84.9057
675      0
676      82.2251
677      83.1493
678      82.7042
679      73.3252
680      65.6646
681      99.8447
682      0
683      0
684      0
685      0
686      0
687      92.9963
688      86.0567
689      0
690      0
691      0
692      0
693      94.2896
694      97.3947
695      99.3552
696      94.0287
697      0
698      0
699      0
700      85.6461
701      78.9209
702      81.4488
703      0
704      93.6539
705      0
706      94.5241
707      0
708      95.4715
709      91.2168
710      0
711      0
712      97.5875
713      0
714      99.2581
715      0
716      94.9755
717      98.6023
718      0
719      99.9055
720      87.4983
721      84.4325
722      81.1234
723      95.9413
724      81.7246
725      0
726      40.7786
727      33.0325
728      0
729      0
730      0
731      59.6538
732      0
733      65.2719
734      99.844
735      0
736      0
737      78.4266
738      99.4578
739      94.2302
740      74.6999
741      97.4436
742      67.6784
743      99.4103
744      0
745      0
746      92.302
747      96.2248
748      84.7754
749      85.0176
750      0
751      95.0595
752      0
753      0
754      0
755      0
756      0
757      0
758      91.6318
759      95.7226
760      97.7702
761      0
762      85.5947
763      93.8547
764      0
765      0
766      99.6442
767      73.074
768      0
769      90.1719
770      79.3566
771      0
772      0
773      91.1442
774      92.4558
775      0
776      60.1482
777      96.581
778      98.4952
779      75.2737
780      85.778
781      91.9214
782      52.8393
783      0
784      92.1124
785      90.4749
786      0
787      72.9265
788      0
789      0
790      0
791      98.4876
792      0
793      0
794      75.9848
795      98.7757
796      97.8259
797      0
798      0
799      0
800      0
801      94.5156
802      0
803      78.9145
804      0
805      92.1562
806      0
807      99.8109
808      89.2029
809      0
810      97.2017
811      0
812      76.5437
813      0
814      91.2086
815      79.0993
816      58.6132
817      98.7661
818      95.6809
819      22.5512
820      99.0068
821      93.2767
822      0
823      73.9729
824      98.574
825      97.2977
826      0
827      96.5422
828      96.5121
829      0
830      91.0073
831      0
832      47.915
833      99.7142
834      95.9648
835      0
836      0
837      78.8758
838      0
839      78.8897
840      0
841      92.947
842      0
843      48.8587
844      0
845      97.3375
846      0
847      97.7669
848      85.2414
849      0
850      0
851      73.3893
852      81.015
853      94.3891
854      79.819
855      96.438
856      94.0098
857      0
858      94.0166
859      0
860      98.8939
861      94.6776
862      0
863      0
864      0
865      0
866      98.7701
867      94.2508
868      0
869      94.3157
870      0
871      66.5913
872      88.4835
873      94.3
874      93.5887
875      0
876      0
877      89.2482
878      0
879      78.8515
880      0
881      0
882      0
883      0
884      90.067
885      80.8691
886      0
887      73.9725
888      95.3187
889      97.3619
890      89.3437
891      0
892      0
893      99.4487
894      96.5475
895      99.7694
896      0
897      55.5316
898      91.4212
899      99.4673
900      97.8604
901      79.1439
902      0
903      62.7481
904      0
905      0
906      0
907      95.996
908      74.024
909      0
910      68.2071
911      99.215
912      0
913      75.5654
914      0
915      99.0557
916      95.22
917      79.6414
918      0
919      91.7689
920      0
921      81.6571
922      0
923      90.9995
924      72.8419
925      98.6325
926      0
927      97.1779
928      86.3968
929      81.1668
930      0
931      0
932      0
933      0
934      98.3768
935      0
936      0
937      76.3324
938      0
939      0
940      0
941      0
942      0
943      90.2588
944      58.6888
945      97.3418
946      74.1139
947      85.4031
948      64.2319
949      97.9034
950      0
951      88.2544
952      71.5963
953      0
954      0
955      83.0588
956      86.63
957      0
958      0
959      90.6229
960      71.477
961      0
962      0
963      55.4047
964      88.5624
965      65.3238
966      0
967      82.9952
968      94.458
969      89.4837
970      95.6939
971      0
972      83.221
973      97.7277
974      93.6588
975      0
976      0
977      84.0817
978      71.4556
979      0
980      97.382
981      0
982      0
983      95.1449
984      0
985      95.6049
986      0
987      62.1081
988      0
989      77.729
990      0
991      78.0088
992      87.7307
993      0
994      0
995      0
996      0
997      0
998      96.7316
999      60.198
1000      99.6893
1001      93.1148
1002      78.3062
1003      0
1004      92.2502
1005      93.5835
1006      94.4311
1007      62.4509
1008      86.9242
1009      82.3962
1010      0
1011      0
1012      95.8434
1013      95.1706
1014      54.3862
1015      97.7913
1016      0
1017      99.8222
1018      80.4999
1019      0
1020      99.0379
1021      0
1022      0
1023      97.4315
1024      77.7719
1025      0
1026      83.0265
1027      88.6964
1028      0
1029      91.1062
1030      0
1031      0
1032      0
1033      96.8631
1034      21.1116
1035      98.0279
1036      88.6955
1037      0
1038      92.9531
1039      89.9799
1040      94.3381
1041      0
1042      85.4584
1043      0
1044      0
1045      95.7792
1046      0
1047      94.0134
1048      0
1049      0
1050      0
1051      98.8356
1052      96.5027
1053      89.6887
1054      65.5398
1055      0
1056      41.7499
1057      0
1058      0
1059      98.253
1060      95.1658
1061      0
1062      0
1063      99.7144
1064      0
1065      0
1066      0
1067      94.0408
1068      0
1069      94.2563
1070      0
1071      83.9404
1072      0
1073      0
1074      0
1075      0
1076      0
1077      97.7921
1078      92.1061
1079      0
1080      77.204
1081      0
1082      0
1083      0
1084      93.4482
1085      0
1086      0
1087      74.5765
1088      0
1089      95.0289
1090      95.7551
1091      0
1092      0
1093      61.7947
1094      92.603
1095      53.9161
1096      0
1097      95.6649
1098      99.3322
1099      80.4376
1100      0
1101      0
1102      90.199
1103      81.5476
1104      0
1105      0
1106      85.8063
1107      0
1108      96.112
1109      0
1110      66.8292
1111      73.9846
1112      0
1113      71.1042
1114      82.589
1115      98.9452
1116      0
1117      98.8599
1118      89.0782
1119      0
1120      92.445
1121      94.6337
1122      0
1123      0
1124      0
1125      0
1126      0
1127      99.629
1128      85.2349
1129      0
1130      0
1131      80.7152
1132      0
1133      66.8198
1134      0
1135      86.3509
1136      74.6573
1137      96.7754
1138      98.286
1139      83.6683
1140      0
1141      84.0564
1142      0
1143      79.8874
1144      79.3028
1145      0
1146      0
1147      0
1148      66.2078
1149      0
1150      97.4594
1151      80.7312
1152      82.8761
1153      74.0552
1154      0
1155      99.374
1156      0
1157      0
1158      65.4322
1159      92.2919
1160      0
1161      79.0126
1162      0
1163      82.3793
1164      0
1165      61.0302
1166      87.4187
1167      99.5187
1168      80.9708
1169      95.8976
1170      89.6978
1171      88.2594
1172      98.4191
1173      96.4255
1174      0
1175      71.0717
1176      0
1177      98.3786
1178      0
1179      0
1180      76.1722
1181      97.429
1182      53.7825
1183      0
1184      0
1185      0
1186      78.7596
1187      0
1188      0
1189      0
1190      43.1488
1191      97.6418
1192      0
1193      88.6913
1194      62.0489
1195      0
1196      92.2319
1197      81.54
1198      65.4027
1199      0
1200      56.3784
1201      99.2524
1202      0
1203      0
1204      96.6059
1205      96.0599
1206      87.4204
1207      0
1208      0
1209      0
1210      0
1211      0
1212      0
1213      55.9731
1214      88.1703
1215      0
1216      86.3095
1217      91.8086
1218      97.6231
1219      87.0698
1220      98.0397
1221      0
1222      0
1223      60.6084
1224      97.6272
1225      0
1226      92.9117
1227      89.0759
1228      93.162
1229      96.2504
1230      0
1231      47.5796
1232      0
1233      98.5128
1234      0
1235      99.5937
1236      65.8978
1237      83.08
1238      0
1239      98.4718
1240      82.9154
1241      0
1242      0
1243      97.3191
1244      95.3818
1245      95.7477
1246      91.2055
1247      78.9111
1248      95.3354
1249      62.6083
1250      0
1251      62.6654
1252      0
1253      0
1254      76.3081
1255      99.2507
1256      0
1257      48.0767
1258      95.2968
1259      0
1260      88.3827
1261      0
1262      0
1263      81.467
1264      93.5582
1265      70.0791
1266      82.9673
1267      0
1268      69.6352
1269      67.576
1270      98.7373
1271      94.1885
1272      81.3931
1273      95.1483
1274      0
1275      80.5695
1276      44.3027
1277      0
1278      0
1279      76.3892
1280      74.918
1281      0
1282      0
1283      0
1284      0
1285      0
1286      0
1287      96.6863
1288      70.6269
1289      96.6596
1290      0
1291      80.0798
1292      0
1293      0
1294      61.2295
1295      70.8668
1296      96.5615
1297      63.8257
1298      0
1299      0
1300      0
1301      0
1302      76.5882
1303      84.5087
1304      0
1305      72.623
1306      0
1307      0
1308      0
1309      89.9632
1310      80.1885
1311      97.7244
1312      0
1313      62.5306
1314      0
1315      98.9754
1316      90.7487
1317      0
1318      0
1319      54.677
1320      0
1321      94.1945
1322      0
1323      0
1324      0
1325      98.0912
1326      93.0177
1327      92.7332
1328      97.7557
1329      81.0443
1330      71.4177
1331      0
1332      90.4208
1333      91.8129
1334      0
1335      43.1326
1336      0
1337      0
1338      96.4356
1339      0
1340      0
1341      95.1458
1342      0
1343      0
1344      99.2972
1345      0
1346      0
1347      0
1348      95.3499
1349      85.4131
1350      71.6358
1351      88.7862
1352      0
1353      98.8444
1354      0
1355      63.7735
1356      97.0811
1357      0
1358      0
1359      89.005
1360      78.3684
1361      0
1362      80.3738
1363      94.0752
1364      71.2903
1365      90.6688
1366      0
1367      90.6473
1368      96.9869
1369      99.9806
1370      0
1371      0
1372      0
1373      0
1374      0
1375      66.3751
1376      0
1377      89.2936
1378      90.1255
1379      95.043
1380      86.4338
1381      0
1382      94.0354
1383      86.0434
1384      83.2798
1385      96.1957
1386      48.16
1387      52.1255
1388      73.8132
1389      0
1390      0
1391      60.3254
1392      93.0546
1393      95.0044
1394      0
1395      85.6798
1396      56.0349
1397      0
1398      0
1399      99.0851
1400      93.9794
1401      0
1402      55.6437
1403      91.524
1404      86.9396
1405      0
1406      96.1859
1407      0
1408      98.0235
1409      95.9065
1410      0
1411      86.809
1412      0
1413      96.1345
1414      0
1415      98.5779
1416      61.316
1417      0
1418      96.4712
1419      0
1420      0
1421      0
1422      0
1423      85.8021
1424      85.7552
1425      97.2466
1426      0
1427      72.3729
1428      83.3854
1429      97.0234
1430      0
1431      0
1432      80.5981
1433      90.4454
1434      0
1435      73.8339
1436      91.078
1437      99.5706
1438      0
1439      0
1440      57.2231
1441      87.117
1442      96.9817
1443      0
1444      84.4261
1445      97.7651
1446      0
1447      0
1448      87.2642
1449      0
1450      91.0867
1451      66.0613
1452      0
1453      0
1454      97.7583
1455      80.9955
1456      0
1457      55.083
1458      0
1459      99.9109
1460      89.4953
1461      0
1462      99.8125
1463      0
1464      99.2276
1465      77.6116
1466      96.5836
1467      99.0892
1468      0
1469      70.4032
1470      0
1471      77.3634
1472      0
1473      0
1474      55.2833
1475      94.5314
1476      0
1477      0
1478      90.86
1479      95.8508
1480      34.4864
1481      0
1482      0
1483      98.76
1484      99.3997
1485      0
1486      0
1487      92.4422
1488      95.9874
1489      89.4824
1490      57.7128
1491      97.7183
1492      0
1493      96.4599
1494      0
1495      75.5039
1496      84.5668
1497      45.083
1498      0
1499      0
1500      0
1501      0
1502      84.4145
1503      0
1504      98.8685
1505      68.6515
1506      96.5857
1507      0
1508      0
1509      65.6642
1510      91.8003
1511      97.3642
1512      0
1513      91.9305
1514      0
1515      0
1516      94.6566
1517      87.3217
1518      72.3399
1519      81.0181
1520      0
1521      92.4721
1522      0
1523      90.5351
1524      86.989
1525      87.4139
1526      87.1014
1527      0
1528      0
1529      0
1530      78.6668
1531      0
1532      93.382
1533      0
1534      0
1535      90.9991
1536      88.608
1537      93.1459
1538      89.8681
1539      99.3701
1540      98.5667
1541      96.0086
1542      97.8473
1543      0
1544      95.2574
1545      89.8089
1546      97.8138
1547      97.9226
1548      0
1549      92.5805
1550      95.9276
1551      73.953
1552      94.4146
1553      77.8838
1554      96.9462
1555      94.8246
1556      99.289
1557      97.3976
1558      0
1559      0
1560      0
1561      0
1562      86.4024
1563      0
1564      0
1565      97.8422
1566      0
1567      0
1568      87.5068
1569      50.575
1570      98.4593
1571      63.1721
1572      0
1573      84.8979
1574      0
1575      0
1576      0
1577      0
1578      0
1579      97.6293
1580      86.5454
1581      0
1582      88.0944
1583      75.1274
1584      99.0203
1585      79.0863
1586      0
1587      0
1588      85.8339
1589      75.2024
1590      94.2264
1591      0
1592      60.5766
1593      0
1594      87.9122
1595      0
1596      96.3659
1597      77.6103
1598      0
1599      95.3179
1600      0
1601      0
1602      0
1603      62.3897
1604      0
1605      0
1606      0
1607      0
1608      0
1609      0
1610      57.6315
1611      84.8177
1612      0
1613      69.5086
1614      99.4503
1615      60.4142
1616      0
1617      84.6386
1618      0
1619      75.4629
1620      94.146
1621      86.676
1622      0
1623      0
1624      0
1625      84.6516
1626      0
1627      88.8428
1628      73.1881
1629      80.864
1630      97.3328
1631      0
1632      0
1633      0
1634      0
1635      99.2014
1636      0
1637      0
1638      75.6089
1639      0
1640      49.703
1641      0
1642      0
1643      0
1644      89.9584
1645      0
1646      98.8922
1647      89.24
1648      75.3934
1649      0
1650      0
1651      0
1652      0
1653      0
1654      0
1655      0
1656      0
1657      0
1658      0
1659      0
1660      90.3027
1661      0
1662      0
1663      88.2874
1664      99.7181
1665      51.5171
1666      0
1667      92.2938
1668      0
1669      75.2579
1670      82.901
1671      84.0145
1672      98.0186
1673      0
1674      0
1675      0
1676      74.4269
1677      0
1678      0
1679      96.0323
1680      0
1681      83.0191
1682      0
1683      67.3642
1684      84.0609
1685      94.0485
1686      0
1687      32.4145
1688      99.8771
1689      95.2741
1690      90.9848
1691      0
1692      0
1693      0
1694      0
1695      97.8186
1696      0
1697      0
1698      0
1699      98.4355
1700      0
1701      75.0226
1702      88.4585
1703      0
1704      0
1705      48.6932
1706      0
1707      0
1708      0
1709      80.9379
1710      0
1711      91.432
1712      94.1469
1713      94.6917
1714      85.9673
1715      0
1716      99.9813
1717      95.4034
1718      0
1719      0
1720      92.138
1721      91.5972
1722      84.7294
1723      48.6374
1724      82.2598
1725      98.1377
1726      0
1727      95.1581
1728      81.1833
1729      51.267
1730      0
1731      33.8078
1732      0
1733      0
1734      97.3611
1735      43.8415
1736      0
1737      0
1738      0
1739      0
1740      56.7767
1741      0
1742      72.473
1743      87.0585
1744      90.2058
1745      0
1746      99.8791
1747      92.6152
1748      0
1749      86.8442
1750      94.5266
1751      0
1752      0
1753      0
1754      96.9084
1755      0
1756      77.2373
1757      0
1758      99.4859
1759      0
1760      99.8454
1761      69.2214
1762      82.1095
1763      97.7487
1764      0
1765      85.1464
1766      0
1767      78.498
1768      0
1769      0
1770      0
1771      66.3672
1772      0
1773      0
1774      47.4829
1775      97.0249
1776      91.8854
1777      0
1778      94.7398
1779      75.4877
1780      89.8258
1781      89.0972
1782      93.9127
1783      0
1784      95.3492
1785      0
1786      97.6621
1787      64.1338
1788      0
1789      0
1790      74.642
1791      0
1792      0
1793      71.3573
1794      0
1795      95.7612
1796      0
1797      91.6922
1798      76.6979
1799      99.1464
1800      0
1801      0
1802      68.0475
1803      0
1804      0
1805      97.6534
1806      0
1807      91.7109
1808      0
1809      56.5534
1810      88.8613
1811      0
1812      0
1813      64.1928
1814      0
1815      71.947
1816      0
1817      0
1818      97.4034
1819      69.3968
1820      97.2727
1821      85.4678
1822      59.4983
1823      0
1824      0
1825      82.5238
1826      0
1827      0
1828      0
1829      0
1830      91.7224
1831      0
1832      89.0323
1833      0
1834      0
1835      96.7397
1836      64.4255
1837      95.0549
1838      0
1839      68.967
1840      97.0013
1841      73.3755
1842      0
1843      0
1844      0
1845      0
1846      0
1847      90.5779
1848      88.9524
1849      0
1850      84.582
1851      90.1262
1852      81.1734
1853      0
1854      66.5355
1855      0
1856      0
1857      89.1259
1858      94.9971
1859      0
1860      50.8019
1861      94.7326
1862      0
1863      74.002
1864      0
1865      0
1866      53.7015
1867      0
1868      0
1869      93.4759
1870      92.8304
1871      0
1872      92.732
1873      0
1874      86.5538
1875      0
1876      0
1877      57.0415
1878      81.5936
1879      99.2969
1880      69.9406
1881      0
1882      0
1883      94.7373
1884      94.9349
1885      0
1886      0
1887      0
1888      73.1561
1889      92.9377
1890      0
1891      0
1892      0
1893      93.3912
1894      0
1895      76.1725
1896      92.6402
1897      0
1898      93.6
1899      0
1900      96.6248
1901      0
1902      72.9676
1903      0
1904      0
1905      0
1906      0
1907      71.6112
1908      94.9633
1909      89.8883
1910      61.3323
1911      0
1912      84.5827
1913      0
1914      0
1915      96.1728
1916      83.8551
1917      91.6377
1918      0
1919      0
1920      0
1921      0
1922      0
1923      99.6411
1924      74.4098
1925      98.8602
1926      97.9223
1927      79.3483
1928      60.139
1929      0
1930      0
1931      94.6449
1932      88.0727
1933      0
1934      0
1935      0
1936      0
1937      97.3236
1938      0
1939      0
1940      97.2215
1941      99.4162
1942      0
1943      90.3817
1944      83.8693
1945      99.3463
1946      0
1947      0
1948      91.6994
1949      0
1950      0
1951      0
1952      80.4714
1953      93.7548
1954      98.4134
1955      98.9692
1956      0
1957      66.254
1958      0
1959      0
1960      0
1961      90.3971
1962      0
1963      87.6102
1964      0
1965      0
1966      0
1967      93.3701
1968      90.7994
1969      93.0837
1970      85.4874
1971      80.7044
1972      80.8032
1973      0
1974      93.3131
1975      0
1976      84.8893
1977      0
1978      71.1585
1979      0
1980      0
1981      62.9058
1982      0
1983      81.9611
1984      0
1985      91.9131
1986      0
1987      81.5112
1988      86.907
1989      99.2972
1990      82.8481
1991      77.7451
1992      95.0711
1993      76.6555
1994      0
1995      0
1996      0
1997      96.0874
1998      98.6896
1999      0
2000      75.1469
2001      73.9828
2002      0
2003      0
2004      0
2005      76.338
2006      98.6018
2007      0
2008      97.3483
2009      0
2010      79.7828
2011      65.3225
2012      83.8698
2013      76.3372
2014      0
2015      49.8642
2016      0
2017      0
2018      53.9737
2019      59.9226
2020      68.8194
2021      93.0521
2022      73.4614
2023      98.9139
2024      98.5561
2025      0
2026      87.4828
2027      98.2508
2028      85.453
2029      81.2317
2030      66.5011
2031      0
2032      87.844
2033      98.9945
2034      0
2035      81.4694
2036      92.1762
2037      67.1166
2038      0
2039      76.8058
2040      73.5911
2041      90.9942
2042      99.4781
2043      77.3693
2044      0
2045      0
2046      87.8466
2047      0
2048      74.6516
2049      0
2050      98.8456
2051      0
2052      80.5928
2053      86.3597
2054      84.053
2055      0
2056      0
2057      98.956
2058      99.3021
2059      94.2557
2060      68.6387
2061      0
2062      81.5002
2063      0
2064      0
2065      0
2066      0
2067      97.1534
2068      55.5109
2069      97.6461
2070      0
2071      89.3926
2072      99.0738
2073      70.5587
2074      94.8896
2075      97.0072
2076      86.5511
2077      0
2078      51.4553
2079      0
2080      49.1891
2081      99.099
2082      87.8013
2083      56.9171
2084      98.2602
2085      0
2086      50.2667
2087      0
2088      0
2089      89.0077
2090      86.0412
2091      96.0406
2092      0
2093      73.14
2094      90.9336
2095      0
2096      0
2097      94.8874
2098      0
2099      0
2100      79.0733
2101      69.8089
2102      65.9356
2103      92.9038
2104      0
2105      97.6348
2106      98.8536
2107      0
2108      0
2109      0
2110      0
2111      0
2112      0
2113      98.1616
2114      97.7085
2115      0
2116      99.3712
2117      84.1287
2118      68.1704
2119      95.7017
2120      0
2121      0
2122      98.2753
2123      86.7804
2124      0
2125      0
2126      87.7455
2127      0
2128      84.0952
2129      94.8886
2130      0
2131      0
2132      53.7606
2133      49.2357
2134      71.2073
2135      0
2136      98.6999
2137      95.2908
2138      0
2139      0
2140      96.8719
2141      81.6771
2142      0
2143      94.9761
2144      99.7072
2145      0
2146      68.1925
2147      0
2148      0
2149      0
2150      97.7728
2151      0
2152      99.4926
2153      0
2154      44.3736
2155      94.7251
2156      0
2157      0
2158      99.424
2159      73.3624
2160      83.0292
2161      0
2162      64.8409
2163      0
2164      98.5433
2165      0
2166      50.7559
2167      97.3707
2168      98.3148
2169      0
2170      99.8731
2171      92.9252
2172      73.6366
2173      97.7883
2174      0
2175      77.072
2176      99.7279
2177      99.1649
2178      0
2179      91.3812
2180      92.1753
2181      98.8979
2182      0
2183      0
2184      0
2185      92.7622
2186      91.1837
2187      96.3224
2188      95.3131
2189      75.5513
2190      90.4496
2191      97.8606
2192      0
2193      0
2194      0
2195      0
2196      0
2197      62.563
2198      79.974
2199      99.7657
2200      59.997
2201      0
2202      88.8507
2203      0
2204      75.6758
2205      99.8793
2206      92.0585
2207      0
2208      91.8243
2209      0
2210      95.3084
2211      0
2212      0
2213      87.7885
2214      99.7332
2215      0
2216      43.1236
2217      0
2218      0
2219      93.8462
2220      99.7885
2221      92.806
2222      85.2131
2223      0
2224      0
2225      67.8503
2226      96.9122
2227      80.3747
2228      89.2095
2229      87.789
2230      54.238
2231      0
2232      77.7215
2233      0
2234      0
2235      0
2236      92.8602
2237      0
2238      0
2239      67.2422
2240      98.9623
2241      98.9929
2242      85.6075
2243      94.0959
2244      0
2245      0
2246      95.0907
2247      0
2248      0
2249      0
2250      0
2251      75.7943
2252      0
2253      0
2254      0
2255      96.4003
2256      64.1567
2257      0
2258      0
2259      92.6842
2260      94.2411
2261      87.9431
2262      90.1492
2263      77.7128
2264      92.4091
2265      44.3603
2266      97.519
2267      86.9889
2268      55.1734
2269      0
2270      78.6867
2271      86.2611
2272      84.1191
2273      97.0744
2274      0
2275      0
2276      89.2289
2277      0
2278      0
2279      81.8184
2280      96.4229
2281      83.1904
2282      99.2372
2283      0
2284      83.75
2285      93.6302
2286      80.3148
2287      85.0353
2288      0
2289      0
2290      92.9146
2291      99.5949
2292      0
2293      99.8555
2294      55.778
2295      85.3729
2296      83.6623
2297      77.5034
2298      84.9421
2299      0
2300      98.414
2301      0
2302      72.3322
2303      89.8894
2304      95.056
2305      0
2306      90.0742
2307      70.5687
2308      0
2309      0
2310      0
2311      0
2312      97.2072
2313      99.3813
2314      96.6124
2315      81.6048
2316      96.6462
2317      0
2318      45.0276
2319      0
2320      88.3801
2321      84.5366
2322      0
2323      62.3958
2324      90.1533
2325      0
2326      60.5057
2327      0
2328      56.6668
2329      68.7607
2330      0
2331      0
2332      0
2333      81.423
2334      0
2335      0
2336      96.1107
2337      0
2338      0
2339      97.5572
2340      92.5771
2341      0
2342      0
2343      0
2344      0
2345      0
2346      82.4704
2347      84.327
2348      81.7037
2349      96.5315
2350      0
2351      88.9407
2352      0
2353      0
2354      0
2355      0
2356      0
2357      0
2358      97.9372
2359      0
2360      94.0029
2361      98.4547
2362      0
2363      77.6937
2364      95.9108
2365      0
2366      54.3257
2367      0
2368      0
2369      84.2976
2370      99.1707
2371      0
2372      96.4818
2373      0
2374      0
2375      93.111
2376      0
2377      99.2897
2378      0
2379      0
2380      0
2381      87.5222
2382      87.4415
2383      98.0313
2384      81.448
2385      0
2386      95.8273
2387      0
2388      92.191
2389      0
2390      95.6908
2391      98.5275
2392      0
2393      91.1336
2394      84.1651
2395      79.7578
2396      96.3138
2397      70.9264
2398      91.5731
2399      79.4894
2400      96.2058
2401      82.4535
2402      55.5283
2403      73.7631
2404      0
2405      62.7164
2406      86.8976
2407      85.8104
2408      52.1617
2409      0
2410      99.1953
2411      49.0801
2412      0
2413      0
2414      0
2415      0
2416      0
2417      96.5379
2418      0
2419      68.6733
2420      83.549
2421      97.0782
2422      69.1007
2423      78.994
2424      63.6745
2425      93.3595
2426      83.8479
2427      97.6467
2428      88.7708
2429      96.1127
2430      0
2431      52.6185
2432      93.0735
2433      86.6224
2434      83.9387
2435      71.6999
2436      0
2437      0
2438      96.7741
2439      0
2440      65.6639
2441      99.8198
2442      0
2443      94.3182
2444      89.7094
2445      0
2446      69.4424
2447      0
2448      91.0522
2449      0
2450      0
2451      71.6
2452      0
2453      92.6976
2454      0
2455      0
2456      95.2875
2457      82.9499
2458      95.3493
2459      72.5414
2460      85.5907
2461      0
2462      93.6533
2463      84.213
2464      0
2465      92.4654
2466      85.8563
2467      0
2468      0
2469      81.0587
2470      0
2471      0
2472      0
2473      0
2474      89.0873
2475      0
2476      0
2477      0
2478      87.8774
2479      0
2480      0
2481      0
2482      96.5927
2483      0
2484      90.7809
2485      76.6483
2486      75.1258
2487      0
2488      58.8951
2489      0
2490      94.3758
2491      96.2841
2492      0
2493      75.0826
2494      58.2367
2495      0
2496      0
2497      98.9526
2498      73.9801
2499      0
       78732.1
