0      99.3455
1      0
2      0
3      82.5428
4      95.8256
5      62.8705
6      97.3911
7      0
8      0
9      84.7872
10      0
11      0
12      0
13      0
14      0
15      61.4893
16      91.8105
17      29.694
18      0
19      0
20      47.0897
21      68.2151
22      0
23      0
24      0
25      0
26      88.178
27      72.4791
28      83.0057
29      93.4636
30      0
31      65.2324
32      79.2032
33      0
34      64.4406
35      99.5503
36      0
37      98.9534
38      0
39      62.2268
40      99.4377
41      0
42      87.3364
43      97.2252
44      98.3166
45      98.1367
46      87.4695
47      96.7314
48      0
49      55.7289
50      53.2922
51      0
52      0
53      0
54      0
55      99.5659
56      0
57      0
58      0
59      0
60      96.7116
61      41.6867
62      97.9829
63      98.8593
64      84.1273
65      72.557
66      58.73
67      99.5519
68      0
69      95.658
70      0
71      68.6014
72      98.7744
73      0
74      0
75      0
76      88.5448
77      0
78      51.6909
79      65.5212
80      89.5673
81      0
82      97.2706
83      99.6499
84      0
85      89.8914
86      87.6937
87      75.3489
88      0
89      0
90      63.9772
91      50.9419
92      70.3689
93      0
94      0
95      57.5925
96      63.4073
97      0
98      98.5407
99      0
100      98.4318
101      0
102      87.3442
103      97.0833
104      0
105      57.6406
106      0
107      88.1309
108      0
109      0
110      91.2277
111      0
112      0
113      0
114      90.1805
115      0
116      85.1156
117      98.3139
118      0
119      98.3886
120      98.8899
121      90.866
122      96.1795
123      0
124      62.9756
125      0
126      84.2601
127      99.1925
128      98.5147
129      99.46
130      0
131      0
132      99.0142
133      0
134      98.7497
135      99.5603
136      77.6644
137      0
138      93.1046
139      0
140      80.3249
141      0
142      61.9655
143      52.3439
144      93.4438
145      90.722
146      74.4046
147      0
148      87.0858
149      94.0908
150      0
151      92.3388
152      0
153      99.4916
154      0
155      97.7296
156      83.9248
157      98.1814
158      95.1219
159      0
160      0
161      99.8383
162      98.4749
163      77.0146
164      98.1527
165      98.8539
166      0
167      93.7463
168      0
169      0
170      86.252
171      99.7605
172      0
173      0
174      89.524
175      0
176      55.9137
177      89.0152
178      0
179      98.9767
180      0
181      0
182      95.5219
183      0
184      94.8829
185      0
186      0
187      63.0464
188      0
189      89.6645
190      0
191      0
192      71.752
193      0
194      0
195      0
196      0
197      0
198      81.4708
199      97.485
200      0
201      97.9663
202      75.4285
203      98.6078
204      0
205      98.087
206      0
207      0
208      90.239
209      54.6314
210      0
211      83.0512
212      0
213      57.3419
214      36.4136
215      0
216      99.2855
217      81.6797
218      85.1029
219      96.7459
220      0
221      0
222      66.2389
223      98.7157
224      0
225      0
226      67.7301
227      0
228      96.5593
229      0
230      99.5338
231      0
232      81.136
233      93.4388
234      63.5676
235      61.4444
236      0
237      69.6169
238      0
239      67.749
240      60.1397
241      0
242      93.0517
243      83.3209
244      88.5338
245      0
246      0
247      0
248      0
249      77.1511
250      99.0397
251      0
252      99.3652
253      94.4317
254      93.7132
255      0
256      64.7755
257      0
258      0
259      0
260      0
261      0
262      0
263      0
264      99.9565
265      0
266      0
267      93.0037
268      0
269      0
270      99.3604
271      85.5043
272      0
273      0
274      96.4969
275      94.3809
276      0
277      99.8811
278      92.0091
279      0
280      0
281      0
282      75.5291
283      52.888
284      0
285      55.601
286      72.5685
287      65.4693
288      99.8173
289      72.441
290      86.3512
291      74.2105
292      69.1565
293      72.3839
294      35.0943
295      56.2025
296      0
297      99.2779
298      0
299      0
300      87.2081
301      0
302      0
303      51.6543
304      96.2831
305      99.1907
306      56.6205
307      94.2361
308      0
309      96.1357
310      0
311      98.2787
312      97.3112
313      93.5081
314      0
315      78.5391
316      0
317      0
318      78.9971
319      0
320      99.5699
321      98.8608
322      86.5318
323      98.8632
324      0
325      0
326      94.0291
327      0
328      0
329      94.2925
330      74.3844
331      55.138
332      73.4748
333      97.7406
334      99.617
335      87.9135
336      0
337      96.6697
338      0
339      0
340      0
341      69.3546
342      98.6456
343      0
344      92.0498
345      0
346      0
347      87.8638
348      99.6875
349      97.2563
350      0
351      0
352      49.2894
353      0
354      0
355      0
356      81.7098
357      0
358      98.3325
359      0
360      0
361      0
362      99.7835
363      67.8309
364      56.0054
365      73.6069
366      0
367      80.9118
368      60.4525
369      0
370      0
371      0
372      73.1715
373      0
374      96.9054
375      91.6141
376      68.3141
377      86.8377
378      0
379      44.767
380      80.6201
381      0
382      99.9752
383      0
384      77.4012
385      84.5229
386      0
387      97.4379
388      99.2253
389      98.9028
390      0
391      99.5239
392      0
393      98.7593
394      0
395      97.923
396      64.8464
397      0
398      47.2793
399      0
400      98.02
401      98.82
402      98.6808
403      94.0274
404      64.8116
405      0
406      80.216
407      78.8521
408      0
409      0
410      55.8435
411      0
412      0
413      0
414      0
415      99.2558
416      0
417      91.7096
418      0
419      83.965
420      57.3555
421      48.7354
422      0
423      0
424      0
425      93.7381
426      0
427      40.9569
428      92.7467
429      98.0052
430      99.155
431      0
432      0
433      0
434      0
435      80.1889
436      76.5173
437      99.5828
438      0
439      99.9007
440      0
441      84.5725
442      53.3704
443      99.6882
444      0
445      95.4305
446      94.808
447      0
448      90.3602
449      0
450      0
451      37.4618
452      0
453      89.8438
454      0
455      0
456      0
457      60.9758
458      91.3976
459      0
460      97.4775
461      0
462      0
463      0
464      0
465      99.8122
466      0
467      0
468      0
469      43.6825
470      0
471      0
472      0
473      66.3876
474      0
475      95.5604
476      90.0577
477      97.789
478      98.8262
479      0
480      0
481      0
482      97.0041
483      97.9791
484      97.0741
485      93.3775
486      0
487      75.3591
488      84.5941
489      94.3474
490      99.0384
491      97.7352
492      73.6022
493      92.255
494      85.7341
495      80.1812
496      0
497      99.3289
498      62.7149
499      0
500      86.6498
501      99.8227
502      0
503      0
504      99.3694
505      0
506      0
507      83.0303
508      0
509      0
510      99.9303
511      0
512      90.2857
513      99.3607
514      0
515      0
516      0
517      53.2768
518      93.6353
519      64.6335
520      63.3336
521      0
522      0
523      0
524      0
525      0
526      97.9017
527      0
528      98.7301
529      90.0302
530      70.6008
531      56.6247
532      0
533      0
534      79.8682
535      0
536      0
537      0
538      95.5841
539      99.7539
540      56.2215
541      99.7573
542      95.2152
543      0
544      63.4357
545      97.0289
546      95.7014
547      91.3157
548      54.5491
549      89.5754
550      99.816
551      0
552      64.1793
553      0
554      0
555      94.1678
556      0
557      0
558      0
559      0
560      0
561      97.483
562      26.5642
563      91.5377
564      99.3808
565      98.2175
566      76.3536
567      96.8948
568      78.6044
569      0
570      35.4887
571      58.5662
572      67.3371
573      0
574      0
575      76.9123
576      37.4963
577      68.3843
578      87.7455
579      97.2301
580      96.7544
581      75.6925
582      73.5334
583      72.3958
584      71.9644
585      98.8086
586      82.0556
587      0
588      92.1863
589      73.1712
590      0
591      60.2934
592      92.4635
593      86.5475
594      0
595      0
596      0
597      0
598      74.3284
599      92.9738
600      0
601      99.9202
602      85.0173
603      99.6396
604      79.1326
605      99.6259
606      77.9893
607      0
608      86.9887
609      0
610      78.7466
611      81.8271
612      0
613      69.7546
614      0
615      0
616      87.7665
617      96.647
618      61.3812
619      0
620      0
621      0
622      0
623      99.9492
624      79.0864
625      0
626      99.6468
627      89.1194
628      0
629      98.142
630      0
631      97.4224
632      0
633      0
634      98.3378
635      65.948
636      99.2992
637      90.8802
638      49.1508
639      0
640      80.1993
641      99.9378
642      97.5069
643      96.5898
644      71.1511
645      95.3285
646      0
647      78.4566
648      55.8285
649      97.213
650      0
651      0
652      0
653      98.7066
654      91.7129
655      0
656      0
657      0
658      0
659      0
660      0
661      61.2072
662      88.3989
663      66.6462
664      89.3244
665      99.3508
666      50.9152
667      0
668      0
669      92.7964
670      0
671      88.459
672      83.9532
673      0
674      99.324
675      72.0466
676      99.6464
677      0
678      72.0298
679      99.821
680      0
681      98.4714
682      57.744
683      0
684      98.4359
685      96.185
686      95.3184
687      78.4671
688      99.7249
689      0
690      99.8251
691      99.1098
692      57.1067
693      99.746
694      54.8485
695      90.824
696      0
697      97.6716
698      91.7477
699      0
700      0
701      0
702      0
703      0
704      44.0991
705      0
706      0
707      0
708      55.214
709      52.5507
710      0
711      0
712      0
713      0
714      68.0303
715      99.5018
716      59.5227
717      81.1267
718      0
719      0
720      95.795
721      95.1278
722      63.4372
723      85.902
724      88.6309
725      0
726      0
727      0
728      99.392
729      86.5834
730      96.9707
731      60.5002
732      98.4412
733      83.2185
734      89.6046
735      0
736      84.8577
737      61.6523
738      99.0474
739      0
740      82.2541
741      89.7865
742      0
743      0
744      89.7844
745      40.4328
746      87.4822
747      83.7333
748      0
749      65.1097
750      98.1477
751      92.718
752      0
753      0
754      0
755      0
756      85.6951
757      98.77
758      99.3619
759      68.3799
760      0
761      0
762      97.7079
763      90.1074
764      86.6773
765      84.4674
766      67.2464
767      97.7178
768      99.813
769      0
770      93.3373
771      98.6965
772      99.3008
773      0
774      98.63
775      0
776      91.4277
777      52.1866
778      98.9421
779      98.2621
780      0
781      93.261
782      0
783      48.6546
784      57.3385
785      45.8844
786      0
787      97.3772
788      52.5393
789      98.8935
790      0
791      0
792      85.7284
793      88.397
794      0
795      96.8222
796      94.0931
797      70.0855
798      93.3319
799      0
800      94.3172
801      0
802      98.5437
803      0
804      81.8774
805      84.8457
806      96.2072
807      99.6873
808      0
809      97.9844
810      79.4489
811      0
812      98.3169
813      96.8016
814      0
815      98.513
816      97.2395
817      0
818      0
819      0
820      90.3178
821      99.305
822      0
823      0
824      94.0316
825      74.4759
826      0
827      93.7264
828      0
829      89.0149
830      99.7293
831      0
832      0
833      0
834      0
835      98.1381
836      69.0368
837      0
838      0
839      0
840      0
841      39.2791
842      87.8131
843      79.1934
844      53.2167
845      0
846      72.4566
847      97.5966
848      94.5727
849      0
850      0
851      56.2979
852      80.1262
853      97.0658
854      95.4029
855      91.3784
856      81.044
857      95.3598
858      0
859      98.0039
860      96.8017
861      93.7388
862      84.5545
863      85.9128
864      59.0789
865      57.1144
866      0
867      94.9525
868      0
869      0
870      0
871      0
872      75.9833
873      97.7704
874      92.6378
875      0
876      62.305
877      92.0942
878      48.2057
879      96.7087
880      98.6623
881      99.6897
882      78.2912
883      0
884      0
885      0
886      0
887      88.6017
888      0
889      98.4295
890      0
891      99.9884
892      0
893      0
894      81.4278
895      0
896      0
897      0
898      95.7975
899      88.5824
900      98.8807
901      95.4872
902      0
903      94.1534
904      0
905      0
906      96.1493
907      0
908      89.9994
909      78.9915
910      98.4771
911      0
912      98.3309
913      0
914      94.415
915      0
916      0
917      95.2444
918      98.532
919      93.7383
920      0
921      86.6445
922      0
923      98.4184
924      99.917
925      0
926      0
927      97.4556
928      89.9752
929      78.7073
930      0
931      97.7666
932      92.8431
933      0
934      0
935      0
936      0
937      0
938      89.4689
939      52.821
940      81.8797
941      42.0539
942      92.3489
943      0
944      98.0083
945      97.3238
946      0
947      0
948      0
949      0
950      0
951      98.2014
952      0
953      98.8382
954      0
955      0
956      99.2646
957      0
958      0
959      97.2985
960      0
961      98.4249
962      0
963      98.1387
964      0
965      0
966      98.2781
967      78.0671
968      0
969      0
970      0
971      80.4928
972      0
973      98.7371
974      0
975      0
976      98.6653
977      0
978      90.4061
979      0
980      66.7737
981      0
982      0
983      99.023
984      99.6634
985      97.8753
986      97.553
987      0
988      0
989      89.0611
990      53.9414
991      0
992      0
993      0
994      0
995      72.1086
996      99.1316
997      61.8154
998      62.7921
999      82.8808
       33047.8
