0      89.733
1      0
2      35.7235
3      0
4      99.2456
5      0
6      95.4699
7      0
8      99.9218
9      83.6165
10      0
11      0
12      66.0697
13      87.7976
14      88.6338
15      99.9126
16      99.9746
17      56.5322
18      66.352
19      0
20      94.7849
21      89.9206
22      74.9008
23      0
24      99.804
25      54.874
26      46.1178
27      83.416
28      0
29      0
30      0
31      99.9595
32      72.1546
33      90.6479
34      99.8594
35      0
36      59.0972
37      0
38      98.948
39      75.4398
40      0
41      0
42      57.0674
43      0
44      0
45      0
46      81.9709
47      59.7519
48      99.7073
49      0
50      72.4629
51      0
52      96.9984
53      99.6115
54      0
55      0
56      60.6794
57      84.8865
58      65.209
59      98.5298
60      0
61      53.458
62      62.2786
63      99.9629
64      0
65      99.8973
66      0
67      0
68      99.2511
69      0
70      95.5819
71      64.6851
72      99.9881
73      0
74      0
75      0
76      0
77      60.3862
78      72.3518
79      99.8035
80      99.9709
81      0
82      0
83      64.4554
84      99.9928
85      0
86      85.548
87      0
88      0
89      0
90      74.0309
91      98.7687
92      0
93      0
94      0
95      99.2412
96      76.8211
97      0
98      0
99      52.0166
       3296.56
