0      79.6487
1      0
2      72.9817
3      93.8093
4      99.0199
5      0
6      0
7      0
8      0
9      99.5252
10      0
11      93.3654
12      0
13      0
14      95.9154
15      0
16      89.6466
17      99.3163
18      0
19      75.0286
20      99.164
21      0
22      0
23      98.9761
24      0
25      0
26      0
27      0
28      97.2773
29      71.1807
30      94.1323
31      76.1945
32      99.2853
33      0
34      60.096
35      96.5581
36      55.8139
37      99.0508
38      0
39      0
40      57.1645
41      0
42      0
43      76.2356
44      0
45      99.1091
46      85.5664
47      89.5935
48      60.17
49      0
50      66.4987
51      89.0641
52      99.409
53      94.3764
54      49.6465
55      37.6742
56      0
57      97.868
58      0
59      98.3807
60      45.7265
61      0
62      96.4956
63      99.0808
64      33.2842
65      0
66      74.4109
67      99.9087
68      97.0339
69      0
70      0
71      0
72      0
73      99.0959
74      63.5183
75      0
76      41.4126
77      83.8691
78      57.2642
79      80.2267
80      55.7838
81      0
82      0
83      0
84      0
85      0
86      76.6468
87      96.7243
88      95.9869
89      99.6005
90      0
91      71.8033
92      99.3324
93      0
94      80.8375
95      0
96      0
97      0
98      77.3546
99      71.0748
100      0
101      0
102      99.8763
103      0
104      0
105      43.8393
106      0
107      61.3611
108      96.3061
109      81.3776
110      0
111      96.4892
112      0
113      0
114      99.3734
115      0
116      0
117      0
118      94.2859
119      0
120      81.0965
121      86.7199
122      96.3029
123      86.8653
124      0
125      30.9188
126      0
127      0
128      0
129      0
130      98.999
131      55.3868
132      98.2673
133      77.1854
134      51.6473
135      0
136      0
137      60.9218
138      0
139      0
140      0
141      0
142      96.3928
143      0
144      99.3503
145      0
146      96.6713
147      53.0244
148      82.6698
149      98.5189
150      67.4236
151      0
152      98.895
153      0
154      99.4111
155      93.9145
156      0
157      0
158      0
159      82.1397
160      98.3513
161      85.1281
162      97.6857
163      0
164      0
165      51.364
166      0
167      79.1541
168      71.2107
169      89.2422
170      97.6735
171      0
172      0
173      99.3275
174      0
175      0
176      91.4685
177      0
178      84.995
179      54.4239
180      87.1016
181      0
182      94.5518
183      0
184      98.8381
185      95.9617
186      0
187      98.9449
188      0
189      0
190      0
191      63.9211
192      0
193      95.6901
194      99.3269
195      98.8713
196      90.5293
197      59.8424
198      96.5937
199      98.0055
200      99.9744
201      0
202      0
203      99.2778
204      0
205      96.0845
206      0
207      98.8875
208      0
209      0
210      0
211      99.4358
212      89.3181
213      0
214      99.9567
215      79.0551
216      98.1228
217      0
218      0
219      0
220      98.2007
221      96.8158
222      0
223      99.1942
224      96.722
225      98.0147
226      65.9089
227      99.2552
228      98.3484
229      0
230      0
231      0
232      99.2104
233      96.5378
234      0
235      96.8257
236      0
237      0
238      66.5996
239      99.7023
240      99.3883
241      0
242      99.9178
243      0
244      0
245      0
246      69.0766
247      92.6492
248      80.383
249      99.1133
250      0
251      51.5615
252      96.8026
253      0
254      0
255      0
256      0
257      97.4034
258      99.1842
259      98.9637
260      89.2961
261      0
262      97.5755
263      81.132
264      97.6004
265      0
266      80.8159
267      99.6484
268      0
269      95.3938
270      95.2062
271      97.7944
272      99.8808
273      0
274      98.4903
275      0
276      55.0481
277      99.6794
278      87.0524
279      0
280      0
281      0
282      88.1139
283      99.1656
284      97.8297
285      0
286      99.2145
287      50.8227
288      99.723
289      97.475
290      77.6402
291      0
292      96.8078
293      0
294      0
295      0
296      0
297      0
298      0
299      96.1852
300      0
301      0
302      0
303      0
304      0
305      97.7722
306      0
307      70.3184
308      0
309      0
310      0
311      0
312      0
313      0
314      0
315      0
316      0
317      99.0394
318      96.4219
319      96.9109
320      0
321      0
322      94.3994
323      98.1865
324      96.2171
325      0
326      0
327      0
328      99.0137
329      0
330      98.7915
331      0
332      0
333      0
334      0
335      82.5133
336      98.8549
337      95.4059
338      0
339      98.5648
340      99.8843
341      78.6106
342      92.2665
343      0
344      99.0322
345      68.773
346      93.1705
347      0
348      0
349      94.0805
350      0
351      0
352      96.9135
353      0
354      77.4381
355      65.7129
356      0
357      46.3503
358      0
359      0
360      59.6168
361      0
362      97.6299
363      0
364      0
365      0
366      0
367      84.8956
368      99.4328
369      0
370      0
371      0
372      73.229
373      99.0385
374      0
375      0
376      99.5927
377      97.2108
378      74.8536
379      0
380      99.3278
381      0
382      0
383      0
384      96.8702
385      98.4303
386      0
387      0
388      99.6743
389      95.3241
390      0
391      95.6185
392      0
393      99.2279
394      88.4689
395      70.6773
396      96.2083
397      0
398      98.1049
399      97.8938
400      43.2113
401      0
402      67.7549
403      94.2831
404      98.294
405      92.8843
406      97.1774
407      94.7172
408      60.469
409      94.0698
410      0
411      0
412      0
413      89.119
414      0
415      49.9317
416      57.8715
417      0
418      48.907
419      0
420      77.3581
421      82.5338
422      98.0389
423      99.391
424      0
425      73.212
426      89.4955
427      98.958
428      92.9344
429      63.5405
430      58.1674
431      99.2967
432      0
433      75.1581
434      53.6285
435      98.8055
436      0
437      92.812
438      93.7851
439      0
440      58.2681
441      85.5244
442      88.3534
443      98.5539
444      0
445      0
446      97.394
447      83.6822
448      0
449      98.7449
450      0
451      0
452      52.9481
453      0
454      0
455      0
456      0
457      0
458      88.1833
459      99.6971
460      0
461      0
462      34.1364
463      0
464      0
465      74.9673
466      73.8353
467      0
468      0
469      0
470      62.0768
471      0
472      68.0093
473      0
474      0
475      76.2843
476      91.2667
477      0
478      0
479      0
480      0
481      73.6446
482      98.9726
483      0
484      0
485      98.7402
486      73.3988
487      0
488      78.7915
489      83.342
490      0
491      69.0462
492      0
493      0
494      0
495      95.6836
496      0
497      0
498      98.2796
499      65.9299
500      98.5485
501      61.6724
502      79.1269
503      0
504      93.9195
505      98.8076
506      0
507      81.844
508      0
509      0
510      0
511      62.1759
512      97.4282
513      0
514      0
515      0
516      94.0553
517      0
518      0
519      98.6601
520      0
521      0
522      84.0189
523      99.2738
524      0
525      0
526      0
527      90.4364
528      89.2351
529      68.3982
530      53.9754
531      84.6188
532      98.9491
533      84.4014
534      52.9953
535      89.2861
536      0
537      0
538      94.7303
539      95.2843
540      69.7602
541      0
542      0
543      0
544      97.9296
545      0
546      93.0985
547      93.7153
548      83.1394
549      0
550      95.8525
551      97.404
552      99.4505
553      0
554      84.6761
555      99.0675
556      0
557      99.9098
558      0
559      81.9766
560      0
561      0
562      98.3839
563      90.1239
564      99.8096
565      0
566      92.8002
567      96.053
568      0
569      0
570      99.4597
571      0
572      97.2859
573      85.6498
574      0
575      77.4011
576      74.941
577      83.7729
578      0
579      0
580      0
581      0
582      0
583      85.0071
584      97.2451
585      43.5741
586      0
587      97.6947
588      93.4017
589      93.4139
590      97.7102
591      0
592      0
593      0
594      0
595      70.8342
596      0
597      0
598      63.8591
599      86.4031
600      0
601      99.5663
602      0
603      94.4653
604      96.7429
605      94.1966
606      0
607      99.046
608      95.6722
609      89.2967
610      0
611      96.751
612      46.4046
613      95.2389
614      74.2649
615      86.3516
616      98.1424
617      99.8032
618      0
619      0
620      0
621      0
622      91.4425
623      0
624      92.1953
625      0
626      0
627      0
628      0
629      73.9255
630      0
631      0
632      0
633      93.4413
634      0
635      0
636      60.7329
637      54.6261
638      0
639      93.171
640      99.4738
641      71.4449
642      0
643      56.2332
644      85.4657
645      90.628
646      72.6334
647      99.8625
648      0
649      0
650      0
651      0
652      86.1261
653      96.8584
654      92.7449
655      87.5551
656      61.953
657      82.9639
658      0
659      0
660      72.1939
661      98.5878
662      77.3756
663      0
664      0
665      0
666      72.7263
667      99.7462
668      0
669      86.2839
670      0
671      99.9132
672      65.7015
673      99.6399
674      99.4571
675      0
676      76.3281
677      99.224
678      0
679      0
680      97.6239
681      0
682      0
683      0
684      89.6267
685      0
686      0
687      0
688      99.8408
689      0
690      80.1293
691      0
692      99.844
693      90.0534
694      99.7951
695      70.2203
696      54.0564
697      0
698      94.9326
699      99.2908
700      0
701      0
702      95.7256
703      95.8749
704      85.0629
705      98.204
706      90.3503
707      96.4215
708      98.5044
709      66.6462
710      99.1621
711      99.1375
712      0
713      0
714      99.3892
715      99.7684
716      95.6308
717      55.3757
718      73.5743
719      98.5693
720      99.7069
721      0
722      91.2202
723      99.2262
724      97.8288
725      99.6036
726      69.0476
727      0
728      98.8546
729      98.002
730      98.1351
731      0
732      73.4676
733      99.0653
734      0
735      67.5812
736      0
737      0
738      0
739      62.5188
740      99.5644
741      73.3982
742      38.539
743      99.2965
744      0
745      99.3896
746      52.3182
747      97.9562
748      99.3311
749      71.4648
750      83.3201
751      0
752      73.8104
753      88.3987
754      97.7307
755      0
756      98.2644
757      98.699
758      0
759      98.3338
760      0
761      94.7225
762      99.8723
763      80.4236
764      0
765      87.732
766      60.459
767      99.2936
768      68.864
769      94.7924
770      99.3325
771      87.2105
772      0
773      69.0152
774      87.9111
775      0
776      0
777      95.4678
778      69.0324
779      77.2044
780      0
781      98.1338
782      0
783      0
784      0
785      60.8824
786      75.2795
787      51.2176
788      84.9119
789      98.9823
790      0
791      98.613
792      99.3358
793      93.6487
794      97.0068
795      94.6031
796      0
797      99.5153
798      0
799      58.253
800      62.6271
801      0
802      0
803      86.2718
804      0
805      40.8571
806      0
807      0
808      0
809      0
810      99.3854
811      0
812      0
813      82.1169
814      95.0153
815      0
816      0
817      0
818      0
819      37.3411
820      97.9645
821      95.0286
822      98.5222
823      96.7388
824      0
825      53.8799
826      0
827      96.6452
828      0
829      61.0721
830      99.6389
831      0
832      0
833      85.1569
834      97.2557
835      61.1051
836      76.363
837      0
838      62.4325
839      99.9755
840      0
841      0
842      74.0993
843      99.5122
844      0
845      95.765
846      80.2268
847      0
848      99.8884
849      0
850      95.978
851      41.1708
852      79.9
853      79.0406
854      61.3049
855      97.94
856      99.4302
857      0
858      0
859      81.9398
860      53.5257
861      0
862      65.4927
863      0
864      0
865      53.7103
866      0
867      96.9075
868      0
869      0
870      93.4371
871      85.258
872      0
873      0
874      97.2694
875      58.4109
876      0
877      97.4699
878      0
879      96.6325
880      0
881      96.2084
882      44.0982
883      86.4705
884      0
885      0
886      99.249
887      97.7456
888      60.9824
889      0
890      97.5495
891      0
892      96.6342
893      0
894      0
895      99.7684
896      0
897      76.1923
898      99.4989
899      82.1382
900      0
901      0
902      67.0413
903      0
904      98.1579
905      88.9684
906      91.8375
907      0
908      99.897
909      96.8934
910      80.4345
911      0
912      83.686
913      93.6118
914      96.1872
915      98.0858
916      0
917      80.7412
918      81.1236
919      99.4641
920      73.3356
921      90.5791
922      93.5576
923      0
924      98.7685
925      79.4811
926      63.4199
927      86.1786
928      74.1717
929      99.1387
930      98.7233
931      0
932      19.5001
933      85.1874
934      82.7921
935      99.5345
936      77.7221
937      55.4617
938      84.7464
939      75.7259
940      97.4837
941      99.9173
942      73.8962
943      0
944      0
945      95.8064
946      47.0744
947      65.6146
948      0
949      89.2229
950      0
951      0
952      0
953      90.2656
954      99.7676
955      97.9379
956      0
957      0
958      0
959      0
960      0
961      0
962      96.6181
963      0
964      81.98
965      98.6279
966      0
967      0
968      47.6562
969      0
970      98.7559
971      0
972      95.0056
973      87.6389
974      0
975      98.5638
976      93.5169
977      42.463
978      98.9945
979      97.502
980      99.2535
981      75.9429
982      94.5014
983      99.4361
984      64.2612
985      76.3724
986      61.6736
987      0
988      65.5363
989      55.1182
990      98.3645
991      86.0702
992      68.0871
993      37.3275
994      0
995      0
996      57.0505
997      79.7704
998      0
999      75.7413
       32144
