0      47.7071
1      90.1578
2      98.598
3      0
4      0
5      99.3685
6      71.3576
7      99.6959
8      73.2017
9      0
10      99.7868
11      79.0942
12      98.9123
13      0
14      0
15      98.0179
16      98.0634
17      0
18      0
19      98.0894
20      0
21      0
22      0
23      0
24      0
25      99.2161
26      0
27      59.2886
28      0
29      98.1153
30      82.4484
31      61.7646
32      0
33      0
34      98.3533
35      0
36      0
37      96.9372
38      0
39      79.6313
40      99.6527
41      0
42      96.3099
43      80.1747
44      0
45      67.164
46      99.6575
47      0
48      66.9824
49      0
50      97.4523
51      66.4789
52      97.6282
53      0
54      99.085
55      0
56      0
57      0
58      51.8594
59      99.9667
60      0
61      99.8788
62      94.3739
63      0
64      64.6387
65      0
66      48.6731
67      0
68      50.1737
69      98.0718
70      89.8678
71      99.3428
72      0
73      99.9839
74      86.0431
75      91.6455
76      0
77      44.7183
78      97.78
79      99.3357
80      99.6857
81      0
82      54.934
83      70.2398
84      66.2622
85      98.2296
86      0
87      99.6821
88      0
89      0
90      0
91      99.548
92      0
93      0
94      99.9803
95      44.7564
96      75.6996
97      99.7371
98      0
99      72.7455
100      0
101      66.1786
102      84.9455
103      96.6816
104      86.461
105      0
106      99.5512
107      0
108      91.7539
109      0
110      99.401
111      0
112      0
113      99.457
114      0
115      97.4919
116      96.6569
117      0
118      0
119      77.1844
120      70.3301
121      0
122      91.0464
123      0
124      0
125      0
126      99.932
127      0
128      99.6112
129      98.798
130      87.1182
131      71.6685
132      0
133      99.6558
134      99.8996
135      98.1505
136      78.8267
137      0
138      0
139      0
140      0
141      0
142      0
143      99.2357
144      0
145      99.8269
146      99.6812
147      97.0914
148      0
149      98.213
150      87.1463
151      0
152      42.8687
153      0
154      0
155      0
156      95.9386
157      0
158      99.0761
159      87.4738
160      0
161      0
162      66.1554
163      87.7654
164      96.8305
165      0
166      99.9012
167      66.5708
168      63.8438
169      99.2285
170      91.5135
171      90.6854
172      86.459
173      0
174      99.5537
175      55.4636
176      39.7955
177      86.6622
178      0
179      0
180      99.302
181      99.2223
182      79.2457
183      87.4591
184      99.9155
185      0
186      47.2377
187      0
188      93.0673
189      89.1674
190      0
191      99.1857
192      51.4623
193      0
194      0
195      0
196      82.1794
197      70.4167
198      95.7196
199      0
200      84.6503
201      0
202      98.2064
203      98.3157
204      0
205      0
206      70.5584
207      84.7799
208      58.508
209      94.4462
210      0
211      59.5931
212      60.9955
213      0
214      0
215      99.9782
216      0
217      0
218      99.6488
219      0
220      94.1346
221      58.7215
222      98.753
223      0
224      0
225      0
226      0
227      58.6495
228      68.6055
229      99.7238
230      99.9353
231      0
232      0
233      74.5235
234      0
235      0
236      90.297
237      0
238      0
239      0
240      80.0536
241      99.8733
242      0
243      0
244      0
245      98.8768
246      81.1161
247      59.1206
248      0
249      55.0511
250      0
251      0
252      0
253      76.6773
254      0
255      0
256      0
257      0
258      67.0087
259      0
260      92.0975
261      99.7937
262      0
263      92.1164
264      96.4793
265      0
266      88.6253
267      0
268      0
269      52.8451
270      0
271      85.1983
272      0
273      39.7812
274      99.5073
275      0
276      0
277      0
278      88.6008
279      0
280      0
281      0
282      99.372
283      99.3768
284      99.9845
285      0
286      98.4174
287      75.0867
288      0
289      99.6316
290      0
291      0
292      98.8075
293      0
294      90.2509
295      0
296      99.7117
297      99.5532
298      0
299      43.8099
300      56.2546
301      99.0341
302      0
303      94.4827
304      0
305      0
306      99.5756
307      0
308      0
309      0
310      69.6556
311      99.9673
312      98.3705
313      0
314      0
315      0
316      38.8204
317      0
318      0
319      97.5978
320      99.6357
321      99.8065
322      99.2286
323      62.3618
324      96.1287
325      67.3794
326      99.5984
327      0
328      99.8703
329      97.3098
330      0
331      99.193
332      0
333      0
334      0
335      71.0259
336      0
337      0
338      0
339      99.7572
340      99.9075
341      0
342      99.8963
343      0
344      55.4883
345      99.4343
346      92.6691
347      99.2286
348      95.2615
349      0
350      98.4741
351      56.4516
352      0
353      97.5477
354      98.0499
355      0
356      76.5187
357      95.8807
358      0
359      92.8165
360      99.8264
361      97.6576
362      0
363      87.1664
364      96.4371
365      0
366      0
367      0
368      99.9657
369      62.0598
370      88.4187
371      0
372      97.1005
373      64.8401
374      0
375      0
376      59.0445
377      94.626
378      0
379      0
380      99.7168
381      95.4899
382      0
383      57.9405
384      98.6083
385      70.8211
386      85.3297
387      0
388      99.7549
389      90.8442
390      0
391      0
392      0
393      0
394      70.0157
395      68.0504
396      64.4482
397      0
398      0
399      94.3431
400      99.5924
401      69.4467
402      66.1918
403      85.9658
404      0
405      88.2735
406      98.2468
407      68.9461
408      68.3611
409      67.2866
410      91.5559
411      0
412      0
413      83.2716
414      98.3755
415      88.1767
416      81.6051
417      97.9233
418      99.4806
419      0
420      99.9575
421      81.2929
422      76.0952
423      0
424      91.261
425      95.6817
426      65.3903
427      99.9068
428      48.53
429      99.4328
430      0
431      0
432      57.1658
433      41.2202
434      98.4062
435      91.1652
436      0
437      97.9441
438      87.0801
439      99.4545
440      0
441      0
442      89.6071
443      73.113
444      96.7927
445      0
446      0
447      92.8102
448      0
449      0
450      0
451      0
452      0
453      90.1072
454      0
455      69.0776
456      75.3224
457      0
458      0
459      99.2521
460      0
461      48.8811
462      0
463      0
464      51.5236
465      53.9106
466      0
467      78.223
468      0
469      0
470      99.9308
471      87.8376
472      84.4132
473      0
474      45.0129
475      0
476      0
477      51.5894
478      98.8526
479      81.1571
480      65.2586
481      0
482      57.7438
483      95.8127
484      80.6052
485      97.7912
486      50.5956
487      0
488      99.9775
489      0
490      58.2198
491      83.6658
492      97.9856
493      0
494      0
495      0
496      86.4484
497      98.4261
498      50.5726
499      45.4974
       16311.7
