0      0
1      94.0092
2      0
3      79.4177
4      98.3122
5      98.1546
6      0
7      66.5479
8      98.7926
9      97.7304
10      90.3977
11      99.0403
12      99.7634
13      0
14      40.3627
15      0
16      93.32
17      99.0524
18      0
19      99.7219
20      86.2103
21      64.0481
22      0
23      0
24      0
25      99.2585
26      58.6049
27      89.5092
28      0
29      84.9256
30      99.97
31      0
32      61.8254
33      0
34      99.5215
35      93.7521
36      65.0633
37      51.8157
38      0
39      0
40      79.0397
41      92.1342
42      83.0512
43      0
44      0
45      0
46      0
47      67.2476
48      0
49      97.8954
50      57.5606
51      99.3628
52      47.027
53      56.5994
54      81.561
55      84.8142
56      99.7436
57      98.2827
58      68.017
59      0
60      98.0086
61      66.5276
62      69.76
63      72.5875
64      0
65      0
66      75.0668
67      0
68      0
69      59.5554
70      0
71      49.9057
72      0
73      99.1637
74      99.6922
75      0
76      65.2029
77      99.9319
78      0
79      96.7191
80      94.9264
81      50.0938
82      63.673
83      98.1455
84      0
85      96.1278
86      0
87      99.0873
88      95.6337
89      95.7406
90      85.1185
91      0
92      0
93      99.4881
94      99.7096
95      99.1603
96      0
97      72.9951
98      0
99      94.6539
100      71.9339
101      0
102      68.1375
103      0
104      0
105      0
106      19.2408
107      0
108      87.8104
109      57.9042
110      72.7807
111      91.4238
112      73.2689
113      0
114      0
115      60.3478
116      87.7195
117      0
118      99.9945
119      91.2491
120      0
121      64.5357
122      72.6187
123      0
124      96.6097
125      58.0806
126      0
127      0
128      99.7234
129      54.6491
130      99.7331
131      61.611
132      77.5693
133      0
134      81.8202
135      99.8108
136      0
137      0
138      98.7561
139      48.3236
140      0
141      82.4952
142      85.8504
143      97.7777
144      98.361
145      99.8663
146      87.0717
147      92.9918
148      47.6781
149      59.5114
150      79.3305
151      0
152      99.6513
153      57.3312
154      88.7966
155      0
156      0
157      99.945
158      0
159      59.5314
160      99.0234
161      0
162      81.3079
163      75.4995
164      0
165      73.1389
166      0
167      99.9372
168      84.3751
169      97.8719
170      0
171      92.7974
172      89.0927
173      84.2658
174      0
175      66.4584
176      93.1734
177      87.7892
178      0
179      99.6479
180      0
181      0
182      0
183      85.3271
184      0
185      73.8788
186      99.6655
187      98.8565
188      93.9387
189      98.9837
190      98.6341
191      0
192      90.2123
193      0
194      56.6553
195      37.013
196      0
197      99.4809
198      87.5518
199      0
200      71.8036
201      0
202      78.0629
203      0
204      67.3228
205      0
206      91.3983
207      0
208      0
209      85.6539
210      76.9169
211      99.5564
212      99.9108
213      45.8942
214      0
215      0
216      0
217      95.9809
218      83.6018
219      99.5309
220      98.3803
221      98.578
222      0
223      91.6468
224      0
225      99.3801
226      0
227      0
228      98.904
229      0
230      0
231      93.7908
232      70.1719
233      88.5607
234      76.9701
235      78.8303
236      0
237      0
238      93.8859
239      0
240      77.6349
241      87.7969
242      0
243      0
244      0
245      99.6224
246      39.0445
247      99.4252
248      0
249      99.3873
250      60.3911
251      99.9641
252      64.568
253      97.8393
254      0
255      99.5245
256      39.842
257      61.6436
258      52.8931
259      98.6101
260      0
261      90.1962
262      99.3553
263      0
264      0
265      86.3714
266      68.4067
267      77.0931
268      97.5802
269      95.3085
270      90.1915
271      98.9106
272      0
273      0
274      0
275      99.9724
276      0
277      0
278      0
279      98.9627
280      98.9594
281      99.0658
282      39.217
283      86.1857
284      0
285      63.4544
286      0
287      0
288      73.7429
289      0
290      0
291      0
292      0
293      0
294      0
295      92.3804
296      98.8521
297      99.5325
298      0
299      98.7164
300      0
301      59.8422
302      0
303      50.1611
304      69.909
305      0
306      0
307      0
308      50.605
309      73.3623
310      0
311      91.469
312      0
313      0
314      86.0027
315      0
316      0
317      65.7637
318      0
319      98.9247
320      0
321      98.5529
322      43.9488
323      0
324      43.9831
325      94.9393
326      98.8738
327      0
328      97.5288
329      0
330      44.3534
331      0
332      0
333      0
334      0
335      99.614
336      99.668
337      0
338      99.6191
339      98.9296
340      0
341      0
342      55.4722
343      0
344      99.1218
345      0
346      98.8919
347      0
348      99.8587
349      0
350      92.8333
351      98.7164
352      60.0488
353      0
354      99.8897
355      98.7602
356      0
357      0
358      0
359      0
360      97.3748
361      0
362      91.3918
363      0
364      0
365      0
366      44.4815
367      0
368      0
369      58.0722
370      87.0135
371      89.7617
372      0
373      0
374      93.7109
375      0
376      0
377      0
378      0
379      74.0101
380      0
381      99.7604
382      0
383      0
384      98.9776
385      64.7766
386      0
387      99.8362
388      0
389      99.7641
390      94.8458
391      0
392      0
393      0
394      79.001
395      99.775
396      99.7782
397      0
398      0
399      49.3483
400      0
401      0
402      0
403      72.526
404      0
405      71.8971
406      99.4909
407      0
408      0
409      0
410      95.7229
411      0
412      47.502
413      0
414      99.2005
415      77.6381
416      93.3738
417      92.6093
418      82.7721
419      53.7612
420      99.7114
421      99.6347
422      0
423      50.5533
424      62.8581
425      0
426      0
427      50.7768
428      84.0192
429      0
430      0
431      99.9754
432      0
433      97.2027
434      0
435      96.4632
436      0
437      0
438      98.9328
439      99.7762
440      99.1845
441      99.7611
442      73.3476
443      62.4185
444      63.9387
445      0
446      32.0817
447      0
448      99.3755
449      95.975
450      0
451      0
452      63.2738
453      99.543
454      0
455      0
456      0
457      66.9319
458      99.2872
459      0
460      0
461      96.443
462      91.5545
463      0
464      53.5221
465      0
466      0
467      0
468      97.5164
469      0
470      0
471      90.6806
472      0
473      82.3029
474      93.0253
475      81.8312
476      70.4207
477      62.6645
478      0
479      94.948
480      98.4367
481      0
482      99.6952
483      74.0994
484      0
485      0
486      88.6717
487      0
488      99.1219
489      0
490      99.4199
491      72.3602
492      65.4457
493      0
494      99.5194
495      91.8425
496      81.2486
497      0
498      0
499      99.6399
       16472
