0      99.9154
1      0
2      0
3      0
4      73.6768
5      99.9952
6      77.7088
7      0
8      0
9      0
10      87.5948
11      81.0807
12      77.1817
13      99.9778
14      0.000125851
15      83.1675
16      99.8974
17      99.6504
18      0
19      82.1115
20      93.739
21      93.531
22      56.1745
23      99.5852
24      99.7609
25      79.2804
26      85.3545
27      92.1965
28      0
29      93.0418
30      99.3283
31      0
32      99.9644
33      0
34      57.1045
35      99.9135
36      58.7093
37      60.2928
38      85.1228
39      99.8799
40      99.9954
41      0
42      0
43      72.5774
44      0
45      0
46      99.9483
47      54.6702
48      0
49      92.8031
50      0
51      99.0171
52      99.8625
53      0
54      62.4186
55      66.1161
56      0
57      0
58      47.614
59      62.9635
60      88.6445
61      0
62      0
63      0
64      0
65      85.4341
66      0
67      0
68      62.0168
69      0.00112216
70      99.9864
71      0
72      39.656
73      93.5675
74      99.9538
75      0
76      99.941
77      32.4869
78      83.4508
79      99.7831
80      0
81      0
82      0
83      0
84      74.6342
85      99.9386
86      0
87      56.2536
88      0
89      99.9685
90      0
91      0
92      0
93      99.5292
94      99.4986
95      80.6865
96      99.8266
97      0
98      0
99      79.4467
       3459.23
