0      80.0966
1      82.065
2      0
3      54.4684
4      93.2859
5      99.9485
6      99.2216
7      0
8      0
9      90.0561
10      0
11      0
12      96.678
13      83.3069
14      0
15      0
16      82.6911
17      67.0149
18      0
19      65.2168
20      0
21      71.8438
22      0
23      0
24      89.6271
25      0
26      83.8431
27      92.8003
28      0
29      0
30      79.4493
31      63.4163
32      0
33      0
34      78.3095
35      0
36      0
37      88.8357
38      0
39      0
40      92.0491
41      99.6526
42      0
43      98.6978
44      99.5495
45      30.7603
46      96.8782
47      98.6839
48      0
49      0
50      0
51      0
52      0
53      0
54      0
55      61.2817
56      0
57      0
58      83.6382
59      98.173
60      64.5299
61      0
62      69.9616
63      97.541
64      0
65      96.98
66      93.6586
67      0
68      0
69      0
70      90.4764
71      99.9235
72      0
73      97.909
74      0
75      61.4565
76      73.3581
77      0
78      0
79      99.5599
80      0
81      0
82      99.3365
83      84.7746
84      0
85      86.6534
86      0
87      63.3678
88      83.9549
89      0
90      50.4454
91      95.9129
92      0
93      86.8109
94      0
95      92.5645
96      83.1649
97      0
98      0
99      0
100      97.6545
101      39.9019
102      0
103      92.6228
104      98.0027
105      83.875
106      96.8176
107      0
108      93.4159
109      98.0943
110      48.6862
111      51.0214
112      95.914
113      0
114      77.1199
115      99.5995
116      0
117      0
118      0
119      0
120      96.9795
121      99.8672
122      0
123      0
124      99.3684
125      99.6099
126      99.5463
127      99.1475
128      97.1734
129      98.6361
130      94.273
131      0
132      87.8919
133      83.6901
134      94.9278
135      66.9916
136      0
137      81.569
138      0
139      0
140      0
141      84.5146
142      70.6431
143      0
144      91.8667
145      99.4385
146      82.9328
147      99.5974
148      61.1924
149      90.5267
150      0
151      98.7502
152      97.5661
153      0
154      0
155      84.905
156      97.8514
157      97.1803
158      90.677
159      0
160      0
161      86.1749
162      0
163      0
164      92.6751
165      65.8839
166      98.0644
167      0
168      99.9268
169      96.4971
170      68.8182
171      99.788
172      96.6434
173      0
174      52.1326
175      0
176      0
177      99.2436
178      82.9336
179      0
180      0
181      0
182      0
183      98.8533
184      0
185      99.0077
186      0
187      0
188      0
189      97.966
190      0
191      98.5428
192      59.3529
193      0
194      0
195      68.8861
196      0
197      47.0048
198      0
199      78.1329
200      99.865
201      48.1111
202      0
203      87.7903
204      91.7146
205      88.5871
206      86.1266
207      0
208      99.3673
209      72.2941
210      0
211      89.9409
212      0
213      0
214      71.4547
215      0
216      60.9969
217      88.0314
218      71.5052
219      0
220      0
221      0
222      99.4035
223      0
224      95.146
225      94.9895
226      61.2855
227      99.405
228      58.8653
229      0
230      98.0017
231      0
232      42.188
233      72.3042
234      97.4731
235      95.8777
236      95.3937
237      88.8153
238      77.1568
239      99.6008
240      0
241      0
242      0
243      93.543
244      0
245      98.8139
246      0
247      88.8624
248      76.5077
249      0
250      0
251      97.6269
252      73.7454
253      0
254      65.9265
255      85.3944
256      94.56
257      0
258      0
259      0
260      95.0006
261      99.406
262      96.1474
263      0
264      98.4438
265      97.7389
266      99.5218
267      99.0038
268      99.0766
269      63.9217
270      0
271      0
272      61.3033
273      93.5814
274      63.4197
275      0
276      90.9361
277      0
278      68.3821
279      95.099
280      94.6889
281      98.472
282      93.8202
283      73.6419
284      0
285      99.0659
286      59.1505
287      98.7337
288      0
289      0
290      0
291      0
292      0
293      0
294      79.6036
295      0
296      99.093
297      0
298      94.1244
299      0
300      87.1418
301      99.8527
302      0
303      62.5299
304      90.2909
305      84.1644
306      98.3607
307      0
308      0
309      58.7916
310      0
311      0
312      97.9443
313      80.3052
314      0
315      99.6365
316      98.7
317      87.8253
318      99.4414
319      0
320      69.978
321      0
322      0
323      0
324      97.2371
325      98.3751
326      0
327      78.4939
328      0
329      93.0936
330      0
331      69.5673
332      0
333      40.0112
334      0
335      0
336      47.2846
337      56.225
338      59.3765
339      0
340      0
341      0
342      0
343      89.8564
344      0
345      82.9199
346      98.7377
347      96.9166
348      98.3826
349      84.5189
350      0
351      0
352      93.8597
353      92.5573
354      0
355      87.742
356      99.9325
357      0
358      64.8735
359      0
360      0
361      0
362      0
363      0
364      0
365      0
366      0
367      0
368      50.1426
369      98.4098
370      0
371      99.6995
372      83.0871
373      51.6243
374      0
375      0
376      93.9241
377      99.0263
378      96.0452
379      0
380      0
381      88.4258
382      99.1158
383      0
384      0
385      0
386      93.3071
387      0
388      96.9275
389      0
390      94.662
391      0
392      0
393      0
394      0
395      98.4349
396      0
397      79.8767
398      0
399      86.2106
400      0
401      0
402      97.0852
403      0
404      40.6079
405      67.079
406      0
407      0
408      0
409      67.1059
410      0
411      99.5531
412      0
413      74.2681
414      98.0779
415      37.9878
416      75.7885
417      0
418      99.8319
419      65.9324
420      99.1993
421      0
422      0
423      0
424      0
425      60.0917
426      0
427      0
428      52.8955
429      0
430      97.7292
431      97.8558
432      0
433      97.2556
434      98.094
435      0
436      0
437      0
438      73.5996
439      0
440      58.8668
441      0
442      56.8245
443      71.0919
444      97.0003
445      98.9788
446      80.7197
447      99.8421
448      0
449      94.7476
450      0
451      0
452      99.8489
453      85.034
454      44.6226
455      70.1562
456      0
457      0
458      45.225
459      0
460      0
461      99.8318
462      0
463      0
464      97.5637
465      99.0538
466      91.7613
467      0
468      98.8387
469      88.6274
470      0
471      63.2429
472      97.2276
473      0
474      0
475      0
476      55.6485
477      47.0772
478      44.867
479      89.9925
480      0
481      93.9681
482      0
483      91.9086
484      64.8326
485      82.517
486      99.5398
487      53.6333
488      86.2478
489      98.2841
490      99.0664
491      93.9342
492      60.6704
493      0
494      0
495      97.761
496      74.9266
497      88.4109
498      89.0311
499      98.656
500      89.6665
501      99.9803
502      0
503      98.3335
504      0
505      99.5709
506      0
507      73.1093
508      99.7707
509      0
510      0
511      87.5902
512      99.6353
513      79.1169
514      95.1686
515      0
516      79.5736
517      99.9813
518      0
519      57.2337
520      95.0229
521      58.394
522      0
523      0
524      98.7184
525      0
526      59.6195
527      0
528      0
529      0
530      0
531      81.3943
532      0
533      75.2627
534      91.1056
535      99.7972
536      0
537      0
538      0
539      0
540      0
541      0
542      65.4859
543      0
544      91.5944
545      0
546      95.6169
547      98.712
548      95.8841
549      99.7126
550      90.0681
551      0
552      66.7522
553      96.7966
554      97.4076
555      0
556      99.8308
557      98.6567
558      0
559      0
560      0
561      0
562      86.6435
563      0
564      0
565      99.9933
566      98.8147
567      0
568      83.5223
569      98.8049
570      0
571      84.4891
572      0
573      0
574      63.5433
575      0
576      0
577      97.6781
578      99.7923
579      70.7903
580      81.0191
581      85.4772
582      97.0934
583      90.0599
584      75.6265
585      99.2095
586      98.7231
587      0
588      0
589      99.5365
590      98.4945
591      0
592      98.7966
593      97.0731
594      67.531
595      90.8205
596      99.0502
597      0
598      94.4498
599      97.8704
600      95.8926
601      94.8142
602      0
603      0
604      60.624
605      60.7005
606      92.5722
607      84.7459
608      51.7352
609      0
610      99.8751
611      95.7592
612      52.7216
613      97.3898
614      68.0827
615      83.8526
616      0
617      81.4775
618      0
619      0
620      99.5968
621      42.1397
622      92.7056
623      0
624      0
625      0
626      96.4554
627      99.5581
628      97.4287
629      0
630      0
631      98.4252
632      98.5549
633      97.0881
634      0
635      80.5924
636      0
637      89.2294
638      98.7687
639      0
640      63.5255
641      0
642      68.7944
643      77.0551
644      99.0268
645      99.8111
646      98.4215
647      67.4292
648      87.9749
649      58.8387
650      99.4199
651      0
652      98.1385
653      55.3115
654      0
655      72.2249
656      62.9558
657      68.1271
658      0
659      97.5333
660      0
661      0
662      84.0734
663      99.92
664      99.7868
665      73.5858
666      0
667      93.4324
668      0
669      98.7639
670      50.6518
671      95.3387
672      87.0161
673      78.3291
674      0
675      0
676      0
677      0
678      62.2509
679      0
680      64.1024
681      67.4493
682      69.9627
683      0
684      0
685      98.7837
686      91.9916
687      98.1424
688      74.9322
689      88.8013
690      0
691      95.2027
692      0
693      98.5849
694      99.349
695      0
696      99.9857
697      99.9578
698      68.3293
699      0
700      58.9096
701      99.4775
702      99.6274
703      98.408
704      82.9425
705      0
706      0
707      85.1113
708      0
709      69.7486
710      0
711      93.5488
712      96.9775
713      98.5544
714      98.8977
715      0
716      0
717      0
718      0
719      0
720      0
721      76.4526
722      0
723      75.7717
724      0
725      74.3109
726      0
727      98.034
728      0
729      50.4295
730      0
731      72.3716
732      87.0498
733      99.3086
734      0
735      73.7873
736      71.0639
737      98.7991
738      73.1158
739      78.5365
740      68.3544
741      0
742      0
743      97.5204
744      0
745      0
746      0
747      0
748      78.23
749      70.603
750      78.3816
751      0
752      0
753      0
754      94.8385
755      0
756      0
757      70.1342
758      57.3799
759      0
760      89.5353
761      99.9815
762      0
763      94.8747
764      61.8247
765      75.3765
766      0
767      98.5513
768      0
769      79.0701
770      99.1902
771      0
772      0
773      99.8883
774      68.9968
775      86.6223
776      71.1813
777      98.4985
778      83.5605
779      0
780      0
781      53.4733
782      0
783      62.7338
784      64.5062
785      0
786      0
787      71.3951
788      0
789      68.6401
790      0
791      98.0004
792      95.1779
793      99.1148
794      97.7709
795      0
796      0
797      69.6157
798      99.8632
799      85.7766
800      0
801      0
802      0
803      0
804      99.9815
805      0
806      0
807      0
808      0
809      99.6607
810      53.1491
811      95.4987
812      0
813      95.6279
814      77.779
815      99.7899
816      0
817      98.7115
818      0
819      0
820      92.7229
821      86.341
822      0
823      0
824      0
825      0
826      99.1243
827      97.3136
828      0
829      0
830      90.0514
831      68.835
832      0
833      91.9723
834      99.1381
835      0
836      0
837      75.4524
838      48.98
839      0
840      92.7525
841      0
842      0
843      0
844      96.5027
845      0
846      0
847      0
848      85.3217
849      0
850      98.973
851      96.8118
852      93.6908
853      66.1349
854      0
855      0
856      0
857      94.4779
858      95.561
859      87.9517
860      94.7391
861      0
862      0
863      0
864      63.4566
865      97.5833
866      68.1763
867      99.5108
868      0
869      0
870      0
871      99.1102
872      0
873      71.0918
874      98.1795
875      0
876      91.5617
877      69.582
878      0
879      0
880      0
881      0
882      90.2608
883      99.8236
884      72.503
885      62.6677
886      95.8653
887      95.7443
888      0
889      97.1308
890      0
891      93.4124
892      98.1267
893      0
894      93.6153
895      99.9713
896      97.345
897      0
898      99.7914
899      95.6287
900      66.3481
901      0
902      0
903      0
904      48.2462
905      94.7364
906      0
907      0
908      74.1987
909      91.316
910      0
911      88.0215
912      97.8041
913      0
914      0
915      91.1757
916      98.6341
917      0
918      0
919      0
920      0
921      51.6239
922      0
923      0
924      99.878
925      0
926      94.359
927      0
928      66.6716
929      0
930      99.8867
931      42.7986
932      0
933      68.3368
934      0
935      95.1814
936      0
937      97.4238
938      0
939      0
940      98.4538
941      48.8158
942      86.9839
943      65.9905
944      0
945      0
946      58.4411
947      99.8434
948      0
949      0
950      93.0895
951      78.0099
952      0
953      80.2123
954      93.887
955      99.063
956      98.5454
957      96.2148
958      0
959      50.3143
960      0
961      0
962      85.5725
963      0
964      99.9811
965      0
966      79.6532
967      0
968      0
969      0
970      0
971      80.3025
972      0
973      0
974      0
975      0
976      93.8679
977      94.8355
978      91.7185
979      79.4332
980      98.5156
981      88.06
982      99.0727
983      99.3909
984      99.948
985      0
986      99.3056
987      0
988      96.9258
989      0
990      98.4253
991      80.0795
992      0
993      0
994      70.39
995      0
996      83.6127
997      0
998      0
999      0
       31464.1
