0      60.3918
1      79.2835
2      95.7039
3      0
4      99.5588
5      73.6563
6      72.3877
7      0
8      0
9      98.2082
10      0
11      0
12      0
13      0
14      65.8879
15      0
16      0
17      92.1493
18      0
19      0
20      61.8458
21      99.4681
22      99.9236
23      0
24      0
25      51.6439
26      99.7479
27      0
28      77.8897
29      0
30      71.5264
31      96.8993
32      70.6709
33      85.3187
34      80.2033
35      0
36      0
37      94.2728
38      93.9791
39      0
40      94.9214
41      0
42      0
43      97.3747
44      85.1565
45      98.2574
46      0
47      0
48      0
49      0
50      96.4556
51      0
52      0
53      87.9116
54      90.1238
55      0
56      87.2011
57      98.3568
58      0
59      82.8176
60      87.7361
61      98.1455
62      96.3885
63      99.9199
64      0
65      98.9423
66      99.8382
67      0
68      96.5671
69      0
70      82.7027
71      98.8556
72      0
73      94.9802
74      97.2029
75      0
76      0
77      0
78      99.1729
79      0
80      87.7071
81      99.9247
82      99.929
83      0
84      92.4726
85      98.536
86      97.3306
87      91.5929
88      64.3714
89      91.6939
90      0
91      65.35
92      86.958
93      0
94      0
95      0
96      0
97      0
98      99.7205
99      93.1188
100      0
101      0
102      53.021
103      0
104      0
105      0
106      99.6847
107      0
108      0
109      73.4002
110      57.1424
111      0
112      99.6119
113      0
114      0
115      91.1993
116      96.8293
117      97.6894
118      0
119      97.7702
120      0
121      96.1257
122      98.4268
123      85.9328
124      98.7034
125      86.8051
126      0
127      50.5562
128      0
129      71.398
130      82.5276
131      86.8506
132      67.4934
133      0
134      98.1903
135      0
136      98.1652
137      0
138      0
139      0
140      0
141      72.7305
142      94.2285
143      99.6108
144      0
145      93.7318
146      0
147      0
148      98.2816
149      0
150      0
151      0
152      63.8563
153      0
154      0
155      88.7813
156      0
157      57.2198
158      0
159      74.6911
160      79.5951
161      96.9887
162      0
163      0
164      91.7445
165      0
166      0
167      98.9995
168      0
169      98.9281
170      65.5996
171      0
172      99.41
173      0
174      0
175      97.1111
176      0
177      0
178      97.4881
179      0
180      57.5033
181      70.9005
182      85.5834
183      0
184      0
185      0
186      94.2137
187      84.696
188      0
189      62.5125
190      0
191      0
192      97.0609
193      0
194      99.6704
195      98.2127
196      99.5061
197      98.8695
198      65.682
199      99.9401
200      91.5382
201      0
202      69.7224
203      91.6565
204      48.8046
205      99.0692
206      99.2509
207      94.4195
208      96.7539
209      98.6603
210      0
211      91.5395
212      94.9623
213      0
214      0
215      98.9434
216      84.7058
217      0
218      64.3658
219      0
220      78.9679
221      0
222      76.7509
223      96.4726
224      86.9914
225      0
226      96.4482
227      96.6372
228      94.725
229      94.3938
230      98.5613
231      0
232      0
233      0
234      96.4246
235      97.0706
236      0
237      85.9673
238      0
239      0
240      0
241      0
242      0
243      73.4947
244      92.9917
245      0
246      65.5895
247      69.8468
248      62.0277
249      0
250      0
251      0
252      93.0948
253      0
254      64.2945
255      99.5021
256      99.9121
257      60.9976
258      73.1214
259      0
260      83.8589
261      94.7539
262      84.7257
263      94.7592
264      0
265      0
266      95.0727
267      93.8181
268      0
269      0
270      0
271      99.1641
272      0
273      99.9329
274      92.296
275      0
276      96.6649
277      0
278      0
279      96.6612
280      99.5651
281      0
282      54.3528
283      0
284      0
285      0
286      81.3429
287      99.7129
288      97.3724
289      0
290      0
291      0
292      64.0406
293      0
294      77.4075
295      0
296      82.9301
297      71.1074
298      0
299      0
300      0
301      98.2075
302      72.2989
303      0
304      92.1971
305      73.4655
306      96.2547
307      80.0752
308      97.89
309      0
310      72.0361
311      52.8593
312      0
313      0
314      0
315      91.5174
316      0
317      67.9649
318      97.802
319      0
320      0
321      75.6401
322      93.6825
323      0
324      99.5108
325      97.7255
326      0
327      0
328      0
329      85.6427
330      0
331      95.0893
332      0
333      91.426
334      70.4611
335      98.113
336      0
337      83.8858
338      0
339      0
340      98.3545
341      74.0328
342      68.7868
343      0
344      0
345      0
346      0
347      94.3869
348      58.8952
349      0
350      0
351      83.1073
352      0
353      0
354      0
355      98.5343
356      0
357      79.829
358      59.1006
359      51.8757
360      0
361      35.3429
362      0
363      0
364      98.4989
365      81.7228
366      87.9574
367      98.6541
368      72.211
369      95.1796
370      98.1791
371      0
372      85.0252
373      62.8643
374      0
375      89.0922
376      99.3506
377      44.6128
378      99.6439
379      0
380      98.0943
381      0
382      99.8602
383      99.9649
384      0
385      98.7952
386      0
387      0
388      87.4348
389      0
390      0
391      98.0499
392      99.6955
393      0
394      0
395      0
396      98.9081
397      99.0567
398      80.7239
399      99.9042
400      69.9607
401      75.7979
402      41.5468
403      98.1286
404      0
405      84.6209
406      0
407      0
408      0
409      99.4839
410      0
411      0
412      0
413      95.436
414      94.338
415      0
416      0
417      61.9953
418      0
419      0
420      98.2842
421      98.6416
422      0
423      0
424      60.5424
425      89.1169
426      99.8517
427      0
428      86.7553
429      50.0863
430      0
431      0
432      82.3814
433      90.1795
434      71.6723
435      99.363
436      0
437      0
438      93.1655
439      99.9358
440      72.3656
441      0
442      0
443      97.7167
444      92.8735
445      80.5435
446      0
447      91.082
448      98.1258
449      97.5736
450      99.9629
451      99.5579
452      0
453      0
454      55.1131
455      99.8224
456      0
457      0
458      98.7783
459      72.758
460      92.8779
461      0
462      0
463      91.7921
464      0
465      0
466      81.7183
467      90.2774
468      0
469      0
470      0
471      0
472      0
473      92.4621
474      94.6759
475      0
476      99.2657
477      0
478      75.1437
479      0
480      58.2066
481      0
482      99.0421
483      99.1012
484      96.6524
485      96.7112
486      94.0656
487      94.9472
488      0
489      0
490      96.5147
491      86.5419
492      0
493      0
494      94.0935
495      97.5809
496      67.7246
497      97.9948
498      86.904
499      98.4894
500      0
501      0
502      0
503      94.7808
504      98.3557
505      0
506      53.3192
507      0
508      73.0574
509      63.6106
510      97.5995
511      71.9771
512      0
513      98.1816
514      47.4308
515      98.6474
516      68.622
517      97.5187
518      81.3885
519      79.4643
520      98.8558
521      99.5047
522      56.9211
523      0
524      34.8015
525      0
526      0
527      95.069
528      81.7566
529      0
530      82.2717
531      0
532      0
533      88.2432
534      0
535      0
536      97.2842
537      57.6168
538      50.0786
539      0
540      86.7462
541      81.2717
542      85.2462
543      0
544      0
545      99.3163
546      64.734
547      96.0198
548      94.5742
549      44.5204
550      98.0048
551      98.1197
552      0
553      63.3235
554      80.0975
555      98.9719
556      0
557      0
558      89.6289
559      97.285
560      91.1808
561      0
562      83.9697
563      0
564      0
565      92.6491
566      81.6613
567      86.9972
568      98.1417
569      96.9111
570      0
571      0
572      95.6971
573      0
574      99.8536
575      0
576      99.238
577      79.5423
578      0
579      39.6028
580      67.1757
581      0
582      87.9153
583      97.5717
584      97.2205
585      0
586      60.8326
587      79.7956
588      75.4794
589      0
590      73.2967
591      0
592      85.28
593      97.6812
594      71.4709
595      71.6747
596      83.127
597      0
598      99.5264
599      74.823
600      91.4063
601      99.7669
602      88.0434
603      87.8199
604      0
605      90.546
606      70.0155
607      98.9894
608      66.4077
609      0
610      99.7534
611      0
612      50.7637
613      95.9373
614      97.9408
615      0
616      0
617      0
618      98.9308
619      70.5449
620      71.7247
621      75.5718
622      0
623      99.5273
624      0
625      0
626      0
627      97.8541
628      0
629      55.9052
630      0
631      84.543
632      99.2543
633      76.243
634      88.9292
635      99.5775
636      0
637      0
638      0
639      0
640      74.4406
641      96.8443
642      85.9738
643      0
644      77.9882
645      99.6237
646      99.5771
647      99.9162
648      0
649      0
650      94.2649
651      99.9865
652      0
653      96.0089
654      37.187
655      89.9287
656      0
657      0
658      0
659      0
660      93.2587
661      99.9767
662      0
663      77.4342
664      0
665      0
666      44.0843
667      52.0407
668      93.539
669      70.0469
670      38.203
671      94.7247
672      60.0701
673      0
674      68.9303
675      77.1842
676      0
677      0
678      0
679      96.7104
680      0
681      85.88
682      73.367
683      95.8968
684      46.7505
685      0
686      98.0798
687      0
688      96.0193
689      70.9427
690      76.5686
691      58.928
692      95.9898
693      97.1702
694      54.4472
695      98.7047
696      18.4558
697      0
698      99.4377
699      0
700      77.106
701      99.7248
702      0
703      97.1998
704      97.6145
705      64.6533
706      97.4516
707      65.1037
708      98.4459
709      95.2994
710      99.1496
711      0
712      0
713      0
714      0
715      0
716      97.1514
717      0
718      0
719      47.2683
720      98.9386
721      0
722      49.0131
723      99.7304
724      0
725      0
726      90.3981
727      0
728      0
729      0
730      64.1378
731      53.1832
732      74.1312
733      99.5863
734      0
735      0
736      99.4044
737      0
738      0
739      98.3796
740      0
741      0
742      0
743      0
744      99.2733
745      43.7427
746      0
747      95.7013
748      48.3675
749      0
750      0
751      93.648
752      93.9953
753      68.4713
754      77.3072
755      0
756      0
757      78.0086
758      91.6621
759      98.8246
760      0
761      95.7367
762      0
763      97.4942
764      50.0077
765      51.8654
766      89.1905
767      0
768      58.6149
769      0
770      0
771      98.9374
772      93.3022
773      94.6044
774      0
775      0
776      91.033
777      0
778      0
779      89.8395
780      0
781      97.1771
782      0
783      86.8051
784      70.5387
785      92.9168
786      94.3747
787      0
788      99.9308
789      0
790      95.7764
791      0
792      0
793      97.1602
794      0
795      0
796      45.3958
797      0
798      0
799      0
800      0
801      98.1938
802      98.5541
803      98.6035
804      0
805      95.3555
806      0
807      0
808      0
809      0
810      86.5207
811      0
812      0
813      90.0198
814      98.8041
815      97.3942
816      57.2627
817      0
818      0
819      0
820      91.6584
821      94.2717
822      89.9761
823      44.2021
824      63.9886
825      91.5507
826      55.8861
827      0
828      95.4363
829      66.9998
830      0
831      99.3986
832      84.6104
833      76.2955
834      98.3345
835      91.4406
836      0
837      99.6658
838      65.7669
839      0
840      69.0015
841      54.8436
842      0
843      0
844      0
845      91.3689
846      59.3869
847      0
848      99.1485
849      0
850      0
851      0
852      99.0829
853      0
854      0
855      86.6694
856      0
857      0
858      54.7803
859      0
860      0
861      0
862      0
863      0
864      90.7705
865      94.0045
866      79.0671
867      0
868      93.2225
869      70.9742
870      53.0539
871      95.8443
872      0
873      98.0973
874      87.2298
875      97.4949
876      39.1958
877      0
878      93.6666
879      91.0494
880      93.3304
881      63.8798
882      97.4189
883      0
884      0
885      0
886      76.2404
887      99.5045
888      86.2419
889      0
890      0
891      0
892      94.049
893      88.3356
894      98.4271
895      73.7936
896      99.3154
897      93.8657
898      71.1329
899      92.3243
900      42.0652
901      95.9969
902      81.7623
903      0
904      98.1935
905      65.6776
906      86.5095
907      0
908      73.418
909      0
910      85.4528
911      99.1394
912      0
913      0
914      0
915      0
916      0
917      0
918      59.3668
919      79.4276
920      0
921      0
922      96.4555
923      97.543
924      0
925      0
926      68.5666
927      92.3024
928      0
929      0
930      89.2407
931      96.4061
932      99.2336
933      55.9944
934      94.9268
935      73.2406
936      0
937      98.7989
938      95.6964
939      53.2478
940      99.8531
941      0
942      0
943      73.4823
944      62.7317
945      66.4152
946      47.0915
947      71.7163
948      0
949      0
950      53.9062
951      94.3301
952      99.5706
953      94.8466
954      0
955      54.6832
956      0
957      94.0583
958      0
959      77.1359
960      0
961      52.2964
962      0
963      0
964      0
965      0
966      98.9599
967      0
968      99.3389
969      0
970      76.7537
971      0
972      95.1832
973      0
974      99.6675
975      99.5763
976      98.2175
977      80.7553
978      0
979      84.8772
980      0
981      56.877
982      68.0125
983      91.6522
984      0
985      63.4112
986      0
987      0
988      0
989      99.9419
990      0
991      0
992      0
993      47.0538
994      89.8395
995      99.0951
996      0
997      0
998      98.9949
999      96.1336
       32289.4
