0      0
1      89.3519
2      0
3      84.6144
4      99.7917
5      97.8752
6      0
7      93.7786
8      99.8096
9      98.4661
10      88.7541
11      97.8497
12      99.7889
13      0
14      0
15      0
16      85.3157
17      97.5579
18      0
19      97.1147
20      83.4333
21      60.7155
22      0
23      0
24      0
25      99.2241
26      61.4238
27      84.772
28      0
29      0
30      94.5967
31      0
32      60.5944
33      0
34      95.8011
35      93.533
36      63.3444
37      61.2804
38      0
39      0
40      80.515
41      94.0038
42      88.2294
43      0
44      0
45      99.8715
46      0
47      0
48      0
49      98.5399
50      71.6296
51      99.5985
52      53.264
53      0
54      82.7611
55      94.6585
56      99.1664
57      98.4882
58      95.8036
59      0
60      0
61      84.2195
62      78.7966
63      78.8406
64      0
65      0
66      88.4374
67      0
68      0
69      52.3748
70      0
71      55.5564
72      0
73      95.5274
74      94.2838
75      0
76      71.0685
77      97.9353
78      0
79      98.0492
80      89.0812
81      47.5383
82      65.1747
83      97.8318
84      0
85      97.2377
86      0
87      95.7428
88      94.0375
89      99.3761
90      85.7223
91      0
92      0
93      96.6454
94      96.0932
95      98.9586
96      0
97      59.6796
98      0
99      0
100      61.7444
101      0
102      70.2105
103      0
104      99.8845
105      0
106      16.7917
107      0
108      84.8622
109      55.0296
110      76.1319
111      76.8304
112      68.9376
113      0
114      0
115      54.5269
116      90.478
117      0
118      97.7764
119      88.3448
120      95.1207
121      52.804
122      61.1513
123      0
124      98.5775
125      71.169
126      93.8467
127      98.8184
128      98.4189
129      65.9184
130      94.0599
131      58.3909
132      90.2914
133      0
134      79.7235
135      93.3791
136      0
137      0
138      96.2375
139      47.1582
140      99.5853
141      83.6511
142      92.497
143      95.8509
144      99.7171
145      98.7307
146      87.4276
147      96.0166
148      55.7126
149      61.6515
150      74.0698
151      0
152      97.991
153      68.3932
154      92.6826
155      0
156      94.1415
157      98.9762
158      0
159      0
160      0
161      0
162      86.7905
163      71.8128
164      0
165      69.8782
166      0
167      98.9886
168      84.7848
169      99.757
170      0
171      91.727
172      87.6946
173      84.3083
174      0
175      77.815
176      95.3258
177      88.1437
178      0
179      98.9319
180      83.5072
181      0
182      0
183      96.6526
184      0
185      69.0713
186      97.6255
187      92.5223
188      0
189      97.1212
190      94.8095
191      0
192      72.2484
193      0
194      53.8378
195      51.4907
196      0
197      96.3488
198      88.3466
199      76.7001
200      74.3854
201      0
202      80.3795
203      0
204      68.8428
205      0
206      90.1633
207      0
208      0
209      78.9769
210      91.6946
211      99.5282
212      99.642
213      44.4441
214      0
215      99.7724
216      0
217      94.0747
218      78.7881
219      97.2991
220      94.0928
221      96.145
222      0
223      81.7467
224      0
225      96.8887
226      0
227      0
228      97.8299
229      0
230      67.4859
231      93.9684
232      68.7716
233      77.5713
234      0
235      79.4344
236      0
237      79.3418
238      91.9686
239      0
240      80.5196
241      84.5683
242      0
243      0
244      0
245      98.8645
246      36.6785
247      99.706
248      0
249      98.2924
250      61.3352
251      97.4554
252      75.7378
253      95.832
254      0
255      97.3919
256      52.861
257      52.8302
258      49.7238
259      0
260      0
261      88.7806
262      96.8578
263      0
264      0
265      89.2538
266      74.3435
267      78.1738
268      97.3196
269      92.763
270      84.4307
271      95.7178
272      0
273      0
274      50.4633
275      99.7064
276      0
277      0
278      0
279      0
280      92.0666
281      99.067
282      34.8721
283      89.3977
284      0
285      76.1337
286      0
287      0
288      73.7213
289      0
290      0
291      0
292      0
293      98.2332
294      0
295      98.854
296      96.0224
297      97.4314
298      0
299      0
300      0
301      59.7231
302      98.8353
303      48.8551
304      72.5459
305      0
306      0
307      0
308      40.3369
309      62.2568
310      88.0573
311      95.0521
312      70.9823
313      0
314      95.8954
315      0
316      0
317      75.8704
318      0
319      97.4007
320      0
321      97.3908
322      0
323      0
324      38.8187
325      99.9951
326      97.8849
327      96.0803
328      99.7116
329      0
330      54.8461
331      98.2431
332      0
333      0
334      0
335      0
336      99.8676
337      0
338      99.7497
339      99.8157
340      0
341      0
342      67.0275
343      0
344      96.3249
345      0
346      93.1203
347      0
348      98.7245
349      0
350      88.9769
351      94.9909
352      69.3504
353      0
354      99.7051
355      98.649
356      0
357      0
358      0
359      0
360      92.6389
361      0
362      92.4419
363      0
364      0
365      0
366      70.0028
367      91.7112
368      84.9818
369      58.7699
370      79.4924
371      97.6314
372      0
373      0
374      93.358
375      0
376      0
377      0
378      0
379      63.1632
380      0
381      93.4056
382      91.0632
383      99.7844
384      96.957
385      60.5051
386      0
387      99.8271
388      0
389      99.0284
390      94.2629
391      0
392      0
393      0
394      74.9068
395      99.8113
396      99.6152
397      0
398      0
399      70.3761
400      0
401      0
402      0
403      74.0322
404      0
405      82.2546
406      96.9466
407      0
408      0
409      0
410      94.5526
411      47.4218
412      64.2204
413      98.5119
414      0
415      97.4254
416      0
417      93.7488
418      86.0685
419      70.7524
420      98.9347
421      98.3661
422      0
423      68.8088
424      61.0325
425      97.6669
426      0
427      64.943
428      85.2182
429      0
430      91.3618
431      94.4657
432      0
433      93.7501
434      0
435      99.0191
436      0
437      97.1859
438      99.2697
439      0
440      0
441      0
442      77.097
443      67.8701
444      60.372
445      0
446      49.2492
447      0
448      99.9976
449      99.9334
450      62.8327
451      0
452      68.5455
453      99.4697
454      0
455      0
456      0
457      54.9165
458      99.3493
459      0
460      0
461      92.7765
462      91.1888
463      0
464      53.0052
465      0
466      0
467      0
468      97.7652
469      0
470      0
471      87.0245
472      0
473      77.0211
474      96.4395
475      81.6747
476      60.1958
477      69.9205
478      0
479      87.4275
480      98.2779
481      0
482      96.2034
483      64.4825
484      0
485      0
486      0
487      0
488      93.9046
489      0
490      98.078
491      71.498
492      57.7368
493      0
494      99.4578
495      96.8812
496      0
497      0
498      99.6663
499      99.3578
500      0
501      64.635
502      0
503      76.4124
504      95.8673
505      93.7388
506      67.1436
507      0
508      0
509      84.0006
510      99.6752
511      0
512      0
513      51.7001
514      92.7688
515      92.0084
516      75.8852
517      96.9786
518      0
519      0
520      0
521      0
522      98.398
523      0
524      0
525      92.7736
526      83.0876
527      97.1198
528      85.1302
529      93.2077
530      0
531      77.6399
532      86.9041
533      0
534      0
535      93.0074
536      0
537      98.058
538      99.6159
539      64.6534
540      76.8164
541      93.836
542      96.6724
543      0
544      64.9721
545      0
546      85.9696
547      99.7014
548      0
549      79.6451
550      0
551      70.2808
552      50.73
553      0
554      0
555      67.6359
556      99.3842
557      48.2198
558      0
559      99.201
560      0
561      33.4058
562      53.943
563      89.983
564      0
565      99.0032
566      51.3568
567      0
568      0
569      50.2923
570      61.6775
571      94.5562
572      82.2064
573      94.4785
574      0
575      53.0561
576      44.732
577      96.1571
578      89.6462
579      94.7836
580      79.6547
581      0
582      0
583      76.4179
584      80.0608
585      0
586      0
587      93.3229
588      87.9497
589      69.6319
590      0
591      0
592      0
593      98.9128
594      45.9679
595      98.3198
596      0
597      94.7764
598      0
599      0
600      57.8116
601      0
602      92.6801
603      98.3938
604      0
605      99.8288
606      98.7531
607      99.6505
608      0
609      0
610      0
611      0
612      0
613      71.4592
614      0
615      95.0715
616      81.1791
617      91.4838
618      65.0307
619      0
620      0
621      97.9547
622      0
623      98.0264
624      80.3482
625      88.4839
626      86.8151
627      70.009
628      63.5152
629      96.3311
630      83.3505
631      84.4142
632      52.144
633      98.6014
634      0
635      0
636      0
637      98.5949
638      81.5236
639      97.7599
640      67.985
641      0
642      0
643      0
644      0
645      95.2937
646      0
647      0
648      0
649      61.0725
650      93.6653
651      99.149
652      94.7279
653      0
654      0
655      81.045
656      0
657      0
658      75.3621
659      88.9487
660      66.7312
661      86.3492
662      99.7335
663      0
664      80.5522
665      99.1538
666      97.2202
667      0
668      58.52
669      0
670      99.1073
671      98.212
672      0
673      0
674      0
675      0
676      0
677      0
678      99.965
679      60.7133
680      76.8757
681      48.8324
682      0
683      97.2622
684      0
685      0
686      60.2264
687      99.606
688      80.5416
689      0
690      99.9974
691      99.7617
692      46.2167
693      0
694      0
695      62.4144
696      0
697      64.3101
698      0
699      0
700      99.7683
701      0
702      80.3497
703      97.9827
704      0
705      97.3104
706      79.2909
707      0
708      97.3099
709      99.6826
710      0
711      0
712      96.3012
713      80.6848
714      98.0419
715      99.2506
716      99.2749
717      0
718      92.0408
719      56.7098
720      96.1425
721      74.7229
722      89.5567
723      97.7594
724      94.9902
725      92.6886
726      97.9652
727      98.7162
728      57.5296
729      92.2111
730      75.7397
731      0
732      55.9815
733      0
734      55.3387
735      99.9606
736      88.2743
737      0
738      0
739      0
740      78.8096
741      0
742      86.6565
743      0
744      0
745      94.7842
746      0
747      0
748      97.3884
749      79.6691
750      97.1946
751      0
752      55.8846
753      95.4143
754      95.3081
755      93.4168
756      99.3409
757      0
758      94.1021
759      64.7215
760      98.5221
761      71.6368
762      0
763      95.321
764      52.7911
765      89.0452
766      0
767      94.7429
768      72.5074
769      99.1806
770      55.8676
771      79.1464
772      91.6383
773      0
774      99.1474
775      67.8836
776      96.864
777      98.4108
778      0
779      0
780      98.775
781      99.279
782      0
783      0
784      0
785      0
786      98.6346
787      63.4859
788      67.3459
789      0
790      0
791      0
792      0
793      98.6827
794      81.6456
795      63.3925
796      0
797      29.6331
798      0
799      0
800      0
801      0
802      98.5888
803      83.4702
804      99.8789
805      0
806      0
807      0
808      93.5853
809      86.7808
810      0
811      0
812      64.66
813      91.9732
814      0
815      78.6219
816      99.6844
817      0
818      94.1031
819      0
820      0
821      89.703
822      98.3199
823      0
824      96.1617
825      0
826      97.0487
827      99.0237
828      74.4468
829      73.4781
830      0
831      69.7043
832      50.7536
833      98.3068
834      99.1381
835      85.3934
836      76.2419
837      0
838      52.5568
839      95.9113
840      84.0362
841      0
842      98.2824
843      97.2508
844      0
845      98.7443
846      0
847      0
848      0
849      73.3573
850      0
851      92.1679
852      71.4432
853      0
854      98.4607
855      99.4192
856      0
857      0
858      0
859      0
860      0
861      98.3153
862      60.4501
863      0
864      73.9315
865      83.1359
866      83.6855
867      96.2415
868      0
869      98.506
870      0
871      0
872      0
873      99.8838
874      0
875      98.5596
876      0
877      92.7868
878      0
879      97.2558
880      97.2715
881      0
882      0
883      99.8236
884      72.1424
885      0
886      73.5951
887      0
888      0
889      0
890      0
891      66.6415
892      76.7063
893      90.4276
894      77.9105
895      0
896      0
897      90.5776
898      0
899      0
900      95.0519
901      94.2129
902      0
903      0
904      98.9189
905      0
906      99.4373
907      94.5402
908      96.0759
909      0
910      0
911      72.0865
912      61.7806
913      0
914      97.6184
915      98.5687
916      0
917      95.7091
918      93.6941
919      99.197
920      69.0159
921      90.7273
922      0
923      51.3264
924      0
925      82.0216
926      99.9427
927      0
928      0
929      99.344
930      0
931      0
932      73.5523
933      0
934      48.6756
935      0
936      0
937      99.0033
938      0
939      81.5801
940      97.8031
941      0
942      0
943      97.1181
944      58.7368
945      0
946      98.1633
947      93.5181
948      65.7824
949      0
950      97.9383
951      99.3289
952      0
953      0
954      0
955      0
956      93.9363
957      85.6647
958      0
959      69.2804
960      0
961      0
962      0
963      77.7644
964      0
965      0
966      0
967      0
968      0
969      0
970      75.4896
971      0
972      96.8326
973      0
974      0
975      0
976      99.6667
977      87.5017
978      0
979      0
980      94.072
981      0
982      51.7843
983      83.2838
984      0
985      0
986      76.8945
987      95.6179
988      93.8463
989      63.2927
990      0
991      84.704
992      99.932
993      91.8046
994      0
995      62.4873
996      0
997      0
998      0
999      0
       32806
