0      77.5943
1      0
2      99.993
3      46.5109
4      84.8341
5      99.7167
6      98.662
7      99.9096
8      0
9      0
10      99.6963
11      0
12      97.1143
13      0
14      99.5641
15      86.211
16      99.9177
17      0
18      0
19      0
20      0
21      0
22      74.7276
23      99.878
24      0
25      0
26      99.8432
27      99.7287
28      99.5883
29      0
30      70.3904
31      43.3138
32      74.3991
33      99.9302
34      0
35      37.6671
36      62.8743
37      0
38      0
39      0
40      99.7913
41      99.98
42      0
43      94.1002
44      99.8988
45      67.0997
46      0
47      0
48      67.773
49      39.2668
50      99.9911
51      92.8893
52      0
53      99.9859
54      0
55      58.834
56      0
57      0
58      76.3708
59      54.8834
60      0
61      96.2699
62      99.9993
63      0
64      63.3702
65      0
66      99.5989
67      95.4284
68      67.1638
69      0
70      75.3634
71      0
72      0
73      99.9852
74      98.7155
75      99.9842
76      0
77      0
78      95.8102
79      91.3938
80      99.9141
81      99.8207
82      0
83      0
84      0
85      94.9626
86      0
87      83.6155
88      74.3167
89      99.9882
90      80.893
91      0
92      77.5426
93      0
94      0
95      0
96      99.9943
97      0
98      66.7465
99      98.9815
       3442.95
