0      85.4314
1      99.9349
2      0
3      56.5758
4      83.7501
5      89.5475
6      99.9823
7      0
8      0
9      49.1832
10      0
11      0
12      99.9535
13      89.8472
14      0
15      0
16      94.5688
17      87.6649
18      99.937
19      99.9979
20      79.4887
21      99.997
22      99.9556
23      0
24      99.9956
25      99.9915
26      0
27      82.3106
28      0
29      90.1104
30      0
31      68.8691
32      0
33      41.4426
34      0
35      0
36      58.0856
37      64.3626
38      68.9664
39      0
40      99.9827
41      0
42      0
43      89.2979
44      0
45      0
46      0
47      99.9469
48      99.9426
49      66.2285
       1450.07
