0      99.932
1      0
2      99.9852
3      79.7653
4      51.2508
5      0
6      0
7      0
8      50.5995
9      0
10      0
11      99.9207
12      0
13      0
14      99.7748
15      99.9991
16      0
17      0
18      99.945
19      94.1998
20      0
21      75.2989
22      99.9673
23      0
24      0
25      99.7237
26      62.059
27      50.7683
28      49.4642
29      77.6893
30      0
31      99.9445
32      0
33      87.6307
34      65.1579
35      75.9542
36      99.7801
37      0
38      0
39      99.9511
40      99.9428
41      99.9539
42      59.6649
43      0
44      0
45      89.2805
46      77.7654
47      56.8923
48      70.589
49      99.8575
       1792.52
