0      0
1      0
2      93.6953
3      53.8951
4      78.0308
5      99.8309
6      99.6482
7      79.4239
8      90.5007
9      99.7737
10      85.3142
11      99.8453
12      0
13      90.6117
14      0
15      99.9924
16      0
17      0
18      99.9728
19      55.4769
20      0
21      99.7034
22      58.7328
23      55.9156
24      86.5137
25      75.7002
26      0
27      99.8718
28      0
29      99.8467
30      0
31      0
32      72.5299
33      99.8743
34      0
35      0
36      88.8505
37      0
38      99.0813
39      79.4526
40      83.6889
41      77.6679
42      0
43      98.1535
44      0
45      73.3402
46      0
47      80.2802
48      0
49      48.0589
50      0
51      0
52      0
53      51.9731
54      56.0941
55      0
56      99.2139
57      0
58      0
59      0
60      0
61      99.4253
62      0
63      99.7584
64      0
65      42.7213
66      55.0754
67      0
68      95.9959
69      0
70      66.6954
71      0
72      80.1412
73      98.9239
74      0
75      98.3868
76      99.5059
77      99.6832
78      0
79      91.3273
80      98.58
81      92.3266
82      0
83      86.2057
84      86.8587
85      0
86      73.8336
87      68.808
88      0
89      98.3286
90      99.8481
91      99.7825
92      76.7939
93      99.9967
94      0
95      0
96      0
97      76.4193
98      60.8555
99      0
100      0
101      0
102      0
103      0
104      0
105      99.7698
106      46.3476
107      98.8658
108      65.2406
109      0
110      61.4512
111      43.7137
112      99.8313
113      99.4743
114      0
115      92.7268
116      0
117      99.4133
118      59.4873
119      99.917
120      99.4778
121      0
122      99.2064
123      0
124      0
125      0
126      0
127      99.8726
128      84.6337
129      61.5736
130      0
131      0
132      93.5296
133      69.4672
134      0
135      0
136      89.0898
137      79.1444
138      0
139      99.8201
140      64.9248
141      49.5223
142      99.1375
143      74.0952
144      83.1034
145      98.8764
146      0
147      0
148      97.6051
149      98.7361
150      79.2306
151      99.865
152      0
153      0
154      0
155      99.6804
156      99.6625
157      0
158      0
159      98.881
160      69.3812
161      0
162      99.4063
163      92.8541
164      98.8771
165      99.9443
166      0
167      43.332
168      99.5797
169      0
170      91.4887
171      0.000107471
172      82.8508
173      0
174      0
175      0
176      82.4723
177      99.9504
178      45.4877
179      0
180      44.5546
181      98.4025
182      0
183      0
184      58.0269
185      94.4547
186      99.7715
187      96.4186
188      78.0687
189      0
190      0
191      87.5805
192      97.4415
193      0
194      0
195      82.6694
196      99.7891
197      99.5463
198      45.4317
199      81.183
       7062.47
