0      0
1      0
2      85.3328
3      88.2495
4      75.5976
5      0
6      0
7      94.0614
8      86.578
9      90.6217
10      70.9691
11      78.1301
12      82.9355
13      94.3355
14      0
15      76.7211
16      96.2173
17      0
18      0
19      99.8089
20      91.0617
21      0
22      81.9354
23      0
24      61.5934
25      0
26      88.1104
27      90.5394
28      75.6898
29      44.17
30      0
31      0
32      78.0916
33      99.9568
34      74.6532
35      83.6625
36      90.3774
37      87.5049
38      0
39      0
40      0
41      0
42      99.725
43      0
44      0
45      0
46      90.0236
47      36.6106
48      98.38
49      46.7713
50      78.8081
51      0
52      0
53      98.0139
54      71.456
55      98.0777
56      0
57      86.4367
58      94.5183
59      97.3539
60      85.5425
61      0
62      0
63      50.4601
64      0
65      0
66      0
67      0
68      66.002
69      90.2918
70      94.9953
71      0
72      63.6187
73      0
74      94.3806
75      98.8053
76      96.0733
77      62.7252
78      88.6324
79      0
80      0
81      0
82      64.8145
83      0
84      97.8826
85      96.4149
86      0
87      0
88      97.6778
89      75.3558
90      99.8739
91      90.5105
92      0
93      46.4423
94      0
95      0
96      0
97      0
98      93.7273
99      85.0236
100      87.8386
101      81.9801
102      91.0157
103      0
104      98.2623
105      0
106      0
107      97.5466
108      0
109      0
110      97.8269
111      0
112      0
113      0
114      85.9846
115      0
116      0
117      98.7394
118      94.4927
119      0
120      0
121      0
122      92.0976
123      0
124      0
125      96.1928
126      94.5128
127      98.0123
128      0
129      91.0951
130      0
131      90.2224
132      80.461
133      0
134      0
135      0
136      0
137      0
138      95.2379
139      0
140      0
141      93.575
142      0
143      0
144      99.1651
145      97.2672
146      94.9168
147      0
148      78.6187
149      0
150      0
151      0
152      75.3824
153      0
154      98.6143
155      88.4915
156      90.8241
157      83.4917
158      0
159      21.9521
160      50.0325
161      96.3861
162      0
163      98.1218
164      97.8702
165      0
166      0
167      97.8153
168      92.8091
169      0
170      70.1525
171      94.6568
172      98.114
173      92.8816
174      88.236
175      95.7243
176      97.6933
177      0
178      98.5203
179      0
180      0
181      87.7699
182      79.4483
183      98.6528
184      0
185      95.8212
186      77.4275
187      0
188      0
189      94.5974
190      0
191      72.1405
192      75.9861
193      78.4448
194      84.3348
195      0
196      97.7433
197      75.8144
198      0
199      76.6696
200      88.317
201      69.6927
202      78.5391
203      0
204      0
205      85.9932
206      90.3974
207      68.7861
208      82.4305
209      0
210      95.3406
211      0
212      0
213      92.8851
214      0
215      0
216      90.0983
217      98.4587
218      0
219      0
220      84.7092
221      0
222      0
223      43.6141
224      98.5187
225      98.8262
226      94.2412
227      95.634
228      0
229      0
230      94.8601
231      86.2564
232      86.2076
233      0
234      0
235      98.5788
236      0
237      0
238      99.8065
239      81.2425
240      92.8615
241      97.8069
242      93.6701
243      0
244      0
245      91.3844
246      90.9851
247      99.9708
248      78.6526
249      72.0201
250      45.8163
251      0
252      97.1629
253      0
254      99.5479
255      0
256      91.1278
257      0
258      93.2687
259      0
260      0
261      0
262      95.1637
263      97.9319
264      98.2005
265      92.9428
266      88.678
267      97.6926
268      65.8891
269      89.0298
270      0
271      61.3793
272      71.3976
273      0
274      99.5799
275      98.566
276      0
277      0
278      0
279      62.7107
280      58.9546
281      0
282      64.5435
283      95.4019
284      70.5756
285      0
286      0
287      94.0917
288      85.0815
289      53.4621
290      0
291      99.0274
292      0
293      49.0628
294      0
295      0
296      95.4621
297      65.265
298      0
299      79.1587
300      92.2198
301      72.6729
302      0
303      83.5766
304      97.1527
305      94.8743
306      58.4824
307      0
308      96.694
309      0
310      88.97
311      0
312      0
313      0
314      0
315      97.154
316      0
317      89.2683
318      88.3
319      96.4443
320      92.6481
321      47.8972
322      97.7881
323      99.5048
324      82.7481
325      89.9425
326      0
327      98.3138
328      40.1358
329      0
330      87.1494
331      91.673
332      49.7567
333      89.5974
334      0
335      92.4176
336      60.8996
337      81.0339
338      0
339      73.1597
340      87.9298
341      0
342      96.4995
343      90.014
344      92.7863
345      69.462
346      0
347      0
348      78.9784
349      0
350      91.8586
351      78.4933
352      89.9826
353      0
354      74.8368
355      89.3138
356      70.007
357      0
358      0
359      0
360      0
361      0
362      99.8837
363      76.2836
364      0
365      94.078
366      97.4904
367      0
368      0
369      84.7076
370      0
371      0
372      0
373      98.0727
374      0
375      73.1475
376      0
377      0
378      0
379      88.8555
380      92.4836
381      0
382      0
383      83.5663
384      0
385      94.0859
386      94.7075
387      85.5732
388      96.5667
389      85.3982
390      99.8764
391      74.8724
392      93.2711
393      98.4421
394      84.3299
395      0
396      96.8913
397      93.0634
398      0
399      90.7981
400      94.024
401      97.8362
402      0
403      0
404      0
405      96.5712
406      0
407      0
408      0
409      91.1306
410      84.9355
411      0
412      90.0396
413      0
414      70.942
415      74.0073
416      0
417      96.8796
418      0
419      0
420      90.6361
421      78.5943
422      0
423      51.9775
424      0
425      0
426      80.5814
427      85.1888
428      81.3096
429      0
430      93.7218
431      67.188
432      0
433      0
434      87.279
435      90.8863
436      0
437      65.4892
438      98.1869
439      93.2517
440      94.9258
441      0
442      0
443      88.5968
444      0
445      0
446      0
447      86.8739
448      0
449      0
450      0
451      83.4076
452      0
453      77.9657
454      55.762
455      87.9146
456      87.3478
457      88.8262
458      94.6133
459      67.3942
460      0
461      0
462      0
463      0
464      96.9887
465      79.985
466      91.2847
467      80.8832
468      0
469      85.6366
470      0
471      0
472      98.6746
473      88.213
474      63.6913
475      95.7208
476      0
477      71.7285
478      88.4789
479      87.992
480      95.5187
481      98.3106
482      0
483      96.7341
484      99.0624
485      0
486      89.0043
487      82.0251
488      98.2772
489      0
490      0
491      87.9355
492      0
493      0
494      87.8814
495      96.5786
496      37.7037
497      81.2861
498      0
499      99.8106
500      71.8267
501      98.968
502      62.3518
503      89.3195
504      88.8057
505      0
506      89.6814
507      0
508      47.7341
509      92.9816
510      0
511      99.7785
512      95.2831
513      81.6815
514      96.6702
515      88.9106
516      93.8708
517      0
518      0
519      93.4878
520      57.9614
521      99.0572
522      94.6025
523      52.4607
524      90.2299
525      0
526      55.5937
527      72.7167
528      93.4121
529      83.0426
530      83.9799
531      92.7837
532      0
533      0
534      0
535      66.8376
536      95.8078
537      0
538      97.8156
539      0
540      0
541      92.6206
542      89.8058
543      0
544      83.3613
545      97.8063
546      0
547      98.7874
548      99.3321
549      0
550      93.561
551      91.8638
552      62.1648
553      0
554      84.8569
555      0
556      51.2931
557      82.6208
558      0
559      0
560      0
561      79.0098
562      0
563      0
564      0
565      74.8727
566      0
567      0
568      97.0957
569      99.6632
570      0
571      0
572      92.3207
573      73.9392
574      95.3953
575      0
576      0
577      0
578      0
579      56.0148
580      0
581      72.9781
582      98.2113
583      0
584      0
585      96.1876
586      99.0561
587      98.5234
588      0
589      92.8228
590      0
591      62.5233
592      82.8475
593      0
594      95.9521
595      96.6022
596      91.9496
597      83.2003
598      92.6836
599      0
600      95.8869
601      0
602      84.4535
603      93.3481
604      68.2363
605      87.393
606      58.5958
607      93.159
608      0
609      89.8877
610      91.9953
611      0
612      71.5279
613      0
614      92.8383
615      0
616      0
617      0
618      54.4798
619      86.2932
620      0
621      96.5851
622      0
623      89.266
624      0
625      0
626      0
627      0
628      0
629      97.3954
630      0
631      0
632      94.0498
633      0
634      0
635      50.2817
636      0
637      0
638      0
639      67.1553
640      0
641      99.4091
642      76.362
643      83.0125
644      75.7646
645      0
646      0
647      0
648      0
649      0
650      0
651      94.7794
652      62.3303
653      0
654      71.6929
655      95.9166
656      96.3878
657      0
658      83.0571
659      0
660      0
661      94.2473
662      78.3694
663      94.4235
664      68.8933
665      91.2891
666      73.0335
667      0
668      0
669      76.4365
670      99.1958
671      92.7223
672      0
673      66.2075
674      91.7181
675      82.6658
676      98.5996
677      86.9548
678      81.2863
679      0
680      94.1948
681      86.1258
682      0
683      89.0574
684      0
685      0
686      0
687      72.3565
688      0
689      97.6018
690      94.2487
691      89.8463
692      0
693      0
694      85.0053
695      97.7906
696      93.2552
697      87.6841
698      89.2809
699      83.1844
700      92.1127
701      0
702      0
703      0
704      84.0734
705      0
706      66.8721
707      0
708      72.4983
709      0
710      0
711      88.4686
712      53.2486
713      0
714      0
715      76.6089
716      97.0784
717      85.0324
718      70.9651
719      88.5252
720      95.003
721      0
722      0
723      76.9384
724      67.7465
725      78.6516
726      69.4585
727      93.4129
728      99.2108
729      71.3741
730      0
731      78.4141
732      99.7251
733      90.5609
734      0
735      98.5813
736      94.2439
737      0
738      0
739      90.6557
740      98.7698
741      96.2076
742      79.6303
743      0
744      0
745      98.658
746      0
747      91.4777
748      0
749      0
750      95.9834
751      91.3206
752      98.3833
753      0
754      96.2603
755      59.7599
756      96.6928
757      79.6568
758      76.0221
759      0
760      93.0096
761      92.2322
762      98.7836
763      0
764      0
765      98.8945
766      0
767      92.729
768      0
769      91.1885
770      0
771      0
772      0
773      45.0154
774      0
775      97.8766
776      95.0441
777      0
778      92.1342
779      65.1685
780      55.6783
781      96.0916
782      0
783      81.7381
784      84.6706
785      92.8513
786      0
787      0
788      92.7096
789      87.5359
790      92.3264
791      97.3358
792      0
793      86.7117
794      0
795      0
796      99.4406
797      41.1212
798      97.3099
799      0
800      82.5694
801      0
802      0
803      95.9282
804      79.2939
805      75.2223
806      0
807      96.6708
808      0
809      63.0979
810      0
811      0
812      95.3591
813      99.0704
814      82.8402
815      99.5686
816      0
817      87.7901
818      0
819      85.074
820      0
821      0
822      0
823      98.3262
824      0
825      87.7583
826      94.1693
827      0
828      0
829      95.7965
830      0
831      99.3317
832      0
833      0
834      67.4139
835      0
836      98.7581
837      92.6611
838      90.7816
839      0
840      0
841      98.6104
842      0
843      0
844      89.4071
845      92.038
846      0
847      93.1506
848      85.9201
849      0
850      36.4594
851      91.3837
852      0
853      89.0314
854      96.6437
855      0
856      79.3028
857      0
858      0
859      94.6824
860      0
861      98.4921
862      58.3875
863      0
864      77.5556
865      94.3541
866      79.9037
867      0
868      85.3992
869      65.4235
870      0
871      95.0609
872      0
873      94.9273
874      0
875      91.6906
876      0
877      0
878      0
879      86.5536
880      99.16
881      95.0646
882      0
883      0
884      0
885      98.7728
886      0
887      46.2926
888      75.6953
889      69.0496
890      0
891      0
892      0
893      97.9286
894      71.8928
895      97.8201
896      0
897      0
898      93.1302
899      0
900      0
901      0
902      89.5181
903      44.5667
904      0
905      98.6888
906      0
907      53.039
908      0
909      0
910      0
911      71.1486
912      0
913      96.6483
914      97.83
915      0
916      0
917      0
918      93.9136
919      94.0207
920      0
921      92.9908
922      35.9617
923      0
924      98.5987
925      0
926      77.8543
927      78.8562
928      0
929      0
930      0
931      87.5515
932      0
933      0
934      68.8537
935      97.8365
936      74.3209
937      0
938      0
939      95.0205
940      0
941      81.7175
942      98.6825
943      0
944      95.633
945      81.2387
946      91.392
947      0
948      52.97
949      72.7353
950      54.0917
951      0
952      0
953      0
954      52.8523
955      95.9034
956      0
957      93.725
958      86.2525
959      81.976
960      0
961      45.1266
962      89.6422
963      78.4424
964      0
965      96.4013
966      93.1968
967      0
968      93.644
969      72.8916
970      82.0515
971      60.181
972      50.0656
973      0
974      88.7076
975      92.5586
976      0
977      0
978      97.6064
979      99.8854
980      0
981      0
982      0
983      0
984      78.4495
985      0
986      93.8817
987      0
988      0
989      93.8881
990      0
991      0
992      0
993      71.6497
994      0
995      84.6994
996      95.3996
997      0
998      0
999      85.293
1000      98.4188
1001      0
1002      0
1003      91.7115
1004      97.8298
1005      0
1006      0
1007      97.6719
1008      0
1009      70.3321
1010      72.0852
1011      0
1012      96.3149
1013      0
1014      74.1479
1015      0
1016      56.3576
1017      67.1654
1018      67.2733
1019      99.9042
1020      0
1021      95.2987
1022      0
1023      85.9221
1024      98.1782
1025      0
1026      0
1027      0
1028      70.7209
1029      0
1030      0
1031      79.1969
1032      44.5898
1033      97.8314
1034      91.9927
1035      0
1036      46.064
1037      96.5271
1038      0
1039      0
1040      94.8271
1041      0
1042      0
1043      95.7202
1044      79.8716
1045      0
1046      93.1909
1047      0
1048      0
1049      61.554
1050      0
1051      0
1052      97.1564
1053      0
1054      0
1055      0
1056      0
1057      0
1058      80.9972
1059      95.7301
1060      0
1061      86.0508
1062      97.3608
1063      70.4728
1064      91.1984
1065      43.1801
1066      0
1067      0
1068      0
1069      96.5796
1070      0
1071      98.8178
1072      0
1073      0
1074      90.8787
1075      79.9151
1076      0
1077      0
1078      69.1924
1079      93.7938
1080      0
1081      92.1576
1082      0
1083      0
1084      0
1085      47.1143
1086      90.5847
1087      0
1088      82.7624
1089      91.5216
1090      92.9726
1091      78.5918
1092      0
1093      91.8413
1094      0
1095      76.4234
1096      0
1097      98.8883
1098      0
1099      89.2075
1100      94.6875
1101      77.8182
1102      98.7677
1103      0
1104      0
1105      0
1106      0
1107      54.8102
1108      97.6894
1109      0
1110      88.2418
1111      97.8541
1112      0
1113      95.8231
1114      0
1115      0
1116      98.0462
1117      0
1118      93.1996
1119      78.9931
1120      82.5646
1121      0
1122      81.1562
1123      90.2111
1124      82.3602
1125      67.376
1126      0
1127      93.9112
1128      95.8988
1129      98.3985
1130      99.9143
1131      0
1132      85.9607
1133      0
1134      0
1135      0
1136      0
1137      0
1138      88.0851
1139      64.6977
1140      0
1141      0
1142      0
1143      69.8297
1144      0
1145      0
1146      0
1147      64.9193
1148      0
1149      93.6843
1150      0
1151      0
1152      92.6233
1153      0
1154      0
1155      0
1156      0
1157      91.7883
1158      93.6741
1159      95.9449
1160      99.466
1161      95.0728
1162      61.7614
1163      99.3988
1164      94.6256
1165      0
1166      86.1164
1167      93.1231
1168      92.1846
1169      93.8513
1170      0
1171      87.4908
1172      23.8208
1173      93.4474
1174      99.1715
1175      0
1176      0
1177      0
1178      94.4128
1179      0
1180      0
1181      70.8244
1182      95.2915
1183      94.4316
1184      65.0086
1185      80.0323
1186      0
1187      60.3964
1188      0
1189      0
1190      81.53
1191      87.4241
1192      92.4171
1193      99.1639
1194      0
1195      87.5634
1196      0
1197      95.071
1198      82.1901
1199      47.8064
1200      0
1201      0
1202      0
1203      58.8103
1204      98.3652
1205      0
1206      98.1459
1207      0
1208      0
1209      92.5752
1210      0
1211      0
1212      88.385
1213      89.3744
1214      0
1215      77.7172
1216      0
1217      0
1218      0
1219      0
1220      93.9468
1221      0
1222      0
1223      79.5697
1224      93.5583
1225      89.1018
1226      95.6545
1227      0
1228      97.3215
1229      70.5754
1230      89.165
1231      37.3717
1232      98.2241
1233      69.6159
1234      99.285
1235      86.8044
1236      0
1237      71.7511
1238      99.491
1239      0
1240      0
1241      0
1242      0
1243      70.5064
1244      86.4304
1245      90.4912
1246      0
1247      80.0515
1248      0
1249      96.8051
1250      0
1251      94.1066
1252      89.5755
1253      82.2609
1254      93.6804
1255      81.0545
1256      0
1257      99.431
1258      98.1736
1259      94.8338
1260      74.0512
1261      76.9816
1262      43.675
1263      78.0316
1264      0
1265      80.0976
1266      0
1267      0
1268      0
1269      87.0793
1270      91.8423
1271      0
1272      0
1273      87.4318
1274      66.4721
1275      0
1276      41.2181
1277      99.0362
1278      92.0896
1279      0
1280      0
1281      59.475
1282      96.0999
1283      83.5466
1284      0
1285      75.5738
1286      0
1287      98.9929
1288      0
1289      0
1290      93.7278
1291      0
1292      0
1293      92.6096
1294      97.098
1295      89.5374
1296      0
1297      67.8518
1298      93.6558
1299      98.0435
1300      94.4105
1301      0
1302      0
1303      0
1304      83.3628
1305      90.9084
1306      86.7534
1307      0
1308      84.9678
1309      67.9833
1310      68.1375
1311      98.192
1312      94.3049
1313      0
1314      80.275
1315      96.4195
1316      0
1317      96.768
1318      87.2299
1319      99.8313
1320      94.9621
1321      98.9421
1322      0
1323      0
1324      0
1325      0
1326      93.2684
1327      0
1328      62.7796
1329      85.9183
1330      87.0042
1331      0
1332      0
1333      0
1334      99.6164
1335      0
1336      0
1337      82.9436
1338      0
1339      60.4213
1340      85.3006
1341      89.78
1342      95.0547
1343      0
1344      0
1345      98.2997
1346      83.7413
1347      98.4057
1348      0
1349      0
1350      93.0487
1351      0
1352      40.059
1353      64.3277
1354      0
1355      97.3865
1356      94.879
1357      71.1372
1358      41.7829
1359      80.8667
1360      99.0357
1361      99.1231
1362      98.8735
1363      80.1061
1364      0
1365      0
1366      0
1367      0
1368      83.79
1369      0
1370      97.2821
1371      0
1372      89.9205
1373      0
1374      0
1375      0
1376      96.0552
1377      95.7653
1378      0
1379      0
1380      0
1381      0
1382      0
1383      77.7485
1384      57.9452
1385      77.5662
1386      0
1387      0
1388      81.5348
1389      0
1390      0
1391      63.5288
1392      99.8189
1393      0
1394      91.8534
1395      95.8203
1396      96.5896
1397      0
1398      0
1399      0
1400      0
1401      98.8202
1402      95.4152
1403      0
1404      89.5911
1405      90.0318
1406      0
1407      90.5703
1408      89.0236
1409      85.3344
1410      91.8003
1411      98.2014
1412      49.5782
1413      88.9309
1414      93.9907
1415      0
1416      0
1417      0
1418      0
1419      97.0422
1420      81.3652
1421      99.9409
1422      51.6536
1423      80.2043
1424      91.8933
1425      0
1426      52.6073
1427      70.9165
1428      79.9186
1429      0
1430      83.9097
1431      0
1432      80.4619
1433      0
1434      88.1875
1435      82.6583
1436      93.7922
1437      84.0712
1438      83.7648
1439      94.326
1440      97.7431
1441      0
1442      96.5845
1443      0
1444      76.7303
1445      67.5341
1446      0
1447      60.7084
1448      0
1449      95.5117
1450      0
1451      0
1452      98.28
1453      0
1454      91.2782
1455      0
1456      0
1457      82.754
1458      92.1304
1459      0
1460      0
1461      0
1462      99.8564
1463      59.9363
1464      0
1465      95.6662
1466      90.746
1467      99.1409
1468      77.5269
1469      0
1470      0
1471      0
1472      74.4742
1473      0
1474      96.2735
1475      84.2828
1476      98.92
1477      0
1478      0
1479      92.5282
1480      95.4738
1481      30.4464
1482      0
1483      70.6766
1484      91.5298
1485      0
1486      0
1487      91.9978
1488      84.4219
1489      90.487
1490      0
1491      0
1492      94.9537
1493      0
1494      0
1495      88.757
1496      0
1497      0
1498      0
1499      0
1500      91.4502
1501      0
1502      0
1503      87.7082
1504      70.9761
1505      0
1506      68.0208
1507      0
1508      0
1509      99.0259
1510      92.1515
1511      97.6547
1512      0
1513      97.3095
1514      0
1515      96.2751
1516      58.2829
1517      58.9494
1518      94.4136
1519      84.6089
1520      0
1521      93.2983
1522      86.3893
1523      0
1524      88.3643
1525      53.7674
1526      0
1527      94.7061
1528      0
1529      0
1530      97.366
1531      0
1532      82.5923
1533      80.7677
1534      0
1535      0
1536      96.9427
1537      99.5474
1538      34.2885
1539      0
1540      92.8116
1541      73.4684
1542      0
1543      0
1544      62.3974
1545      95.5984
1546      93.28
1547      91.0226
1548      0
1549      58.2081
1550      0
1551      0
1552      0
1553      97.1565
1554      0
1555      86.5456
1556      0
1557      0
1558      99.3991
1559      82.5033
1560      97.2915
1561      0
1562      99.364
1563      0
1564      62.1386
1565      0
1566      0
1567      0
1568      98.2196
1569      0
1570      73.0409
1571      89.767
1572      0
1573      0
1574      80.4344
1575      95.1915
1576      92.0568
1577      0
1578      98.0367
1579      0
1580      86.8778
1581      57.8001
1582      97.958
1583      96.7882
1584      0
1585      62.5313
1586      0
1587      0
1588      99.3564
1589      0
1590      99.0396
1591      98.6113
1592      0
1593      41.9553
1594      52.8456
1595      92.5039
1596      94.1881
1597      70.1584
1598      72.8056
1599      0
1600      0
1601      0
1602      99.625
1603      0
1604      89.2736
1605      34.2251
1606      79.9796
1607      96.7441
1608      50.5902
1609      0
1610      85.0825
1611      98.3968
1612      0
1613      0
1614      0
1615      92.1238
1616      65.9877
1617      94.642
1618      0
1619      99.7621
1620      0
1621      0
1622      82.9348
1623      93.8981
1624      0
1625      0
1626      92.9291
1627      96.6722
1628      0
1629      60.3779
1630      94.4443
1631      0
1632      0
1633      99.1538
1634      94.9516
1635      0
1636      98.3537
1637      77.677
1638      0
1639      93.4316
1640      0
1641      94.3988
1642      89.7902
1643      97.621
1644      98.1228
1645      0
1646      0
1647      0
1648      81.735
1649      97.9639
1650      68.2381
1651      55.9179
1652      0
1653      93.9264
1654      88.6117
1655      0
1656      0
1657      86.8729
1658      0
1659      95.9762
1660      97.1269
1661      0
1662      0
1663      93.6779
1664      74.8536
1665      76.7857
1666      97.7831
1667      96.3952
1668      0
1669      90.1443
1670      0
1671      83.2395
1672      0
1673      99.486
1674      70.1663
1675      0
1676      91.7143
1677      0
1678      0
1679      89.6322
1680      67.1974
1681      0
1682      73.53
1683      96.6372
1684      61.2385
1685      77.9774
1686      0
1687      84.4796
1688      88.9138
1689      0
1690      0
1691      95.3869
1692      0
1693      0
1694      60.5856
1695      0
1696      58.9281
1697      93.6755
1698      64.2692
1699      0
1700      52.5867
1701      94.7091
1702      0
1703      91.0213
1704      0
1705      91.4286
1706      0
1707      65.7754
1708      97.9503
1709      98.8887
1710      0
1711      0
1712      0
1713      91.4143
1714      0
1715      98.3335
1716      0
1717      0
1718      0
1719      0
1720      0
1721      0
1722      96.3642
1723      0
1724      0
1725      0
1726      0
1727      0
1728      96.3521
1729      98.6072
1730      0
1731      90.1512
1732      0
1733      0
1734      88.8658
1735      0
1736      63.7462
1737      92.7775
1738      85.9398
1739      0
1740      0
1741      90.276
1742      93.1405
1743      0
1744      0
1745      0
1746      97.9822
1747      73.0699
1748      45.002
1749      81.0382
1750      96.5277
1751      73.3309
1752      97.2479
1753      96.7752
1754      0
1755      84.8362
1756      93.6621
1757      78.6947
1758      93.6129
1759      97.1933
1760      97.6818
1761      97.8304
1762      98.1326
1763      84.8308
1764      0
1765      0
1766      58.1697
1767      87.9268
1768      90.3668
1769      0
1770      89.9681
1771      79.3015
1772      96.7592
1773      78.9839
1774      61.2528
1775      88.5979
1776      98.9462
1777      94.5672
1778      98.543
1779      88.66
1780      87.8084
1781      59.1851
1782      99.1956
1783      0
1784      87.4528
1785      77.8663
1786      0
1787      59.2556
1788      87.7482
1789      84.0923
1790      0
1791      0
1792      0
1793      0
1794      82.891
1795      99.0604
1796      0
1797      0
1798      96.233
1799      98.4377
1800      86.8021
1801      0
1802      96.6026
1803      99.2858
1804      99.8212
1805      0
1806      0
1807      0
1808      79.7855
1809      91.4785
1810      81.2691
1811      0
1812      89.4388
1813      0
1814      0
1815      0
1816      0
1817      0
1818      95.7909
1819      0
1820      97.2878
1821      32.1228
1822      0
1823      48.4665
1824      86.879
1825      0
1826      96.7571
1827      0
1828      0
1829      0
1830      0
1831      0
1832      99.3085
1833      97.6925
1834      0
1835      0
1836      0
1837      97.1686
1838      0
1839      86.5384
1840      41.149
1841      0
1842      86.6533
1843      86.9611
1844      60.4488
1845      0
1846      0
1847      0
1848      0
1849      0
1850      0
1851      91.9497
1852      95.4571
1853      0
1854      0
1855      0
1856      92.986
1857      0
1858      26.1099
1859      96.2413
1860      0
1861      86.0461
1862      98.9469
1863      84.8846
1864      0
1865      0
1866      0
1867      79.0386
1868      0
1869      50.9202
1870      0
1871      97.2254
1872      94.4096
1873      95.4313
1874      75.7739
1875      98.8681
1876      0
1877      0
1878      97.8154
1879      0
1880      90.5308
1881      93.1461
1882      0
1883      0
1884      91.8165
1885      94.6303
1886      83.1426
1887      0
1888      98.6689
1889      0
1890      90.1557
1891      0
1892      57.0448
1893      0
1894      0
1895      0
1896      0
1897      0
1898      91.8958
1899      98.4954
1900      0
1901      40.3599
1902      98.2055
1903      98.1019
1904      91.8594
1905      98.5821
1906      86.0613
1907      0
1908      99.8894
1909      93.9189
1910      0
1911      44.7966
1912      92.2738
1913      97.6377
1914      0
1915      78.5428
1916      0
1917      80.3366
1918      59.195
1919      95.3505
1920      90.718
1921      94.2598
1922      80.9369
1923      81.5214
1924      0
1925      98.3902
1926      68.4536
1927      0
1928      84.2001
1929      78.1232
1930      60.0829
1931      0
1932      97.0374
1933      57.7298
1934      87.6661
1935      0
1936      92.1357
1937      0
1938      94.7792
1939      72.8084
1940      0
1941      99.778
1942      95.0321
1943      72.7813
1944      0
1945      51.6672
1946      0
1947      91.4819
1948      88.3882
1949      88.4797
1950      95.1245
1951      73.5059
1952      69.6958
1953      0
1954      80.4181
1955      0
1956      96.2389
1957      0
1958      88.396
1959      0
1960      0
1961      0
1962      80.7694
1963      0
1964      97.4408
1965      0
1966      0
1967      87.5564
1968      96.8251
1969      0
1970      0
1971      0
1972      90.1748
1973      0
1974      0
1975      93.1484
1976      0
1977      53.5404
1978      97.6839
1979      0
1980      87.9906
1981      93.7564
1982      0
1983      96.3046
1984      0
1985      0
1986      73.1928
1987      96.0677
1988      0
1989      0
1990      0
1991      0
1992      0
1993      67.1078
1994      86.6402
1995      0
1996      57.0228
1997      0
1998      96.803
1999      98.6455
2000      0
2001      97.3413
2002      0
2003      63.087
2004      66.9493
2005      0
2006      0
2007      55.4083
2008      0
2009      97.2448
2010      89.771
2011      0
2012      82.7244
2013      0
2014      54.4104
2015      88.8315
2016      94.3187
2017      96.3077
2018      0
2019      93.1144
2020      99.8711
2021      0
2022      90.2797
2023      82.7246
2024      0
2025      85.0351
2026      92.5519
2027      0
2028      0
2029      0
2030      91.0071
2031      0
2032      91.5581
2033      89.8375
2034      0
2035      92.374
2036      68.8779
2037      91.1608
2038      72.7468
2039      80.9385
2040      92.7318
2041      0
2042      0
2043      91.7096
2044      0
2045      0
2046      0
2047      0
2048      98.8463
2049      0
2050      62.028
2051      88.6797
2052      0
2053      85.349
2054      0
2055      95.5009
2056      0
2057      92.7201
2058      95.3915
2059      0
2060      0
2061      0
2062      0
2063      86.154
2064      92.8632
2065      75.1261
2066      82.6357
2067      0
2068      78.3149
2069      0
2070      73.3625
2071      90.7555
2072      0
2073      0
2074      94.9705
2075      0
2076      0
2077      0
2078      0
2079      0
2080      0
2081      77.531
2082      0
2083      0
2084      52.7685
2085      0
2086      93.3611
2087      0
2088      95.066
2089      99.9867
2090      94.7147
2091      86.0026
2092      74.7672
2093      0
2094      99.5026
2095      92.5686
2096      94.7982
2097      0
2098      0
2099      0
2100      70.7196
2101      0
2102      94.5051
2103      93.6617
2104      97.4511
2105      94.9668
2106      0
2107      0
2108      0
2109      0
2110      0
2111      0
2112      0
2113      0
2114      0
2115      0
2116      94.7542
2117      85.8661
2118      93.2043
2119      80.3179
2120      0
2121      97.5902
2122      91.0079
2123      0
2124      70.1443
2125      87.082
2126      99.3896
2127      0
2128      78.8869
2129      0
2130      0
2131      0
2132      0
2133      81.4806
2134      0
2135      89.5246
2136      0
2137      0
2138      76.919
2139      0
2140      0
2141      0
2142      0
2143      0
2144      90.432
2145      93.3076
2146      0
2147      95.3756
2148      54.8995
2149      0
2150      93.7558
2151      96.9251
2152      0
2153      0
2154      0
2155      0
2156      0
2157      94.7879
2158      0
2159      98.4744
2160      0
2161      95.9127
2162      89.9574
2163      95.5159
2164      98.9448
2165      96.2235
2166      82.7916
2167      97.1252
2168      94.4453
2169      97.0314
2170      91.5562
2171      92.9805
2172      0
2173      96.8408
2174      99.8425
2175      0
2176      66.8196
2177      99.7354
2178      0
2179      0
2180      0
2181      90.9132
2182      94.871
2183      0
2184      98.6398
2185      69.7752
2186      99.0743
2187      90.0724
2188      98.4709
2189      84.7064
2190      0
2191      0
2192      0
2193      0
2194      90.4948
2195      0
2196      0
2197      0
2198      0
2199      99.1684
2200      0
2201      99.9494
2202      0
2203      0
2204      81.1199
2205      98.7197
2206      0
2207      0
2208      93.1438
2209      93.8546
2210      88.257
2211      0
2212      98.6814
2213      0
2214      89.963
2215      92.2863
2216      36.5002
2217      81.3103
2218      0
2219      0
2220      59.6357
2221      99.1302
2222      99.5732
2223      46.3685
2224      93.3088
2225      99.3882
2226      0
2227      91.0065
2228      0
2229      54.0594
2230      79.9302
2231      82.9661
2232      0
2233      0
2234      99.8322
2235      0
2236      0
2237      0
2238      0
2239      95.0032
2240      81.1399
2241      0
2242      81.532
2243      79.2826
2244      96.7767
2245      98.1472
2246      69.3805
2247      90.3825
2248      80.8292
2249      0
2250      99.5072
2251      0
2252      80.8389
2253      0
2254      93.9778
2255      94.5578
2256      96.2705
2257      0
2258      0
2259      89.038
2260      0
2261      82.6439
2262      99.6763
2263      95.9987
2264      72.0393
2265      99.8777
2266      0
2267      0
2268      0
2269      0
2270      0
2271      0
2272      0
2273      94.9565
2274      94.25
2275      85.8493
2276      0
2277      91.9389
2278      87.4037
2279      75.3223
2280      0
2281      0
2282      0
2283      95.7641
2284      91.4966
2285      0
2286      95.4692
2287      84.2168
2288      0
2289      0
2290      61.0732
2291      76.2249
2292      98.7633
2293      0
2294      83.5288
2295      74.9538
2296      0
2297      93.2764
2298      0
2299      85.6873
2300      0
2301      63.896
2302      56.7135
2303      49.7299
2304      0
2305      87.1467
2306      0
2307      93.8424
2308      0
2309      99.6194
2310      0
2311      88.7954
2312      84.3838
2313      0
2314      0
2315      92.2243
2316      56.2409
2317      77.0364
2318      85.3464
2319      91.5877
2320      0
2321      0
2322      90.4269
2323      86.1007
2324      0
2325      62.5428
2326      0
2327      0
2328      0
2329      0
2330      54.578
2331      0
2332      0
2333      0
2334      0
2335      98.1684
2336      69.0526
2337      0
2338      0
2339      0
2340      0
2341      82.8109
2342      0
2343      85.3167
2344      0
2345      66.8145
2346      98.6919
2347      90.5342
2348      0
2349      64.465
2350      0
2351      0
2352      87.4239
2353      0
2354      0
2355      0
2356      0
2357      0
2358      90.8334
2359      90.3441
2360      87.2106
2361      70.6924
2362      0
2363      0
2364      0
2365      98.0683
2366      0
2367      93.2632
2368      0
2369      0
2370      65.4364
2371      93.1449
2372      0
2373      0
2374      65.5522
2375      74.8223
2376      86.3408
2377      0
2378      0
2379      28.0406
2380      0
2381      90.5583
2382      92.3802
2383      56.5186
2384      59.9689
2385      0
2386      93.2716
2387      88.9325
2388      68.8623
2389      85.2805
2390      0
2391      86.5721
2392      85.0172
2393      44.4679
2394      93.849
2395      97.504
2396      66.5108
2397      83.6654
2398      76.9645
2399      0
2400      0
2401      0
2402      90.5619
2403      0
2404      0
2405      0
2406      87.2312
2407      71.8667
2408      0
2409      90.6098
2410      93.1768
2411      99.0111
2412      0
2413      72.5139
2414      0
2415      0
2416      90.122
2417      66.9265
2418      65.8214
2419      92.1236
2420      0
2421      97.3785
2422      96.886
2423      0
2424      94.7177
2425      98.2184
2426      0
2427      96.3133
2428      96.7828
2429      98.8735
2430      0
2431      0
2432      77.8373
2433      99.4371
2434      69.7402
2435      50.5876
2436      91.5181
2437      0
2438      91.3807
2439      73.0669
2440      99.4214
2441      0
2442      97.1816
2443      0
2444      0
2445      0
2446      0
2447      62.5129
2448      92.9784
2449      97.287
2450      0
2451      97.0594
2452      88.698
2453      89.917
2454      99.1226
2455      0
2456      99.7532
2457      0
2458      98.408
2459      0
2460      81.9894
2461      0
2462      70.2977
2463      0
2464      0
2465      91.6225
2466      88.2168
2467      97.7414
2468      0
2469      95.9581
2470      97.7533
2471      92.7044
2472      86.4313
2473      0
2474      83.0068
2475      79.5076
2476      0
2477      84.2176
2478      0
2479      90.1379
2480      89.5542
2481      78.8574
2482      0
2483      0
2484      99.6682
2485      84.7544
2486      99.1122
2487      0
2488      60.9478
2489      0
2490      0
2491      0
2492      77.4901
2493      99.0729
2494      62.8101
2495      97.4911
2496      0
2497      0
2498      79.4832
2499      0
       77257.8
