0      76.3871
1      0
2      95.6026
3      98.8938
4      0
5      88.6449
6      88.634
7      59.6373
8      98.7606
9      72.5775
10      0
11      0
12      0
13      86.614
14      68.5764
15      92.2987
16      61.7672
17      0
18      0
19      0
20      92.2024
21      97.0995
22      99.4545
23      75.0431
24      85.4141
25      59.0097
26      0
27      97.2112
28      65.1174
29      0
30      42.1775
31      79.8681
32      91.3433
33      99.1397
34      69.834
35      98.5891
36      0
37      0
38      98.3569
39      69.7673
40      0
41      0
42      76.2869
43      88.6128
44      97.0536
45      94.5352
46      0
47      0
48      91.1163
49      0
50      0
51      94.1576
52      49.4894
53      98.4799
54      81.1575
55      0
56      56.3087
57      98.8021
58      87.3987
59      0
60      0
61      0
62      96.736
63      92.4696
64      73.0048
65      80.3681
66      77.0487
67      89.2616
68      0
69      79.5576
70      0
71      94.5919
72      0
73      0
74      0
75      0
76      0
77      0
78      96.0484
79      94.3105
80      98.4958
81      0
82      0
83      76.6308
84      93.5541
85      0
86      0
87      0
88      0
89      96.1628
90      0
91      0
92      0
93      84.6994
94      91.9585
95      0
96      66.3986
97      0
98      82.6548
99      80.217
100      0
101      0
102      90.8776
103      90.354
104      77.6144
105      0
106      97.4157
107      51.8741
108      81.8175
109      0
110      97.2796
111      0
112      0
113      0
114      0
115      0
116      0
117      82.3253
118      35.0352
119      91.8231
120      98.0168
121      81.3512
122      92.0071
123      98.455
124      93.3042
125      55.7733
126      95.8726
127      99.4339
128      0
129      85.1759
130      0
131      0
132      82.9116
133      84.2094
134      0
135      0
136      0
137      92.6676
138      0
139      0
140      0
141      99.8594
142      0
143      99.7084
144      0
145      0
146      0
147      99.1134
148      85.3576
149      98.4657
150      67.6734
151      0
152      28.7087
153      0
154      81.334
155      0
156      0
157      85.0458
158      68.5678
159      0
160      0
161      0
162      89.1137
163      0
164      0
165      51.3069
166      85.6138
167      95.4
168      95.8094
169      0
170      85.8344
171      0
172      97.6383
173      0
174      0
175      0
176      0
177      92.4647
178      71.9811
179      0
180      77.2176
181      77.1814
182      88.0114
183      0
184      0
185      97.5569
186      80.7869
187      84.6034
188      96.5535
189      0
190      80.0974
191      55.5581
192      0
193      0
194      0
195      76.092
196      83.1069
197      83.5917
198      0
199      54.0786
200      91.7562
201      96.3243
202      0
203      71.6625
204      88.5048
205      0
206      96.8444
207      59.7699
208      95.6508
209      93.8999
210      95.4984
211      0
212      0
213      0
214      0
215      0
216      97.5954
217      96.3582
218      93.546
219      78.8574
220      0
221      50.4401
222      0
223      80.2401
224      95.8808
225      88.2726
226      0
227      0
228      0
229      0
230      75.6686
231      0
232      80.9033
233      82.8453
234      31.0234
235      0
236      65.6285
237      89.9346
238      67.7681
239      0
240      0
241      0
242      0
243      88.9741
244      0
245      0
246      91.5554
247      0
248      98.8737
249      0
250      88.1421
251      98.6593
252      0
253      92.6838
254      77.7749
255      96.0309
256      86.03
257      0
258      99.3694
259      0
260      98.02
261      95.8034
262      0
263      95.4028
264      0
265      89.7551
266      0
267      63.5115
268      73.3821
269      0
270      93.651
271      0
272      97.854
273      59.9679
274      73.0693
275      87.9216
276      0
277      82.1463
278      96.4832
279      83.5616
280      95.3137
281      29.5359
282      85.9909
283      0
284      90.7249
285      85.5819
286      66.6401
287      0
288      0
289      0
290      0
291      64.2418
292      0
293      96.6616
294      0
295      0
296      26.2857
297      86.0078
298      0
299      0
300      0
301      0
302      0
303      0
304      0
305      0
306      0
307      0
308      0
309      94.207
310      83.1684
311      84.6351
312      0
313      0
314      63.8957
315      79.0149
316      99.425
317      65.778
318      98.2636
319      0
320      0
321      0
322      76.8403
323      93.8954
324      0
325      91.3983
326      0
327      88.4877
328      96.9153
329      0
330      94.4226
331      0
332      78.5591
333      0
334      0
335      99.2559
336      99.1978
337      93.9018
338      96.0126
339      87.1362
340      0
341      38.862
342      84.366
343      0
344      0
345      82.005
346      98.3422
347      74.6803
348      86.7587
349      94.8408
350      0
351      81.445
352      88.519
353      79.7305
354      0
355      79.7256
356      96.6201
357      94.9186
358      66.89
359      84.2886
360      0
361      0
362      0
363      0
364      94.2034
365      0
366      0
367      98.2901
368      0
369      98.2303
370      58.1903
371      0
372      0
373      70.6165
374      0
375      0
376      0
377      88.2576
378      84.3831
379      0
380      87.1308
381      81.1664
382      80.3108
383      93.931
384      0
385      0
386      95.0567
387      96.8372
388      61.2706
389      97.8324
390      0
391      97.0941
392      0
393      98.0909
394      22.4318
395      27.9097
396      87.953
397      0
398      96.0845
399      96.5773
400      84.7631
401      0
402      87.2362
403      87.2226
404      95.7352
405      0
406      0
407      97.3195
408      94.1278
409      91.8924
410      0
411      77.6654
412      80.541
413      57.9621
414      78.546
415      0
416      99.2445
417      0
418      0
419      67.5686
420      96.0802
421      97.6791
422      0
423      0
424      0
425      0
426      0
427      0
428      88.8452
429      94.5547
430      0
431      90.5223
432      98.7173
433      49.9509
434      0
435      0
436      53.8868
437      0
438      0
439      71.4465
440      98.035
441      86.1903
442      0
443      0
444      0
445      0
446      85.7071
447      68.0903
448      73.6706
449      88.0422
450      75.8079
451      80.765
452      0
453      76.6503
454      0
455      0
456      0
457      96.7678
458      93.1002
459      0
460      94.0368
461      0
462      0
463      82.0961
464      0
465      64.0646
466      59.2399
467      0
468      94.1659
469      0
470      53.6772
471      73.9701
472      38.0252
473      69.1541
474      84.4332
475      0
476      97.8598
477      0
478      98.285
479      94.221
480      0
481      57.2138
482      93.0595
483      99.7588
484      54.7727
485      88.0093
486      98.8894
487      0
488      83.5586
489      90.2121
490      82.9292
491      0
492      99.0093
493      0
494      0
495      0
496      63.859
497      97.3494
498      0
499      79.5671
500      0
501      86.2203
502      96.5038
503      0
504      0
505      0
506      0
507      0
508      0
509      0
510      0
511      95.764
512      80.7203
513      98.2642
514      0
515      99.6882
516      0
517      68.7023
518      61.5604
519      0
520      98.7383
521      97.249
522      83.9744
523      0
524      0
525      98.132
526      0
527      0
528      93.2506
529      95.8312
530      97.1503
531      79.6783
532      97.3885
533      94.6009
534      95.133
535      76.1259
536      62.8822
537      0
538      94.4041
539      0
540      0
541      92.2279
542      53.1437
543      90.5114
544      0
545      99.7668
546      0
547      0
548      98.2116
549      0
550      0
551      93.1783
552      0
553      0
554      80.7328
555      0
556      97.0893
557      94.6107
558      96.4841
559      0
560      94.6923
561      93.3451
562      55.2171
563      0
564      0
565      99.5672
566      98.9514
567      0
568      94.9655
569      0
570      0
571      0
572      0
573      95.2766
574      0
575      0
576      95.7351
577      0
578      0
579      0
580      69.8492
581      91.6055
582      0
583      97.233
584      0
585      89.7782
586      99.5205
587      86.2673
588      88.7427
589      0
590      88.7933
591      0
592      91.6701
593      86.4362
594      93.631
595      97.3184
596      99.2902
597      88.078
598      0
599      0
600      87.8737
601      99.5635
602      92.9207
603      64.187
604      0
605      0
606      86.2513
607      99.3277
608      90.1132
609      89.2836
610      43.6909
611      0
612      68.4383
613      96.9891
614      94.5327
615      50.576
616      85.2176
617      99.2995
618      0
619      85.3458
620      0
621      94.4543
622      99.2698
623      79.993
624      33.7511
625      88.9783
626      89.8223
627      85.6549
628      99.7815
629      91.5263
630      0
631      0
632      61.5374
633      96.222
634      0
635      71.5117
636      0
637      77.2824
638      0
639      0
640      71.9368
641      98.6792
642      0
643      0
644      0
645      0
646      92.0466
647      0
648      0
649      0
650      72.0734
651      97.6431
652      54.4028
653      90.4765
654      92.2129
655      0
656      0
657      88.5747
658      94.8376
659      92.3362
660      0
661      90.602
662      84.8295
663      0
664      98.651
665      0
666      0
667      0
668      0
669      0
670      66.7065
671      0
672      0
673      76.5231
674      0
675      0
676      0
677      0
678      0
679      71.6912
680      97.7063
681      73.4436
682      0
683      0
684      93.067
685      87.2007
686      0
687      94.3869
688      98.8248
689      98.9907
690      0
691      79.7171
692      53.3837
693      98.3105
694      0
695      67.7806
696      0
697      79.5998
698      69.0483
699      89.5709
700      42.3941
701      81.519
702      99.6219
703      0
704      99.1361
705      0
706      69.6616
707      96.0591
708      0
709      99.4301
710      98.431
711      85.3936
712      0
713      83.7906
714      99.5051
715      97.8236
716      0
717      62.3801
718      78.8092
719      77.3595
720      0
721      89.5677
722      81.7264
723      0
724      0
725      77.2827
726      0
727      79.7262
728      46.1309
729      0
730      0
731      0
732      0
733      0
734      99.4701
735      0
736      0
737      0
738      93.4383
739      0
740      0
741      95.0069
742      43.771
743      84.1313
744      70.862
745      89.7042
746      91.5709
747      0
748      94.0955
749      0
750      58.4667
751      0
752      84.9644
753      0
754      0
755      79.5641
756      0
757      93.8727
758      98.1178
759      0
760      0
761      0
762      96.9413
763      0
764      0
765      0
766      93.4988
767      99.2589
768      84.1168
769      0
770      0
771      0
772      92.0078
773      0
774      0
775      69.3564
776      0
777      80.4546
778      0
779      83.0308
780      0
781      0
782      0
783      49.3437
784      98.7667
785      56.7662
786      92.8059
787      72.0075
788      0
789      0
790      86.5343
791      79.2892
792      0
793      0
794      98.5143
795      0
796      81.1674
797      0
798      96.9482
799      0
800      0
801      95.4348
802      0
803      94.44
804      89.8601
805      98.2399
806      0
807      0
808      93.5701
809      88.4316
810      0
811      97.8578
812      99.8344
813      0
814      60.628
815      93.5868
816      0
817      85.855
818      0
819      92.5939
820      0
821      94.3289
822      66.3639
823      88.1213
824      0
825      86.3933
826      0
827      97.7413
828      78.4314
829      94.6558
830      49.8401
831      0
832      82.9042
833      80.0992
834      0
835      0
836      96.4304
837      87.4303
838      0
839      0
840      0
841      83.872
842      83.8622
843      0
844      91.3783
845      0
846      0
847      0
848      93.6262
849      0
850      0
851      89.2466
852      0
853      0
854      0
855      0
856      0
857      0
858      0
859      0
860      70.0101
861      75.717
862      0
863      0
864      91.4613
865      0
866      87.8809
867      94.9023
868      95.8006
869      44.4131
870      0
871      0
872      84.1256
873      0
874      95.2016
875      0
876      99.2056
877      33.7434
878      96.9437
879      0
880      98.0776
881      98.1461
882      95.1962
883      45.7979
884      72.8642
885      0
886      96.1781
887      98.0072
888      0
889      43.8242
890      0
891      73.9328
892      97.4639
893      99.3943
894      94.1608
895      70.6912
896      0
897      80.3797
898      99.7094
899      88.829
900      99.609
901      64.3833
902      0
903      95.2889
904      0
905      96.4698
906      98.537
907      0
908      0
909      75.2405
910      86.1014
911      0
912      0
913      0
914      0
915      53.7384
916      78.1071
917      0
918      0
919      0
920      72.5922
921      0
922      0
923      99.3611
924      98.148
925      98.8189
926      0
927      0
928      97.8262
929      0
930      90.599
931      98.757
932      0
933      66.5718
934      97.0987
935      0
936      59.341
937      98.278
938      0
939      92.7211
940      90.7509
941      0
942      99.8403
943      56.2932
944      99.7725
945      96.1544
946      0
947      0
948      96.6904
949      0
950      97.9533
951      95.6033
952      0
953      0
954      0
955      0
956      76.9453
957      0
958      0
959      0
960      75.8545
961      0
962      0
963      0
964      0
965      0
966      93.0978
967      83.6999
968      99.3182
969      78.3426
970      95.0663
971      99.986
972      99.2195
973      98.0927
974      87.9847
975      0
976      0
977      95.5831
978      69.2897
979      66.1355
980      98.3384
981      0
982      80.7142
983      98.5407
984      94.3408
985      65.4779
986      88.2656
987      0
988      0
989      0
990      99.3137
991      0
992      0
993      0
994      89.4952
995      96.4932
996      0
997      0
998      93.7455
999      0
1000      87.8782
1001      59.7099
1002      99.3852
1003      58.4954
1004      99.1945
1005      31.1728
1006      0
1007      0
1008      74.0828
1009      97.57
1010      97.6632
1011      74.7139
1012      0
1013      0
1014      0
1015      0
1016      0
1017      92.2956
1018      0
1019      65.4851
1020      91.4866
1021      71.89
1022      0
1023      88.7095
1024      85.0353
1025      99.0318
1026      0
1027      0
1028      91.2378
1029      90.0963
1030      0
1031      88.5297
1032      0
1033      36.2995
1034      0
1035      0
1036      97.289
1037      0
1038      91.5967
1039      98.9208
1040      0
1041      0
1042      65.1959
1043      0
1044      97.3266
1045      0
1046      0
1047      0
1048      0
1049      0
1050      0
1051      43.6129
1052      0
1053      0
1054      0
1055      87.3506
1056      0
1057      57.7398
1058      92.075
1059      0
1060      70.6658
1061      95.0929
1062      94.9881
1063      0
1064      93.8371
1065      0
1066      57.7113
1067      0
1068      86.1172
1069      44.4507
1070      81.7156
1071      97.8331
1072      0
1073      0
1074      77.2127
1075      0
1076      81.7559
1077      96.0241
1078      97.4524
1079      80.5719
1080      0
1081      90.8399
1082      98.9992
1083      0
1084      94.9094
1085      0
1086      0
1087      0
1088      0
1089      0
1090      55.8228
1091      95.2424
1092      90.3252
1093      71.4279
1094      98.8749
1095      0
1096      96.4848
1097      89.2715
1098      59.7703
1099      88.8344
1100      0
1101      0
1102      67.5959
1103      0
1104      0
1105      78.916
1106      46.3408
1107      96.3875
1108      0
1109      0
1110      0
1111      0
1112      95.3606
1113      96.096
1114      95.6331
1115      0
1116      88.542
1117      36.886
1118      72.7587
1119      99.417
1120      88.814
1121      97.3116
1122      76.2732
1123      97.2157
1124      93.3001
1125      87.9211
1126      93.8993
1127      69.9593
1128      97.4209
1129      95.4658
1130      97.8383
1131      37.6095
1132      0
1133      98.0944
1134      0
1135      0
1136      0
1137      90.1278
1138      94.4267
1139      95.9481
1140      79.4291
1141      85.836
1142      80.3274
1143      77.7769
1144      0
1145      72.8406
1146      70.3404
1147      0
1148      0
1149      94.8117
1150      88.0377
1151      0
1152      83.7024
1153      0
1154      0
1155      0
1156      73.8109
1157      0
1158      98.5957
1159      0
1160      0
1161      95.285
1162      91.6073
1163      96.5328
1164      97.9813
1165      94.0926
1166      0
1167      72.0639
1168      0
1169      0
1170      84.3777
1171      0
1172      92.1486
1173      87.8332
1174      81.7051
1175      0
1176      0
1177      0
1178      99.2641
1179      94.449
1180      61.2015
1181      0
1182      40.6661
1183      0
1184      0
1185      99.3886
1186      98.2711
1187      89.2672
1188      79.0783
1189      0
1190      0
1191      88.8687
1192      0
1193      99.0173
1194      0
1195      0
1196      0
1197      0
1198      0
1199      0
1200      87.1768
1201      0
1202      91.5832
1203      86.678
1204      0
1205      94.2081
1206      86.5076
1207      0
1208      69.34
1209      87.6877
1210      96.9866
1211      57.9775
1212      79.1889
1213      0
1214      96.9553
1215      93.0577
1216      76.953
1217      99.7638
1218      0
1219      85.5658
1220      87.908
1221      0
1222      0
1223      0
1224      0
1225      0
1226      68.9802
1227      0
1228      0
1229      83.9281
1230      0
1231      0
1232      65.5917
1233      90.0189
1234      99.6
1235      90.3137
1236      93.0262
1237      0
1238      0
1239      0
1240      80.813
1241      68.812
1242      0
1243      0
1244      0
1245      99.8206
1246      87.2199
1247      0
1248      86.3529
1249      0
1250      0
1251      75.9344
1252      85.8804
1253      65.527
1254      0
1255      91.9163
1256      0
1257      0
1258      0
1259      83.6044
1260      0
1261      0
1262      0
1263      76.4387
1264      98.2247
1265      98.172
1266      0
1267      0
1268      0
1269      69.0522
1270      0
1271      0
1272      0
1273      83.4296
1274      81.9295
1275      0
1276      99.6933
1277      88.3087
1278      74.7086
1279      0
1280      55.2881
1281      94.7129
1282      87.4407
1283      0
1284      97.5378
1285      93.9076
1286      0
1287      0
1288      0
1289      0
1290      61.0389
1291      72.6441
1292      79.7978
1293      0
1294      71.0443
1295      0
1296      95.6522
1297      50.8568
1298      77.6075
1299      99.6378
1300      0
1301      98.2242
1302      0
1303      0
1304      0
1305      0
1306      90.9186
1307      0
1308      0
1309      96.8188
1310      99.5824
1311      0
1312      67.2931
1313      84.7505
1314      92.0755
1315      97.4403
1316      98.2328
1317      89.8866
1318      0
1319      95.33
1320      99.4712
1321      0
1322      93.8224
1323      88.9979
1324      0
1325      95.3648
1326      86.9018
1327      98.0616
1328      94.7396
1329      74.5246
1330      79.5633
1331      79.3223
1332      85.8213
1333      0
1334      94.0158
1335      0
1336      97.9719
1337      84.0693
1338      87.0248
1339      0
1340      0
1341      38.5003
1342      88.7331
1343      94.3284
1344      0
1345      63.2609
1346      0
1347      97.928
1348      0
1349      99.9006
1350      91.6704
1351      83.6721
1352      96.4315
1353      96.7463
1354      93.7251
1355      97.9162
1356      91.9506
1357      0
1358      92.4361
1359      0
1360      0
1361      0
1362      99.7977
1363      51.779
1364      91.201
1365      96.9957
1366      0
1367      0
1368      90.4574
1369      0
1370      98.9954
1371      0
1372      97.7816
1373      97.4466
1374      0
1375      65.6693
1376      91.1143
1377      0
1378      0
1379      0
1380      0
1381      88.6264
1382      0
1383      0
1384      82.2554
1385      99.2607
1386      0
1387      64.0449
1388      89.7621
1389      99.9012
1390      0
1391      0
1392      86.9726
1393      84.2297
1394      99.649
1395      0
1396      74.9811
1397      0
1398      99.9371
1399      60.8954
1400      0
1401      99.1125
1402      95.5916
1403      69.2221
1404      84.5306
1405      86.0614
1406      68.9573
1407      67.2231
1408      66.4578
1409      0
1410      0
1411      0
1412      92.2337
1413      92.5665
1414      77.6294
1415      67.7592
1416      0
1417      96.1953
1418      53.7529
1419      0
1420      0
1421      0
1422      94.9942
1423      0
1424      88.797
1425      72.2231
1426      0
1427      0
1428      97.8548
1429      88.2567
1430      0
1431      0
1432      0
1433      99.6684
1434      0
1435      95.1037
1436      99.6343
1437      98.8823
1438      0
1439      90.3795
1440      93.8529
1441      92.6721
1442      94.3991
1443      85.6638
1444      0
1445      63.3313
1446      0
1447      62.4806
1448      0
1449      0
1450      73.8646
1451      0
1452      0
1453      0
1454      56.6459
1455      62.4956
1456      0
1457      0
1458      0
1459      97.6842
1460      88.2196
1461      52.8919
1462      82.4256
1463      63.3556
1464      0
1465      0
1466      84.8402
1467      0
1468      0
1469      0
1470      83.1886
1471      80.1835
1472      96.402
1473      0
1474      0
1475      94.0136
1476      0
1477      97.4811
1478      0
1479      0
1480      89.9127
1481      98.2042
1482      0
1483      83.5551
1484      58.8863
1485      0
1486      98.6125
1487      0
1488      96.1707
1489      88.6408
1490      88.3559
1491      54.1574
1492      79.823
1493      78.9898
1494      99.2184
1495      0
1496      0
1497      0
1498      88.215
1499      82.6066
1500      86.1487
1501      0
1502      0
1503      63.8112
1504      0
1505      97.1074
1506      0
1507      57.4337
1508      83.4019
1509      97.3528
1510      80.3117
1511      90.5389
1512      78.0331
1513      54.9729
1514      0
1515      0
1516      80.6793
1517      67.8552
1518      0
1519      73.1476
1520      98.4552
1521      0
1522      94.2797
1523      0
1524      0
1525      97.7686
1526      0
1527      0
1528      98.6558
1529      0
1530      0
1531      93.4284
1532      0
1533      78.7087
1534      69.9113
1535      77.0683
1536      0
1537      90.0294
1538      0
1539      92.3941
1540      97.1356
1541      0
1542      91.9017
1543      89.3548
1544      82.2263
1545      0
1546      96.9778
1547      0
1548      64.6997
1549      0
1550      0
1551      94.052
1552      83.2689
1553      96.4581
1554      94.2199
1555      89.6708
1556      89.0122
1557      0
1558      71.1916
1559      0
1560      95.0766
1561      64.458
1562      0
1563      87.285
1564      99.9231
1565      0
1566      0
1567      98.5014
1568      86.3176
1569      91.0741
1570      0
1571      0
1572      75.7338
1573      79.5828
1574      86.7012
1575      96.6932
1576      63.2912
1577      83.382
1578      90.6156
1579      90.803
1580      0
1581      99.6887
1582      98.8861
1583      95.9104
1584      69.3397
1585      0
1586      0
1587      97.6612
1588      93.3744
1589      0
1590      0
1591      0
1592      0
1593      43.4308
1594      75.0038
1595      95.2655
1596      84.4815
1597      0
1598      0
1599      79.0566
1600      0
1601      56.5565
1602      0
1603      78.8143
1604      66.4791
1605      53.5366
1606      0
1607      0
1608      83.7099
1609      90.5335
1610      0
1611      0
1612      0
1613      0
1614      84.3584
1615      92.2483
1616      0
1617      0
1618      99.1999
1619      98.932
1620      0
1621      0
1622      0
1623      0
1624      0
1625      81.7281
1626      0
1627      0
1628      90.8095
1629      85.9001
1630      88.3365
1631      60.0415
1632      0
1633      0
1634      83.7345
1635      0
1636      87.9804
1637      98.5122
1638      89.5666
1639      62.9002
1640      0
1641      0
1642      0
1643      0
1644      88.5483
1645      0
1646      44.6785
1647      90.6043
1648      55.641
1649      0
1650      93.0334
1651      73.2506
1652      0
1653      76.459
1654      94.9964
1655      0
1656      87.6579
1657      0
1658      86.6135
1659      0
1660      99.8936
1661      0
1662      98.7215
1663      0
1664      0
1665      60.9473
1666      35.0501
1667      90.393
1668      0
1669      0
1670      67.9953
1671      96.0695
1672      0
1673      0
1674      0
1675      55.847
1676      0
1677      89.2887
1678      89.5963
1679      0
1680      0
1681      97.8283
1682      0
1683      77.3492
1684      92.3675
1685      94.9921
1686      99.1339
1687      0
1688      94.0489
1689      45.1221
1690      0
1691      79.3843
1692      0
1693      91.3994
1694      30.3113
1695      98.3384
1696      92.6589
1697      71.0276
1698      99.2165
1699      0
1700      88.0837
1701      0
1702      66.6289
1703      0
1704      64.4098
1705      99.8215
1706      94.851
1707      0
1708      0
1709      79.0594
1710      79.9945
1711      75.9192
1712      90.9019
1713      82.1413
1714      73.9399
1715      0
1716      71.6657
1717      79.5111
1718      59.6904
1719      0
1720      98.3584
1721      0
1722      91.5438
1723      0
1724      95.9611
1725      0
1726      51.3031
1727      0
1728      0
1729      82.324
1730      0
1731      84.5734
1732      0
1733      96.4514
1734      34.3178
1735      0
1736      76.3388
1737      0
1738      0
1739      59.3082
1740      98.2018
1741      0
1742      0
1743      94.3639
1744      90.2933
1745      91.68
1746      74.8848
1747      95.1212
1748      90.6964
1749      98.9018
1750      74.1717
1751      0
1752      99.8367
1753      96.8754
1754      0
1755      0
1756      94.8692
1757      81.2809
1758      82.5003
1759      65.1028
1760      93.188
1761      99.1093
1762      88.269
1763      92.8671
1764      98.1711
1765      0
1766      97.9543
1767      94.9922
1768      58.2774
1769      0
1770      70.2988
1771      99.9687
1772      0
1773      0
1774      85.8718
1775      0
1776      0
1777      0
1778      0
1779      0
1780      73.4457
1781      76.4971
1782      89.8612
1783      79.5605
1784      81.4943
1785      0
1786      93.5167
1787      81.3892
1788      63.2705
1789      0
1790      58.2216
1791      0
1792      97.6681
1793      98.9684
1794      78.3827
1795      71.7073
1796      96.8611
1797      86.6781
1798      90.6409
1799      81.8375
1800      0
1801      94.2107
1802      0
1803      0
1804      90.4259
1805      62.5229
1806      97.8416
1807      59.3578
1808      0
1809      98.5069
1810      99.2717
1811      0
1812      94.0715
1813      72.2646
1814      0
1815      88.69
1816      87.9492
1817      0
1818      92.6051
1819      0
1820      0
1821      93.8243
1822      99.0311
1823      0
1824      81.512
1825      0
1826      0
1827      0
1828      58.6428
1829      0
1830      0
1831      0
1832      92.6449
1833      83.34
1834      85.823
1835      54.4222
1836      92.0349
1837      96.8841
1838      95.2509
1839      92.6764
1840      58.9223
1841      86.1206
1842      93.4901
1843      0
1844      99.8536
1845      86.2152
1846      0
1847      0
1848      62.9496
1849      0
1850      0
1851      0
1852      93.8499
1853      32.3937
1854      0
1855      0
1856      0
1857      0
1858      97.4394
1859      75.1116
1860      0
1861      0
1862      54.3222
1863      79.8286
1864      89.9216
1865      0
1866      89.4057
1867      0
1868      0
1869      95.25
1870      92.1509
1871      90.5313
1872      83.4024
1873      98.7477
1874      80.3841
1875      98.7409
1876      99.7118
1877      0
1878      0
1879      98.893
1880      0
1881      78.2489
1882      0
1883      78.5277
1884      87.7147
1885      99.1275
1886      88.8904
1887      88.7572
1888      0
1889      89.3052
1890      98.3279
1891      0
1892      97.3808
1893      87.006
1894      0
1895      90.664
1896      0
1897      0
1898      90.5255
1899      81.0757
1900      0
1901      63.3796
1902      0
1903      0
1904      0
1905      0
1906      84.7115
1907      98.9816
1908      71.0237
1909      0
1910      0
1911      95.3106
1912      0
1913      97.6444
1914      86.0316
1915      0
1916      0
1917      93.4678
1918      93.3095
1919      97.6742
1920      98.6587
1921      91.9129
1922      99.7435
1923      0
1924      82.1719
1925      97.834
1926      70.0935
1927      0
1928      98.8928
1929      0
1930      85.5605
1931      75.8383
1932      81.8313
1933      94.1906
1934      0
1935      70.8298
1936      0
1937      0
1938      98.3796
1939      0
1940      0
1941      98.2165
1942      97.8401
1943      57.1438
1944      0
1945      0
1946      0
1947      0
1948      91.7866
1949      90.8449
1950      96.1418
1951      0
1952      0
1953      96.7605
1954      0
1955      0
1956      0
1957      96.5702
1958      89.0247
1959      93.8225
1960      0
1961      0
1962      96.1655
1963      87.5231
1964      75.3101
1965      0
1966      0
1967      76.2566
1968      0
1969      87.7404
1970      0
1971      0
1972      0
1973      0
1974      75.614
1975      0
1976      0
1977      85.2031
1978      41.8795
1979      0
1980      95.2148
1981      75.6564
1982      0
1983      95.0512
1984      98.7199
1985      0
1986      0
1987      82.061
1988      0
1989      83.2027
1990      0
1991      65.4114
1992      0
1993      0
1994      0
1995      97.4221
1996      99.8418
1997      0
1998      98.2992
1999      97.1583
2000      92.888
2001      0
2002      0
2003      99.2339
2004      0
2005      88.2979
2006      0
2007      0
2008      97.6359
2009      97.7321
2010      0
2011      92.5229
2012      96.7636
2013      94.4909
2014      62.0762
2015      90.4013
2016      74.6834
2017      73.3692
2018      0
2019      0
2020      99.264
2021      93.2545
2022      95.3243
2023      73.2953
2024      0
2025      0
2026      0
2027      85.1486
2028      65.6553
2029      0
2030      98.6969
2031      0
2032      0
2033      0
2034      80.3909
2035      95.9385
2036      0
2037      0
2038      0
2039      92.9087
2040      47.1385
2041      81.62
2042      90.8453
2043      0
2044      82.7712
2045      0
2046      96.9162
2047      95.1135
2048      86.1314
2049      0
2050      97.7752
2051      98.0147
2052      68.6378
2053      0
2054      96.7724
2055      79.4021
2056      90.9241
2057      69.4085
2058      0
2059      79.8833
2060      77.8299
2061      92.6722
2062      0
2063      90.24
2064      0
2065      0
2066      79.8198
2067      92.6991
2068      96.6558
2069      84.6696
2070      88.6573
2071      0
2072      79.51
2073      0
2074      69.9549
2075      71.4281
2076      0
2077      96.1225
2078      92.3714
2079      0
2080      0
2081      0
2082      0
2083      91.0557
2084      0
2085      0
2086      54.0427
2087      0
2088      0
2089      90.7086
2090      0
2091      99.9819
2092      84.4006
2093      0
2094      0
2095      0
2096      91.0642
2097      0
2098      81.4215
2099      82.2869
2100      0
2101      0
2102      82.2047
2103      0
2104      0
2105      97.1569
2106      0
2107      0
2108      87.4008
2109      83.128
2110      93.7779
2111      90.217
2112      63.7046
2113      98.2326
2114      99.8384
2115      89.8283
2116      0
2117      0
2118      0
2119      0
2120      0
2121      84.7555
2122      0
2123      0
2124      96.7317
2125      95.1689
2126      81.6772
2127      93.4694
2128      0
2129      56.8547
2130      0
2131      69.6056
2132      0
2133      0
2134      0
2135      79.5444
2136      94.392
2137      0
2138      88.4012
2139      63.6586
2140      97.9866
2141      72.1609
2142      0
2143      98.876
2144      0
2145      91.4548
2146      86.8074
2147      0
2148      0
2149      92.5327
2150      0
2151      90.8234
2152      75.458
2153      98.7696
2154      0
2155      96.5813
2156      84.0007
2157      93.6145
2158      0
2159      0
2160      0
2161      61.7621
2162      0
2163      88.2203
2164      94.6346
2165      99.9608
2166      95.5179
2167      93.1729
2168      82.8318
2169      85.8878
2170      0
2171      0
2172      92.5232
2173      0
2174      91.7875
2175      84.434
2176      80.1108
2177      0
2178      0
2179      0
2180      99.9362
2181      0
2182      87.7208
2183      68.2119
2184      95.6268
2185      96.3536
2186      82.8818
2187      0
2188      0
2189      92.4031
2190      0
2191      0
2192      0
2193      94.3549
2194      0
2195      81.11
2196      99.5979
2197      88.8094
2198      94.8141
2199      95.1931
2200      72.0424
2201      57.8322
2202      0
2203      76.6819
2204      0
2205      73.4945
2206      96.0722
2207      99.4407
2208      0
2209      0
2210      74.6927
2211      73.0332
2212      0
2213      0
2214      0
2215      0
2216      0
2217      0
2218      86.8533
2219      0
2220      0
2221      66.6595
2222      0
2223      87.3137
2224      0
2225      0
2226      87.1137
2227      92.8409
2228      85.6535
2229      97.8745
2230      0
2231      68.5448
2232      81.3407
2233      77.8734
2234      99.5963
2235      0
2236      69.5942
2237      90.0975
2238      56.2552
2239      0
2240      89.6831
2241      95.9643
2242      0
2243      0
2244      0
2245      73.9745
2246      66.7553
2247      0
2248      0
2249      0
2250      66.5745
2251      96.6153
2252      0
2253      96.7302
2254      0
2255      0
2256      0
2257      0
2258      94.9832
2259      88.0125
2260      61.051
2261      0
2262      70.3789
2263      63.4186
2264      0
2265      72.2142
2266      84.0303
2267      90.377
2268      87.1534
2269      0
2270      0
2271      0
2272      95.4219
2273      0
2274      85.3515
2275      97.9825
2276      0
2277      81.3889
2278      0
2279      88.8647
2280      83.2315
2281      47.4486
2282      0
2283      98.2545
2284      0
2285      94.2665
2286      87.7323
2287      91.2575
2288      97.9725
2289      87.7153
2290      0
2291      0
2292      71.7333
2293      0
2294      0
2295      93.0816
2296      0
2297      91.3635
2298      97.7096
2299      91.1863
2300      72.9594
2301      0
2302      84.7806
2303      0
2304      0
2305      95.2916
2306      0
2307      95.8037
2308      96.5767
2309      97.6356
2310      87.2533
2311      0
2312      99.3144
2313      96.7112
2314      88.0244
2315      96.3153
2316      86.6129
2317      80.3452
2318      0
2319      98.8197
2320      96.0439
2321      87.4835
2322      0
2323      78.3041
2324      80.9642
2325      0
2326      0
2327      76.4475
2328      96.5414
2329      99.2593
2330      73.2411
2331      0
2332      80.6688
2333      0
2334      81.8231
2335      29.5879
2336      92.1532
2337      96.5916
2338      0
2339      92.51
2340      0
2341      62.6285
2342      0
2343      83.7268
2344      0
2345      0
2346      0
2347      90.9
2348      58.7819
2349      75.0352
2350      0
2351      0
2352      0
2353      99.4891
2354      0
2355      0
2356      0
2357      70.2884
2358      0
2359      87.1508
2360      81.082
2361      99.0739
2362      97.6048
2363      0
2364      0
2365      0
2366      54.319
2367      88.2882
2368      95.8018
2369      54.3979
2370      55.2466
2371      94.2468
2372      0
2373      0
2374      0
2375      98.168
2376      96.9503
2377      0
2378      97.7733
2379      0
2380      0
2381      0
2382      78.2801
2383      0
2384      0
2385      80.4312
2386      96.204
2387      48.0771
2388      0
2389      84.5327
2390      61.2442
2391      83.9983
2392      81.8407
2393      82.3651
2394      0
2395      92.7456
2396      88.6426
2397      98.7498
2398      97.3523
2399      86.3091
2400      0
2401      99.9101
2402      92.3893
2403      99.259
2404      85.2202
2405      75.7704
2406      0
2407      94.7507
2408      94.8307
2409      98.1898
2410      96.4553
2411      0
2412      99.2956
2413      0
2414      0
2415      0
2416      86.6995
2417      0
2418      0
2419      59.1113
2420      0
2421      0
2422      0
2423      84.0715
2424      88.857
2425      99.3994
2426      44.0608
2427      88.702
2428      51.0311
2429      86.8343
2430      88.3127
2431      99.6497
2432      0
2433      28.4283
2434      0
2435      0
2436      69.4195
2437      95.8465
2438      88.3984
2439      95.157
2440      97.1048
2441      87.9124
2442      93.1378
2443      96.2537
2444      0
2445      0
2446      88.3588
2447      83.7854
2448      0
2449      90.1078
2450      0
2451      87.4162
2452      75.1227
2453      76.9352
2454      0
2455      39.9297
2456      0
2457      81.6035
2458      75.6368
2459      81.5561
2460      0
2461      0
2462      0
2463      0
2464      91.1926
2465      0
2466      0
2467      97.3296
2468      95.1315
2469      0
2470      0
2471      0
2472      0
2473      94.7241
2474      0
2475      0
2476      68.8256
2477      97.0813
2478      98.9154
2479      75.1567
2480      0
2481      0
2482      86.9781
2483      0
2484      37.869
2485      89.7212
2486      58.0359
2487      68.5532
2488      0
2489      91.6383
2490      89.4982
2491      91.3854
2492      80.0183
2493      98.869
2494      88.3892
2495      85.0574
2496      99.8394
2497      86.209
2498      0
2499      76.6955
       79688.1
