0      99.7504
1      0
2      98.0879
3      0
4      98.3861
5      99.1327
6      0
7      96.1535
8      78.512
9      0
10      0
11      0
12      99.1319
13      47.292
14      0
15      80.3537
16      0
17      99.2003
18      0
19      71.5181
20      83.1027
21      99.9226
22      62.1027
23      0
24      38.9226
25      71.064
26      97.5715
27      0
28      0
29      0
30      91.9799
31      98.7263
32      96.5523
33      0
34      0
35      88.5428
36      87.5819
37      98.2588
38      99.1002
39      0
40      84.1677
41      98.5172
42      0
43      0
44      80.9544
45      98.33
46      83.1688
47      99.8457
48      0
49      0
50      86.3594
51      0
52      93.9203
53      0
54      97.0211
55      59.8967
56      0
57      94.7338
58      96.0531
59      94.1807
60      0
61      0
62      93.1479
63      28.8198
64      0
65      0
66      0
67      92.4713
68      0
69      97.6887
70      0
71      0
72      59.4192
73      76.2454
74      0
75      0
76      45.4998
77      89.4935
78      67.9596
79      94.6844
80      0
81      0
82      0
83      69.8404
84      47.5904
85      0
86      96.9818
87      94.7126
88      0
89      0
90      95.2092
91      91.8819
92      0
93      73.0727
94      0
95      99.1422
96      88.3952
97      0
98      0
99      0
100      0
101      97.5006
102      97.2167
103      99.2604
104      61.9817
105      0
106      0
107      77.1564
108      0
109      94.5286
110      0
111      87.1364
112      0
113      90.6652
114      0
115      0
116      99.0225
117      0
118      0
119      90.9265
120      94.6636
121      50.5268
122      68.822
123      99.4293
124      94.4651
125      86.8431
126      83.0573
127      89.9587
128      0
129      0
130      71.1582
131      0
132      76.7661
133      0
134      90.6281
135      93.9122
136      95.8295
137      0
138      0
139      57.77
140      94.018
141      96.6612
142      0
143      95.901
144      0
145      91.1458
146      0
147      0
148      85.571
149      84.4581
150      0
151      99.7923
152      95.5824
153      98.6042
154      0
155      94.1941
156      0
157      96.2308
158      99.2241
159      78.5545
160      0
161      0
162      0
163      82.3753
164      72.1259
165      0
166      0
167      93.7464
168      85.8929
169      83.8329
170      98.7359
171      0
172      0
173      99.2089
174      0
175      72.5578
176      87.1829
177      99.6735
178      0
179      59.1976
180      0
181      99.0362
182      90.945
183      0
184      97.8975
185      0
186      70.5434
187      0
188      96.0178
189      92.7968
190      0
191      85.6235
192      0
193      98.9584
194      0
195      99.121
196      85.9794
197      0
198      0
199      58.6965
200      88.9692
201      0
202      56.5489
203      0
204      59.7092
205      77.6501
206      78.9851
207      99.0976
208      79.4088
209      0
210      95.4984
211      0
212      73.6545
213      93.5582
214      52.4451
215      81.9762
216      82.0765
217      97.7349
218      0
219      85.4099
220      0
221      0
222      94.1797
223      0
224      76.659
225      0
226      97.0442
227      0
228      0
229      71.2199
230      57.6622
231      0
232      0
233      49.2522
234      0
235      60.0987
236      0
237      87.1681
238      95.6715
239      90.8652
240      88.7731
241      63.1618
242      96.1054
243      68.5208
244      63.3346
245      0
246      0
247      0
248      91.6308
249      82.0586
250      92.726
251      99.1923
252      0
253      85.4313
254      96.9225
255      0
256      96.3424
257      0
258      72.8877
259      0
260      0
261      98.7913
262      99.6774
263      0
264      0
265      94.4704
266      89.1977
267      54.9536
268      70.2172
269      0
270      0
271      81.4043
272      0
273      0
274      0
275      0
276      77.9195
277      0
278      91.0922
279      96.355
280      75.9115
281      0
282      99.7298
283      0
284      90.8726
285      97.7432
286      90.8485
287      0
288      88.3154
289      90.0419
290      55.0274
291      0
292      0
293      0
294      82.0102
295      95.082
296      76.4883
297      91.3791
298      85.3274
299      0
300      98.1606
301      98.7178
302      69.5591
303      0
304      0
305      0
306      0
307      96.823
308      99.9084
309      0
310      97.3956
311      84.2171
312      0
313      99.3701
314      0
315      90.7578
316      99.3556
317      96.4986
318      0
319      81.1314
320      0
321      0
322      92.2563
323      88.6333
324      0
325      83.2544
326      0
327      90.3459
328      0
329      0
330      0
331      97.8288
332      86.959
333      0
334      69.0067
335      99.2559
336      0
337      0
338      0
339      0
340      87.0215
341      89.1653
342      0
343      0
344      0
345      98.1957
346      0
347      0
348      0
349      98.0468
350      0
351      0
352      93.4601
353      0
354      0
355      80.9377
356      96.0111
357      77.7246
358      81.1943
359      84.2886
360      80.5462
361      0
362      0
363      77.1689
364      0
365      0
366      95.306
367      0
368      94.9047
369      69.5429
370      0
371      94.8559
372      63.9792
373      93.9366
374      92.4466
375      84.7307
376      0
377      85.759
378      0
379      0
380      54.8424
381      89.0628
382      0
383      95.8896
384      0
385      92.3551
386      0
387      94.3737
388      0
389      0
390      92.9142
391      0
392      0
393      89.7796
394      80.8186
395      0
396      64.3739
397      95.2498
398      0
399      97.0196
400      85.9702
401      86.7379
402      67.6861
403      0
404      0
405      0
406      97.7077
407      0
408      0
409      0
410      94.3757
411      94.9691
412      99.3704
413      62.0749
414      99.1855
415      0
416      0
417      87.4613
418      98.7397
419      0
420      0
421      81.3588
422      99.0158
423      0
424      0
425      94.4611
426      92.564
427      51.8497
428      89.961
429      98.743
430      97.4149
431      96.8759
432      0
433      97.6195
434      0
435      0
436      98.1706
437      0
438      0
439      87.4186
440      0
441      96.288
442      85.0193
443      0
444      97.7181
445      92.0919
446      92.9362
447      0
448      94.0934
449      82.3845
450      0
451      85.1612
452      0
453      0
454      97.9894
455      0
456      0
457      0
458      0
459      0
460      0
461      0
462      97.9589
463      56.1246
464      0
465      0
466      92.8282
467      0
468      0
469      77.3931
470      54.4364
471      52.256
472      84.1399
473      99.9374
474      0
475      71.3095
476      0
477      98.9828
478      74.2524
479      86.5692
480      0
481      62.498
482      0
483      89.2001
484      88.4693
485      0
486      0
487      0
488      0
489      96.9615
490      0
491      88.5336
492      0
493      84.8576
494      93.3023
495      0
496      0
497      91.344
498      0
499      70.9439
500      0
501      95.96
502      0
503      85.9969
504      0
505      88.3899
506      0
507      91.9442
508      90.5221
509      95.5071
510      95.9974
511      0
512      97.4737
513      95.0123
514      99.411
515      0
516      0
517      0
518      91.9681
519      79.8117
520      98.1693
521      0
522      52.1858
523      74.727
524      0
525      96.1769
526      0
527      92.6028
528      0
529      0
530      99.7251
531      88.016
532      43.3556
533      85.3696
534      82.9709
535      0
536      72.3761
537      0
538      0
539      72.6466
540      75.2924
541      98.8664
542      61.4698
543      47.9546
544      97.2832
545      96.8066
546      0
547      0
548      0
549      0
550      77.3431
551      0
552      87.721
553      99.1237
554      64.3134
555      0
556      97.0893
557      0
558      98.112
559      97.7703
560      54.2758
561      96.3348
562      70.1166
563      0
564      0
565      99.7602
566      0
567      0
568      0
569      83.6994
570      84.5447
571      57.6809
572      0
573      0
574      94.193
575      0
576      54.4568
577      47.3887
578      0
579      83.7621
580      55.6299
581      64.7237
582      76.9659
583      0
584      0
585      0
586      0
587      0
588      0
589      88.6469
590      79.5581
591      0
592      80.2526
593      80.6854
594      0
595      0
596      0
597      63.721
598      0
599      99.5388
600      0
601      0
602      83.7182
603      79.2276
604      70.2595
605      0
606      0
607      0
608      0
609      89.7191
610      99.5683
611      0
612      0
613      47.1252
614      0
615      0
616      0
617      99.2995
618      98.622
619      0
620      0
621      85.87
622      94.8336
623      99.4763
624      99.9483
625      98.1719
626      0
627      96.0447
628      91.5384
629      98.8801
630      62.8241
631      0
632      0
633      68.4694
634      56.283
635      70.6615
636      87.9833
637      0
638      0
639      87.4514
640      98.9696
641      77.3158
642      99.7664
643      0
644      0
645      43.2634
646      98.2725
647      0
648      0
649      97.0673
650      79.9613
651      97.6431
652      85.9774
653      63.1959
654      92.0778
655      0
656      97.9162
657      0
658      53.6697
659      83.216
660      69.4222
661      89.9116
662      0
663      90.4297
664      0
665      82.6368
666      0
667      0
668      67.5821
669      0
670      98.9964
671      0
672      98.8106
673      0
674      0
675      96.014
676      0
677      95.4359
678      96.1424
679      0
680      85.919
681      93.5941
682      0
683      94.6887
684      47.9131
685      79.5006
686      75.4479
687      80.5138
688      85.3567
689      0
690      89.4827
691      0
692      0
693      0
694      84.3194
695      69.8905
696      96.7057
697      64.5733
698      0
699      64.6334
700      0
701      71.4323
702      97.989
703      70.61
704      93.9769
705      0
706      88.0894
707      59.9785
708      0
709      99.8249
710      98.405
711      91.9072
712      91.6952
713      91.5696
714      0
715      0
716      97.4758
717      93.9194
718      98.7203
719      0
720      0
721      96.5867
722      0
723      0
724      0
725      65.8536
726      95.1486
727      0
728      83.6417
729      82.443
730      0
731      0
732      0
733      0
734      79.3682
735      0
736      71.8675
737      99.5818
738      0
739      0
740      0
741      88.165
742      82.4086
743      95.7388
744      0
745      90.4523
746      0
747      86.1091
748      95.0522
749      53.013
750      84.1047
751      84.1924
752      0
753      0
754      0
755      99.472
756      0
757      68.4311
758      77.2982
759      0
760      0
761      94.7116
762      0
763      66.7396
764      0
765      91.3884
766      0
767      0
768      96.7514
769      0
770      91.6032
771      61.1874
772      98.5072
773      0
774      0
775      0
776      75.6087
777      0
778      95.5215
779      78.1903
780      33.4683
781      93.8489
782      71.849
783      0
784      65.5271
785      0
786      62.0269
787      71.4395
788      92.6235
789      0
790      0
791      92.6096
792      0
793      93.4942
794      91.686
795      0
796      0
797      75.5813
798      0
799      90.9696
800      71.7905
801      59.2505
802      0
803      98.8156
804      0
805      98.2838
806      0
807      82.4802
808      0
809      95.7862
810      74.4111
811      0
812      61.7232
813      91.1589
814      89.5497
815      79.0486
816      0
817      66.7526
818      99.4311
819      95.855
820      69.7881
821      94.1387
822      96.1707
823      0
824      0
825      99.6844
826      0
827      0
828      0
829      0
830      98.8719
831      89.549
832      0
833      71.8475
834      98.2427
835      72.4972
836      0
837      86.0791
838      99.5782
839      87.2307
840      0
841      0
842      89.8789
843      0
844      95.8951
845      0
846      63.9034
847      96.0317
848      0
849      60.9738
850      90.8788
851      0
852      98.2918
853      0
854      64.2457
855      57.4312
856      0
857      0
858      81.331
859      0
860      84.1113
861      97.1127
862      93.7733
863      75.4226
864      0
865      0
866      0
867      51.4788
868      96.875
869      0
870      0
871      86.3847
872      99.7816
873      64.8679
874      0
875      0
876      59.5108
877      99.7327
878      0
879      0
880      95.7605
881      0
882      69.453
883      93.3655
884      0
885      89.9188
886      99.2347
887      91.1272
888      78.5481
889      92.7282
890      0
891      93.3643
892      93.239
893      95.0019
894      91.5411
895      0
896      92.7584
897      98.3088
898      83.5725
899      0
900      0
901      0
902      88.2684
903      0
904      0
905      98.6295
906      0
907      78.897
908      96.9395
909      95.0742
910      0
911      69.9498
912      73.417
913      0
914      85.9318
915      94.2241
916      98.6147
917      98.9736
918      99.2976
919      0
920      98.6393
921      75.6319
922      0
923      47.9919
924      78.8395
925      85.9495
926      54.777
927      97.963
928      0
929      77.4118
930      92.1594
931      98.757
932      56.032
933      82.7646
934      99.4542
935      78.6126
936      93.819
937      0
938      91.6945
939      0
940      94.1712
941      0
942      97.3144
943      0
944      0
945      80.381
946      92.2351
947      86.0258
948      54.0058
949      94.5608
950      87.721
951      64.1656
952      99.3813
953      0
954      98.7629
955      92.1782
956      0
957      95.0741
958      0
959      96.186
960      92.3219
961      0
962      0
963      92.5395
964      0
965      0
966      89.9459
967      0
968      63.7225
969      0
970      92.5453
971      0
972      0
973      89.8734
974      66.2121
975      0
976      79.4344
977      0
978      82.5213
979      0
980      88.6366
981      0
982      69.7434
983      93.4103
984      95.9312
985      38.181
986      95.417
987      0
988      98.2485
989      85.8237
990      0
991      97.3156
992      89.065
993      99.1126
994      0
995      0
996      0
997      0
998      0
999      75.0763
1000      87.4607
1001      0
1002      0
1003      0
1004      93.0924
1005      88.8972
1006      0
1007      0
1008      99.9133
1009      64.5786
1010      75.1078
1011      64.1629
1012      85.8264
1013      79.3823
1014      74.1019
1015      0
1016      70.6593
1017      0
1018      0
1019      0
1020      90.6368
1021      0
1022      81.1318
1023      0
1024      83.4552
1025      0
1026      0
1027      65.0249
1028      96.5104
1029      90.5235
1030      82.646
1031      53.9426
1032      85.6954
1033      0
1034      0
1035      0
1036      0
1037      98.2659
1038      0
1039      0
1040      79.0868
1041      96.0399
1042      0
1043      95.0187
1044      0
1045      0
1046      59.8788
1047      92.6763
1048      48.1933
1049      0
1050      0
1051      0
1052      0
1053      0
1054      0
1055      88.6244
1056      0
1057      0
1058      0
1059      0
1060      0
1061      74.6825
1062      98.7082
1063      0
1064      0
1065      0
1066      98.5101
1067      0
1068      89.0862
1069      0
1070      97.991
1071      83.6677
1072      0
1073      67.592
1074      96.456
1075      59.7952
1076      90.122
1077      95.0887
1078      0
1079      99.4988
1080      60.2816
1081      62.0563
1082      0
1083      99.2031
1084      0
1085      0
1086      78.2622
1087      99.4372
1088      0
1089      0
1090      0
1091      0
1092      0
1093      95.1629
1094      77.6176
1095      89.5331
1096      81.6908
1097      95.3246
1098      99.3795
1099      88.8344
1100      94.1699
1101      0
1102      0
1103      79.3977
1104      96.0863
1105      0
1106      89.5221
1107      63.5647
1108      0
1109      68.2857
1110      0
1111      93.4595
1112      96.1416
1113      0
1114      0
1115      87.5727
1116      0
1117      0
1118      70.3543
1119      99.7882
1120      99.4075
1121      98.74
1122      0
1123      86.5959
1124      90.4968
1125      0
1126      0
1127      0
1128      0
1129      98.4508
1130      99.2008
1131      0
1132      81.7299
1133      81.1088
1134      77.0878
1135      0
1136      78.807
1137      0
1138      0
1139      97.6804
1140      0
1141      98.4271
1142      95.7242
1143      0
1144      0
1145      0
1146      86.392
1147      0
1148      0
1149      0
1150      72.3263
1151      92.012
1152      0
1153      0
1154      0
1155      0
1156      66.0912
1157      0
1158      93.7506
1159      72.4162
1160      99.8691
1161      0
1162      0
1163      0
1164      68.5334
1165      86.3828
1166      0
1167      0
1168      27.9119
1169      82.5099
1170      92.853
1171      96.9694
1172      0
1173      59.2562
1174      0
1175      0
1176      99.0367
1177      0
1178      0
1179      97.8161
1180      0
1181      97.6811
1182      95.6184
1183      92.9213
1184      0
1185      84.6816
1186      0
1187      81.477
1188      71.8623
1189      0
1190      0
1191      79.4649
1192      95.1891
1193      97.6454
1194      0
1195      0
1196      0
1197      86.5261
1198      0
1199      0
1200      94.3453
1201      99.3754
1202      88.0763
1203      70.8101
1204      79.8984
1205      97.8119
1206      0
1207      0
1208      99.0511
1209      0
1210      98.0751
1211      81.0128
1212      93.6977
1213      97.2
1214      0
1215      91.427
1216      0
1217      62.3157
1218      0
1219      99.6602
1220      0
1221      0
1222      0
1223      0
1224      78.6805
1225      0
1226      92.1797
1227      0
1228      61.5426
1229      0
1230      84.8148
1231      78.3505
1232      76.9629
1233      0
1234      93.171
1235      95.0773
1236      75.2667
1237      36.5589
1238      0
1239      84.017
1240      88.9668
1241      92.9951
1242      65.407
1243      0
1244      79.8644
1245      86.6487
1246      59.4612
1247      80.6324
1248      88.0309
1249      85.0137
1250      96.8846
1251      0
1252      96.7225
1253      98.1735
1254      0
1255      87.6606
1256      96.0811
1257      0
1258      87.7111
1259      0
1260      81.508
1261      98.7694
1262      0
1263      87.2133
1264      0
1265      0
1266      89.4482
1267      92.1213
1268      99.1001
1269      78.8628
1270      83.2464
1271      0
1272      0
1273      76.4109
1274      97.2181
1275      0
1276      57.2569
1277      75.7542
1278      42.7636
1279      98.4438
1280      0
1281      0
1282      80.1921
1283      90.0744
1284      90.2712
1285      0
1286      0
1287      0
1288      60.221
1289      0
1290      0
1291      0
1292      85.9652
1293      93.0146
1294      79.3113
1295      89.5454
1296      62.4811
1297      0
1298      74.4192
1299      0
1300      84.9586
1301      98.6549
1302      96.339
1303      97.1819
1304      57.9269
1305      0
1306      0
1307      84.0722
1308      86.7326
1309      0
1310      95.752
1311      0
1312      0
1313      97.8416
1314      0
1315      0
1316      0
1317      91.6951
1318      0
1319      93.0607
1320      0
1321      73.6318
1322      93.5786
1323      0
1324      98.2451
1325      68.7403
1326      93.5783
1327      0
1328      74.7423
1329      72.6448
1330      82.0221
1331      89.7863
1332      78.3408
1333      49.1273
1334      93.5694
1335      78.9095
1336      98.0138
1337      0
1338      93.5816
1339      96.818
1340      0
1341      0
1342      0
1343      70.0429
1344      73.1502
1345      95.9886
1346      97.4975
1347      0
1348      98.8823
1349      99.6758
1350      99.1634
1351      0
1352      0
1353      96.7463
1354      98.7903
1355      85.0848
1356      0
1357      0
1358      92.4361
1359      0
1360      83.2617
1361      0
1362      94.8028
1363      97.6588
1364      74.618
1365      99.9553
1366      89.9927
1367      94.3712
1368      58.3495
1369      0
1370      70.7644
1371      0
1372      0
1373      0
1374      78.7192
1375      52.8782
1376      97.3424
1377      0
1378      93.4691
1379      0
1380      0
1381      95.9856
1382      93.3036
1383      95.9381
1384      85.8636
1385      0
1386      87.1387
1387      81.8988
1388      0
1389      78.1999
1390      96.8214
1391      0
1392      0
1393      84.2909
1394      0
1395      0
1396      0
1397      97.7605
1398      93.1213
1399      96.3634
1400      0
1401      0
1402      83.8805
1403      92.1329
1404      85.0447
1405      0
1406      93.2038
1407      96.0705
1408      0
1409      98.6078
1410      91.345
1411      79.3959
1412      39.748
1413      71.9949
1414      0
1415      95.9785
1416      89.3899
1417      0
1418      96.6264
1419      86.367
1420      0
1421      95.5122
1422      47.9947
1423      81.8572
1424      89.5053
1425      93.0328
1426      0
1427      87.8745
1428      89.8731
1429      80.4343
1430      0
1431      0
1432      0
1433      0
1434      0
1435      0
1436      55.734
1437      98.8393
1438      0
1439      0
1440      84.1043
1441      51.516
1442      0
1443      0
1444      70.0572
1445      0
1446      98.9217
1447      82.9501
1448      0
1449      0
1450      43.784
1451      82.0687
1452      0
1453      60.0377
1454      0
1455      96.3572
1456      99.3229
1457      93.0304
1458      97.1359
1459      93.8657
1460      96.1076
1461      66.8464
1462      0
1463      0
1464      91.1246
1465      0
1466      63.5534
1467      0
1468      69.5735
1469      66.992
1470      82.5119
1471      75.1046
1472      98.1485
1473      93.5899
1474      81.9372
1475      97.5224
1476      97.802
1477      0
1478      75.371
1479      83.9493
1480      60.3837
1481      95.2332
1482      83.238
1483      0
1484      56.3166
1485      98.3692
1486      78.9335
1487      68.8231
1488      77.7244
1489      64.4296
1490      0
1491      0
1492      98.3491
1493      0
1494      0
1495      0
1496      0
1497      0
1498      95.1507
1499      94.2359
1500      94.2639
1501      77.3119
1502      0
1503      0
1504      0
1505      0
1506      0
1507      0
1508      90.474
1509      0
1510      97.0686
1511      99.0859
1512      0
1513      0
1514      97.899
1515      0
1516      0
1517      58.7553
1518      0
1519      95.5454
1520      89.279
1521      51.3075
1522      0
1523      68.0684
1524      0
1525      0
1526      0
1527      97.1809
1528      0
1529      0
1530      92.9377
1531      68.4976
1532      97.6472
1533      0
1534      0
1535      76.9286
1536      0
1537      0
1538      0
1539      0
1540      0
1541      97.628
1542      97.1634
1543      91.5007
1544      0
1545      0
1546      88.8734
1547      69.4003
1548      85.5544
1549      0
1550      0
1551      96.7079
1552      0
1553      0
1554      89.1309
1555      0
1556      52.7436
1557      0
1558      0
1559      99.7554
1560      0
1561      95.8241
1562      0
1563      77.949
1564      96.7645
1565      0
1566      0
1567      96.5062
1568      0
1569      98.9767
1570      88.9395
1571      0
1572      0
1573      96.5027
1574      98.6937
1575      78.4244
1576      94.548
1577      0
1578      0
1579      0
1580      0
1581      0
1582      66.4074
1583      98.2516
1584      0
1585      62.7115
1586      0
1587      96.4506
1588      0
1589      95.9508
1590      98.692
1591      0
1592      57.5456
1593      99.7076
1594      0
1595      93.7789
1596      0
1597      88.8568
1598      86.981
1599      97.4921
1600      0
1601      71.6277
1602      0
1603      71.5343
1604      0
1605      0
1606      93.6622
1607      0
1608      0
1609      97.0714
1610      0
1611      87.3699
1612      0
1613      97.8926
1614      81.4064
1615      99.9352
1616      0
1617      0
1618      99.1999
1619      0
1620      75.7834
1621      97.2147
1622      76.9179
1623      69.6729
1624      0
1625      81.7281
1626      80.3105
1627      67.4082
1628      86.4389
1629      95.3852
1630      0
1631      0
1632      66.0981
1633      0
1634      89.9273
1635      0
1636      99.2788
1637      96.2774
1638      0
1639      0
1640      98.1299
1641      99.6993
1642      96.4923
1643      94.3793
1644      93.9797
1645      52.4303
1646      0
1647      97.7001
1648      99.3171
1649      93.6079
1650      0
1651      0
1652      91.882
1653      83.8127
1654      92.0494
1655      62.8562
1656      0
1657      0
1658      89.4618
1659      93.3436
1660      0
1661      97.9921
1662      0
1663      80.6884
1664      97.7263
1665      0
1666      0
1667      0
1668      84.1885
1669      54.7884
1670      0
1671      0
1672      96.919
1673      98.1113
1674      86.1846
1675      90.4636
1676      86.9881
1677      97.5292
1678      0
1679      0
1680      97.4297
1681      95.7917
1682      90.3063
1683      0
1684      96.2713
1685      93.8057
1686      99.1019
1687      79.6998
1688      98.7714
1689      79.0332
1690      91.6408
1691      69.1117
1692      0
1693      86.5174
1694      52.5595
1695      82.0385
1696      0
1697      77.5101
1698      87.5161
1699      0
1700      0
1701      96.9011
1702      73.1787
1703      0
1704      90.3395
1705      0
1706      44.9789
1707      61.6434
1708      95.7523
1709      0
1710      68.5029
1711      0
1712      93.0826
1713      0
1714      0
1715      86.1928
1716      86.3834
1717      62.5676
1718      0
1719      71.7956
1720      0
1721      88.5326
1722      0
1723      0
1724      95.5731
1725      81.8829
1726      0
1727      93.1547
1728      93.1556
1729      0
1730      0
1731      0
1732      94.9016
1733      80.1951
1734      0
1735      90.4782
1736      89.3624
1737      74.0812
1738      0
1739      36.4145
1740      94.3825
1741      99.4503
1742      91.5594
1743      65.1072
1744      0
1745      0
1746      0
1747      0
1748      68.1745
1749      68.3425
1750      0
1751      99.8657
1752      0
1753      0
1754      0
1755      98.7023
1756      73.4356
1757      83.6838
1758      85.8973
1759      0
1760      72.4671
1761      0
1762      0
1763      0
1764      0
1765      0
1766      93.0118
1767      80.8887
1768      0
1769      0
1770      0
1771      85.0442
1772      0
1773      91.9853
1774      0
1775      0
1776      0
1777      0
1778      96.772
1779      99.4968
1780      0
1781      0
1782      0
1783      0
1784      0
1785      64.9479
1786      68.9586
1787      81.9745
1788      98.2226
1789      92.829
1790      60.7631
1791      96.5613
1792      89.8912
1793      69.6021
1794      99.4043
1795      0
1796      0
1797      60.0594
1798      0
1799      97.363
1800      0
1801      82.5145
1802      0
1803      74.9753
1804      0
1805      98.2428
1806      97.1347
1807      61.2902
1808      0
1809      97.5125
1810      99.7554
1811      0
1812      95.2603
1813      96.0629
1814      66.9736
1815      0
1816      0
1817      0
1818      58.7871
1819      0
1820      91.1163
1821      87.1489
1822      63.305
1823      99.4643
1824      79.1268
1825      0
1826      99.667
1827      0
1828      0
1829      92.3722
1830      80.8203
1831      95.8287
1832      0
1833      52.2244
1834      95.6533
1835      75.4663
1836      68.8612
1837      96.9186
1838      0
1839      64.2366
1840      0
1841      0
1842      85.9259
1843      99.3022
1844      0
1845      81.2631
1846      89.0505
1847      93.647
1848      0
1849      0
1850      0
1851      0
1852      91.5172
1853      93.5769
1854      0
1855      95.5574
1856      99.9618
1857      0
1858      91.2738
1859      0
1860      92.6171
1861      0
1862      0
1863      82.0133
1864      0
1865      91.7951
1866      0
1867      0
1868      95.6937
1869      95.6941
1870      93.2992
1871      88.9681
1872      94.5676
1873      83.6276
1874      97.9129
1875      62.9166
1876      0
1877      93.2151
1878      0
1879      0
1880      66.4919
1881      83.6453
1882      0
1883      0
1884      0
1885      98.2263
1886      95.4492
1887      92.9994
1888      0
1889      94.2751
1890      94.4127
1891      0
1892      81.4643
1893      73.4862
1894      98.704
1895      0
1896      0
1897      83.0695
1898      0
1899      0
1900      75.4589
1901      0
1902      0
1903      0
1904      0
1905      98.3341
1906      0
1907      0
1908      94.1429
1909      97.1983
1910      94.0906
1911      95.0552
1912      92.895
1913      0
1914      88.2944
1915      0
1916      98.8129
1917      96.6188
1918      91.2962
1919      0
1920      0
1921      0
1922      91.0432
1923      98.7332
1924      84.8177
1925      0
1926      99.7409
1927      98.177
1928      96.1594
1929      99.0098
1930      91.9636
1931      92.3382
1932      93.0113
1933      0
1934      0
1935      0
1936      0
1937      0
1938      68.8803
1939      94.955
1940      0
1941      80.749
1942      0
1943      0
1944      85.8947
1945      0
1946      0
1947      0
1948      97.8114
1949      0
1950      0
1951      80.0414
1952      64.6878
1953      0
1954      66.2346
1955      95.8602
1956      0
1957      0
1958      0
1959      0
1960      92.1949
1961      99.3759
1962      0
1963      87.2693
1964      0
1965      98.0554
1966      0
1967      0
1968      0
1969      82.494
1970      0
1971      64.1351
1972      0
1973      0
1974      0
1975      99.069
1976      73.5545
1977      72.4133
1978      0
1979      98.3845
1980      86.0541
1981      86.6474
1982      94.777
1983      75.9379
1984      99.1792
1985      54.2165
1986      0
1987      88.1693
1988      53.0358
1989      99.965
1990      0
1991      0
1992      0
1993      0
1994      72.6146
1995      97.0403
1996      99.8418
1997      90.8353
1998      87.9976
1999      30.6025
2000      0
2001      0
2002      0
2003      66.0715
2004      89.3191
2005      0
2006      0
2007      0
2008      96.9025
2009      97.7321
2010      94.3467
2011      92.4077
2012      0
2013      0
2014      62.0762
2015      90.8954
2016      55.3819
2017      0
2018      85.2178
2019      44.9385
2020      0
2021      0
2022      0
2023      0
2024      96.6479
2025      0
2026      82.1261
2027      85.5126
2028      99.634
2029      0
2030      0
2031      92.4434
2032      0
2033      0
2034      99.7034
2035      0
2036      0
2037      90.7562
2038      0
2039      97.0444
2040      92.5922
2041      62.5105
2042      0
2043      0
2044      0
2045      0
2046      67.5888
2047      0
2048      97.8737
2049      0
2050      0
2051      0
2052      0
2053      0
2054      0
2055      0
2056      0
2057      81.5654
2058      90.0996
2059      87.0212
2060      0
2061      98.799
2062      0
2063      0
2064      93.1035
2065      94.8576
2066      97.7991
2067      0
2068      97.5221
2069      84.2172
2070      56.9056
2071      0
2072      0
2073      86.6178
2074      0
2075      85.0101
2076      73.1775
2077      0
2078      97.6603
2079      89.7776
2080      15.5494
2081      96.1518
2082      98.4874
2083      57.7214
2084      0
2085      0
2086      96.5256
2087      67.6419
2088      64.2041
2089      90.7086
2090      75.4586
2091      92.3447
2092      98.6718
2093      0
2094      59.6856
2095      0
2096      0
2097      0
2098      0
2099      0
2100      0
2101      0
2102      81.0119
2103      0
2104      0
2105      0
2106      98.0091
2107      0
2108      94.3838
2109      69.0221
2110      82.761
2111      84.3034
2112      0
2113      0
2114      60.9221
2115      71.7377
2116      88.5771
2117      0
2118      0
2119      0
2120      0
2121      0
2122      0
2123      73.7853
2124      84.4421
2125      60.9
2126      0
2127      98.7758
2128      0
2129      0
2130      0
2131      88.6975
2132      97.635
2133      0
2134      47.9676
2135      0
2136      77.6823
2137      0
2138      87.2561
2139      0
2140      81.3091
2141      97.8811
2142      0
2143      84.7881
2144      0
2145      99.8265
2146      76.1952
2147      0
2148      0
2149      94.8305
2150      0
2151      86.8505
2152      0
2153      67.7457
2154      97.5843
2155      68.6396
2156      0
2157      54.991
2158      0
2159      0
2160      49.2156
2161      90.2389
2162      96.4002
2163      0
2164      0
2165      0
2166      96.2859
2167      0
2168      0
2169      0
2170      0
2171      48.8293
2172      0
2173      0
2174      84.9128
2175      96.6907
2176      0
2177      99.0424
2178      96.6457
2179      0
2180      83.0029
2181      0
2182      54.5297
2183      0
2184      0
2185      78.177
2186      85.3835
2187      0
2188      99.9287
2189      0
2190      0
2191      0
2192      74.936
2193      0
2194      93.8299
2195      74.3331
2196      0
2197      94.3568
2198      0
2199      69.9417
2200      0
2201      79.0462
2202      89.7044
2203      88.1081
2204      0
2205      98.507
2206      0
2207      98.613
2208      0
2209      99.0676
2210      0
2211      55.0626
2212      73.1606
2213      85.2796
2214      55.591
2215      76.1192
2216      0
2217      0
2218      76.722
2219      97.437
2220      68.7726
2221      95.6091
2222      93.7021
2223      0
2224      96.2165
2225      87.6273
2226      77.308
2227      0
2228      58.0458
2229      90.5045
2230      0
2231      93.128
2232      0
2233      71.6952
2234      0
2235      94.4867
2236      95.8925
2237      0
2238      89.3808
2239      0
2240      89.6831
2241      0
2242      0
2243      0
2244      99.1087
2245      65.1266
2246      88.0835
2247      0
2248      0
2249      0
2250      95.1883
2251      0
2252      0
2253      0
2254      0
2255      75.3594
2256      94.2884
2257      0
2258      96.0962
2259      0
2260      86.6778
2261      0
2262      96.8646
2263      85.192
2264      0
2265      0
2266      79.5916
2267      0
2268      0
2269      0
2270      96.5309
2271      0
2272      90.5247
2273      0
2274      0
2275      0
2276      89.7946
2277      86.7895
2278      45.067
2279      92.5609
2280      0
2281      0
2282      63.4748
2283      0
2284      0
2285      93.6609
2286      65.3415
2287      0
2288      91.9086
2289      75.7397
2290      96.1917
2291      86.9779
2292      0
2293      0
2294      0
2295      0
2296      0
2297      93.8298
2298      95.4204
2299      74.7701
2300      89.7992
2301      98.7378
2302      0
2303      0
2304      0
2305      95.305
2306      0
2307      0
2308      0
2309      70.5389
2310      99.5645
2311      0
2312      56.2478
2313      0
2314      99.2693
2315      94.1082
2316      86.1663
2317      80.7119
2318      0
2319      78.3518
2320      96.0439
2321      96.4606
2322      0
2323      0
2324      80.9642
2325      87.6557
2326      92.3949
2327      96.4795
2328      59.4404
2329      97.2273
2330      61.3966
2331      95.0147
2332      0
2333      0
2334      85.7632
2335      0
2336      0
2337      0
2338      0
2339      50.3779
2340      61.7571
2341      97.58
2342      0
2343      0
2344      79.8213
2345      92.8759
2346      0
2347      96.0388
2348      0
2349      92.9574
2350      34.2531
2351      63.6809
2352      0
2353      0
2354      95.7302
2355      99.6886
2356      0
2357      87.7939
2358      87.8068
2359      0
2360      0
2361      63.5438
2362      71.6418
2363      0
2364      88.382
2365      95.3849
2366      88.3112
2367      98.642
2368      83.8012
2369      83.7429
2370      0
2371      0
2372      95.8158
2373      0
2374      93.3632
2375      99.5663
2376      86.0818
2377      0
2378      84.5631
2379      81.9168
2380      83.2788
2381      0
2382      0
2383      74.8523
2384      95.0401
2385      95.4349
2386      74.0003
2387      97.3939
2388      65.8817
2389      87.261
2390      0
2391      0
2392      0
2393      93.147
2394      0
2395      77.9468
2396      0
2397      0
2398      78.9528
2399      0
2400      87.6863
2401      77.8516
2402      70.9522
2403      93.0729
2404      0
2405      95.5384
2406      90.4176
2407      79.9374
2408      90.5576
2409      93.6725
2410      80.4258
2411      0
2412      0
2413      98.7013
2414      93.7792
2415      0
2416      99.2548
2417      0
2418      71.1959
2419      98.4704
2420      90.6645
2421      0
2422      0
2423      84.0715
2424      83.7772
2425      0
2426      0
2427      0
2428      93.7905
2429      85.5426
2430      83.5395
2431      0
2432      0
2433      0
2434      0
2435      91.7713
2436      93.5161
2437      0
2438      87.5971
2439      55.804
2440      0
2441      0
2442      0
2443      84.6747
2444      0
2445      91.8595
2446      93.6782
2447      95.3321
2448      99.1088
2449      0
2450      0
2451      64.4192
2452      71.3888
2453      0
2454      0
2455      91.0069
2456      79.3511
2457      97.8337
2458      0
2459      85.4317
2460      56.1393
2461      0
2462      0
2463      58.9305
2464      0
2465      95.0986
2466      71.7067
2467      0
2468      96.9973
2469      0
2470      0
2471      0
2472      0
2473      0
2474      94.3491
2475      74.3081
2476      0
2477      97.4509
2478      0
2479      93.199
2480      89.4754
2481      93.6409
2482      0
2483      98.4091
2484      98.1693
2485      0
2486      0
2487      79.7137
2488      0
2489      76.3456
2490      45.7402
2491      83.0269
2492      82.6475
2493      0
2494      88.3892
2495      0
2496      95.2148
2497      0
2498      99.2848
2499      0
       76992.8
