0      99
1      100
2      0
3      99
4      94
5      0
6      77
7      80
8      0
9      89
10      90
11      39
12      0
13      88
14      0
15      0
16      0
17      0
18      0
19      0
20      98
21      98
22      0
23      100
24      75
25      87
26      97
27      79
28      98
29      100
30      100
31      0
32      73
33      100
34      97
35      0
36      0
37      96
38      92
39      63
40      0
41      78
42      99
43      0
44      0
45      100
46      97
47      0
48      90
49      0
50      100
51      87
52      97
53      0
54      99
55      0
56      100
57      54
58      0
59      0
60      98
61      0
62      67
63      100
64      65
65      0
66      0
67      85
68      0
69      0
70      79
71      68
72      0
73      88
74      51
75      0
76      93
77      99
78      96
79      91
80      99
81      93
82      95
83      62
84      100
85      0
86      0
87      0
88      0
89      97
90      97
91      0
92      97
93      85
94      41
95      0
96      98
97      0
98      80
99      0
100      60
101      93
102      58
103      99
104      100
105      99
106      100
107      99
108      97
109      0
110      0
111      0
112      94
113      0
114      97
115      92
116      76
117      96
118      79
119      0
120      0
121      0
122      97
123      84
124      60
125      100
126      58
127      100
128      99
129      0
130      0
131      89
132      70
133      0
134      68
135      97
136      96
137      0
138      88
139      0
140      28
141      0
142      74
143      81
144      97
145      0
146      64
147      100
148      96
149      74
150      87
151      0
152      100
153      98
154      0
155      0
156      61
157      43
158      87
159      98
160      51
161      0
162      0
163      0
164      76
165      0
166      87
167      98
168      94
169      99
170      0
171      94
172      0
173      74
174      0
175      0
176      56
177      99
178      93
179      91
180      93
181      0
182      99
183      96
184      92
185      99
186      56
187      53
188      99
189      0
190      97
191      100
192      99
193      89
194      0
195      0
196      94
197      74
198      0
199      71
200      78
201      82
202      88
203      0
204      100
205      100
206      0
207      76
208      78
209      100
210      0
211      0
212      0
213      68
214      0
215      0
216      100
217      100
218      99
219      0
220      91
221      54
222      95
223      99
224      0
225      94
226      74
227      75
228      75
229      99
230      86
231      100
232      90
233      100
234      0
235      0
236      0
237      0
238      80
239      100
240      0
241      100
242      47
243      77
244      0
245      100
246      99
247      0
248      98
249      0
250      0
251      0
252      0
253      0
254      68
255      100
256      100
257      76
258      89
259      0
260      99
261      74
262      0
263      100
264      0
265      82
266      97
267      100
268      0
269      76
270      81
271      97
272      99
273      0
274      99
275      100
276      100
277      100
278      0
279      0
280      100
281      94
282      96
283      56
284      76
285      100
286      0
287      80
288      0
289      0
290      33
291      0
292      100
293      0
294      0
295      0
296      0
297      60
298      96
299      99
300      93
301      0
302      0
303      47
304      92
305      65
306      0
307      99
308      0
309      90
310      0
311      0
312      0
313      0
314      100
315      62
316      0
317      98
318      68
319      90
320      93
321      97
322      97
323      72
324      35
325      97
326      60
327      100
328      99
329      80
330      0
331      97
332      81
333      100
334      98
335      0
336      83
337      95
338      37
339      0
340      55
341      0
342      87
343      0
344      100
345      99
346      77
347      49
348      97
349      65
350      60
351      99
352      0
353      99
354      50
355      0
356      84
357      96
358      57
359      0
360      88
361      82
362      95
363      0
364      98
365      99
366      80
367      100
368      60
369      98
370      84
371      93
372      0
373      90
374      0
375      65
376      100
377      92
378      100
379      98
380      100
381      0
382      100
383      98
384      91
385      99
386      0
387      65
388      0
389      0
390      100
391      80
392      100
393      0
394      0
395      58
396      69
397      97
398      96
399      90
400      74
401      0
402      0
403      0
404      0
405      88
406      75
407      66
408      93
409      100
410      0
411      0
412      0
413      62
414      0
415      76
416      54
417      0
418      98
419      92
420      0
421      0
422      98
423      65
424      95
425      100
426      99
427      80
428      0
429      100
430      100
431      99
432      79
433      0
434      71
435      0
436      59
437      0
438      0
439      77
440      100
441      0
442      100
443      89
444      80
445      100
446      100
447      0
448      92
449      0
450      96
451      100
452      97
453      0
454      63
455      98
456      0
457      100
458      0
459      0
460      98
461      0
462      0
463      98
464      0
465      42
466      0
467      73
468      61
469      0
470      0
471      99
472      75
473      97
474      0
475      100
476      98
477      75
478      100
479      99
480      0
481      62
482      0
483      0
484      0
485      0
486      100
487      94
488      0
489      0
490      91
491      61
492      0
493      97
494      95
495      0
496      95
497      91
498      0
499      67
500      99
501      55
502      57
503      0
504      0
505      96
506      55
507      74
508      97
509      100
510      100
511      100
512      97
513      45
514      0
515      100
516      91
517      99
518      0
519      100
520      100
521      100
522      0
523      94
524      99
525      95
526      98
527      50
528      94
529      65
530      71
531      0
532      0
533      0
534      80
535      65
536      96
537      100
538      0
539      96
540      99
541      100
542      93
543      99
544      95
545      0
546      98
547      0
548      75
549      0
550      0
551      100
552      0
553      91
554      100
555      98
556      0
557      0
558      0
559      61
560      99
561      0
562      0
563      0
564      0
565      67
566      0
567      39
568      0
569      99
570      99
571      0
572      0
573      92
574      100
575      85
576      95
577      67
578      0
579      0
580      0
581      68
582      0
583      0
584      0
585      0
586      96
587      65
588      0
589      97
590      0
591      94
592      0
593      96
594      98
595      98
596      95
597      0
598      0
599      64
600      98
601      0
602      0
603      100
604      100
605      0
606      98
607      100
608      0
609      98
610      100
611      94
612      90
613      100
614      99
615      100
616      92
617      0
618      98
619      100
620      98
621      71
622      0
623      0
624      100
625      0
626      100
627      0
628      100
629      0
630      96
631      100
632      42
633      100
634      100
635      45
636      0
637      93
638      0
639      0
640      0
641      0
642      86
643      86
644      93
645      0
646      84
647      0
648      98
649      0
650      0
651      98
652      0
653      100
654      100
655      0
656      94
657      0
658      98
659      85
660      71
661      0
662      0
663      69
664      0
665      62
666      37
667      88
668      0
669      84
670      0
671      100
672      94
673      79
674      0
675      0
676      0
677      0
678      96
679      0
680      0
681      98
682      98
683      91
684      0
685      82
686      99
687      100
688      100
689      96
690      87
691      87
692      91
693      100
694      0
695      98
696      92
697      100
698      80
699      68
700      96
701      82
702      0
703      88
704      0
705      63
706      0
707      0
708      97
709      93
710      36
711      0
712      95
713      93
714      56
715      98
716      81
717      80
718      100
719      0
720      68
721      0
722      86
723      0
724      100
725      68
726      0
727      100
728      0
729      70
730      43
731      95
732      96
733      71
734      0
735      100
736      0
737      0
738      98
739      82
740      56
741      100
742      0
743      99
744      95
745      57
746      99
747      81
748      100
749      0
750      83
751      95
752      0
753      96
754      70
755      100
756      81
757      69
758      0
759      98
760      90
761      95
762      62
763      0
764      87
765      99
766      69
767      0
768      81
769      0
770      100
771      0
772      0
773      83
774      84
775      75
776      100
777      0
778      0
779      79
780      0
781      92
782      0
783      97
784      0
785      0
786      98
787      100
788      98
789      92
790      0
791      72
792      98
793      100
794      0
795      0
796      0
797      98
798      0
799      99
800      78
801      0
802      100
803      100
804      42
805      0
806      0
807      98
808      48
809      0
810      98
811      99
812      89
813      95
814      94
815      100
816      100
817      80
818      100
819      0
820      97
821      0
822      0
823      0
824      87
825      0
826      0
827      100
828      100
829      99
830      0
831      86
832      94
833      90
834      0
835      0
836      100
837      0
838      0
839      100
840      79
841      95
842      99
843      49
844      97
845      100
846      0
847      99
848      91
849      89
850      80
851      0
852      100
853      52
854      100
855      93
856      85
857      96
858      99
859      93
860      100
861      79
862      74
863      40
864      53
865      0
866      100
867      97
868      25
869      75
870      100
871      0
872      0
873      0
874      0
875      100
876      93
877      0
878      70
879      0
880      0
881      100
882      95
883      0
884      0
885      59
886      99
887      0
888      90
889      73
890      85
891      99
892      0
893      100
894      0
895      0
896      67
897      0
898      0
899      89
900      99
901      100
902      0
903      0
904      99
905      99
906      92
907      100
908      84
909      72
910      100
911      52
912      75
913      82
914      83
915      0
916      100
917      0
918      0
919      0
920      0
921      0
922      0
923      0
924      76
925      0
926      0
927      67
928      90
929      0
930      0
931      0
932      98
933      100
934      86
935      100
936      0
937      95
938      98
939      0
940      100
941      98
942      0
943      100
944      92
945      100
946      0
947      67
948      0
949      94
950      52
951      93
952      96
953      73
954      0
955      96
956      0
957      99
958      0
959      93
960      100
961      85
962      66
963      0
964      50
965      0
966      100
967      98
968      0
969      0
970      41
971      100
972      0
973      95
974      0
975      100
976      100
977      0
978      99
979      0
980      0
981      100
982      0
983      99
984      0
985      0
986      0
987      0
988      99
989      97
990      77
991      69
992      94
993      95
994      90
995      95
996      90
997      0
998      100
999      89
       32278.6
