0      88
1      100
2      52
3      100
4      0
5      0
6      100
7      100
8      66
9      100
10      99
11      0
12      99
13      92
14      0
15      0
16      0
17      0
18      0
19      67
20      0
21      74
22      0
23      49
24      0
25      100
26      82
27      79
28      82
29      66
30      100
31      56
32      100
33      100
34      71
35      56
36      0
37      100
38      73
39      100
40      100
41      97
42      100
43      81
44      58
45      100
46      0
47      78
48      100
49      100
50      100
51      99
52      61
53      92
54      0
55      36
56      100
57      100
58      0
59      85
60      89
61      70
62      100
63      0
64      91
65      84
66      99
67      0
68      100
69      0
70      100
71      50
72      82
73      100
74      100
75      0
76      61
77      63
78      0
79      0
80      0
81      70
82      0
83      0
84      97
85      0
86      100
87      100
88      0
89      0
90      100
91      0
92      100
93      0
94      100
95      63
96      99
97      46
98      100
99      73
       3399.4
