0      0
1      100
2      66
3      59
4      87
5      0
6      0
7      98
8      95
9      88
10      0
11      100
12      0
13      0
14      0
15      0
16      100
17      100
18      0
19      57
20      77
21      0
22      0
23      100
24      0
25      71
26      0
27      0
28      0
29      100
30      0
31      100
32      100
33      100
34      100
35      67
36      0
37      99
38      100
39      75
40      57
41      100
42      100
43      84
44      100
45      97
46      98
47      95
48      0
49      97
50      0
51      58
52      0
53      100
54      100
55      100
56      0
57      91
58      0
59      100
60      72
61      75
62      100
63      0
64      0
65      75
66      56
67      73
68      0
69      71
70      68
71      0
72      0
73      100
74      100
75      100
76      91
77      84
78      0
79      100
80      0
81      100
82      0
83      75
84      100
85      0
86      0
87      85
88      100
89      0
90      84
91      0
92      73
93      60
94      0
95      100
96      100
97      100
98      92
99      0
       3622.03
