0      0
1      100
2      58
3      100
4      100
5      0
6      0
7      0
8      92
9      0
10      90
11      52
12      99
13      0
14      100
15      97
16      0
17      79
18      100
19      86
20      0
21      0
22      85
23      100
24      0
25      0
26      0
27      74
28      0
29      99
30      0
31      61
32      0
33      0
34      99
35      0
36      100
37      0
38      100
39      0
40      53
41      0
42      99
43      0
44      0
45      0
46      94
47      100
48      88
49      0
50      0
51      100
52      89
53      98
54      100
55      100
56      100
57      59
58      62
59      31
60      80
61      99
62      67
63      62
64      0
65      100
66      98
67      100
68      81
69      0
70      83
71      100
72      100
73      78
74      100
75      100
76      100
77      73
78      43
79      0
80      96
81      100
82      84
83      76
84      0
85      96
86      100
87      82
88      100
89      87
90      0
91      100
92      0
93      83
94      88
95      66
96      90
97      95
98      99
99      0
100      0
101      0
102      67
103      0
104      100
105      100
106      0
107      0
108      73
109      89
110      99
111      100
112      0
113      89
114      100
115      100
116      64
117      0
118      99
119      75
120      100
121      61
122      67
123      100
124      81
125      99
126      65
127      91
128      100
129      82
130      100
131      0
132      100
133      73
134      0
135      100
136      100
137      81
138      100
139      100
140      98
141      100
142      52
143      49
144      0
145      0
146      0
147      70
148      89
149      0
150      0
151      61
152      0
153      93
154      99
155      47
156      100
157      100
158      100
159      69
160      100
161      100
162      0
163      100
164      65
165      100
166      0
167      73
168      0
169      0
170      0
171      0
172      85
173      0
174      45
175      0
176      100
177      100
178      55
179      100
180      0
181      95
182      85
183      100
184      100
185      45
186      85
187      89
188      98
189      98
190      0
191      0
192      70
193      100
194      98
195      0
196      100
197      0
198      0
199      0
       6979.7
