0      0
1      0
2      85
3      97
4      0
5      0
6      87
7      94
8      94
9      68
10      77
11      92
12      0
13      81
14      96
15      0
16      88
17      0
18      95
19      79
20      90
21      85
22      0
23      0
24      0
25      93
26      78
27      99
28      65
29      0
30      94
31      85
32      0
33      96
34      0
35      100
36      98
37      0
38      96
39      58
40      65
41      0
42      0
43      0
44      0
45      54
46      0
47      72
48      99
49      88
50      92
51      0
52      91
53      57
54      73
55      0
56      0
57      94
58      76
59      93
60      74
61      0
62      99
63      93
64      83
65      0
66      100
67      77
68      88
69      0
70      94
71      66
72      71
73      69
74      0
75      69
76      0
77      75
78      90
79      91
80      0
81      0
82      96
83      93
84      96
85      0
86      98
87      0
88      88
89      65
90      0
91      0
92      0
93      97
94      0
95      93
96      0
97      99
98      0
99      68
100      97
101      0
102      0
103      0
104      96
105      91
106      0
107      78
108      100
109      100
110      89
111      90
112      97
113      0
114      100
115      85
116      67
117      87
118      90
119      96
120      95
121      87
122      98
123      0
124      99
125      0
126      95
127      100
128      0
129      0
130      95
131      91
132      99
133      0
134      98
135      96
136      92
137      0
138      0
139      0
140      85
141      0
142      92
143      96
144      100
145      93
146      92
147      66
148      0
149      98
150      73
151      84
152      96
153      0
154      95
155      0
156      0
157      67
158      0
159      98
160      0
161      0
162      0
163      63
164      0
165      0
166      96
167      88
168      62
169      0
170      0
171      87
172      100
173      0
174      100
175      79
176      0
177      97
178      88
179      92
180      0
181      100
182      64
183      0
184      96
185      99
186      0
187      88
188      98
189      73
190      81
191      56
192      46
193      0
194      0
195      97
196      94
197      76
198      100
199      73
200      82
201      0
202      87
203      60
204      100
205      87
206      0
207      86
208      81
209      100
210      79
211      99
212      0
213      77
214      98
215      0
216      100
217      0
218      90
219      89
220      0
221      86
222      73
223      0
224      4
225      0
226      0
227      0
228      0
229      62
230      73
231      99
232      95
233      92
234      99
235      73
236      85
237      100
238      86
239      96
240      0
241      0
242      63
243      79
244      90
245      0
246      0
247      0
248      0
249      92
250      83
251      96
252      0
253      98
254      0
255      87
256      0
257      95
258      0
259      0
260      0
261      0
262      100
263      0
264      58
265      0
266      0
267      87
268      77
269      99
270      99
271      0
272      99
273      99
274      98
275      74
276      85
277      84
278      95
279      99
280      83
281      72
282      79
283      96
284      89
285      0
286      86
287      84
288      0
289      93
290      63
291      76
292      0
293      100
294      58
295      95
296      100
297      57
298      88
299      92
300      0
301      95
302      0
303      94
304      100
305      73
306      95
307      97
308      0
309      0
310      0
311      76
312      0
313      99
314      0
315      76
316      97
317      52
318      32
319      94
320      90
321      89
322      0
323      93
324      100
325      67
326      94
327      90
328      70
329      71
330      86
331      65
332      0
333      91
334      0
335      78
336      91
337      0
338      0
339      92
340      92
341      80
342      76
343      95
344      99
345      32
346      90
347      75
348      0
349      0
350      73
351      0
352      0
353      95
354      98
355      76
356      0
357      96
358      0
359      97
360      70
361      0
362      69
363      99
364      86
365      89
366      56
367      54
368      0
369      65
370      96
371      0
372      0
373      100
374      0
375      87
376      0
377      87
378      0
379      82
380      61
381      0
382      0
383      76
384      0
385      97
386      0
387      0
388      97
389      0
390      100
391      0
392      78
393      95
394      85
395      94
396      0
397      88
398      94
399      0
400      0
401      89
402      0
403      83
404      76
405      91
406      0
407      99
408      0
409      91
410      100
411      89
412      77
413      0
414      98
415      0
416      95
417      0
418      95
419      0
420      90
421      0
422      87
423      0
424      88
425      66
426      97
427      0
428      99
429      0
430      0
431      0
432      0
433      0
434      96
435      90
436      79
437      0
438      97
439      98
440      84
441      65
442      0
443      0
444      0
445      87
446      0
447      0
448      75
449      98
450      97
451      92
452      100
453      84
454      0
455      0
456      86
457      0
458      95
459      88
460      83
461      0
462      0
463      0
464      78
465      94
466      99
467      0
468      90
469      80
470      86
471      0
472      93
473      98
474      91
475      86
476      92
477      68
478      0
479      84
480      84
481      91
482      91
483      0
484      0
485      0
486      98
487      76
488      94
489      0
490      0
491      83
492      0
493      99
494      81
495      0
496      81
497      79
498      92
499      86
500      79
501      85
502      99
503      61
504      0
505      0
506      0
507      93
508      91
509      75
510      68
511      95
512      0
513      0
514      89
515      0
516      0
517      98
518      79
519      98
520      97
521      100
522      0
523      0
524      92
525      0
526      84
527      70
528      0
529      75
530      0
531      55
532      0
533      94
534      92
535      0
536      91
537      82
538      0
539      56
540      0
541      73
542      0
543      96
544      97
545      96
546      0
547      0
548      0
549      0
550      100
551      0
552      0
553      69
554      0
555      86
556      76
557      0
558      53
559      76
560      0
561      0
562      0
563      74
564      100
565      95
566      0
567      99
568      88
569      0
570      82
571      0
572      0
573      96
574      94
575      54
576      86
577      56
578      98
579      93
580      0
581      83
582      0
583      98
584      86
585      70
586      94
587      0
588      0
589      65
590      85
591      0
592      84
593      94
594      98
595      0
596      95
597      98
598      99
599      96
600      66
601      95
602      0
603      99
604      0
605      0
606      53
607      0
608      0
609      0
610      0
611      0
612      99
613      94
614      0
615      87
616      92
617      91
618      100
619      99
620      83
621      0
622      92
623      69
624      94
625      0
626      81
627      82
628      59
629      0
630      83
631      0
632      0
633      97
634      67
635      0
636      100
637      78
638      76
639      100
640      0
641      72
642      0
643      99
644      0
645      0
646      59
647      84
648      0
649      78
650      0
651      0
652      0
653      0
654      99
655      67
656      0
657      82
658      0
659      89
660      96
661      0
662      0
663      74
664      100
665      93
666      95
667      81
668      100
669      90
670      78
671      89
672      0
673      64
674      77
675      0
676      100
677      77
678      52
679      0
680      0
681      85
682      97
683      0
684      0
685      84
686      0
687      97
688      86
689      0
690      64
691      99
692      0
693      84
694      88
695      80
696      0
697      81
698      99
699      0
700      51
701      94
702      0
703      74
704      92
705      0
706      95
707      86
708      0
709      0
710      97
711      100
712      90
713      0
714      97
715      97
716      0
717      0
718      89
719      56
720      78
721      61
722      97
723      99
724      0
725      0
726      0
727      0
728      47
729      0
730      57
731      0
732      93
733      0
734      89
735      0
736      87
737      0
738      93
739      98
740      0
741      0
742      96
743      77
744      0
745      0
746      0
747      99
748      97
749      0
750      65
751      0
752      80
753      98
754      0
755      0
756      83
757      100
758      91
759      75
760      0
761      66
762      0
763      95
764      75
765      98
766      98
767      80
768      0
769      100
770      74
771      0
772      0
773      75
774      0
775      90
776      94
777      0
778      0
779      97
780      85
781      97
782      95
783      87
784      95
785      95
786      0
787      0
788      0
789      70
790      90
791      76
792      0
793      0
794      98
795      90
796      0
797      93
798      0
799      77
800      95
801      0
802      94
803      0
804      82
805      88
806      97
807      99
808      98
809      98
810      72
811      100
812      63
813      85
814      0
815      87
816      0
817      0
818      0
819      0
820      65
821      99
822      0
823      0
824      98
825      0
826      80
827      84
828      0
829      0
830      98
831      65
832      74
833      80
834      85
835      0
836      97
837      98
838      0
839      92
840      0
841      95
842      86
843      0
844      89
845      100
846      87
847      100
848      100
849      62
850      100
851      92
852      84
853      0
854      0
855      86
856      97
857      91
858      72
859      0
860      0
861      0
862      79
863      96
864      88
865      85
866      0
867      76
868      0
869      63
870      40
871      92
872      54
873      0
874      0
875      93
876      0
877      78
878      82
879      99
880      0
881      0
882      80
883      100
884      0
885      98
886      0
887      0
888      96
889      0
890      0
891      93
892      0
893      86
894      97
895      0
896      0
897      0
898      64
899      100
900      91
901      0
902      97
903      100
904      96
905      0
906      99
907      0
908      0
909      100
910      100
911      80
912      96
913      89
914      98
915      91
916      0
917      0
918      0
919      77
920      98
921      0
922      92
923      96
924      0
925      99
926      97
927      66
928      98
929      90
930      69
931      0
932      94
933      0
934      0
935      87
936      0
937      0
938      57
939      82
940      0
941      94
942      0
943      0
944      92
945      0
946      98
947      91
948      76
949      84
950      0
951      0
952      0
953      89
954      0
955      0
956      98
957      93
958      76
959      96
960      94
961      0
962      0
963      0
964      0
965      88
966      0
967      97
968      98
969      94
970      0
971      91
972      51
973      62
974      75
975      92
976      97
977      0
978      0
979      0
980      76
981      94
982      99
983      0
984      91
985      71
986      0
987      98
988      70
989      65
990      89
991      70
992      0
993      94
994      87
995      0
996      0
997      0
998      92
999      91
1000      0
1001      99
1002      0
1003      0
1004      59
1005      0
1006      0
1007      99
1008      81
1009      0
1010      0
1011      0
1012      95
1013      96
1014      0
1015      94
1016      81
1017      82
1018      0
1019      51
1020      0
1021      93
1022      78
1023      0
1024      96
1025      77
1026      97
1027      87
1028      0
1029      85
1030      93
1031      77
1032      0
1033      0
1034      53
1035      0
1036      92
1037      0
1038      0
1039      62
1040      0
1041      0
1042      74
1043      0
1044      91
1045      0
1046      94
1047      58
1048      100
1049      0
1050      0
1051      91
1052      0
1053      0
1054      100
1055      100
1056      88
1057      65
1058      0
1059      0
1060      97
1061      0
1062      96
1063      0
1064      0
1065      0
1066      0
1067      99
1068      0
1069      93
1070      0
1071      0
1072      74
1073      97
1074      0
1075      66
1076      81
1077      0
1078      0
1079      0
1080      100
1081      0
1082      0
1083      56
1084      87
1085      65
1086      96
1087      0
1088      44
1089      61
1090      85
1091      0
1092      97
1093      75
1094      0
1095      0
1096      73
1097      0
1098      0
1099      88
1100      96
1101      100
1102      86
1103      79
1104      63
1105      66
1106      79
1107      56
1108      0
1109      98
1110      96
1111      0
1112      97
1113      0
1114      89
1115      0
1116      97
1117      0
1118      74
1119      89
1120      90
1121      40
1122      0
1123      0
1124      91
1125      98
1126      94
1127      70
1128      96
1129      90
1130      0
1131      92
1132      0
1133      99
1134      0
1135      0
1136      93
1137      75
1138      0
1139      91
1140      100
1141      100
1142      92
1143      0
1144      96
1145      99
1146      0
1147      68
1148      90
1149      0
1150      87
1151      78
1152      93
1153      89
1154      0
1155      96
1156      89
1157      74
1158      0
1159      0
1160      98
1161      83
1162      0
1163      98
1164      87
1165      0
1166      0
1167      70
1168      94
1169      97
1170      0
1171      0
1172      96
1173      69
1174      95
1175      98
1176      96
1177      0
1178      82
1179      98
1180      0
1181      94
1182      0
1183      79
1184      0
1185      0
1186      0
1187      90
1188      0
1189      0
1190      99
1191      68
1192      58
1193      99
1194      78
1195      0
1196      0
1197      75
1198      79
1199      0
1200      0
1201      0
1202      0
1203      95
1204      100
1205      0
1206      0
1207      93
1208      87
1209      0
1210      0
1211      0
1212      0
1213      0
1214      98
1215      0
1216      0
1217      90
1218      92
1219      91
1220      91
1221      79
1222      83
1223      100
1224      0
1225      88
1226      60
1227      91
1228      86
1229      0
1230      0
1231      86
1232      0
1233      0
1234      90
1235      90
1236      90
1237      0
1238      89
1239      67
1240      66
1241      93
1242      0
1243      0
1244      73
1245      0
1246      0
1247      100
1248      0
1249      94
1250      97
1251      87
1252      0
1253      89
1254      88
1255      96
1256      96
1257      45
1258      78
1259      80
1260      0
1261      90
1262      94
1263      0
1264      99
1265      93
1266      44
1267      0
1268      98
1269      0
1270      86
1271      74
1272      0
1273      90
1274      0
1275      94
1276      86
1277      0
1278      0
1279      93
1280      0
1281      0
1282      81
1283      47
1284      0
1285      0
1286      99
1287      0
1288      0
1289      99
1290      0
1291      0
1292      99
1293      0
1294      100
1295      0
1296      53
1297      41
1298      91
1299      98
1300      100
1301      86
1302      69
1303      90
1304      81
1305      89
1306      72
1307      0
1308      95
1309      0
1310      99
1311      0
1312      0
1313      61
1314      0
1315      90
1316      0
1317      99
1318      0
1319      0
1320      0
1321      62
1322      51
1323      91
1324      87
1325      52
1326      95
1327      60
1328      95
1329      91
1330      67
1331      0
1332      90
1333      0
1334      95
1335      76
1336      44
1337      0
1338      98
1339      0
1340      70
1341      100
1342      0
1343      99
1344      94
1345      0
1346      35
1347      84
1348      0
1349      0
1350      94
1351      0
1352      0
1353      0
1354      0
1355      99
1356      35
1357      75
1358      95
1359      0
1360      85
1361      91
1362      96
1363      86
1364      92
1365      0
1366      0
1367      96
1368      72
1369      87
1370      0
1371      90
1372      0
1373      0
1374      0
1375      68
1376      88
1377      92
1378      87
1379      87
1380      95
1381      95
1382      0
1383      75
1384      100
1385      32
1386      97
1387      0
1388      0
1389      0
1390      96
1391      0
1392      0
1393      0
1394      95
1395      96
1396      95
1397      60
1398      95
1399      98
1400      76
1401      98
1402      0
1403      90
1404      0
1405      0
1406      45
1407      0
1408      99
1409      81
1410      0
1411      0
1412      65
1413      65
1414      0
1415      95
1416      99
1417      0
1418      91
1419      94
1420      88
1421      93
1422      83
1423      86
1424      84
1425      60
1426      91
1427      84
1428      0
1429      83
1430      78
1431      0
1432      0
1433      82
1434      0
1435      90
1436      97
1437      95
1438      0
1439      99
1440      78
1441      0
1442      89
1443      73
1444      0
1445      87
1446      0
1447      95
1448      59
1449      49
1450      97
1451      96
1452      80
1453      68
1454      97
1455      0
1456      99
1457      99
1458      0
1459      77
1460      86
1461      0
1462      0
1463      93
1464      0
1465      93
1466      87
1467      96
1468      92
1469      0
1470      0
1471      0
1472      93
1473      94
1474      93
1475      92
1476      94
1477      88
1478      93
1479      65
1480      97
1481      0
1482      64
1483      78
1484      0
1485      78
1486      0
1487      92
1488      0
1489      0
1490      98
1491      0
1492      72
1493      100
1494      0
1495      68
1496      0
1497      98
1498      85
1499      0
1500      0
1501      0
1502      100
1503      0
1504      80
1505      92
1506      84
1507      94
1508      100
1509      64
1510      79
1511      89
1512      0
1513      0
1514      94
1515      97
1516      0
1517      98
1518      0
1519      98
1520      0
1521      0
1522      94
1523      83
1524      0
1525      82
1526      0
1527      0
1528      0
1529      68
1530      94
1531      94
1532      0
1533      0
1534      0
1535      0
1536      93
1537      68
1538      0
1539      98
1540      97
1541      55
1542      95
1543      97
1544      0
1545      0
1546      0
1547      71
1548      88
1549      0
1550      93
1551      97
1552      0
1553      0
1554      84
1555      91
1556      0
1557      97
1558      94
1559      100
1560      86
1561      100
1562      97
1563      77
1564      82
1565      0
1566      97
1567      0
1568      0
1569      85
1570      0
1571      95
1572      0
1573      0
1574      71
1575      82
1576      66
1577      0
1578      0
1579      99
1580      59
1581      86
1582      100
1583      0
1584      0
1585      94
1586      0
1587      0
1588      98
1589      0
1590      44
1591      98
1592      0
1593      77
1594      0
1595      0
1596      95
1597      100
1598      0
1599      0
1600      0
1601      0
1602      0
1603      85
1604      0
1605      94
1606      0
1607      68
1608      97
1609      60
1610      62
1611      0
1612      0
1613      89
1614      81
1615      61
1616      91
1617      81
1618      0
1619      57
1620      0
1621      0
1622      91
1623      78
1624      75
1625      98
1626      0
1627      97
1628      0
1629      0
1630      96
1631      92
1632      96
1633      0
1634      70
1635      0
1636      0
1637      90
1638      92
1639      0
1640      0
1641      77
1642      86
1643      89
1644      100
1645      98
1646      98
1647      0
1648      0
1649      0
1650      0
1651      0
1652      0
1653      0
1654      0
1655      93
1656      95
1657      79
1658      90
1659      99
1660      96
1661      84
1662      99
1663      0
1664      0
1665      59
1666      0
1667      61
1668      0
1669      97
1670      76
1671      94
1672      98
1673      0
1674      0
1675      0
1676      94
1677      100
1678      0
1679      0
1680      94
1681      100
1682      0
1683      59
1684      0
1685      0
1686      0
1687      86
1688      59
1689      99
1690      95
1691      84
1692      34
1693      100
1694      99
1695      0
1696      99
1697      0
1698      81
1699      93
1700      0
1701      95
1702      0
1703      0
1704      86
1705      96
1706      93
1707      83
1708      60
1709      0
1710      96
1711      92
1712      96
1713      43
1714      0
1715      0
1716      98
1717      85
1718      97
1719      86
1720      95
1721      0
1722      0
1723      0
1724      76
1725      0
1726      91
1727      86
1728      0
1729      51
1730      0
1731      0
1732      87
1733      69
1734      95
1735      94
1736      95
1737      0
1738      0
1739      0
1740      89
1741      96
1742      0
1743      0
1744      95
1745      85
1746      87
1747      0
1748      96
1749      55
1750      0
1751      95
1752      95
1753      0
1754      80
1755      82
1756      0
1757      0
1758      71
1759      0
1760      0
1761      61
1762      83
1763      0
1764      0
1765      96
1766      83
1767      44
1768      56
1769      90
1770      93
1771      77
1772      98
1773      99
1774      0
1775      0
1776      79
1777      87
1778      97
1779      80
1780      0
1781      0
1782      73
1783      61
1784      95
1785      77
1786      94
1787      99
1788      0
1789      0
1790      0
1791      95
1792      94
1793      0
1794      0
1795      98
1796      0
1797      93
1798      95
1799      0
1800      60
1801      98
1802      0
1803      89
1804      99
1805      95
1806      87
1807      82
1808      100
1809      91
1810      88
1811      91
1812      0
1813      79
1814      62
1815      0
1816      91
1817      96
1818      100
1819      0
1820      0
1821      97
1822      0
1823      97
1824      98
1825      0
1826      48
1827      98
1828      100
1829      0
1830      0
1831      0
1832      66
1833      0
1834      0
1835      85
1836      62
1837      0
1838      0
1839      83
1840      90
1841      0
1842      100
1843      80
1844      0
1845      0
1846      98
1847      0
1848      0
1849      97
1850      0
1851      56
1852      0
1853      99
1854      88
1855      0
1856      0
1857      0
1858      98
1859      98
1860      69
1861      0
1862      94
1863      99
1864      0
1865      82
1866      82
1867      55
1868      29
1869      97
1870      0
1871      85
1872      0
1873      99
1874      0
1875      0
1876      0
1877      79
1878      86
1879      97
1880      0
1881      99
1882      40
1883      88
1884      71
1885      57
1886      39
1887      91
1888      93
1889      99
1890      48
1891      100
1892      94
1893      0
1894      91
1895      96
1896      83
1897      68
1898      100
1899      91
1900      73
1901      78
1902      0
1903      89
1904      91
1905      0
1906      0
1907      0
1908      91
1909      0
1910      0
1911      82
1912      0
1913      100
1914      53
1915      91
1916      0
1917      0
1918      100
1919      100
1920      90
1921      0
1922      0
1923      67
1924      0
1925      0
1926      89
1927      82
1928      0
1929      87
1930      95
1931      50
1932      84
1933      100
1934      83
1935      96
1936      83
1937      98
1938      99
1939      0
1940      44
1941      0
1942      0
1943      0
1944      97
1945      80
1946      98
1947      0
1948      0
1949      100
1950      89
1951      57
1952      0
1953      86
1954      87
1955      0
1956      0
1957      0
1958      0
1959      73
1960      0
1961      88
1962      76
1963      99
1964      0
1965      0
1966      100
1967      99
1968      90
1969      0
1970      66
1971      91
1972      98
1973      82
1974      0
1975      85
1976      92
1977      0
1978      74
1979      0
1980      88
1981      0
1982      0
1983      0
1984      74
1985      92
1986      0
1987      97
1988      99
1989      75
1990      97
1991      0
1992      90
1993      0
1994      0
1995      0
1996      71
1997      82
1998      96
1999      77
2000      87
2001      0
2002      100
2003      0
2004      95
2005      81
2006      0
2007      83
2008      75
2009      0
2010      92
2011      0
2012      0
2013      83
2014      90
2015      89
2016      80
2017      97
2018      0
2019      89
2020      63
2021      100
2022      98
2023      94
2024      73
2025      0
2026      0
2027      75
2028      0
2029      71
2030      68
2031      69
2032      94
2033      85
2034      91
2035      92
2036      0
2037      0
2038      100
2039      96
2040      97
2041      81
2042      62
2043      0
2044      0
2045      87
2046      95
2047      0
2048      0
2049      0
2050      60
2051      0
2052      0
2053      97
2054      79
2055      87
2056      75
2057      0
2058      96
2059      86
2060      0
2061      0
2062      80
2063      0
2064      90
2065      85
2066      0
2067      95
2068      0
2069      99
2070      0
2071      80
2072      97
2073      0
2074      93
2075      75
2076      89
2077      0
2078      80
2079      99
2080      0
2081      71
2082      81
2083      98
2084      0
2085      92
2086      0
2087      70
2088      0
2089      93
2090      0
2091      0
2092      77
2093      93
2094      64
2095      52
2096      0
2097      65
2098      91
2099      69
2100      93
2101      99
2102      71
2103      92
2104      96
2105      83
2106      0
2107      100
2108      0
2109      0
2110      0
2111      0
2112      73
2113      68
2114      86
2115      81
2116      0
2117      78
2118      92
2119      0
2120      0
2121      0
2122      0
2123      0
2124      0
2125      0
2126      99
2127      0
2128      0
2129      0
2130      0
2131      0
2132      0
2133      75
2134      40
2135      0
2136      0
2137      55
2138      95
2139      0
2140      0
2141      97
2142      100
2143      39
2144      86
2145      94
2146      87
2147      0
2148      0
2149      0
2150      96
2151      88
2152      83
2153      0
2154      100
2155      0
2156      73
2157      91
2158      98
2159      79
2160      90
2161      0
2162      82
2163      68
2164      98
2165      95
2166      0
2167      92
2168      0
2169      89
2170      97
2171      95
2172      59
2173      0
2174      0
2175      93
2176      0
2177      83
2178      0
2179      89
2180      97
2181      92
2182      0
2183      97
2184      90
2185      0
2186      76
2187      73
2188      92
2189      94
2190      0
2191      99
2192      0
2193      95
2194      100
2195      100
2196      88
2197      92
2198      61
2199      92
2200      96
2201      97
2202      72
2203      47
2204      100
2205      0
2206      96
2207      72
2208      89
2209      83
2210      93
2211      99
2212      91
2213      95
2214      0
2215      89
2216      0
2217      97
2218      88
2219      0
2220      100
2221      98
2222      0
2223      79
2224      99
2225      94
2226      0
2227      100
2228      26
2229      79
2230      99
2231      79
2232      60
2233      87
2234      86
2235      100
2236      0
2237      100
2238      65
2239      67
2240      100
2241      97
2242      0
2243      54
2244      90
2245      78
2246      99
2247      0
2248      95
2249      0
2250      0
2251      0
2252      0
2253      100
2254      91
2255      75
2256      96
2257      48
2258      0
2259      0
2260      64
2261      0
2262      57
2263      0
2264      0
2265      83
2266      93
2267      0
2268      100
2269      98
2270      89
2271      86
2272      0
2273      92
2274      80
2275      89
2276      91
2277      71
2278      100
2279      78
2280      86
2281      0
2282      66
2283      71
2284      79
2285      99
2286      86
2287      99
2288      50
2289      91
2290      64
2291      0
2292      75
2293      0
2294      0
2295      0
2296      0
2297      0
2298      76
2299      58
2300      42
2301      75
2302      99
2303      0
2304      98
2305      88
2306      0
2307      99
2308      0
2309      0
2310      97
2311      45
2312      72
2313      96
2314      99
2315      94
2316      75
2317      0
2318      75
2319      0
2320      93
2321      0
2322      79
2323      76
2324      0
2325      88
2326      96
2327      47
2328      0
2329      82
2330      0
2331      89
2332      0
2333      0
2334      0
2335      99
2336      78
2337      79
2338      0
2339      0
2340      0
2341      100
2342      99
2343      98
2344      97
2345      66
2346      91
2347      67
2348      88
2349      96
2350      0
2351      91
2352      92
2353      95
2354      93
2355      81
2356      79
2357      100
2358      96
2359      0
2360      61
2361      98
2362      0
2363      91
2364      0
2365      0
2366      88
2367      0
2368      38
2369      0
2370      64
2371      88
2372      0
2373      0
2374      0
2375      0
2376      97
2377      75
2378      86
2379      96
2380      0
2381      96
2382      86
2383      81
2384      98
2385      90
2386      99
2387      0
2388      100
2389      83
2390      65
2391      100
2392      0
2393      84
2394      0
2395      0
2396      0
2397      99
2398      94
2399      93
2400      0
2401      94
2402      0
2403      94
2404      0
2405      91
2406      96
2407      0
2408      46
2409      99
2410      100
2411      0
2412      90
2413      0
2414      81
2415      0
2416      0
2417      0
2418      62
2419      0
2420      97
2421      0
2422      97
2423      90
2424      0
2425      0
2426      81
2427      92
2428      0
2429      0
2430      80
2431      0
2432      90
2433      97
2434      82
2435      0
2436      99
2437      73
2438      0
2439      0
2440      97
2441      0
2442      0
2443      0
2444      91
2445      85
2446      0
2447      0
2448      86
2449      0
2450      0
2451      98
2452      82
2453      0
2454      0
2455      0
2456      87
2457      0
2458      95
2459      94
2460      0
2461      98
2462      0
2463      44
2464      97
2465      82
2466      93
2467      0
2468      93
2469      0
2470      98
2471      0
2472      0
2473      97
2474      91
2475      0
2476      0
2477      99
2478      100
2479      93
2480      0
2481      0
2482      97
2483      67
2484      89
2485      99
2486      91
2487      71
2488      98
2489      66
2490      100
2491      0
2492      65
2493      99
2494      0
2495      0
2496      0
2497      96
2498      79
2499      0
       79754.5
