0      61
1      67
2      100
3      96
4      99
5      0
6      66
7      52
8      82
9      100
10      99
11      73
12      0
13      37
14      76
15      0
16      0
17      62
18      99
19      59
20      0
21      99
22      71
23      92
24      85
25      99
26      100
27      0
28      0
29      90
30      99
31      0
32      0
33      56
34      0
35      79
36      90
37      100
38      0
39      0
40      87
41      68
42      100
43      99
44      78
45      85
46      0
47      100
48      53
49      100
50      80
51      100
52      90
53      70
54      0
55      99
56      100
57      0
58      100
59      92
60      99
61      0
62      0
63      100
64      81
65      69
66      99
67      55
68      79
69      0
70      80
71      100
72      0
73      80
74      0
75      0
76      0
77      0
78      70
79      56
80      0
81      0
82      0
83      84
84      95
85      0
86      0
87      72
88      100
89      100
90      100
91      0
92      0
93      93
94      0
95      0
96      97
97      65
98      100
99      0
100      0
101      92
102      0
103      99
104      99
105      100
106      98
107      62
108      96
109      78
110      0
111      100
112      98
113      100
114      100
115      0
116      100
117      0
118      83
119      82
120      84
121      88
122      0
123      100
124      93
125      100
126      100
127      100
128      84
129      0
130      100
131      0
132      66
133      0
134      72
135      0
136      0
137      100
138      100
139      0
140      76
141      65
142      100
143      0
144      99
145      100
146      81
147      100
148      0
149      0
150      74
151      40
152      81
153      100
154      100
155      96
156      0
157      100
158      99
159      87
160      0
161      0
162      86
163      0
164      0
165      0
166      97
167      0
168      0
169      0
170      100
171      0
172      0
173      0
174      0
175      80
176      100
177      100
178      51
179      100
180      0
181      0
182      100
183      89
184      74
185      100
186      62
187      0
188      0
189      100
190      73
191      91
192      100
193      100
194      99
195      0
196      0
197      98
198      0
199      0
       6990.75
