0      59
1      80
2      84
3      100
4      100
5      99
6      83
7      100
8      0
9      89
10      0
11      0
12      77
13      78
14      0
15      99
16      76
17      53
18      92
19      0
20      100
21      57
22      81
23      100
24      100
25      86
26      70
27      100
28      69
29      67
30      72
31      100
32      0
33      100
34      65
35      0
36      100
37      0
38      100
39      46
40      0
41      100
42      100
43      99
44      0
45      78
46      49
47      59
48      85
49      87
50      100
51      0
52      0
53      100
54      93
55      79
56      0
57      89
58      75
59      0
60      87
61      0
62      0
63      0
64      48
65      0
66      100
67      96
68      100
69      75
70      0
71      86
72      0
73      100
74      100
75      100
76      0
77      56
78      91
79      100
80      84
81      74
82      77
83      95
84      100
85      0
86      0
87      88
88      100
89      0
90      98
91      100
92      0
93      75
94      0
95      83
96      100
97      72
98      100
99      95
100      0
101      53
102      100
103      0
104      0
105      99
106      0
107      86
108      57
109      57
110      74
111      67
112      95
113      58
114      100
115      100
116      99
117      0
118      100
119      0
120      59
121      0
122      56
123      0
124      78
125      89
126      0
127      98
128      0
129      57
130      0
131      83
132      77
133      45
134      0
135      0
136      99
137      100
138      0
139      0
140      100
141      84
142      100
143      56
144      0
145      0
146      100
147      0
148      100
149      100
150      60
151      60
152      0
153      100
154      62
155      100
156      0
157      100
158      0
159      92
160      56
161      0
162      0
163      0
164      0
165      43
166      0
167      100
168      0
169      100
170      73
171      0
172      0
173      0
174      0
175      100
176      0
177      0
178      100
179      59
180      73
181      100
182      100
183      0
184      100
185      100
186      0
187      84
188      0
189      0
190      85
191      99
192      88
193      100
194      49
195      82
196      96
197      96
198      94
199      63
       7497.01
