0      0
1      52
2      100
3      0
4      85
5      0
6      100
7      100
8      96
9      0
10      100
11      100
12      99
13      75
14      0
15      100
16      0
17      0
18      100
19      0
20      0
21      76
22      77
23      51
24      96
25      0
26      100
27      0
28      100
29      82
30      100
31      0
32      100
33      100
34      95
35      49
36      99
37      69
38      94
39      100
40      88
41      100
42      98
43      93
44      85
45      0
46      100
47      0
48      0
49      100
50      100
51      100
52      0
53      0
54      100
55      100
56      85
57      62
58      46
59      0
60      100
61      100
62      100
63      96
64      0
65      82
66      0
67      0
68      0
69      93
70      84
71      100
72      0
73      88
74      0
75      86
76      97
77      0
78      59
79      0
80      0
81      0
82      100
83      95
84      91
85      81
86      100
87      100
88      40
89      94
90      100
91      75
92      0
93      85
94      100
95      54
96      0
97      70
98      76
99      100
       3582.03
