0      0
1      0
2      100
3      75
4      100
5      52
6      50
7      52
8      100
9      100
10      100
11      100
12      100
13      96
14      84
15      100
16      100
17      71
18      73
19      100
20      94
21      0
22      0
23      100
24      100
25      83
26      0
27      100
28      66
29      45
30      99
31      81
32      0
33      54
34      0
35      0
36      0
37      0
38      0
39      100
40      0
41      56
42      0
43      0
44      0
45      100
46      53
47      0
48      55
49      0
50      0
51      0
52      0
53      90
54      59
55      0
56      89
57      48
58      100
59      100
60      79
61      0
62      77
63      99
64      0
65      0
66      96
67      0
68      100
69      0
70      0
71      0
72      100
73      0
74      89
75      0
76      100
77      91
78      66
79      0
80      50
81      80
82      37
83      99
84      75
85      100
86      0
87      0
88      92
89      81
90      0
91      0
92      0
93      0
94      100
95      61
96      61
97      87
98      0
99      70
100      48
101      0
102      0
103      100
104      83
105      100
106      100
107      100
108      98
109      90
110      92
111      86
112      99
113      99
114      0
115      0
116      87
117      0
118      71
119      0
120      0
121      98
122      100
123      100
124      0
125      0
126      100
127      0
128      55
129      100
130      96
131      0
132      100
133      47
134      100
135      100
136      0
137      100
138      68
139      0
140      0
141      100
142      100
143      94
144      82
145      100
146      0
147      86
148      100
149      0
150      94
151      71
152      77
153      0
154      0
155      0
156      100
157      0
158      100
159      75
160      0
161      100
162      92
163      59
164      0
165      76
166      0
167      0
168      97
169      0
170      100
171      100
172      0
173      100
174      0
175      0
176      100
177      53
178      0
179      59
180      100
181      90
182      0
183      100
184      0
185      95
186      100
187      85
188      38
189      100
190      57
191      90
192      100
193      0
194      100
195      0
196      92
197      100
198      100
199      100
       6210.05
