0      0
1      100
2      99
3      98
4      90
5      98
6      92
7      37
8      94
9      0
10      100
11      0
12      78
13      0
14      0
15      0
16      84
17      94
18      77
19      0
20      0
21      100
22      62
23      83
24      0
25      0
26      0
27      100
28      100
29      95
30      0
31      0
32      100
33      100
34      0
35      83
36      99
37      92
38      75
39      0
40      79
41      89
42      83
43      50
44      94
45      99
46      0
47      95
48      0
49      0
50      95
51      0
52      99
53      0
54      60
55      73
56      97
57      74
58      91
59      86
60      0
61      0
62      100
63      97
64      97
65      88
66      99
67      0
68      74
69      80
70      48
71      57
72      96
73      91
74      100
75      0
76      97
77      99
78      0
79      91
80      0
81      97
82      98
83      0
84      100
85      98
86      75
87      92
88      0
89      0
90      76
91      0
92      99
93      97
94      39
95      60
96      0
97      51
98      94
99      0
100      85
101      89
102      40
103      86
104      96
105      0
106      70
107      99
108      97
109      99
110      0
111      77
112      89
113      97
114      0
115      97
116      74
117      100
118      100
119      72
120      0
121      77
122      95
123      0
124      96
125      0
126      89
127      95
128      0
129      53
130      100
131      88
132      36
133      0
134      0
135      95
136      69
137      87
138      0
139      0
140      100
141      100
142      96
143      0
144      100
145      99
146      99
147      96
148      0
149      100
150      82
151      0
152      100
153      99
154      0
155      0
156      96
157      84
158      0
159      100
160      0
161      0
162      95
163      0
164      93
165      99
166      0
167      85
168      55
169      95
170      91
171      96
172      95
173      0
174      93
175      53
176      100
177      0
178      91
179      0
180      0
181      68
182      0
183      74
184      0
185      90
186      96
187      0
188      0
189      100
190      100
191      100
192      69
193      74
194      72
195      91
196      95
197      0
198      76
199      0
200      76
201      78
202      91
203      95
204      100
205      94
206      72
207      0
208      67
209      100
210      62
211      93
212      99
213      98
214      67
215      99
216      92
217      65
218      84
219      0
220      0
221      94
222      93
223      0
224      47
225      91
226      71
227      59
228      88
229      0
230      0
231      100
232      93
233      99
234      0
235      96
236      95
237      76
238      67
239      0
240      99
241      80
242      0
243      0
244      96
245      0
246      0
247      94
248      69
249      70
250      50
251      0
252      99
253      0
254      0
255      99
256      67
257      97
258      0
259      0
260      100
261      82
262      78
263      75
264      92
265      100
266      71
267      97
268      0
269      0
270      96
271      0
272      0
273      98
274      0
275      86
276      100
277      90
278      82
279      0
280      0
281      0
282      100
283      98
284      100
285      100
286      93
287      98
288      60
289      65
290      0
291      94
292      98
293      0
294      100
295      100
296      0
297      0
298      0
299      0
300      77
301      75
302      100
303      63
304      57
305      0
306      99
307      0
308      99
309      0
310      84
311      99
312      58
313      88
314      41
315      0
316      0
317      0
318      95
319      92
320      89
321      62
322      100
323      99
324      97
325      91
326      0
327      0
328      0
329      99
330      0
331      47
332      98
333      100
334      55
335      47
336      52
337      97
338      94
339      64
340      96
341      0
342      86
343      0
344      69
345      0
346      99
347      93
348      100
349      0
350      97
351      0
352      0
353      58
354      94
355      95
356      0
357      59
358      51
359      100
360      91
361      63
362      0
363      0
364      0
365      97
366      85
367      90
368      90
369      97
370      97
371      91
372      98
373      0
374      97
375      98
376      91
377      100
378      0
379      0
380      99
381      99
382      99
383      70
384      77
385      0
386      73
387      100
388      58
389      94
390      70
391      0
392      96
393      79
394      0
395      99
396      0
397      97
398      89
399      98
400      99
401      100
402      48
403      0
404      0
405      85
406      74
407      0
408      0
409      73
410      100
411      0
412      0
413      97
414      91
415      100
416      0
417      0
418      85
419      90
420      99
421      99
422      0
423      95
424      97
425      96
426      92
427      90
428      96
429      71
430      0
431      0
432      0
433      99
434      72
435      98
436      0
437      100
438      82
439      100
440      98
441      0
442      0
443      0
444      57
445      94
446      79
447      0
448      76
449      98
450      82
451      70
452      100
453      0
454      95
455      0
456      0
457      0
458      46
459      99
460      85
461      0
462      0
463      78
464      99
465      89
466      40
467      98
468      98
469      97
470      99
471      88
472      100
473      93
474      0
475      99
476      0
477      99
478      100
479      100
480      0
481      98
482      0
483      99
484      0
485      96
486      100
487      75
488      0
489      92
490      98
491      98
492      89
493      100
494      85
495      0
496      96
497      0
498      0
499      93
500      0
501      0
502      99
503      97
504      93
505      100
506      95
507      58
508      96
509      0
510      0
511      53
512      96
513      99
514      0
515      0
516      0
517      82
518      0
519      81
520      86
521      98
522      86
523      0
524      0
525      0
526      0
527      0
528      0
529      0
530      0
531      93
532      0
533      0
534      89
535      0
536      97
537      98
538      0
539      81
540      97
541      91
542      91
543      84
544      88
545      0
546      0
547      85
548      0
549      90
550      100
551      94
552      82
553      91
554      0
555      82
556      93
557      60
558      0
559      89
560      98
561      0
562      0
563      98
564      99
565      91
566      99
567      0
568      0
569      98
570      97
571      0
572      99
573      90
574      59
575      90
576      99
577      0
578      0
579      0
580      38
581      69
582      0
583      0
584      99
585      0
586      76
587      98
588      80
589      0
590      99
591      100
592      57
593      0
594      0
595      99
596      0
597      0
598      0
599      78
600      81
601      0
602      0
603      0
604      99
605      57
606      94
607      73
608      98
609      0
610      96
611      99
612      93
613      0
614      73
615      99
616      80
617      0
618      95
619      99
620      99
621      93
622      97
623      0
624      0
625      88
626      72
627      0
628      0
629      95
630      0
631      90
632      0
633      0
634      79
635      0
636      100
637      63
638      99
639      96
640      0
641      100
642      86
643      0
644      0
645      100
646      0
647      99
648      0
649      0
650      0
651      98
652      59
653      74
654      48
655      0
656      95
657      100
658      0
659      0
660      98
661      75
662      94
663      0
664      89
665      55
666      100
667      55
668      97
669      77
670      0
671      43
672      0
673      0
674      0
675      97
676      0
677      90
678      73
679      100
680      81
681      0
682      99
683      97
684      0
685      62
686      73
687      0
688      97
689      0
690      100
691      100
692      98
693      100
694      0
695      95
696      55
697      78
698      99
699      60
700      100
701      99
702      99
703      64
704      0
705      0
706      99
707      94
708      81
709      97
710      77
711      0
712      0
713      67
714      0
715      0
716      98
717      99
718      0
719      76
720      0
721      95
722      96
723      84
724      0
725      0
726      0
727      66
728      98
729      0
730      99
731      66
732      100
733      0
734      0
735      98
736      58
737      73
738      0
739      0
740      0
741      81
742      0
743      0
744      70
745      0
746      96
747      73
748      100
749      0
750      0
751      0
752      0
753      66
754      79
755      0
756      0
757      98
758      0
759      0
760      0
761      85
762      0
763      44
764      95
765      79
766      73
767      96
768      99
769      94
770      0
771      69
772      0
773      97
774      97
775      90
776      64
777      77
778      100
779      0
780      99
781      0
782      67
783      0
784      89
785      0
786      80
787      67
788      0
789      89
790      99
791      99
792      0
793      81
794      0
795      85
796      100
797      0
798      94
799      56
800      98
801      99
802      100
803      0
804      98
805      85
806      91
807      0
808      96
809      96
810      79
811      0
812      87
813      99
814      0
815      100
816      64
817      99
818      98
819      99
820      55
821      57
822      0
823      0
824      82
825      0
826      89
827      98
828      96
829      0
830      96
831      36
832      85
833      0
834      100
835      61
836      99
837      64
838      95
839      0
840      80
841      100
842      0
843      0
844      95
845      97
846      0
847      66
848      83
849      98
850      0
851      0
852      0
853      58
854      100
855      84
856      31
857      58
858      59
859      0
860      100
861      97
862      98
863      0
864      100
865      95
866      91
867      70
868      96
869      99
870      0
871      99
872      0
873      78
874      93
875      100
876      45
877      67
878      0
879      0
880      0
881      0
882      83
883      53
884      93
885      0
886      59
887      65
888      35
889      0
890      94
891      65
892      0
893      66
894      50
895      74
896      100
897      0
898      100
899      58
900      67
901      0
902      75
903      76
904      86
905      100
906      99
907      86
908      100
909      67
910      0
911      90
912      91
913      99
914      72
915      0
916      84
917      97
918      93
919      100
920      93
921      98
922      99
923      97
924      89
925      89
926      66
927      92
928      0
929      98
930      98
931      0
932      0
933      53
934      100
935      98
936      97
937      70
938      53
939      77
940      0
941      81
942      74
943      49
944      0
945      97
946      96
947      0
948      98
949      59
950      0
951      89
952      76
953      62
954      0
955      99
956      93
957      0
958      94
959      95
960      98
961      100
962      96
963      0
964      99
965      0
966      0
967      0
968      87
969      100
970      0
971      0
972      91
973      99
974      58
975      100
976      100
977      80
978      100
979      84
980      90
981      66
982      98
983      0
984      99
985      0
986      55
987      0
988      82
989      0
990      57
991      89
992      0
993      89
994      94
995      78
996      95
997      80
998      100
999      0
       33228.4
