0      0
1      75
2      100
3      97
4      0
5      0
6      90
7      76
8      86
9      52
10      53
11      98
12      0
13      0
14      0
15      0
16      99
17      100
18      0
19      98
20      62
21      100
22      0
23      100
24      60
25      0
26      0
27      96
28      100
29      100
30      67
31      0
32      94
33      99
34      99
35      0
36      100
37      99
38      0
39      100
40      97
41      51
42      78
43      0
44      0
45      66
46      0
47      0
48      83
49      68
50      96
51      97
52      97
53      85
54      84
55      75
56      94
57      100
58      99
59      0
60      99
61      0
62      0
63      0
64      72
65      94
66      67
67      0
68      0
69      78
70      100
71      96
72      99
73      0
74      100
75      0
76      79
77      97
78      99
79      51
80      0
81      0
82      83
83      75
84      0
85      69
86      98
87      100
88      0
89      61
90      99
91      100
92      99
93      99
94      79
95      0
96      98
97      0
98      0
99      89
100      74
101      95
102      98
103      51
104      100
105      87
106      0
107      100
108      95
109      98
110      50
111      94
112      62
113      90
114      99
115      48
116      89
117      88
118      77
119      98
120      99
121      60
122      96
123      72
124      0
125      94
126      0
127      77
128      79
129      0
130      0
131      0
132      87
133      100
134      65
135      0
136      83
137      0
138      85
139      92
140      98
141      86
142      79
143      0
144      0
145      78
146      92
147      63
148      0
149      90
150      74
151      68
152      0
153      0
154      99
155      100
156      0
157      93
158      0
159      62
160      0
161      97
162      72
163      0
164      89
165      0
166      0
167      100
168      50
169      72
170      92
171      0
172      0
173      73
174      95
175      0
176      92
177      57
178      68
179      100
180      100
181      0
182      0
183      99
184      100
185      0
186      0
187      99
188      0
189      95
190      100
191      99
192      85
193      99
194      0
195      100
196      81
197      86
198      46
199      0
200      0
201      0
202      0
203      0
204      97
205      90
206      40
207      54
208      100
209      100
210      99
211      77
212      100
213      0
214      99
215      0
216      100
217      0
218      0
219      53
220      52
221      73
222      0
223      59
224      89
225      87
226      86
227      99
228      0
229      58
230      98
231      67
232      0
233      97
234      98
235      70
236      56
237      81
238      80
239      98
240      100
241      85
242      57
243      91
244      93
245      55
246      100
247      0
248      55
249      97
250      95
251      0
252      100
253      0
254      100
255      62
256      58
257      0
258      0
259      75
260      0
261      99
262      44
263      93
264      58
265      89
266      93
267      100
268      57
269      0
270      0
271      0
272      0
273      0
274      96
275      63
276      91
277      68
278      0
279      0
280      100
281      0
282      80
283      0
284      0
285      97
286      98
287      0
288      95
289      89
290      0
291      0
292      0
293      99
294      91
295      94
296      82
297      94
298      73
299      57
300      0
301      99
302      0
303      43
304      100
305      92
306      72
307      100
308      100
309      0
310      82
311      82
312      0
313      0
314      0
315      98
316      96
317      97
318      99
319      98
320      83
321      0
322      100
323      79
324      96
325      59
326      0
327      0
328      0
329      0
330      90
331      0
332      85
333      81
334      0
335      0
336      55
337      99
338      74
339      93
340      98
341      0
342      96
343      100
344      92
345      99
346      54
347      0
348      97
349      0
350      0
351      0
352      93
353      91
354      0
355      0
356      0
357      99
358      94
359      72
360      96
361      100
362      99
363      78
364      97
365      0
366      91
367      49
368      0
369      0
370      94
371      100
372      69
373      85
374      96
375      98
376      77
377      78
378      99
379      99
380      97
381      0
382      89
383      100
384      77
385      62
386      0
387      0
388      0
389      0
390      98
391      0
392      0
393      97
394      0
395      57
396      0
397      0
398      66
399      94
400      79
401      0
402      0
403      98
404      91
405      0
406      97
407      93
408      99
409      64
410      99
411      97
412      63
413      0
414      87
415      100
416      70
417      0
418      100
419      97
420      74
421      96
422      0
423      82
424      0
425      100
426      97
427      98
428      94
429      97
430      95
431      62
432      87
433      63
434      58
435      76
436      72
437      0
438      0
439      96
440      99
441      93
442      0
443      0
444      0
445      0
446      0
447      82
448      0
449      96
450      98
451      94
452      72
453      98
454      60
455      87
456      95
457      98
458      73
459      0
460      99
461      0
462      84
463      0
464      99
465      0
466      0
467      96
468      99
469      100
470      99
471      100
472      95
473      0
474      76
475      97
476      0
477      65
478      76
479      0
480      0
481      0
482      86
483      99
484      53
485      94
486      97
487      75
488      0
489      83
490      0
491      0
492      80
493      94
494      92
495      0
496      95
497      94
498      68
499      0
500      57
501      100
502      98
503      100
504      87
505      0
506      82
507      0
508      85
509      99
510      97
511      97
512      0
513      0
514      0
515      95
516      0
517      65
518      51
519      60
520      0
521      0
522      100
523      0
524      72
525      99
526      0
527      71
528      55
529      63
530      0
531      0
532      57
533      71
534      99
535      0
536      69
537      0
538      0
539      91
540      0
541      0
542      46
543      100
544      0
545      77
546      0
547      100
548      0
549      93
550      0
551      97
552      75
553      0
554      0
555      0
556      100
557      0
558      0
559      92
560      90
561      0
562      72
563      61
564      99
565      61
566      54
567      0
568      98
569      0
570      90
571      100
572      0
573      63
574      0
575      0
576      0
577      85
578      63
579      98
580      80
581      0
582      0
583      0
584      99
585      0
586      94
587      71
588      0
589      41
590      0
591      77
592      0
593      0
594      0
595      0
596      0
597      0
598      0
599      64
600      73
601      91
602      100
603      0
604      53
605      95
606      98
607      0
608      0
609      69
610      99
611      74
612      0
613      100
614      93
615      73
616      88
617      76
618      0
619      0
620      0
621      0
622      0
623      81
624      0
625      0
626      100
627      0
628      89
629      97
630      71
631      0
632      74
633      0
634      0
635      99
636      55
637      0
638      99
639      81
640      95
641      91
642      98
643      98
644      82
645      61
646      0
647      99
648      95
649      0
650      98
651      98
652      98
653      98
654      0
655      51
656      0
657      99
658      86
659      0
660      90
661      42
662      100
663      75
664      74
665      99
666      79
667      0
668      100
669      96
670      100
671      98
672      0
673      100
674      0
675      0
676      100
677      0
678      0
679      0
680      98
681      0
682      83
683      51
684      98
685      100
686      0
687      0
688      73
689      93
690      100
691      100
692      98
693      85
694      94
695      82
696      0
697      84
698      0
699      89
700      45
701      0
702      0
703      55
704      100
705      0
706      0
707      99
708      38
709      57
710      100
711      89
712      0
713      0
714      0
715      0
716      0
717      0
718      100
719      96
720      85
721      70
722      97
723      78
724      98
725      95
726      95
727      0
728      0
729      83
730      53
731      98
732      95
733      100
734      87
735      96
736      70
737      83
738      100
739      97
740      0
741      0
742      100
743      90
744      97
745      0
746      84
747      75
748      96
749      0
750      89
751      83
752      53
753      89
754      0
755      0
756      63
757      0
758      54
759      0
760      100
761      99
762      99
763      0
764      95
765      49
766      78
767      0
768      0
769      93
770      77
771      97
772      98
773      100
774      100
775      0
776      92
777      95
778      0
779      97
780      87
781      0
782      69
783      99
784      83
785      0
786      64
787      0
788      60
789      100
790      91
791      89
792      94
793      62
794      100
795      100
796      81
797      100
798      0
799      82
800      92
801      65
802      100
803      100
804      0
805      65
806      0
807      100
808      0
809      99
810      0
811      0
812      66
813      98
814      96
815      77
816      0
817      0
818      55
819      0
820      72
821      100
822      0
823      97
824      99
825      0
826      82
827      78
828      86
829      96
830      97
831      97
832      0
833      0
834      93
835      99
836      0
837      46
838      27
839      81
840      100
841      47
842      92
843      99
844      76
845      98
846      82
847      0
848      0
849      0
850      0
851      51
852      0
853      0
854      75
855      99
856      71
857      0
858      89
859      0
860      99
861      90
862      99
863      89
864      0
865      0
866      0
867      68
868      59
869      100
870      76
871      97
872      0
873      97
874      0
875      100
876      0
877      0
878      100
879      99
880      100
881      99
882      55
883      91
884      61
885      0
886      0
887      88
888      95
889      0
890      0
891      92
892      100
893      82
894      98
895      98
896      99
897      92
898      98
899      36
900      95
901      98
902      90
903      0
904      98
905      0
906      75
907      0
908      61
909      99
910      100
911      84
912      0
913      100
914      74
915      84
916      61
917      86
918      44
919      96
920      0
921      0
922      35
923      84
924      0
925      99
926      94
927      100
928      0
929      70
930      0
931      91
932      58
933      77
934      0
935      0
936      62
937      82
938      0
939      85
940      0
941      0
942      97
943      0
944      0
945      98
946      0
947      0
948      95
949      81
950      0
951      96
952      61
953      98
954      100
955      78
956      0
957      0
958      99
959      93
960      95
961      0
962      0
963      99
964      100
965      99
966      49
967      0
968      0
969      100
970      0
971      0
972      0
973      95
974      88
975      100
976      0
977      0
978      100
979      0
980      97
981      0
982      0
983      86
984      98
985      0
986      99
987      69
988      75
989      87
990      85
991      62
992      92
993      0
994      0
995      42
996      98
997      0
998      0
999      0
       34963.4
