0      90
1      97
2      0
3      72
4      0
5      64
6      99
7      100
8      87
9      78
10      76
11      62
12      96
13      100
14      100
15      94
16      0
17      92
18      86
19      99
20      0
21      80
22      0
23      90
24      0
25      66
26      100
27      0
28      98
29      95
30      80
31      94
32      86
33      100
34      100
35      100
36      0
37      97
38      75
39      95
40      100
41      0
42      61
43      61
44      99
45      97
46      0
47      100
48      0
49      0
50      95
51      0
52      24
53      99
54      100
55      51
56      0
57      93
58      0
59      99
60      99
61      99
62      75
63      0
64      96
65      99
66      98
67      98
68      58
69      0
70      85
71      99
72      97
73      82
74      98
75      80
76      86
77      100
78      85
79      0
80      0
81      70
82      53
83      93
84      0
85      81
86      83
87      0
88      88
89      0
90      0
91      99
92      95
93      97
94      83
95      99
96      93
97      97
98      98
99      0
100      70
101      0
102      74
103      100
104      98
105      100
106      79
107      84
108      99
109      75
110      0
111      77
112      0
113      0
114      78
115      0
116      0
117      0
118      0
119      98
120      0
121      86
122      98
123      97
124      100
125      0
126      100
127      69
128      99
129      97
130      99
131      97
132      69
133      95
134      0
135      0
136      0
137      88
138      0
139      0
140      0
141      96
142      0
143      71
144      100
145      0
146      92
147      99
148      91
149      0
150      0
151      0
152      77
153      97
154      0
155      0
156      0
157      63
158      98
159      64
160      0
161      60
162      0
163      0
164      98
165      68
166      98
167      85
168      77
169      0
170      87
171      95
172      96
173      0
174      99
175      96
176      0
177      45
178      0
179      32
180      100
181      0
182      0
183      0
184      91
185      100
186      95
187      96
188      98
189      0
190      100
191      93
192      91
193      79
194      38
195      0
196      66
197      99
198      0
199      94
200      0
201      68
202      0
203      0
204      91
205      32
206      0
207      97
208      97
209      92
210      100
211      0
212      94
213      0
214      0
215      0
216      0
217      97
218      0
219      61
220      0
221      0
222      99
223      97
224      99
225      98
226      58
227      70
228      88
229      63
230      87
231      91
232      100
233      74
234      0
235      88
236      0
237      0
238      0
239      97
240      93
241      71
242      0
243      63
244      100
245      100
246      84
247      94
248      0
249      71
250      0
251      51
252      0
253      98
254      0
255      87
256      0
257      0
258      86
259      74
260      87
261      99
262      99
263      86
264      0
265      97
266      71
267      0
268      71
269      0
270      99
271      0
272      0
273      100
274      89
275      96
276      82
277      99
278      54
279      0
280      82
281      0
282      0
283      89
284      65
285      99
286      100
287      84
288      64
289      64
290      0
291      54
292      49
293      79
294      0
295      100
296      93
297      99
298      0
299      0
300      0
301      98
302      97
303      74
304      0
305      0
306      0
307      83
308      86
309      0
310      51
311      0
312      94
313      58
314      0
315      0
316      65
317      49
318      57
319      0
320      0
321      86
322      0
323      0
324      100
325      98
326      69
327      94
328      64
329      96
330      0
331      79
332      0
333      100
334      0
335      0
336      96
337      100
338      0
339      0
340      99
341      100
342      98
343      79
344      99
345      67
346      0
347      97
348      73
349      79
350      100
351      0
352      73
353      82
354      58
355      0
356      92
357      100
358      100
359      98
360      63
361      0
362      88
363      99
364      74
365      99
366      100
367      99
368      0
369      76
370      88
371      85
372      0
373      67
374      0
375      0
376      97
377      97
378      97
379      94
380      99
381      0
382      74
383      100
384      99
385      0
386      0
387      100
388      0
389      97
390      99
391      48
392      0
393      100
394      0
395      99
396      100
397      84
398      81
399      96
400      0
401      100
402      95
403      0
404      90
405      90
406      0
407      0
408      98
409      0
410      0
411      0
412      68
413      99
414      54
415      0
416      100
417      0
418      55
419      0
420      83
421      0
422      0
423      97
424      90
425      100
426      95
427      0
428      69
429      55
430      0
431      0
432      87
433      0
434      100
435      74
436      97
437      100
438      56
439      77
440      0
441      100
442      0
443      95
444      94
445      98
446      100
447      0
448      0
449      0
450      94
451      0
452      0
453      84
454      61
455      0
456      0
457      76
458      55
459      0
460      0
461      0
462      0
463      73
464      0
465      0
466      0
467      0
468      80
469      0
470      43
471      99
472      100
473      0
474      90
475      0
476      0
477      93
478      97
479      0
480      92
481      34
482      0
483      84
484      82
485      97
486      100
487      99
488      100
489      0
490      99
491      94
492      0
493      0
494      0
495      0
496      100
497      89
498      76
499      100
500      84
501      65
502      100
503      100
504      71
505      66
506      89
507      95
508      99
509      65
510      0
511      85
512      0
513      0
514      69
515      0
516      74
517      93
518      83
519      56
520      92
521      0
522      98
523      95
524      77
525      0
526      97
527      0
528      100
529      96
530      0
531      0
532      98
533      0
534      100
535      69
536      60
537      55
538      0
539      96
540      0
541      100
542      0
543      73
544      68
545      81
546      99
547      100
548      66
549      66
550      91
551      98
552      67
553      0
554      0
555      0
556      86
557      95
558      69
559      0
560      99
561      99
562      71
563      0
564      0
565      74
566      74
567      0
568      73
569      60
570      0
571      0
572      0
573      79
574      95
575      71
576      0
577      0
578      96
579      0
580      66
581      100
582      64
583      47
584      86
585      0
586      0
587      59
588      100
589      99
590      94
591      0
592      0
593      96
594      100
595      99
596      0
597      66
598      96
599      97
600      72
601      87
602      96
603      0
604      96
605      100
606      50
607      0
608      0
609      69
610      96
611      71
612      0
613      0
614      0
615      60
616      99
617      0
618      62
619      0
620      99
621      89
622      0
623      72
624      60
625      0
626      93
627      100
628      0
629      83
630      98
631      97
632      0
633      0
634      83
635      95
636      0
637      75
638      61
639      0
640      57
641      92
642      85
643      0
644      0
645      0
646      83
647      91
648      92
649      99
650      0
651      0
652      0
653      85
654      100
655      98
656      99
657      47
658      0
659      98
660      77
661      0
662      66
663      100
664      100
665      0
666      100
667      100
668      0
669      0
670      0
671      0
672      100
673      43
674      0
675      88
676      94
677      68
678      100
679      100
680      46
681      63
682      99
683      48
684      55
685      0
686      93
687      0
688      77
689      0
690      76
691      92
692      100
693      99
694      59
695      99
696      93
697      89
698      85
699      93
700      0
701      83
702      100
703      0
704      99
705      99
706      61
707      0
708      0
709      45
710      0
711      89
712      78
713      0
714      0
715      0
716      97
717      98
718      0
719      0
720      75
721      0
722      0
723      100
724      83
725      70
726      91
727      100
728      67
729      97
730      0
731      99
732      85
733      95
734      55
735      0
736      98
737      0
738      0
739      100
740      97
741      100
742      94
743      0
744      99
745      0
746      0
747      0
748      0
749      90
750      82
751      99
752      0
753      100
754      100
755      0
756      0
757      97
758      99
759      94
760      58
761      94
762      98
763      0
764      95
765      57
766      100
767      100
768      97
769      100
770      74
771      0
772      81
773      0
774      94
775      78
776      0
777      42
778      98
779      93
780      81
781      63
782      99
783      73
784      73
785      92
786      99
787      99
788      51
789      70
790      97
791      98
792      100
793      81
794      75
795      87
796      95
797      78
798      80
799      0
800      0
801      0
802      100
803      99
804      66
805      100
806      96
807      0
808      0
809      0
810      0
811      83
812      0
813      99
814      92
815      90
816      0
817      0
818      99
819      0
820      84
821      97
822      0
823      92
824      0
825      0
826      98
827      0
828      0
829      90
830      81
831      99
832      99
833      0
834      36
835      0
836      0
837      76
838      80
839      98
840      46
841      63
842      100
843      92
844      52
845      82
846      98
847      0
848      78
849      0
850      62
851      98
852      99
853      0
854      72
855      90
856      92
857      0
858      97
859      61
860      0
861      63
862      0
863      0
864      88
865      100
866      95
867      31
868      100
869      0
870      0
871      0
872      100
873      0
874      62
875      0
876      83
877      0
878      0
879      85
880      0
881      0
882      79
883      95
884      0
885      71
886      0
887      46
888      0
889      71
890      0
891      0
892      99
893      99
894      84
895      98
896      0
897      0
898      97
899      100
900      98
901      100
902      0
903      98
904      70
905      72
906      0
907      0
908      0
909      92
910      0
911      0
912      0
913      47
914      77
915      82
916      0
917      73
918      0
919      96
920      100
921      95
922      0
923      97
924      99
925      48
926      0
927      0
928      89
929      82
930      94
931      99
932      94
933      0
934      97
935      100
936      98
937      0
938      96
939      0
940      94
941      0
942      93
943      99
944      100
945      98
946      0
947      100
948      0
949      0
950      0
951      0
952      96
953      0
954      91
955      47
956      0
957      0
958      77
959      100
960      97
961      100
962      75
963      0
964      93
965      69
966      75
967      95
968      89
969      98
970      76
971      100
972      75
973      0
974      86
975      0
976      0
977      0
978      85
979      90
980      100
981      95
982      0
983      0
984      0
985      97
986      93
987      47
988      0
989      0
990      63
991      100
992      67
993      98
994      98
995      0
996      0
997      100
998      99
999      100
       33401.9
