0      0
1      100
2      72
3      0
4      100
5      100
6      0
7      0
8      89
9      24
10      89
11      0
12      63
13      100
14      81
15      53
16      100
17      100
18      0
19      0
20      100
21      0
22      100
23      65
24      59
25      78
26      76
27      100
28      57
29      61
30      80
31      0
32      63
33      89
34      0
35      100
36      36
37      76
38      0
39      79
40      0
41      0
42      56
43      100
44      68
45      100
46      0
47      0
48      100
49      100
       1692.73
