0      0
1      80
2      99
3      76
4      0
5      0
6      69
7      65
8      93
9      57
10      69
11      98
12      0
13      0
14      0
15      100
16      90
17      66
18      84
19      99
20      54
21      99
22      0
23      92
24      69
25      0
26      0
27      100
28      85
29      0
30      95
31      0
32      87
33      99
34      99
35      0
36      99
37      58
38      0
39      0
40      0
41      70
42      75
43      0
44      0
45      89
46      0
47      0
48      94
49      77
50      99
51      83
52      97
53      73
54      77
55      83
56      89
57      100
58      95
59      0
60      100
61      0
62      0
63      0
64      82
65      77
66      86
67      0
68      0
69      55
70      95
71      89
72      100
73      0
74      98
75      0
76      58
77      96
78      100
79      59
80      0
81      0
82      90
83      63
84      0
85      76
86      97
87      86
88      90
89      66
90      100
91      94
92      0
93      90
94      81
95      0
96      0
97      0
98      0
99      100
100      67
101      81
102      100
103      51
104      94
105      97
106      0
107      94
108      78
109      0
110      35
111      88
112      56
113      68
114      0
115      70
116      96
117      81
118      100
119      97
120      93
121      49
122      0
123      87
124      0
125      87
126      0
127      92
128      58
129      0
130      0
131      0
132      96
133      100
134      65
135      0
136      87
137      0
138      99
139      98
140      97
141      97
142      69
143      0
144      0
145      91
146      94
147      35
148      0
149      95
150      98
151      94
152      0
153      0
154      88
155      94
156      0
157      91
158      0
159      0
160      99
161      87
162      84
163      0
164      92
165      0
166      0
167      95
168      68
169      64
170      98
171      0
172      0
173      72
174      90
175      0
176      83
177      49
178      50
179      99
180      99
181      0
182      0
183      88
184      0
185      0
186      0
187      90
188      0
189      93
190      0
191      90
192      79
193      96
194      0
195      97
196      97
197      74
198      97
199      0
200      0
201      0
202      0
203      0
204      90
205      84
206      68
207      83
208      98
209      98
210      98
211      76
212      100
213      0
214      100
215      0
216      97
217      0
218      0
219      41
220      88
221      95
222      0
223      31
224      90
225      91
226      75
227      95
228      70
229      0
230      92
231      94
232      0
233      95
234      99
235      98
236      63
237      64
238      73
239      92
240      94
241      99
242      86
243      90
244      75
245      38
246      91
247      0
248      59
249      98
250      81
251      0
252      91
253      0
254      98
255      56
256      49
257      0
258      0
259      75
260      0
261      98
262      66
263      85
264      87
265      90
266      90
267      90
268      91
269      0
270      0
271      0
272      0
273      0
274      91
275      97
276      99
277      63
278      0
279      0
280      0
281      80
282      74
283      0
284      0
285      100
286      87
287      0
288      84
289      79
290      0
291      0
292      0
293      97
294      96
295      93
296      99
297      66
298      53
299      87
300      0
301      99
302      0
303      71
304      0
305      92
306      90
307      96
308      93
309      0
310      100
311      91
312      0
313      0
314      0
315      95
316      99
317      97
318      94
319      88
320      76
321      0
322      100
323      86
324      99
325      67
326      0
327      0
328      0
329      0
330      95
331      0
332      92
333      86
334      0
335      0
336      57
337      100
338      71
339      84
340      100
341      0
342      90
343      96
344      89
345      99
346      63
347      0
348      95
349      0
350      0
351      0
352      0
353      99
354      0
355      0
356      0
357      99
358      79
359      96
360      95
361      94
362      99
363      78
364      96
365      0
366      99
367      45
368      0
369      0
370      88
371      88
372      81
373      82
374      100
375      100
376      95
377      90
378      86
379      100
380      99
381      0
382      92
383      90
384      70
385      81
386      0
387      0
388      0
389      0
390      98
391      0
392      0
393      85
394      0
395      54
396      0
397      0
398      61
399      99
400      70
401      0
402      0
403      100
404      72
405      0
406      100
407      86
408      97
409      58
410      95
411      79
412      34
413      0
414      92
415      93
416      66
417      0
418      98
419      94
420      98
421      0
422      0
423      69
424      0
425      100
426      92
427      95
428      80
429      99
430      82
431      65
432      86
433      77
434      98
435      77
436      96
437      0
438      0
439      92
440      93
441      98
442      0
443      0
444      0
445      0
446      0
447      73
448      0
449      0
450      99
451      99
452      93
453      68
454      64
455      82
456      98
457      0
458      56
459      0
460      100
461      0
462      74
463      0
464      94
465      0
466      0
467      93
468      97
469      96
470      94
471      98
472      81
473      0
474      77
475      98
476      0
477      71
478      82
479      0
480      0
481      0
482      80
483      0
484      47
485      81
486      99
487      84
488      45
489      93
490      0
491      0
492      89
493      87
494      82
495      0
496      92
497      96
498      72
499      0
500      57
501      77
502      78
503      99
504      77
505      0
506      89
507      0
508      58
509      97
510      94
511      86
512      0
513      0
514      0
515      100
516      0
517      73
518      47
519      40
520      0
521      0
522      0
523      0
524      76
525      97
526      0
527      80
528      95
529      62
530      0
531      0
532      79
533      63
534      83
535      0
536      76
537      0
538      0
539      79
540      0
541      0
542      41
543      99
544      0
545      86
546      0
547      100
548      0
549      97
550      0
551      74
552      91
553      0
554      0
555      0
556      97
557      0
558      0
559      89
560      96
561      0
562      70
563      74
564      99
565      48
566      91
567      0
568      85
569      0
570      94
571      98
572      0
573      68
574      0
575      0
576      0
577      85
578      91
579      0
580      81
581      0
582      0
583      67
584      97
585      0
586      85
587      77
588      0
589      40
590      0
591      64
592      0
593      0
594      0
595      0
596      0
597      0
598      0
599      90
600      93
601      84
602      92
603      0
604      91
605      92
606      90
607      0
608      0
609      78
610      99
611      99
612      0
613      100
614      94
615      73
616      82
617      87
618      0
619      0
620      0
621      0
622      0
623      81
624      0
625      0
626      99
627      0
628      74
629      100
630      82
631      0
632      97
633      0
634      0
635      0
636      86
637      0
638      94
639      97
640      94
641      99
642      91
643      95
644      82
645      65
646      0
647      94
648      83
649      98
650      92
651      0
652      92
653      93
654      0
655      52
656      0
657      99
658      97
659      41
660      81
661      61
662      95
663      66
664      92
665      97
666      88
667      0
668      84
669      99
670      100
671      93
672      0
673      89
674      0
675      0
676      92
677      0
678      0
679      0
680      100
681      0
682      97
683      44
684      93
685      98
686      0
687      0
688      76
689      73
690      96
691      92
692      99
693      78
694      87
695      65
696      0
697      82
698      0
699      98
700      66
701      0
702      0
703      47
704      96
705      0
706      0
707      96
708      30
709      99
710      0
711      99
712      0
713      0
714      0
715      0
716      0
717      0
718      98
719      88
720      92
721      76
722      82
723      98
724      97
725      100
726      94
727      0
728      0
729      95
730      56
731      100
732      96
733      97
734      84
735      97
736      72
737      78
738      0
739      89
740      0
741      0
742      93
743      92
744      97
745      0
746      86
747      77
748      0
749      0
750      87
751      59
752      44
753      100
754      0
755      0
756      95
757      0
758      57
759      0
760      97
761      93
762      94
763      0
764      99
765      99
766      98
767      0
768      0
769      85
770      96
771      88
772      94
773      0
774      84
775      0
776      87
777      99
778      0
779      96
780      78
781      0
782      83
783      93
784      91
785      0
786      46
787      0
788      73
789      88
790      90
791      87
792      72
793      61
794      100
795      99
796      83
797      88
798      0
799      60
800      93
801      95
802      96
803      92
804      0
805      57
806      0
807      94
808      0
809      91
810      0
811      0
812      78
813      99
814      100
815      64
816      0
817      0
818      49
819      0
820      100
821      91
822      0
823      94
824      92
825      0
826      88
827      77
828      98
829      95
830      77
831      96
832      0
833      0
834      89
835      98
836      0
837      75
838      0
839      100
840      70
841      78
842      69
843      96
844      64
845      96
846      98
847      0
848      0
849      0
850      0
851      76
852      0
853      99
854      83
855      97
856      86
857      0
858      89
859      98
860      92
861      66
862      91
863      96
864      0
865      0
866      0
867      79
868      39
869      94
870      78
871      99
872      0
873      100
874      0
875      80
876      0
877      3
878      0
879      90
880      100
881      95
882      91
883      70
884      69
885      0
886      0
887      96
888      0
889      0
890      0
891      77
892      0
893      90
894      94
895      100
896      95
897      76
898      96
899      57
900      82
901      97
902      93
903      0
904      74
905      0
906      58
907      0
908      52
909      100
910      91
911      90
912      0
913      95
914      97
915      83
916      57
917      89
918      72
919      100
920      0
921      0
922      39
923      97
924      0
925      99
926      80
927      92
928      0
929      0
930      0
931      95
932      72
933      99
934      0
935      0
936      66
937      89
938      0
939      99
940      0
941      0
942      87
943      45
944      0
945      89
946      0
947      0
948      86
949      83
950      0
951      0
952      93
953      91
954      0
955      87
956      0
957      100
958      99
959      96
960      88
961      0
962      0
963      98
964      96
965      95
966      37
967      0
968      0
969      85
970      0
971      0
972      0
973      95
974      97
975      99
976      0
977      0
978      94
979      0
980      92
981      0
982      0
983      100
984      75
985      0
986      81
987      69
988      65
989      73
990      72
991      99
992      85
993      0
994      0
995      60
996      100
997      0
998      0
999      0
1000      89
1001      78
1002      84
1003      91
1004      56
1005      98
1006      55
1007      0
1008      0
1009      94
1010      0
1011      0
1012      53
1013      71
1014      99
1015      84
1016      43
1017      96
1018      0
1019      0
1020      88
1021      62
1022      100
1023      74
1024      0
1025      99
1026      97
1027      79
1028      90
1029      87
1030      0
1031      91
1032      97
1033      58
1034      87
1035      74
1036      96
1037      0
1038      81
1039      0
1040      61
1041      84
1042      0
1043      0
1044      97
1045      100
1046      95
1047      0
1048      92
1049      0
1050      74
1051      82
1052      94
1053      91
1054      87
1055      96
1056      0
1057      94
1058      100
1059      0
1060      0
1061      89
1062      89
1063      0
1064      85
1065      70
1066      91
1067      0
1068      88
1069      50
1070      97
1071      0
1072      75
1073      94
1074      85
1075      69
1076      57
1077      85
1078      0
1079      0
1080      90
1081      71
1082      100
1083      0
1084      59
1085      99
1086      64
1087      0
1088      86
1089      67
1090      79
1091      96
1092      0
1093      98
1094      0
1095      57
1096      100
1097      0
1098      0
1099      93
1100      0
1101      80
1102      94
1103      0
1104      0
1105      0
1106      0
1107      91
1108      100
1109      88
1110      91
1111      77
1112      74
1113      64
1114      0
1115      0
1116      87
1117      98
1118      70
1119      0
1120      0
1121      74
1122      88
1123      0
1124      99
1125      93
1126      56
1127      0
1128      0
1129      0
1130      94
1131      100
1132      99
1133      75
1134      96
1135      96
1136      76
1137      85
1138      66
1139      88
1140      0
1141      75
1142      100
1143      82
1144      0
1145      0
1146      84
1147      87
1148      0
1149      63
1150      100
1151      56
1152      0
1153      0
1154      77
1155      90
1156      0
1157      97
1158      99
1159      0
1160      81
1161      87
1162      93
1163      0
1164      0
1165      0
1166      40
1167      0
1168      0
1169      83
1170      92
1171      0
1172      0
1173      48
1174      99
1175      77
1176      0
1177      0
1178      45
1179      0
1180      58
1181      67
1182      0
1183      83
1184      100
1185      93
1186      78
1187      0
1188      75
1189      100
1190      0
1191      95
1192      53
1193      100
1194      98
1195      59
1196      96
1197      0
1198      97
1199      90
1200      90
1201      75
1202      91
1203      73
1204      0
1205      93
1206      82
1207      0
1208      0
1209      78
1210      99
1211      96
1212      0
1213      96
1214      77
1215      0
1216      96
1217      98
1218      87
1219      82
1220      97
1221      0
1222      78
1223      43
1224      0
1225      0
1226      81
1227      0
1228      85
1229      95
1230      100
1231      0
1232      75
1233      88
1234      85
1235      0
1236      49
1237      85
1238      97
1239      0
1240      79
1241      0
1242      67
1243      74
1244      98
1245      77
1246      0
1247      59
1248      0
1249      0
1250      100
1251      70
1252      90
1253      86
1254      100
1255      98
1256      81
1257      0
1258      93
1259      0
1260      92
1261      0
1262      96
1263      72
1264      80
1265      90
1266      0
1267      83
1268      73
1269      87
1270      85
1271      0
1272      0
1273      99
1274      0
1275      0
1276      0
1277      0
1278      0
1279      88
1280      0
1281      97
1282      71
1283      0
1284      99
1285      0
1286      0
1287      0
1288      0
1289      0
1290      0
1291      0
1292      82
1293      96
1294      55
1295      0
1296      93
1297      0
1298      0
1299      65
1300      89
1301      0
1302      0
1303      0
1304      82
1305      94
1306      98
1307      100
1308      72
1309      74
1310      0
1311      71
1312      0
1313      84
1314      84
1315      0
1316      99
1317      83
1318      91
1319      97
1320      87
1321      59
1322      70
1323      97
1324      0
1325      79
1326      100
1327      0
1328      45
1329      67
1330      0
1331      91
1332      86
1333      94
1334      81
1335      97
1336      54
1337      98
1338      0
1339      0
1340      100
1341      74
1342      83
1343      0
1344      74
1345      0
1346      0
1347      90
1348      86
1349      99
1350      99
1351      83
1352      0
1353      89
1354      98
1355      0
1356      97
1357      0
1358      98
1359      0
1360      93
1361      83
1362      0
1363      99
1364      0
1365      50
1366      67
1367      94
1368      85
1369      0
1370      76
1371      93
1372      0
1373      82
1374      69
1375      0
1376      0
1377      82
1378      0
1379      0
1380      91
1381      0
1382      0
1383      99
1384      0
1385      92
1386      0
1387      90
1388      91
1389      0
1390      82
1391      85
1392      98
1393      95
1394      0
1395      90
1396      72
1397      0
1398      76
1399      94
1400      98
1401      96
1402      80
1403      97
1404      0
1405      94
1406      0
1407      93
1408      97
1409      0
1410      75
1411      74
1412      0
1413      86
1414      87
1415      79
1416      98
1417      0
1418      95
1419      75
1420      65
1421      100
1422      0
1423      0
1424      82
1425      85
1426      37
1427      0
1428      0
1429      40
1430      77
1431      52
1432      56
1433      69
1434      69
1435      0
1436      99
1437      100
1438      0
1439      74
1440      99
1441      43
1442      0
1443      0
1444      0
1445      0
1446      96
1447      92
1448      0
1449      0
1450      84
1451      63
1452      98
1453      93
1454      41
1455      0
1456      43
1457      90
1458      76
1459      0
1460      89
1461      96
1462      93
1463      97
1464      75
1465      77
1466      94
1467      59
1468      98
1469      0
1470      98
1471      0
1472      0
1473      97
1474      89
1475      0
1476      0
1477      0
1478      98
1479      65
1480      0
1481      0
1482      0
1483      88
1484      92
1485      100
1486      98
1487      0
1488      87
1489      97
1490      96
1491      98
1492      0
1493      77
1494      100
1495      98
1496      88
1497      0
1498      0
1499      85
1500      75
1501      94
1502      94
1503      99
1504      67
1505      57
1506      90
1507      0
1508      78
1509      0
1510      91
1511      0
1512      74
1513      73
1514      87
1515      84
1516      97
1517      0
1518      0
1519      0
1520      0
1521      83
1522      76
1523      85
1524      99
1525      0
1526      56
1527      93
1528      0
1529      90
1530      83
1531      76
1532      90
1533      99
1534      77
1535      98
1536      0
1537      79
1538      94
1539      71
1540      54
1541      89
1542      100
1543      98
1544      0
1545      89
1546      0
1547      0
1548      91
1549      76
1550      40
1551      68
1552      83
1553      62
1554      0
1555      98
1556      92
1557      0
1558      85
1559      0
1560      0
1561      0
1562      91
1563      0
1564      0
1565      96
1566      0
1567      98
1568      0
1569      88
1570      100
1571      96
1572      100
1573      98
1574      98
1575      94
1576      98
1577      84
1578      0
1579      100
1580      0
1581      96
1582      0
1583      92
1584      85
1585      0
1586      0
1587      92
1588      92
1589      99
1590      0
1591      99
1592      67
1593      0
1594      86
1595      91
1596      28
1597      97
1598      0
1599      93
1600      98
1601      0
1602      100
1603      0
1604      0
1605      88
1606      86
1607      73
1608      0
1609      0
1610      91
1611      83
1612      83
1613      0
1614      0
1615      95
1616      75
1617      70
1618      75
1619      77
1620      0
1621      74
1622      0
1623      29
1624      0
1625      100
1626      97
1627      0
1628      58
1629      100
1630      96
1631      61
1632      0
1633      0
1634      87
1635      92
1636      96
1637      99
1638      0
1639      89
1640      87
1641      0
1642      100
1643      86
1644      78
1645      100
1646      76
1647      94
1648      85
1649      75
1650      0
1651      0
1652      96
1653      0
1654      67
1655      94
1656      86
1657      0
1658      86
1659      100
1660      79
1661      0
1662      72
1663      97
1664      99
1665      0
1666      89
1667      0
1668      92
1669      0
1670      82
1671      0
1672      0
1673      0
1674      0
1675      83
1676      0
1677      51
1678      0
1679      99
1680      0
1681      84
1682      0
1683      100
1684      74
1685      0
1686      0
1687      86
1688      98
1689      0
1690      0
1691      0
1692      81
1693      0
1694      88
1695      98
1696      0
1697      80
1698      93
1699      0
1700      0
1701      98
1702      98
1703      78
1704      98
1705      84
1706      92
1707      92
1708      0
1709      0
1710      0
1711      98
1712      74
1713      80
1714      56
1715      0
1716      0
1717      71
1718      81
1719      100
1720      99
1721      82
1722      84
1723      96
1724      96
1725      96
1726      0
1727      0
1728      91
1729      59
1730      87
1731      84
1732      0
1733      0
1734      80
1735      92
1736      0
1737      91
1738      34
1739      89
1740      0
1741      54
1742      0
1743      61
1744      0
1745      85
1746      85
1747      0
1748      88
1749      100
1750      0
1751      0
1752      62
1753      93
1754      56
1755      93
1756      99
1757      0
1758      100
1759      0
1760      98
1761      93
1762      56
1763      100
1764      90
1765      92
1766      90
1767      66
1768      0
1769      0
1770      51
1771      0
1772      98
1773      71
1774      59
1775      77
1776      0
1777      95
1778      0
1779      89
1780      0
1781      0
1782      97
1783      99
1784      52
1785      100
1786      0
1787      0
1788      91
1789      87
1790      76
1791      97
1792      0
1793      0
1794      0
1795      0
1796      76
1797      62
1798      0
1799      87
1800      0
1801      0
1802      90
1803      76
1804      84
1805      100
1806      95
1807      0
1808      89
1809      91
1810      100
1811      98
1812      95
1813      93
1814      0
1815      96
1816      0
1817      96
1818      93
1819      0
1820      0
1821      86
1822      0
1823      52
1824      0
1825      0
1826      98
1827      0
1828      0
1829      0
1830      0
1831      89
1832      0
1833      84
1834      99
1835      97
1836      69
1837      0
1838      99
1839      0
1840      86
1841      91
1842      0
1843      92
1844      71
1845      90
1846      54
1847      98
1848      0
1849      0
1850      93
1851      0
1852      98
1853      88
1854      85
1855      97
1856      87
1857      87
1858      69
1859      97
1860      92
1861      98
1862      0
1863      0
1864      84
1865      0
1866      0
1867      100
1868      64
1869      90
1870      72
1871      91
1872      0
1873      98
1874      64
1875      0
1876      0
1877      97
1878      0
1879      82
1880      70
1881      96
1882      56
1883      75
1884      0
1885      100
1886      0
1887      99
1888      0
1889      0
1890      0
1891      66
1892      70
1893      99
1894      94
1895      0
1896      98
1897      92
1898      0
1899      0
1900      95
1901      70
1902      0
1903      0
1904      0
1905      0
1906      75
1907      0
1908      96
1909      0
1910      98
1911      0
1912      42
1913      59
1914      0
1915      90
1916      95
1917      84
1918      100
1919      0
1920      100
1921      0
1922      0
1923      91
1924      0
1925      100
1926      0
1927      96
1928      91
1929      0
1930      0
1931      0
1932      76
1933      60
1934      95
1935      79
1936      84
1937      93
1938      71
1939      0
1940      91
1941      84
1942      100
1943      89
1944      0
1945      0
1946      0
1947      91
1948      0
1949      79
1950      0
1951      88
1952      97
1953      99
1954      87
1955      80
1956      0
1957      70
1958      90
1959      97
1960      0
1961      89
1962      0
1963      55
1964      0
1965      97
1966      0
1967      88
1968      0
1969      97
1970      90
1971      70
1972      69
1973      0
1974      0
1975      92
1976      94
1977      0
1978      98
1979      86
1980      0
1981      100
1982      61
1983      100
1984      99
1985      99
1986      0
1987      99
1988      97
1989      75
1990      0
1991      93
1992      24
1993      100
1994      0
1995      79
1996      0
1997      0
1998      100
1999      83
2000      73
2001      0
2002      0
2003      0
2004      97
2005      81
2006      85
2007      54
2008      94
2009      98
2010      0
2011      97
2012      0
2013      29
2014      73
2015      89
2016      73
2017      65
2018      76
2019      92
2020      89
2021      88
2022      83
2023      78
2024      65
2025      0
2026      98
2027      0
2028      99
2029      72
2030      0
2031      86
2032      0
2033      98
2034      100
2035      91
2036      0
2037      0
2038      40
2039      97
2040      0
2041      97
2042      0
2043      76
2044      0
2045      100
2046      83
2047      98
2048      100
2049      0
2050      0
2051      90
2052      92
2053      96
2054      0
2055      99
2056      0
2057      0
2058      79
2059      0
2060      88
2061      93
2062      0
2063      61
2064      61
2065      0
2066      99
2067      99
2068      90
2069      82
2070      0
2071      0
2072      99
2073      61
2074      0
2075      91
2076      74
2077      0
2078      0
2079      86
2080      93
2081      0
2082      0
2083      79
2084      0
2085      83
2086      94
2087      0
2088      64
2089      39
2090      0
2091      0
2092      78
2093      92
2094      0
2095      0
2096      95
2097      100
2098      99
2099      81
2100      91
2101      74
2102      71
2103      97
2104      100
2105      79
2106      0
2107      94
2108      62
2109      97
2110      93
2111      95
2112      98
2113      70
2114      81
2115      100
2116      88
2117      95
2118      0
2119      59
2120      0
2121      0
2122      0
2123      94
2124      0
2125      0
2126      0
2127      0
2128      83
2129      76
2130      95
2131      0
2132      0
2133      76
2134      85
2135      0
2136      78
2137      0
2138      0
2139      0
2140      0
2141      0
2142      0
2143      37
2144      0
2145      96
2146      84
2147      0
2148      99
2149      0
2150      91
2151      0
2152      0
2153      0
2154      0
2155      90
2156      97
2157      0
2158      98
2159      0
2160      99
2161      97
2162      98
2163      0
2164      0
2165      66
2166      95
2167      83
2168      98
2169      0
2170      94
2171      0
2172      0
2173      98
2174      89
2175      86
2176      94
2177      65
2178      0
2179      100
2180      57
2181      100
2182      0
2183      88
2184      97
2185      0
2186      98
2187      96
2188      86
2189      75
2190      77
2191      99
2192      0
2193      0
2194      62
2195      100
2196      40
2197      0
2198      92
2199      0
2200      66
2201      0
2202      97
2203      88
2204      0
2205      100
2206      0
2207      0
2208      100
2209      63
2210      0
2211      78
2212      98
2213      83
2214      94
2215      96
2216      97
2217      0
2218      86
2219      97
2220      55
2221      66
2222      73
2223      87
2224      0
2225      80
2226      96
2227      0
2228      92
2229      100
2230      71
2231      0
2232      0
2233      68
2234      67
2235      0
2236      91
2237      0
2238      97
2239      87
2240      94
2241      94
2242      91
2243      0
2244      0
2245      52
2246      0
2247      0
2248      98
2249      83
2250      0
2251      66
2252      0
2253      86
2254      96
2255      0
2256      82
2257      0
2258      88
2259      86
2260      0
2261      72
2262      0
2263      0
2264      0
2265      91
2266      0
2267      0
2268      0
2269      81
2270      90
2271      0
2272      99
2273      76
2274      95
2275      0
2276      85
2277      99
2278      45
2279      91
2280      0
2281      0
2282      78
2283      97
2284      0
2285      95
2286      94
2287      0
2288      82
2289      94
2290      0
2291      0
2292      0
2293      0
2294      47
2295      0
2296      99
2297      80
2298      80
2299      96
2300      74
2301      73
2302      0
2303      0
2304      0
2305      0
2306      34
2307      81
2308      0
2309      93
2310      90
2311      0
2312      95
2313      77
2314      60
2315      92
2316      77
2317      79
2318      0
2319      0
2320      55
2321      0
2322      100
2323      87
2324      84
2325      92
2326      0
2327      65
2328      0
2329      0
2330      0
2331      98
2332      0
2333      90
2334      0
2335      57
2336      82
2337      84
2338      46
2339      99
2340      65
2341      0
2342      100
2343      45
2344      0
2345      78
2346      77
2347      0
2348      0
2349      98
2350      0
2351      48
2352      79
2353      0
2354      63
2355      96
2356      0
2357      0
2358      97
2359      0
2360      83
2361      0
2362      0
2363      95
2364      98
2365      0
2366      0
2367      0
2368      66
2369      90
2370      93
2371      0
2372      0
2373      0
2374      53
2375      74
2376      99
2377      0
2378      91
2379      0
2380      75
2381      0
2382      80
2383      49
2384      91
2385      93
2386      92
2387      0
2388      59
2389      100
2390      98
2391      0
2392      0
2393      0
2394      84
2395      67
2396      92
2397      0
2398      28
2399      0
2400      65
2401      73
2402      62
2403      87
2404      86
2405      0
2406      93
2407      95
2408      0
2409      92
2410      93
2411      0
2412      77
2413      0
2414      0
2415      0
2416      76
2417      67
2418      95
2419      94
2420      74
2421      0
2422      67
2423      0
2424      0
2425      65
2426      60
2427      0
2428      95
2429      0
2430      89
2431      62
2432      55
2433      0
2434      0
2435      99
2436      0
2437      54
2438      99
2439      53
2440      83
2441      0
2442      85
2443      57
2444      60
2445      99
2446      100
2447      92
2448      0
2449      0
2450      81
2451      90
2452      0
2453      0
2454      99
2455      0
2456      64
2457      0
2458      88
2459      74
2460      93
2461      91
2462      0
2463      89
2464      0
2465      88
2466      100
2467      86
2468      0
2469      0
2470      99
2471      97
2472      71
2473      0
2474      0
2475      97
2476      0
2477      0
2478      87
2479      0
2480      0
2481      96
2482      0
2483      0
2484      0
2485      72
2486      72
2487      93
2488      0
2489      35
2490      92
2491      0
2492      91
2493      100
2494      30
2495      96
2496      97
2497      91
2498      94
2499      0
       82580.5
