0      75
1      95
2      90
3      79
4      0
5      96
6      94
7      89
8      86
9      87
10      0
11      97
12      94
13      0
14      0
15      97
16      79
17      83
18      95
19      0
20      0
21      54
22      100
23      90
24      85
25      91
26      99
27      94
28      87
29      0
30      64
31      0
32      0
33      94
34      0
35      0
36      0
37      69
38      95
39      88
40      0
41      83
42      0
43      59
44      96
45      100
46      98
47      92
48      0
49      0
50      97
51      88
52      89
53      97
54      0
55      0
56      76
57      68
58      0
59      0
60      97
61      93
62      100
63      0
64      95
65      98
66      83
67      71
68      80
69      86
70      0
71      0
72      0
73      0
74      97
75      0
76      0
77      91
78      97
79      0
80      96
81      92
82      87
83      76
84      0
85      78
86      96
87      0
88      96
89      0
90      96
91      98
92      0
93      0
94      0
95      97
96      90
97      60
98      89
99      91
100      96
101      66
102      69
103      92
104      61
105      100
106      0
107      76
108      0
109      75
110      60
111      0
112      94
113      0
114      95
115      0
116      0
117      0
118      84
119      95
120      0
121      0
122      60
123      94
124      0
125      81
126      80
127      82
128      51
129      94
130      97
131      98
132      83
133      94
134      0
135      67
136      0
137      88
138      84
139      0
140      97
141      100
142      97
143      95
144      31
145      94
146      87
147      66
148      0
149      100
150      0
151      0
152      0
153      0
154      76
155      95
156      97
157      95
158      70
159      0
160      97
161      96
162      93
163      0
164      100
165      89
166      0
167      0
168      0
169      84
170      0
171      90
172      0
173      72
174      93
175      0
176      67
177      0
178      90
179      0
180      87
181      49
182      77
183      0
184      65
185      0
186      98
187      96
188      0
189      78
190      90
191      80
192      97
193      84
194      0
195      0
196      0
197      63
198      0
199      0
200      87
201      0
202      99
203      98
204      0
205      85
206      100
207      0
208      92
209      97
210      0
211      0
212      73
213      99
214      0
215      83
216      66
217      99
218      100
219      0
220      90
221      96
222      94
223      68
224      0
225      44
226      0
227      60
228      94
229      0
230      0
231      0
232      72
233      70
234      0
235      0
236      0
237      0
238      99
239      89
240      0
241      0
242      72
243      70
244      94
245      99
246      94
247      37
248      0
249      0
250      89
251      91
252      83
253      75
254      0
255      0
256      94
257      98
258      96
259      0
260      0
261      86
262      0
263      80
264      91
265      96
266      0
267      0
268      96
269      89
270      0
271      72
272      0
273      0
274      71
275      54
276      98
277      0
278      81
279      77
280      95
281      98
282      0
283      0
284      0
285      0
286      0
287      90
288      96
289      78
290      70
291      79
292      83
293      69
294      78
295      0
296      0
297      75
298      0
299      0
300      41
301      94
302      91
303      100
304      100
305      0
306      0
307      0
308      0
309      100
310      76
311      85
312      84
313      75
314      0
315      79
316      98
317      96
318      98
319      97
320      96
321      100
322      89
323      94
324      95
325      0
326      89
327      99
328      64
329      99
330      68
331      0
332      86
333      95
334      77
335      0
336      0
337      0
338      75
339      77
340      92
341      65
342      98
343      0
344      100
345      71
346      100
347      0
348      0
349      0
350      0
351      0
352      100
353      100
354      98
355      72
356      43
357      70
358      0
359      92
360      0
361      98
362      74
363      83
364      61
365      0
366      92
367      0
368      88
369      89
370      0
371      89
372      0
373      70
374      96
375      84
376      77
377      87
378      0
379      0
380      0
381      87
382      0
383      0
384      0
385      0
386      0
387      72
388      0
389      0
390      61
391      0
392      74
393      0
394      0
395      79
396      0
397      0
398      76
399      95
400      0
401      90
402      67
403      81
404      87
405      82
406      94
407      0
408      0
409      77
410      92
411      0
412      86
413      83
414      92
415      92
416      54
417      0
418      0
419      0
420      0
421      0
422      71
423      0
424      53
425      62
426      100
427      0
428      0
429      96
430      100
431      0
432      0
433      81
434      0
435      93
436      0
437      0
438      44
439      83
440      91
441      84
442      89
443      96
444      69
445      0
446      87
447      0
448      0
449      85
450      53
451      85
452      94
453      0
454      0
455      94
456      77
457      96
458      0
459      88
460      58
461      0
462      0
463      87
464      99
465      99
466      95
467      86
468      100
469      54
470      87
471      0
472      73
473      0
474      72
475      84
476      0
477      0
478      0
479      0
480      0
481      75
482      97
483      0
484      67
485      100
486      0
487      0
488      91
489      0
490      54
491      68
492      0
493      0
494      94
495      97
496      97
497      100
498      94
499      0
500      99
501      93
502      85
503      50
504      0
505      99
506      71
507      0
508      0
509      0
510      99
511      86
512      86
513      0
514      0
515      0
516      98
517      0
518      97
519      47
520      97
521      0
522      0
523      53
524      98
525      97
526      75
527      0
528      0
529      92
530      59
531      0
532      0
533      100
534      0
535      98
536      95
537      83
538      97
539      80
540      94
541      0
542      71
543      65
544      95
545      65
546      98
547      94
548      0
549      0
550      96
551      0
552      96
553      71
554      99
555      90
556      0
557      0
558      89
559      97
560      86
561      98
562      0
563      66
564      0
565      0
566      90
567      0
568      64
569      91
570      0
571      60
572      75
573      0
574      66
575      84
576      0
577      88
578      81
579      0
580      64
581      0
582      89
583      0
584      77
585      71
586      94
587      92
588      81
589      85
590      0
591      91
592      79
593      97
594      77
595      55
596      69
597      0
598      88
599      84
600      0
601      91
602      0
603      79
604      98
605      94
606      0
607      76
608      0
609      58
610      100
611      92
612      98
613      96
614      96
615      86
616      98
617      82
618      0
619      93
620      95
621      92
622      92
623      100
624      98
625      98
626      60
627      33
628      0
629      93
630      98
631      100
632      0
633      98
634      0
635      83
636      97
637      92
638      99
639      92
640      100
641      0
642      69
643      0
644      0
645      88
646      98
647      70
648      97
649      8
650      69
651      100
652      0
653      98
654      53
655      0
656      78
657      100
658      83
659      72
660      80
661      85
662      84
663      63
664      0
665      93
666      99
667      99
668      0
669      97
670      84
671      82
672      98
673      0
674      56
675      90
676      100
677      0
678      94
679      79
680      91
681      71
682      100
683      0
684      99
685      0
686      88
687      0
688      99
689      0
690      99
691      0
692      0
693      65
694      82
695      0
696      80
697      99
698      0
699      80
700      0
701      93
702      0
703      60
704      100
705      0
706      99
707      89
708      100
709      85
710      76
711      66
712      54
713      96
714      71
715      89
716      0
717      96
718      98
719      99
720      96
721      88
722      99
723      86
724      0
725      84
726      100
727      0
728      0
729      59
730      99
731      0
732      100
733      86
734      99
735      0
736      94
737      0
738      0
739      61
740      76
741      95
742      100
743      91
744      58
745      53
746      97
747      0
748      0
749      100
750      88
751      87
752      0
753      0
754      0
755      0
756      94
757      69
758      0
759      85
760      33
761      97
762      89
763      0
764      0
765      93
766      97
767      0
768      0
769      97
770      65
771      0
772      55
773      96
774      0
775      98
776      43
777      0
778      0
779      96
780      87
781      0
782      95
783      97
784      0
785      0
786      97
787      91
788      84
789      0
790      62
791      81
792      87
793      70
794      94
795      94
796      0
797      0
798      0
799      0
800      0
801      88
802      0
803      97
804      0
805      100
806      0
807      87
808      91
809      98
810      0
811      98
812      75
813      90
814      38
815      86
816      0
817      76
818      96
819      96
820      91
821      94
822      0
823      65
824      81
825      67
826      98
827      90
828      90
829      0
830      48
831      0
832      88
833      96
834      73
835      0
836      98
837      67
838      68
839      72
840      31
841      81
842      87
843      90
844      0
845      0
846      94
847      0
848      0
849      0
850      63
851      0
852      87
853      0
854      63
855      79
856      0
857      97
858      49
859      87
860      65
861      71
862      89
863      100
864      0
865      99
866      95
867      96
868      99
869      98
870      86
871      96
872      91
873      0
874      99
875      91
876      91
877      0
878      74
879      0
880      96
881      96
882      80
883      100
884      99
885      87
886      0
887      0
888      84
889      94
890      0
891      93
892      98
893      0
894      99
895      57
896      0
897      83
898      0
899      0
900      0
901      0
902      0
903      84
904      99
905      0
906      82
907      0
908      99
909      97
910      0
911      88
912      80
913      99
914      96
915      0
916      0
917      43
918      91
919      0
920      0
921      0
922      96
923      79
924      99
925      92
926      0
927      83
928      71
929      92
930      89
931      0
932      60
933      100
934      95
935      70
936      93
937      0
938      0
939      65
940      0
941      97
942      0
943      68
944      98
945      0
946      52
947      0
948      71
949      0
950      98
951      0
952      97
953      96
954      0
955      94
956      72
957      64
958      0
959      94
960      0
961      93
962      0
963      100
964      0
965      93
966      100
967      0
968      68
969      94
970      85
971      0
972      71
973      0
974      0
975      90
976      79
977      98
978      0
979      0
980      0
981      69
982      0
983      98
984      91
985      95
986      0
987      95
988      0
989      0
990      76
991      82
992      0
993      0
994      0
995      0
996      0
997      85
998      99
999      80
1000      90
1001      0
1002      0
1003      92
1004      0
1005      0
1006      99
1007      44
1008      84
1009      96
1010      0
1011      93
1012      67
1013      0
1014      0
1015      94
1016      0
1017      0
1018      84
1019      0
1020      75
1021      0
1022      100
1023      0
1024      0
1025      0
1026      0
1027      86
1028      91
1029      84
1030      100
1031      0
1032      78
1033      0
1034      81
1035      80
1036      97
1037      0
1038      83
1039      57
1040      0
1041      0
1042      0
1043      0
1044      0
1045      89
1046      95
1047      0
1048      0
1049      0
1050      0
1051      59
1052      0
1053      94
1054      0
1055      0
1056      77
1057      0
1058      100
1059      87
1060      42
1061      96
1062      81
1063      99
1064      100
1065      81
1066      98
1067      69
1068      0
1069      0
1070      89
1071      0
1072      0
1073      95
1074      86
1075      0
1076      94
1077      94
1078      67
1079      63
1080      88
1081      84
1082      0
1083      89
1084      82
1085      95
1086      93
1087      0
1088      90
1089      0
1090      63
1091      0
1092      0
1093      75
1094      0
1095      0
1096      0
1097      98
1098      98
1099      72
1100      81
1101      100
1102      77
1103      0
1104      82
1105      0
1106      0
1107      80
1108      84
1109      0
1110      0
1111      70
1112      77
1113      95
1114      0
1115      96
1116      0
1117      0
1118      74
1119      98
1120      100
1121      93
1122      48
1123      87
1124      85
1125      90
1126      71
1127      78
1128      0
1129      99
1130      77
1131      69
1132      0
1133      90
1134      59
1135      93
1136      96
1137      0
1138      96
1139      96
1140      99
1141      98
1142      96
1143      0
1144      0
1145      88
1146      83
1147      100
1148      0
1149      72
1150      84
1151      0
1152      89
1153      97
1154      0
1155      97
1156      0
1157      81
1158      47
1159      95
1160      0
1161      79
1162      90
1163      0
1164      0
1165      99
1166      0
1167      99
1168      91
1169      0
1170      0
1171      0
1172      82
1173      65
1174      0
1175      0
1176      74
1177      0
1178      0
1179      92
1180      0
1181      53
1182      0
1183      86
1184      0
1185      0
1186      95
1187      0
1188      0
1189      94
1190      90
1191      97
1192      100
1193      96
1194      0
1195      0
1196      88
1197      0
1198      86
1199      78
1200      92
1201      75
1202      97
1203      91
1204      68
1205      0
1206      0
1207      0
1208      88
1209      69
1210      82
1211      0
1212      0
1213      91
1214      84
1215      91
1216      0
1217      0
1218      92
1219      82
1220      100
1221      88
1222      93
1223      0
1224      94
1225      0
1226      94
1227      98
1228      98
1229      89
1230      0
1231      96
1232      58
1233      84
1234      76
1235      89
1236      0
1237      0
1238      89
1239      97
1240      0
1241      0
1242      78
1243      0
1244      58
1245      90
1246      96
1247      0
1248      93
1249      98
1250      90
1251      0
1252      0
1253      0
1254      100
1255      99
1256      93
1257      0
1258      94
1259      86
1260      79
1261      92
1262      0
1263      87
1264      0
1265      81
1266      68
1267      85
1268      0
1269      0
1270      96
1271      80
1272      0
1273      93
1274      97
1275      96
1276      91
1277      0
1278      0
1279      95
1280      64
1281      95
1282      100
1283      0
1284      90
1285      63
1286      0
1287      95
1288      65
1289      0
1290      0
1291      98
1292      99
1293      0
1294      91
1295      0
1296      68
1297      0
1298      83
1299      0
1300      99
1301      99
1302      0
1303      0
1304      0
1305      0
1306      78
1307      77
1308      0
1309      0
1310      0
1311      88
1312      0
1313      66
1314      87
1315      0
1316      0
1317      0
1318      89
1319      95
1320      98
1321      93
1322      91
1323      78
1324      70
1325      0
1326      76
1327      90
1328      98
1329      0
1330      0
1331      95
1332      0
1333      88
1334      0
1335      100
1336      0
1337      70
1338      0
1339      100
1340      92
1341      0
1342      0
1343      96
1344      100
1345      0
1346      100
1347      0
1348      96
1349      66
1350      0
1351      0
1352      0
1353      98
1354      96
1355      0
1356      100
1357      0
1358      0
1359      75
1360      70
1361      94
1362      0
1363      97
1364      0
1365      81
1366      0
1367      0
1368      92
1369      0
1370      54
1371      0
1372      98
1373      0
1374      97
1375      78
1376      74
1377      98
1378      0
1379      0
1380      66
1381      93
1382      87
1383      79
1384      91
1385      98
1386      100
1387      92
1388      96
1389      100
1390      92
1391      0
1392      94
1393      70
1394      96
1395      93
1396      0
1397      0
1398      88
1399      98
1400      0
1401      94
1402      0
1403      0
1404      67
1405      83
1406      0
1407      98
1408      0
1409      81
1410      0
1411      0
1412      63
1413      0
1414      85
1415      0
1416      0
1417      41
1418      91
1419      0
1420      87
1421      89
1422      95
1423      0
1424      68
1425      100
1426      91
1427      0
1428      91
1429      85
1430      0
1431      0
1432      96
1433      0
1434      0
1435      85
1436      0
1437      70
1438      91
1439      87
1440      80
1441      85
1442      82
1443      0
1444      83
1445      98
1446      68
1447      0
1448      0
1449      0
1450      68
1451      95
1452      0
1453      0
1454      59
1455      92
1456      58
1457      79
1458      76
1459      0
1460      0
1461      0
1462      0
1463      94
1464      0
1465      86
1466      96
1467      0
1468      70
1469      0
1470      94
1471      95
1472      0
1473      99
1474      0
1475      94
1476      0
1477      60
1478      84
1479      70
1480      87
1481      87
1482      98
1483      99
1484      99
1485      0
1486      0
1487      52
1488      0
1489      0
1490      86
1491      85
1492      0
1493      60
1494      0
1495      0
1496      96
1497      98
1498      94
1499      99
1500      0
1501      0
1502      88
1503      0
1504      91
1505      96
1506      87
1507      61
1508      0
1509      58
1510      57
1511      0
1512      64
1513      81
1514      0
1515      89
1516      93
1517      94
1518      0
1519      93
1520      0
1521      0
1522      95
1523      64
1524      93
1525      88
1526      87
1527      97
1528      80
1529      90
1530      91
1531      0
1532      0
1533      93
1534      0
1535      100
1536      91
1537      95
1538      0
1539      90
1540      0
1541      91
1542      95
1543      98
1544      0
1545      0
1546      0
1547      63
1548      54
1549      91
1550      79
1551      99
1552      93
1553      64
1554      97
1555      57
1556      0
1557      98
1558      0
1559      0
1560      0
1561      0
1562      87
1563      52
1564      92
1565      91
1566      100
1567      0
1568      80
1569      72
1570      80
1571      58
1572      0
1573      0
1574      98
1575      0
1576      60
1577      91
1578      88
1579      95
1580      57
1581      0
1582      0
1583      0
1584      99
1585      59
1586      77
1587      46
1588      0
1589      0
1590      0
1591      46
1592      97
1593      0
1594      0
1595      0
1596      81
1597      99
1598      67
1599      0
1600      0
1601      0
1602      95
1603      76
1604      88
1605      0
1606      0
1607      62
1608      0
1609      61
1610      0
1611      94
1612      0
1613      59
1614      0
1615      83
1616      0
1617      80
1618      66
1619      0
1620      61
1621      95
1622      91
1623      100
1624      71
1625      0
1626      0
1627      0
1628      67
1629      90
1630      96
1631      98
1632      0
1633      98
1634      0
1635      0
1636      0
1637      0
1638      48
1639      78
1640      0
1641      73
1642      0
1643      60
1644      0
1645      100
1646      0
1647      96
1648      0
1649      0
1650      79
1651      92
1652      89
1653      0
1654      0
1655      39
1656      55
1657      0
1658      93
1659      0
1660      0
1661      77
1662      100
1663      99
1664      0
1665      62
1666      0
1667      0
1668      69
1669      96
1670      94
1671      0
1672      97
1673      0
1674      100
1675      100
1676      0
1677      51
1678      67
1679      0
1680      0
1681      0
1682      100
1683      73
1684      80
1685      0
1686      0
1687      93
1688      94
1689      77
1690      87
1691      0
1692      100
1693      0
1694      94
1695      94
1696      75
1697      57
1698      80
1699      56
1700      0
1701      0
1702      96
1703      93
1704      96
1705      100
1706      90
1707      81
1708      98
1709      0
1710      0
1711      98
1712      0
1713      92
1714      0
1715      0
1716      99
1717      0
1718      0
1719      60
1720      74
1721      94
1722      95
1723      0
1724      92
1725      88
1726      86
1727      86
1728      96
1729      87
1730      0
1731      97
1732      0
1733      83
1734      84
1735      89
1736      0
1737      40
1738      98
1739      87
1740      90
1741      100
1742      58
1743      0
1744      90
1745      0
1746      34
1747      0
1748      100
1749      93
1750      95
1751      0
1752      98
1753      80
1754      86
1755      97
1756      0
1757      97
1758      100
1759      97
1760      0
1761      0
1762      97
1763      93
1764      0
1765      0
1766      94
1767      100
1768      0
1769      58
1770      89
1771      91
1772      0
1773      0
1774      0
1775      0
1776      95
1777      0
1778      99
1779      0
1780      67
1781      73
1782      0
1783      100
1784      88
1785      100
1786      81
1787      53
1788      0
1789      100
1790      0
1791      0
1792      0
1793      0
1794      93
1795      43
1796      85
1797      77
1798      47
1799      98
1800      0
1801      90
1802      97
1803      96
1804      100
1805      43
1806      0
1807      76
1808      89
1809      0
1810      57
1811      93
1812      92
1813      90
1814      0
1815      0
1816      99
1817      96
1818      0
1819      96
1820      66
1821      97
1822      0
1823      0
1824      66
1825      80
1826      77
1827      98
1828      98
1829      0
1830      66
1831      0
1832      97
1833      95
1834      86
1835      99
1836      0
1837      84
1838      97
1839      76
1840      87
1841      90
1842      0
1843      0
1844      91
1845      96
1846      0
1847      72
1848      47
1849      89
1850      85
1851      90
1852      0
1853      89
1854      0
1855      98
1856      50
1857      0
1858      64
1859      0
1860      60
1861      0
1862      0
1863      92
1864      0
1865      0
1866      83
1867      97
1868      80
1869      0
1870      98
1871      91
1872      0
1873      77
1874      59
1875      0
1876      0
1877      0
1878      0
1879      0
1880      90
1881      61
1882      94
1883      92
1884      0
1885      51
1886      0
1887      0
1888      0
1889      98
1890      83
1891      100
1892      85
1893      77
1894      0
1895      0
1896      0
1897      95
1898      85
1899      0
1900      0
1901      18
1902      0
1903      83
1904      0
1905      93
1906      82
1907      0
1908      46
1909      94
1910      98
1911      96
1912      94
1913      0
1914      45
1915      75
1916      73
1917      0
1918      55
1919      67
1920      93
1921      94
1922      73
1923      57
1924      0
1925      0
1926      98
1927      0
1928      98
1929      100
1930      93
1931      99
1932      56
1933      81
1934      65
1935      0
1936      92
1937      91
1938      0
1939      95
1940      0
1941      0
1942      98
1943      98
1944      0
1945      99
1946      0
1947      88
1948      0
1949      98
1950      0
1951      90
1952      95
1953      79
1954      0
1955      0
1956      81
1957      0
1958      69
1959      96
1960      98
1961      85
1962      0
1963      0
1964      67
1965      0
1966      95
1967      99
1968      97
1969      99
1970      99
1971      0
1972      0
1973      59
1974      88
1975      98
1976      99
1977      100
1978      0
1979      0
1980      0
1981      0
1982      0
1983      0
1984      0
1985      0
1986      61
1987      94
1988      0
1989      0
1990      0
1991      0
1992      98
1993      79
1994      95
1995      77
1996      73
1997      95
1998      85
1999      82
2000      96
2001      70
2002      78
2003      100
2004      0
2005      94
2006      77
2007      88
2008      100
2009      93
2010      96
2011      46
2012      0
2013      99
2014      90
2015      0
2016      85
2017      0
2018      100
2019      99
2020      90
2021      79
2022      98
2023      0
2024      0
2025      90
2026      88
2027      82
2028      0
2029      0
2030      0
2031      59
2032      90
2033      98
2034      95
2035      0
2036      93
2037      0
2038      66
2039      0
2040      48
2041      47
2042      41
2043      97
2044      56
2045      0
2046      0
2047      97
2048      0
2049      87
2050      100
2051      64
2052      64
2053      100
2054      0
2055      50
2056      97
2057      84
2058      93
2059      98
2060      72
2061      0
2062      74
2063      46
2064      0
2065      78
2066      0
2067      0
2068      39
2069      0
2070      99
2071      0
2072      0
2073      79
2074      87
2075      97
2076      90
2077      99
2078      80
2079      99
2080      42
2081      0
2082      93
2083      96
2084      0
2085      72
2086      96
2087      0
2088      98
2089      0
2090      100
2091      95
2092      62
2093      100
2094      42
2095      93
2096      85
2097      95
2098      67
2099      84
2100      68
2101      0
2102      0
2103      82
2104      97
2105      0
2106      97
2107      81
2108      89
2109      0
2110      0
2111      45
2112      79
2113      0
2114      42
2115      69
2116      100
2117      89
2118      97
2119      0
2120      0
2121      70
2122      88
2123      68
2124      94
2125      92
2126      68
2127      37
2128      98
2129      100
2130      0
2131      85
2132      0
2133      0
2134      0
2135      77
2136      97
2137      96
2138      83
2139      88
2140      92
2141      0
2142      99
2143      88
2144      0
2145      0
2146      89
2147      0
2148      54
2149      62
2150      89
2151      96
2152      96
2153      0
2154      97
2155      83
2156      95
2157      91
2158      49
2159      80
2160      0
2161      92
2162      99
2163      91
2164      96
2165      90
2166      86
2167      0
2168      96
2169      80
2170      0
2171      75
2172      0
2173      77
2174      89
2175      98
2176      0
2177      0
2178      0
2179      93
2180      88
2181      92
2182      0
2183      0
2184      0
2185      100
2186      85
2187      58
2188      58
2189      0
2190      0
2191      95
2192      100
2193      97
2194      0
2195      99
2196      100
2197      66
2198      82
2199      83
2200      81
2201      82
2202      0
2203      0
2204      73
2205      88
2206      0
2207      97
2208      82
2209      33
2210      73
2211      0
2212      75
2213      0
2214      91
2215      97
2216      98
2217      82
2218      0
2219      0
2220      100
2221      0
2222      92
2223      71
2224      54
2225      75
2226      79
2227      88
2228      97
2229      0
2230      0
2231      96
2232      0
2233      0
2234      55
2235      0
2236      87
2237      0
2238      92
2239      0
2240      0
2241      68
2242      98
2243      0
2244      0
2245      86
2246      96
2247      0
2248      0
2249      95
2250      92
2251      93
2252      88
2253      96
2254      90
2255      83
2256      85
2257      97
2258      88
2259      91
2260      0
2261      0
2262      98
2263      61
2264      90
2265      75
2266      85
2267      91
2268      94
2269      0
2270      99
2271      47
2272      93
2273      92
2274      83
2275      70
2276      0
2277      48
2278      96
2279      44
2280      96
2281      0
2282      0
2283      0
2284      95
2285      0
2286      62
2287      0
2288      88
2289      90
2290      94
2291      100
2292      76
2293      94
2294      97
2295      0
2296      80
2297      75
2298      0
2299      74
2300      62
2301      0
2302      96
2303      88
2304      0
2305      67
2306      0
2307      97
2308      0
2309      84
2310      90
2311      0
2312      85
2313      56
2314      0
2315      97
2316      66
2317      0
2318      62
2319      90
2320      63
2321      84
2322      0
2323      76
2324      96
2325      100
2326      77
2327      0
2328      95
2329      76
2330      0
2331      70
2332      92
2333      0
2334      96
2335      96
2336      0
2337      93
2338      0
2339      78
2340      0
2341      53
2342      0
2343      0
2344      96
2345      0
2346      56
2347      100
2348      0
2349      96
2350      0
2351      73
2352      0
2353      0
2354      80
2355      58
2356      100
2357      0
2358      91
2359      65
2360      100
2361      0
2362      0
2363      97
2364      0
2365      0
2366      98
2367      93
2368      52
2369      0
2370      88
2371      80
2372      0
2373      82
2374      43
2375      70
2376      0
2377      0
2378      60
2379      0
2380      95
2381      58
2382      0
2383      64
2384      95
2385      97
2386      100
2387      77
2388      77
2389      97
2390      97
2391      98
2392      95
2393      0
2394      0
2395      95
2396      0
2397      0
2398      0
2399      77
2400      91
2401      100
2402      97
2403      91
2404      0
2405      0
2406      0
2407      77
2408      96
2409      90
2410      100
2411      0
2412      89
2413      68
2414      96
2415      94
2416      0
2417      93
2418      0
2419      0
2420      0
2421      0
2422      0
2423      100
2424      91
2425      97
2426      0
2427      0
2428      94
2429      0
2430      0
2431      71
2432      92
2433      0
2434      81
2435      83
2436      98
2437      86
2438      53
2439      55
2440      86
2441      0
2442      0
2443      100
2444      80
2445      0
2446      70
2447      100
2448      59
2449      92
2450      0
2451      0
2452      94
2453      99
2454      81
2455      74
2456      95
2457      95
2458      98
2459      96
2460      97
2461      97
2462      98
2463      70
2464      98
2465      100
2466      82
2467      88
2468      92
2469      100
2470      0
2471      0
2472      67
2473      97
2474      0
2475      0
2476      0
2477      0
2478      0
2479      99
2480      98
2481      0
2482      96
2483      100
2484      79
2485      94
2486      98
2487      83
2488      100
2489      67
2490      74
2491      81
2492      0
2493      0
2494      76
2495      0
2496      0
2497      61
2498      75
2499      61
       81669.9
