0      89
1      31
2      91
3      0
4      88
5      85
6      92
7      96
8      0
9      87
10      0
11      0
12      97
13      0
14      0
15      90
16      82
17      100
18      78
19      0
20      92
21      100
22      63
23      86
24      98
25      0
26      0
27      94
28      100
29      98
30      70
31      86
32      92
33      52
34      0
35      99
36      64
37      0
38      100
39      0
40      71
41      98
42      100
43      0
44      93
45      0
46      94
47      98
48      63
49      0
50      57
51      0
52      93
53      99
54      97
55      100
56      97
57      93
58      100
59      91
60      0
61      79
62      100
63      99
64      61
65      0
66      98
67      0
68      97
69      0
70      100
71      91
72      92
73      0
74      80
75      0
76      99
77      99
78      100
79      0
80      64
81      50
82      98
83      0
84      92
85      0
86      0
87      96
88      0
89      0
90      100
91      87
92      0
93      0
94      98
95      74
96      0
97      0
98      0
99      0
100      62
101      59
102      0
103      60
104      60
105      70
106      90
107      99
108      96
109      99
110      54
111      98
112      98
113      97
114      0
115      0
116      82
117      0
118      100
119      0
120      96
121      91
122      0
123      96
124      100
125      0
126      100
127      100
128      0
129      0
130      0
131      80
132      74
133      0
134      94
135      99
136      97
137      98
138      88
139      88
140      60
141      0
142      0
143      0
144      100
145      97
146      84
147      81
148      100
149      97
150      85
151      100
152      93
153      0
154      0
155      0
156      96
157      89
158      0
159      0
160      99
161      0
162      100
163      91
164      0
165      100
166      97
167      0
168      0
169      95
170      100
171      0
172      81
173      0
174      0
175      99
176      0
177      70
178      0
179      100
180      97
181      100
182      0
183      98
184      99
185      70
186      0
187      0
188      0
189      99
190      100
191      99
192      0
193      0
194      0
195      97
196      0
197      69
198      0
199      0
200      99
201      95
202      0
203      0
204      0
205      68
206      0
207      0
208      76
209      0
210      0
211      96
212      94
213      77
214      57
215      0
216      99
217      54
218      97
219      0
220      94
221      100
222      95
223      0
224      99
225      0
226      100
227      100
228      94
229      0
230      0
231      99
232      0
233      52
234      96
235      75
236      0
237      64
238      75
239      97
240      75
241      98
242      0
243      0
244      62
245      98
246      94
247      99
248      61
249      74
250      85
251      100
252      0
253      100
254      100
255      82
256      0
257      95
258      87
259      100
260      95
261      70
262      0
263      100
264      50
265      0
266      98
267      100
268      63
269      100
270      0
271      55
272      0
273      100
274      89
275      66
276      0
277      95
278      49
279      99
280      0
281      99
282      54
283      0
284      0
285      0
286      98
287      0
288      87
289      96
290      0
291      100
292      100
293      50
294      72
295      0
296      0
297      78
298      98
299      97
300      0
301      67
302      56
303      88
304      0
305      92
306      0
307      0
308      96
309      0
310      0
311      0
312      62
313      0
314      65
315      62
316      98
317      0
318      0
319      0
320      99
321      97
322      98
323      93
324      0
325      0
326      0
327      100
328      0
329      0
330      0
331      99
332      97
333      99
334      0
335      0
336      99
337      97
338      65
339      0
340      90
341      78
342      42
343      28
344      89
345      89
346      0
347      0
348      0
349      100
350      96
351      99
352      0
353      0
354      94
355      95
356      0
357      0
358      96
359      0
360      0
361      0
362      73
363      0
364      0
365      100
366      0
367      46
368      0
369      89
370      67
371      84
372      98
373      0
374      100
375      100
376      63
377      61
378      0
379      85
380      71
381      98
382      100
383      0
384      0
385      97
386      42
387      90
388      73
389      86
390      0
391      88
392      0
393      71
394      99
395      69
396      75
397      98
398      99
399      0
400      78
401      0
402      99
403      99
404      0
405      82
406      66
407      0
408      0
409      99
410      0
411      100
412      0
413      61
414      0
415      0
416      90
417      0
418      88
419      0
420      97
421      99
422      0
423      99
424      85
425      0
426      0
427      56
428      100
429      0
430      0
431      0
432      85
433      98
434      99
435      0
436      100
437      91
438      0
439      0
440      92
441      93
442      98
443      96
444      0
445      61
446      61
447      100
448      0
449      0
450      0
451      80
452      66
453      86
454      76
455      0
456      98
457      100
458      74
459      89
460      96
461      85
462      93
463      100
464      100
465      67
466      100
467      0
468      100
469      96
470      86
471      82
472      0
473      98
474      97
475      0
476      100
477      0
478      0
479      0
480      99
481      0
482      59
483      99
484      45
485      100
486      0
487      45
488      97
489      87
490      0
491      55
492      80
493      99
494      99
495      0
496      0
497      62
498      75
499      100
500      59
501      0
502      66
503      99
504      77
505      0
506      65
507      58
508      68
509      0
510      92
511      0
512      96
513      95
514      100
515      60
516      0
517      72
518      88
519      100
520      81
521      80
522      85
523      0
524      100
525      99
526      0
527      98
528      50
529      99
530      99
531      0
532      96
533      90
534      0
535      0
536      0
537      99
538      75
539      31
540      99
541      67
542      100
543      0
544      80
545      0
546      0
547      0
548      0
549      0
550      94
551      0
552      0
553      0
554      81
555      58
556      98
557      99
558      71
559      0
560      81
561      98
562      66
563      94
564      97
565      77
566      0
567      0
568      0
569      0
570      0
571      96
572      0
573      92
574      89
575      54
576      98
577      97
578      0
579      58
580      100
581      95
582      97
583      93
584      0
585      71
586      79
587      68
588      0
589      0
590      0
591      0
592      97
593      70
594      63
595      100
596      98
597      0
598      99
599      80
600      98
601      82
602      94
603      0
604      0
605      99
606      100
607      0
608      97
609      38
610      0
611      97
612      0
613      99
614      95
615      73
616      69
617      100
618      0
619      69
620      0
621      100
622      0
623      51
624      59
625      62
626      0
627      93
628      89
629      94
630      100
631      100
632      0
633      0
634      59
635      0
636      95
637      97
638      100
639      0
640      0
641      0
642      86
643      92
644      96
645      0
646      0
647      89
648      82
649      0
650      88
651      91
652      89
653      96
654      84
655      0
656      99
657      100
658      99
659      98
660      80
661      74
662      93
663      98
664      100
665      74
666      68
667      89
668      0
669      98
670      98
671      58
672      0
673      0
674      100
675      100
676      96
677      0
678      98
679      0
680      0
681      97
682      88
683      84
684      93
685      97
686      72
687      0
688      99
689      0
690      74
691      0
692      0
693      0
694      92
695      100
696      0
697      99
698      62
699      93
700      0
701      69
702      0
703      0
704      0
705      70
706      47
707      63
708      69
709      71
710      99
711      0
712      97
713      0
714      62
715      99
716      100
717      67
718      100
719      62
720      0
721      100
722      42
723      0
724      100
725      0
726      60
727      99
728      66
729      81
730      100
731      75
732      100
733      100
734      83
735      67
736      0
737      74
738      0
739      0
740      97
741      0
742      0
743      100
744      0
745      0
746      99
747      79
748      0
749      53
750      0
751      100
752      100
753      98
754      0
755      95
756      100
757      96
758      99
759      66
760      98
761      86
762      0
763      97
764      91
765      0
766      0
767      0
768      99
769      32
770      0
771      100
772      79
773      97
774      0
775      97
776      99
777      80
778      52
779      56
780      0
781      99
782      99
783      0
784      98
785      0
786      59
787      0
788      98
789      85
790      97
791      97
792      0
793      50
794      0
795      100
796      0
797      93
798      93
799      0
800      93
801      97
802      88
803      66
804      63
805      88
806      100
807      59
808      91
809      0
810      100
811      0
812      99
813      0
814      0
815      95
816      98
817      82
818      81
819      100
820      0
821      99
822      0
823      0
824      0
825      98
826      85
827      0
828      96
829      93
830      87
831      54
832      98
833      0
834      94
835      100
836      99
837      87
838      66
839      100
840      0
841      0
842      0
843      0
844      0
845      99
846      99
847      94
848      84
849      95
850      0
851      0
852      98
853      0
854      90
855      93
856      96
857      99
858      96
859      95
860      100
861      53
862      0
863      0
864      97
865      0
866      100
867      52
868      0
869      0
870      0
871      98
872      97
873      0
874      93
875      64
876      60
877      90
878      95
879      0
880      0
881      66
882      100
883      99
884      98
885      77
886      87
887      97
888      78
889      100
890      97
891      0
892      66
893      0
894      0
895      0
896      89
897      0
898      0
899      99
900      0
901      0
902      0
903      99
904      100
905      98
906      0
907      0
908      90
909      70
910      0
911      81
912      0
913      0
914      99
915      85
916      100
917      75
918      96
919      98
920      100
921      96
922      99
923      100
924      98
925      55
926      0
927      86
928      0
929      99
930      85
931      95
932      71
933      98
934      84
935      92
936      93
937      63
938      98
939      73
940      81
941      0
942      0
943      0
944      67
945      0
946      100
947      0
948      0
949      0
950      95
951      99
952      52
953      88
954      0
955      0
956      0
957      59
958      0
959      0
960      55
961      77
962      0
963      96
964      69
965      99
966      92
967      67
968      0
969      100
970      54
971      82
972      98
973      74
974      0
975      92
976      97
977      0
978      0
979      97
980      98
981      98
982      0
983      0
984      0
985      99
986      0
987      100
988      0
989      99
990      92
991      87
992      95
993      0
994      56
995      49
996      80
997      91
998      100
999      98
       33512.7
