0      0
1      100
2      55
3      99
4      100
5      100
6      0
7      0
8      87
9      66
10      0
11      0
12      0
13      0
14      100
15      100
16      81
17      0
18      71
19      0
20      100
21      100
22      0
23      100
24      97
25      0
26      100
27      86
28      96
29      94
30      0
31      0
32      95
33      81
34      100
35      79
36      0
37      0
38      96
39      94
40      59
41      50
42      99
43      73
44      86
45      87
46      99
47      100
48      98
49      57
50      0
51      0
52      0
53      100
54      0
55      0
56      100
57      0
58      0
59      99
60      0
61      100
62      96
63      84
64      0
65      100
66      100
67      100
68      80
69      0
70      40
71      88
72      87
73      0
74      88
75      77
76      100
77      83
78      85
79      0
80      89
81      0
82      1
83      0
84      0
85      0
86      100
87      85
88      81
89      87
90      0
91      0
92      61
93      100
94      0
95      0
96      96
97      100
98      0
99      77
100      59
101      60
102      0
103      0
104      100
105      100
106      100
107      100
108      95
109      0
110      62
111      0
112      100
113      100
114      0
115      73
116      98
117      91
118      100
119      55
120      82
121      100
122      99
123      100
124      0
125      95
126      100
127      0
128      87
129      0
130      84
131      100
132      70
133      0
134      0
135      78
136      96
137      0
138      0
139      100
140      61
141      100
142      55
143      96
144      79
145      78
146      0
147      100
148      75
149      0
150      0
151      99
152      100
153      0
154      100
155      0
156      41
157      0
158      0
159      0
160      76
161      0
162      91
163      0
164      0
165      100
166      99
167      0
168      61
169      0
170      100
171      100
172      100
173      0
174      100
175      65
176      91
177      89
178      51
179      80
180      100
181      66
182      0
183      85
184      75
185      100
186      90
187      100
188      81
189      100
190      100
191      96
192      74
193      89
194      0
195      100
196      100
197      0
198      0
199      35
       7586.7
