0      0
1      71
2      56
3      100
4      100
5      85
6      100
7      100
8      0
9      83
10      100
11      71
12      0
13      100
14      43
15      0
16      93
17      100
18      0
19      52
20      0
21      73
22      100
23      100
24      0
25      100
26      0
27      66
28      99
29      96
30      0
31      100
32      0
33      0
34      88
35      76
36      100
37      100
38      100
39      99
40      84
41      0
42      0
43      91
44      0
45      0
46      0
47      0
48      0
49      100
50      100
51      100
52      100
53      99
54      0
55      48
56      0
57      0
58      75
59      97
60      0
61      0
62      88
63      0
64      78
65      91
66      100
67      84
68      98
69      100
70      82
71      90
72      100
73      0
74      100
75      93
76      100
77      0
78      92
79      81
80      93
81      0
82      0
83      90
84      53
85      96
86      77
87      100
88      100
89      58
90      0
91      0
92      100
93      96
94      90
95      100
96      100
97      0
98      0
99      0
100      0
101      100
102      69
103      0
104      0
105      100
106      0
107      0
108      82
109      0
110      85
111      0
112      61
113      100
114      82
115      49
116      100
117      100
118      0
119      0
120      100
121      0
122      100
123      62
124      55
125      80
126      71
127      100
128      0
129      58
130      85
131      0
132      62
133      87
134      0
135      98
136      39
137      67
138      0
139      83
140      0
141      0
142      53
143      99
144      68
145      96
146      0
147      0
148      100
149      100
150      0
151      95
152      0
153      99
154      76
155      98
156      32
157      99
158      50
159      100
160      64
161      0
162      43
163      69
164      0
165      0
166      80
167      0
168      100
169      93
170      100
171      100
172      0
173      45
174      60
175      0
176      0
177      100
178      0
179      0
180      85
181      0
182      100
183      100
184      0
185      0
186      0
187      100
188      70
189      80
190      77
191      100
192      57
193      63
194      0
195      0
196      0
197      0
198      0
199      73
       6500.3
