0      99
1      62
2      100
3      100
4      85
5      57
6      100
7      68
8      89
9      44
10      65
11      100
12      96
13      81
14      0
15      0
16      0
17      0
18      100
19      98
20      50
21      96
22      96
23      59
24      84
25      100
26      0
27      84
28      0
29      100
30      54
31      100
32      74
33      100
34      99
35      100
36      0
37      0
38      57
39      87
40      52
41      0
42      0
43      0
44      0
45      95
46      0
47      0
48      0
49      75
50      100
51      0
52      0
53      100
54      68
55      65
56      71
57      100
58      0
59      100
60      78
61      89
62      28
63      0
64      77
65      63
66      100
67      100
68      0
69      100
70      57
71      85
72      64
73      0
74      0
75      81
76      0
77      0
78      0
79      0
80      57
81      96
82      100
83      100
84      0
85      0
86      91
87      100
88      98
89      57
90      80
91      0
92      0
93      100
94      77
95      100
96      72
97      78
98      0
99      0
       3654.03
