0      95
1      0
2      98
3      100
4      81
5      55
6      0
7      0
8      93
9      96
10      0
11      66
12      82
13      0
14      51
15      55
16      94
17      0
18      91
19      0
20      0
21      0
22      98
23      61
24      89
25      65
26      88
27      0
28      83
29      83
30      79
31      92
32      86
33      92
34      91
35      0
36      92
37      0
38      85
39      93
40      90
41      0
42      0
43      0
44      0
45      75
46      98
47      95
48      82
49      91
50      64
51      92
52      95
53      31
54      0
55      94
56      0
57      100
58      0
59      89
60      0
61      85
62      66
63      0
64      92
65      93
66      87
67      76
68      0
69      91
70      0
71      66
72      31
73      100
74      91
75      89
76      57
77      0
78      86
79      100
80      0
81      0
82      67
83      0
84      100
85      0
86      94
87      95
88      75
89      0
90      85
91      64
92      81
93      81
94      83
95      63
96      0
97      0
98      0
99      96
100      0
101      94
102      0
103      47
104      64
105      78
106      78
107      0
108      0
109      91
110      0
111      0
112      97
113      0
114      95
115      0
116      99
117      72
118      82
119      97
120      0
121      0
122      0
123      67
124      82
125      100
126      0
127      0
128      0
129      95
130      73
131      0
132      72
133      81
134      90
135      0
136      92
137      0
138      90
139      76
140      51
141      96
142      98
143      0
144      83
145      74
146      85
147      83
148      0
149      0
150      0
151      0
152      87
153      0
154      27
155      73
156      70
157      0
158      0
159      0
160      0
161      100
162      95
163      97
164      0
165      95
166      100
167      80
168      72
169      96
170      0
171      0
172      0
173      0
174      87
175      98
176      88
177      0
178      99
179      99
180      0
181      0
182      0
183      82
184      0
185      0
186      85
187      68
188      0
189      0
190      83
191      0
192      0
193      90
194      99
195      97
196      91
197      100
198      99
199      58
200      85
201      0
202      99
203      99
204      0
205      0
206      83
207      0
208      98
209      0
210      0
211      98
212      0
213      0
214      74
215      0
216      0
217      83
218      94
219      79
220      60
221      0
222      90
223      0
224      98
225      0
226      97
227      0
228      0
229      93
230      92
231      93
232      0
233      93
234      99
235      0
236      0
237      63
238      0
239      0
240      99
241      0
242      83
243      96
244      91
245      0
246      0
247      93
248      0
249      0
250      0
251      0
252      53
253      92
254      97
255      67
256      81
257      72
258      88
259      72
260      88
261      90
262      0
263      100
264      96
265      98
266      91
267      92
268      0
269      95
270      76
271      54
272      0
273      0
274      92
275      0
276      0
277      97
278      78
279      79
280      98
281      93
282      99
283      83
284      83
285      99
286      95
287      98
288      0
289      0
290      55
291      95
292      55
293      98
294      0
295      67
296      0
297      0
298      0
299      77
300      85
301      93
302      0
303      0
304      96
305      100
306      90
307      0
308      43
309      96
310      0
311      83
312      97
313      0
314      79
315      0
316      86
317      0
318      0
319      84
320      51
321      100
322      0
323      50
324      0
325      95
326      84
327      72
328      0
329      93
330      94
331      0
332      60
333      72
334      0
335      62
336      0
337      86
338      94
339      0
340      99
341      0
342      91
343      80
344      0
345      0
346      0
347      49
348      0
349      95
350      0
351      0
352      23
353      72
354      70
355      0
356      93
357      85
358      0
359      0
360      0
361      0
362      0
363      77
364      34
365      0
366      90
367      0
368      0
369      100
370      96
371      98
372      96
373      0
374      87
375      78
376      82
377      71
378      0
379      0
380      50
381      95
382      0
383      77
384      100
385      0
386      0
387      0
388      0
389      92
390      0
391      96
392      0
393      0
394      0
395      81
396      85
397      91
398      0
399      100
400      96
401      95
402      85
403      88
404      90
405      0
406      96
407      92
408      100
409      0
410      64
411      93
412      71
413      72
414      83
415      0
416      89
417      96
418      0
419      94
420      0
421      81
422      0
423      0
424      99
425      93
426      0
427      0
428      100
429      92
430      98
431      96
432      77
433      100
434      0
435      99
436      82
437      89
438      0
439      0
440      0
441      0
442      89
443      0
444      0
445      0
446      89
447      90
448      67
449      0
450      92
451      73
452      96
453      86
454      79
455      94
456      93
457      0
458      89
459      100
460      88
461      64
462      87
463      0
464      73
465      0
466      66
467      95
468      64
469      54
470      85
471      98
472      0
473      99
474      91
475      89
476      0
477      81
478      0
479      88
480      38
481      0
482      97
483      51
484      79
485      90
486      99
487      76
488      84
489      68
490      90
491      0
492      85
493      100
494      76
495      0
496      90
497      92
498      87
499      90
500      98
501      95
502      0
503      97
504      72
505      0
506      94
507      0
508      94
509      0
510      94
511      98
512      0
513      81
514      85
515      80
516      89
517      79
518      32
519      0
520      81
521      48
522      96
523      99
524      89
525      94
526      0
527      100
528      97
529      65
530      99
531      0
532      95
533      96
534      93
535      0
536      0
537      59
538      100
539      88
540      66
541      83
542      34
543      100
544      96
545      0
546      96
547      95
548      76
549      89
550      79
551      96
552      98
553      0
554      63
555      0
556      0
557      0
558      0
559      78
560      98
561      96
562      76
563      0
564      90
565      97
566      43
567      98
568      71
569      0
570      0
571      0
572      100
573      98
574      100
575      0
576      0
577      0
578      0
579      99
580      93
581      0
582      0
583      93
584      0
585      84
586      0
587      0
588      97
589      0
590      0
591      77
592      88
593      0
594      0
595      43
596      83
597      91
598      99
599      0
600      83
601      0
602      87
603      98
604      0
605      0
606      0
607      0
608      0
609      91
610      83
611      0
612      97
613      66
614      97
615      90
616      90
617      61
618      89
619      100
620      91
621      0
622      0
623      0
624      0
625      0
626      99
627      94
628      0
629      74
630      72
631      58
632      0
633      0
634      88
635      89
636      0
637      99
638      81
639      94
640      76
641      94
642      99
643      0
644      0
645      0
646      38
647      0
648      0
649      0
650      0
651      0
652      100
653      82
654      58
655      100
656      90
657      68
658      95
659      87
660      0
661      47
662      92
663      98
664      50
665      53
666      0
667      0
668      75
669      93
670      68
671      100
672      0
673      99
674      0
675      99
676      0
677      85
678      0
679      96
680      0
681      65
682      94
683      95
684      0
685      81
686      97
687      0
688      96
689      0
690      93
691      100
692      86
693      0
694      92
695      85
696      0
697      96
698      64
699      0
700      0
701      0
702      0
703      0
704      71
705      0
706      0
707      0
708      0
709      91
710      84
711      95
712      92
713      100
714      87
715      83
716      0
717      95
718      95
719      0
720      0
721      83
722      81
723      98
724      96
725      97
726      72
727      0
728      78
729      73
730      61
731      83
732      99
733      0
734      95
735      92
736      0
737      84
738      0
739      93
740      82
741      93
742      0
743      98
744      73
745      0
746      77
747      0
748      92
749      0
750      51
751      0
752      100
753      71
754      96
755      97
756      0
757      90
758      70
759      100
760      0
761      99
762      95
763      88
764      0
765      54
766      0
767      95
768      70
769      0
770      90
771      67
772      0
773      0
774      81
775      98
776      96
777      0
778      0
779      71
780      60
781      0
782      97
783      0
784      78
785      89
786      91
787      73
788      72
789      0
790      0
791      64
792      93
793      95
794      95
795      0
796      0
797      93
798      0
799      67
800      92
801      0
802      66
803      94
804      96
805      46
806      90
807      92
808      99
809      0
810      97
811      58
812      56
813      0
814      87
815      0
816      72
817      0
818      0
819      95
820      0
821      88
822      88
823      93
824      95
825      100
826      100
827      0
828      41
829      0
830      100
831      0
832      0
833      0
834      88
835      0
836      93
837      0
838      98
839      98
840      90
841      0
842      73
843      75
844      0
845      81
846      86
847      100
848      97
849      90
850      94
851      69
852      93
853      50
854      0
855      87
856      93
857      89
858      68
859      66
860      0
861      0
862      98
863      0
864      86
865      0
866      86
867      0
868      85
869      89
870      80
871      0
872      97
873      86
874      55
875      0
876      0
877      39
878      0
879      0
880      99
881      68
882      0
883      0
884      85
885      95
886      97
887      67
888      90
889      100
890      93
891      0
892      73
893      92
894      79
895      61
896      91
897      74
898      85
899      0
900      0
901      84
902      0
903      0
904      74
905      95
906      85
907      93
908      48
909      79
910      88
911      99
912      96
913      97
914      0
915      92
916      0
917      0
918      47
919      0
920      94
921      90
922      87
923      99
924      94
925      0
926      96
927      0
928      0
929      0
930      85
931      87
932      0
933      87
934      90
935      0
936      93
937      93
938      0
939      88
940      0
941      46
942      0
943      83
944      90
945      0
946      83
947      0
948      81
949      0
950      99
951      87
952      85
953      100
954      100
955      57
956      0
957      0
958      49
959      0
960      84
961      44
962      90
963      74
964      0
965      0
966      99
967      84
968      0
969      41
970      0
971      0
972      97
973      0
974      84
975      0
976      93
977      85
978      88
979      95
980      0
981      0
982      72
983      83
984      72
985      93
986      99
987      0
988      0
989      83
990      0
991      0
992      60
993      0
994      100
995      75
996      0
997      0
998      52
999      89
1000      95
1001      0
1002      93
1003      0
1004      77
1005      92
1006      94
1007      99
1008      0
1009      99
1010      98
1011      25
1012      89
1013      75
1014      51
1015      87
1016      87
1017      72
1018      0
1019      0
1020      0
1021      98
1022      89
1023      85
1024      64
1025      94
1026      77
1027      96
1028      0
1029      0
1030      0
1031      92
1032      0
1033      96
1034      71
1035      79
1036      0
1037      91
1038      0
1039      98
1040      63
1041      0
1042      86
1043      56
1044      0
1045      0
1046      57
1047      0
1048      94
1049      0
1050      0
1051      82
1052      0
1053      70
1054      0
1055      99
1056      0
1057      0
1058      97
1059      11
1060      0
1061      0
1062      99
1063      0
1064      0
1065      81
1066      0
1067      71
1068      0
1069      82
1070      0
1071      0
1072      96
1073      96
1074      98
1075      72
1076      0
1077      0
1078      0
1079      90
1080      0
1081      0
1082      83
1083      87
1084      63
1085      92
1086      70
1087      0
1088      0
1089      0
1090      64
1091      76
1092      97
1093      93
1094      61
1095      92
1096      84
1097      95
1098      0
1099      80
1100      0
1101      86
1102      79
1103      0
1104      0
1105      0
1106      38
1107      99
1108      0
1109      62
1110      73
1111      100
1112      98
1113      98
1114      81
1115      94
1116      0
1117      0
1118      0
1119      99
1120      0
1121      97
1122      99
1123      69
1124      98
1125      99
1126      99
1127      0
1128      84
1129      78
1130      0
1131      97
1132      89
1133      83
1134      98
1135      78
1136      83
1137      0
1138      0
1139      90
1140      94
1141      0
1142      87
1143      0
1144      97
1145      98
1146      98
1147      96
1148      95
1149      0
1150      95
1151      75
1152      50
1153      0
1154      0
1155      0
1156      100
1157      0
1158      91
1159      0
1160      86
1161      75
1162      0
1163      86
1164      100
1165      0
1166      93
1167      92
1168      0
1169      95
1170      0
1171      0
1172      0
1173      77
1174      0
1175      91
1176      81
1177      84
1178      100
1179      0
1180      90
1181      96
1182      90
1183      92
1184      0
1185      85
1186      50
1187      99
1188      58
1189      0
1190      93
1191      75
1192      97
1193      97
1194      91
1195      0
1196      0
1197      0
1198      98
1199      79
1200      85
1201      0
1202      0
1203      0
1204      74
1205      71
1206      0
1207      0
1208      0
1209      0
1210      0
1211      0
1212      0
1213      91
1214      96
1215      98
1216      98
1217      0
1218      90
1219      0
1220      76
1221      84
1222      0
1223      0
1224      100
1225      0
1226      40
1227      0
1228      44
1229      98
1230      91
1231      95
1232      0
1233      0
1234      84
1235      0
1236      85
1237      94
1238      93
1239      93
1240      68
1241      0
1242      95
1243      0
1244      99
1245      97
1246      0
1247      82
1248      94
1249      89
1250      92
1251      100
1252      96
1253      98
1254      0
1255      86
1256      0
1257      0
1258      96
1259      100
1260      96
1261      61
1262      71
1263      0
1264      79
1265      93
1266      58
1267      0
1268      0
1269      88
1270      0
1271      70
1272      71
1273      0
1274      78
1275      66
1276      98
1277      0
1278      0
1279      0
1280      98
1281      66
1282      29
1283      97
1284      99
1285      94
1286      94
1287      98
1288      82
1289      91
1290      57
1291      95
1292      92
1293      0
1294      0
1295      0
1296      93
1297      0
1298      82
1299      0
1300      96
1301      98
1302      100
1303      39
1304      96
1305      0
1306      89
1307      93
1308      55
1309      0
1310      67
1311      91
1312      0
1313      91
1314      0
1315      0
1316      0
1317      0
1318      80
1319      95
1320      0
1321      0
1322      0
1323      93
1324      94
1325      95
1326      0
1327      94
1328      81
1329      0
1330      70
1331      0
1332      0
1333      83
1334      0
1335      0
1336      92
1337      87
1338      0
1339      99
1340      83
1341      0
1342      0
1343      0
1344      23
1345      61
1346      73
1347      98
1348      0
1349      0
1350      94
1351      73
1352      0
1353      100
1354      0
1355      85
1356      0
1357      71
1358      0
1359      91
1360      89
1361      96
1362      100
1363      89
1364      77
1365      78
1366      94
1367      76
1368      72
1369      91
1370      87
1371      64
1372      80
1373      92
1374      0
1375      0
1376      94
1377      0
1378      0
1379      81
1380      93
1381      99
1382      0
1383      95
1384      0
1385      0
1386      0
1387      99
1388      53
1389      0
1390      0
1391      80
1392      0
1393      84
1394      62
1395      99
1396      96
1397      0
1398      0
1399      98
1400      91
1401      0
1402      100
1403      100
1404      95
1405      0
1406      94
1407      91
1408      68
1409      0
1410      100
1411      0
1412      0
1413      0
1414      95
1415      0
1416      0
1417      0
1418      100
1419      87
1420      86
1421      0
1422      86
1423      0
1424      69
1425      77
1426      68
1427      0
1428      0
1429      73
1430      73
1431      0
1432      72
1433      94
1434      0
1435      0
1436      96
1437      0
1438      0
1439      91
1440      93
1441      96
1442      84
1443      65
1444      60
1445      0
1446      0
1447      75
1448      79
1449      84
1450      97
1451      91
1452      69
1453      0
1454      98
1455      0
1456      0
1457      53
1458      85
1459      93
1460      0
1461      89
1462      0
1463      83
1464      0
1465      0
1466      0
1467      100
1468      98
1469      0
1470      0
1471      94
1472      89
1473      94
1474      94
1475      74
1476      0
1477      0
1478      0
1479      88
1480      99
1481      0
1482      97
1483      0
1484      42
1485      73
1486      0
1487      91
1488      72
1489      79
1490      0
1491      0
1492      0
1493      0
1494      99
1495      87
1496      0
1497      0
1498      99
1499      92
1500      72
1501      87
1502      0
1503      66
1504      0
1505      98
1506      90
1507      0
1508      0
1509      95
1510      0
1511      72
1512      73
1513      54
1514      63
1515      87
1516      80
1517      95
1518      0
1519      91
1520      0
1521      100
1522      96
1523      81
1524      0
1525      98
1526      0
1527      0
1528      90
1529      94
1530      0
1531      96
1532      48
1533      0
1534      0
1535      99
1536      93
1537      96
1538      45
1539      0
1540      87
1541      0
1542      85
1543      91
1544      0
1545      99
1546      95
1547      87
1548      84
1549      99
1550      0
1551      0
1552      0
1553      66
1554      0
1555      93
1556      96
1557      68
1558      0
1559      82
1560      58
1561      90
1562      95
1563      0
1564      0
1565      96
1566      94
1567      52
1568      69
1569      0
1570      85
1571      0
1572      92
1573      68
1574      0
1575      64
1576      86
1577      0
1578      0
1579      0
1580      0
1581      0
1582      0
1583      84
1584      53
1585      68
1586      100
1587      83
1588      0
1589      93
1590      100
1591      76
1592      94
1593      98
1594      88
1595      88
1596      74
1597      73
1598      84
1599      100
1600      74
1601      100
1602      100
1603      99
1604      63
1605      92
1606      53
1607      62
1608      0
1609      0
1610      98
1611      76
1612      0
1613      0
1614      0
1615      0
1616      67
1617      69
1618      90
1619      0
1620      45
1621      92
1622      0
1623      98
1624      85
1625      100
1626      0
1627      54
1628      0
1629      60
1630      88
1631      0
1632      80
1633      0
1634      0
1635      94
1636      96
1637      0
1638      0
1639      0
1640      80
1641      76
1642      88
1643      99
1644      0
1645      0
1646      92
1647      0
1648      71
1649      92
1650      0
1651      94
1652      92
1653      98
1654      0
1655      0
1656      78
1657      71
1658      0
1659      79
1660      0
1661      0
1662      0
1663      84
1664      96
1665      80
1666      78
1667      93
1668      88
1669      90
1670      0
1671      87
1672      0
1673      51
1674      89
1675      92
1676      0
1677      71
1678      90
1679      0
1680      98
1681      35
1682      82
1683      100
1684      0
1685      86
1686      94
1687      0
1688      83
1689      86
1690      0
1691      86
1692      100
1693      95
1694      97
1695      63
1696      96
1697      100
1698      0
1699      99
1700      76
1701      93
1702      89
1703      0
1704      97
1705      84
1706      83
1707      91
1708      0
1709      94
1710      58
1711      99
1712      0
1713      70
1714      92
1715      93
1716      75
1717      0
1718      98
1719      0
1720      0
1721      0
1722      62
1723      0
1724      96
1725      80
1726      94
1727      76
1728      97
1729      0
1730      79
1731      0
1732      0
1733      0
1734      81
1735      68
1736      88
1737      58
1738      78
1739      89
1740      98
1741      65
1742      37
1743      88
1744      53
1745      94
1746      95
1747      96
1748      0
1749      84
1750      0
1751      83
1752      0
1753      88
1754      97
1755      66
1756      95
1757      0
1758      0
1759      82
1760      81
1761      58
1762      98
1763      0
1764      0
1765      100
1766      97
1767      64
1768      0
1769      62
1770      66
1771      95
1772      0
1773      49
1774      91
1775      95
1776      87
1777      81
1778      0
1779      97
1780      0
1781      0
1782      87
1783      88
1784      95
1785      92
1786      0
1787      82
1788      98
1789      97
1790      88
1791      0
1792      0
1793      0
1794      96
1795      68
1796      0
1797      99
1798      66
1799      0
1800      0
1801      0
1802      99
1803      0
1804      0
1805      88
1806      98
1807      0
1808      91
1809      0
1810      0
1811      0
1812      0
1813      73
1814      69
1815      98
1816      0
1817      97
1818      97
1819      99
1820      0
1821      0
1822      88
1823      0
1824      99
1825      75
1826      81
1827      73
1828      0
1829      0
1830      98
1831      95
1832      95
1833      54
1834      99
1835      0
1836      0
1837      81
1838      60
1839      0
1840      0
1841      83
1842      0
1843      77
1844      76
1845      70
1846      0
1847      0
1848      0
1849      99
1850      94
1851      0
1852      93
1853      0
1854      57
1855      94
1856      0
1857      76
1858      94
1859      90
1860      98
1861      91
1862      0
1863      0
1864      0
1865      0
1866      98
1867      81
1868      100
1869      94
1870      86
1871      0
1872      99
1873      99
1874      100
1875      100
1876      0
1877      0
1878      0
1879      96
1880      0
1881      0
1882      72
1883      92
1884      98
1885      98
1886      87
1887      61
1888      0
1889      100
1890      98
1891      96
1892      96
1893      97
1894      41
1895      70
1896      87
1897      91
1898      0
1899      75
1900      97
1901      93
1902      99
1903      0
1904      99
1905      97
1906      97
1907      76
1908      96
1909      0
1910      78
1911      77
1912      82
1913      91
1914      91
1915      87
1916      88
1917      95
1918      0
1919      59
1920      86
1921      94
1922      72
1923      97
1924      98
1925      81
1926      93
1927      0
1928      0
1929      0
1930      93
1931      100
1932      0
1933      100
1934      49
1935      100
1936      94
1937      100
1938      0
1939      100
1940      97
1941      92
1942      79
1943      0
1944      94
1945      0
1946      87
1947      62
1948      97
1949      0
1950      47
1951      93
1952      85
1953      0
1954      50
1955      96
1956      78
1957      54
1958      0
1959      58
1960      100
1961      0
1962      98
1963      0
1964      89
1965      56
1966      0
1967      85
1968      89
1969      81
1970      71
1971      0
1972      0
1973      95
1974      92
1975      97
1976      0
1977      0
1978      0
1979      83
1980      0
1981      94
1982      96
1983      58
1984      77
1985      0
1986      0
1987      0
1988      99
1989      76
1990      42
1991      79
1992      96
1993      0
1994      95
1995      92
1996      97
1997      79
1998      92
1999      90
2000      0
2001      87
2002      99
2003      0
2004      0
2005      0
2006      81
2007      88
2008      99
2009      0
2010      0
2011      0
2012      87
2013      65
2014      0
2015      97
2016      98
2017      88
2018      77
2019      0
2020      0
2021      98
2022      0
2023      0
2024      91
2025      0
2026      100
2027      100
2028      0
2029      73
2030      0
2031      0
2032      90
2033      94
2034      86
2035      0
2036      97
2037      90
2038      64
2039      0
2040      100
2041      0
2042      0
2043      96
2044      95
2045      54
2046      93
2047      87
2048      70
2049      0
2050      97
2051      96
2052      73
2053      90
2054      0
2055      98
2056      0
2057      72
2058      0
2059      77
2060      0
2061      84
2062      68
2063      0
2064      76
2065      0
2066      0
2067      71
2068      75
2069      96
2070      98
2071      92
2072      72
2073      97
2074      80
2075      98
2076      100
2077      88
2078      84
2079      0
2080      87
2081      95
2082      65
2083      94
2084      93
2085      97
2086      0
2087      100
2088      95
2089      55
2090      0
2091      0
2092      0
2093      88
2094      90
2095      70
2096      72
2097      86
2098      95
2099      82
2100      0
2101      0
2102      0
2103      100
2104      0
2105      0
2106      79
2107      0
2108      94
2109      91
2110      0
2111      99
2112      64
2113      77
2114      98
2115      0
2116      91
2117      94
2118      98
2119      0
2120      88
2121      77
2122      83
2123      0
2124      97
2125      0
2126      89
2127      91
2128      91
2129      0
2130      84
2131      100
2132      0
2133      84
2134      0
2135      40
2136      36
2137      79
2138      68
2139      69
2140      93
2141      96
2142      0
2143      75
2144      0
2145      95
2146      0
2147      0
2148      0
2149      51
2150      94
2151      0
2152      82
2153      0
2154      67
2155      0
2156      99
2157      98
2158      91
2159      0
2160      68
2161      87
2162      0
2163      92
2164      71
2165      87
2166      92
2167      85
2168      94
2169      93
2170      89
2171      87
2172      33
2173      99
2174      0
2175      0
2176      98
2177      0
2178      0
2179      92
2180      0
2181      94
2182      94
2183      0
2184      51
2185      100
2186      0
2187      97
2188      62
2189      84
2190      91
2191      87
2192      66
2193      92
2194      0
2195      69
2196      42
2197      0
2198      89
2199      0
2200      0
2201      83
2202      0
2203      0
2204      94
2205      0
2206      0
2207      0
2208      69
2209      0
2210      82
2211      0
2212      64
2213      97
2214      0
2215      99
2216      0
2217      74
2218      68
2219      93
2220      0
2221      0
2222      36
2223      96
2224      0
2225      0
2226      0
2227      95
2228      92
2229      53
2230      83
2231      66
2232      95
2233      0
2234      0
2235      92
2236      0
2237      87
2238      95
2239      75
2240      76
2241      0
2242      90
2243      0
2244      98
2245      100
2246      91
2247      89
2248      83
2249      86
2250      81
2251      82
2252      0
2253      90
2254      88
2255      88
2256      98
2257      0
2258      0
2259      38
2260      93
2261      0
2262      84
2263      0
2264      0
2265      91
2266      0
2267      97
2268      95
2269      92
2270      0
2271      0
2272      64
2273      98
2274      72
2275      87
2276      90
2277      96
2278      92
2279      0
2280      99
2281      94
2282      90
2283      89
2284      87
2285      0
2286      99
2287      0
2288      0
2289      82
2290      95
2291      0
2292      98
2293      87
2294      93
2295      92
2296      93
2297      95
2298      0
2299      44
2300      96
2301      0
2302      37
2303      0
2304      98
2305      0
2306      95
2307      0
2308      0
2309      75
2310      0
2311      100
2312      0
2313      80
2314      72
2315      86
2316      87
2317      90
2318      100
2319      93
2320      32
2321      74
2322      44
2323      0
2324      73
2325      0
2326      79
2327      100
2328      93
2329      86
2330      79
2331      89
2332      79
2333      0
2334      0
2335      89
2336      0
2337      0
2338      0
2339      0
2340      0
2341      93
2342      96
2343      0
2344      95
2345      0
2346      87
2347      59
2348      63
2349      85
2350      81
2351      0
2352      99
2353      90
2354      68
2355      96
2356      48
2357      79
2358      99
2359      90
2360      49
2361      0
2362      69
2363      100
2364      38
2365      92
2366      75
2367      99
2368      0
2369      0
2370      0
2371      84
2372      0
2373      98
2374      99
2375      99
2376      83
2377      0
2378      99
2379      78
2380      99
2381      100
2382      0
2383      0
2384      0
2385      73
2386      0
2387      0
2388      56
2389      87
2390      0
2391      86
2392      0
2393      0
2394      84
2395      0
2396      93
2397      0
2398      92
2399      87
2400      93
2401      96
2402      98
2403      0
2404      94
2405      73
2406      84
2407      0
2408      0
2409      0
2410      83
2411      0
2412      0
2413      87
2414      52
2415      90
2416      97
2417      0
2418      0
2419      0
2420      0
2421      75
2422      99
2423      53
2424      0
2425      91
2426      42
2427      71
2428      97
2429      82
2430      0
2431      46
2432      0
2433      100
2434      97
2435      82
2436      35
2437      0
2438      0
2439      100
2440      99
2441      0
2442      78
2443      73
2444      97
2445      0
2446      0
2447      94
2448      92
2449      68
2450      0
2451      0
2452      0
2453      99
2454      0
2455      100
2456      51
2457      100
2458      0
2459      84
2460      100
2461      0
2462      99
2463      93
2464      0
2465      0
2466      60
2467      89
2468      81
2469      99
2470      99
2471      0
2472      0
2473      98
2474      63
2475      0
2476      99
2477      100
2478      80
2479      92
2480      78
2481      83
2482      0
2483      0
2484      0
2485      62
2486      0
2487      75
2488      80
2489      0
2490      99
2491      0
2492      0
2493      83
2494      0
2495      0
2496      0
2497      75
2498      95
2499      0
       81518.9
