0      0
1      0
2      88.1283
3      51.9132
4      80.9027
5      99.9854
6      99.6735
7      81.5641
8      80.5699
9      99.9812
10      83.7163
11      99.9655
12      0
13      90.3075
14      0
15      99.9655
16      0
17      0
18      99.9655
19      52.2398
20      0
21      99.8258
22      56.6811
23      46.1374
24      78.7167
25      72.7102
26      0
27      99.9655
28      0
29      99.9517
30      0
31      0
32      68.7793
33      99.9837
34      0
35      0
36      88.2576
37      0
38      99.1662
39      72.9342
40      79.7107
41      77.3863
42      0
43      97.7271
44      0
45      68.7315
46      0
47      73.8641
48      0
49      45.3219
50      0
51      83.3752
52      0
53      48.5222
54      51.7688
55      0
56      99.9655
57      0
58      0
59      0
60      0
61      99.8258
62      0
63      99.9492
64      0
65      41.4737
66      55.0251
67      0
68      94.8962
69      0
70      62.9914
71      0
72      75.4972
73      99.9655
74      0
75      99.8258
76      99.2305
77      99.9999
78      0
79      84.9288
80      99.6635
81      85.4935
82      0
83      86.9918
84      83.0669
85      0
86      69.8816
87      64.3034
88      0
89      98.185
90      99.9837
91      99.9872
92      73.3283
93      99.9655
94      0
95      0
96      0
97      76.8631
98      60.1922
99      0
100      0.000114783
101      0
102      0
103      0
104      0
105      96.9089
106      43.3812
107      99.5939
108      62.9914
109      0
110      59.8553
111      41.174
112      99.9835
113      99.9655
114      0
115      91.137
116      0
117      94.9807
118      59.7396
119      99.9655
120      99.8698
121      0
122      99.5255
123      0
124      0
125      0
126      0
127      99.8991
128      84.8262
129      58.6908
130      0
131      0
132      92.4464
133      68.7793
134      0
135      0
136      87.5864
137      80.5699
138      0
139      99.9739
140      62.7477
141      41.612
142      99.2301
143      75.0184
144      84.5321
145      94.5065
146      0
147      0
148      91.663
149      99.8258
150      77.0367
151      97.7271
152      0
153      0
154      0
155      99.9655
156      99.9655
157      0
158      0
159      98.9385
160      63.8645
161      0
162      99.9655
163      91.1635
164      96.8846
165      99.9492
166      0
167      42.8348
168      99.8984
169      0
170      88.1859
171      0
172      76.8324
173      0
174      0
175      0
176      80.6967
177      99.9655
178      45.1515
179      0
180      41.174
181      95.009
182      0
183      0
184      56.6004
185      82.689
186      0
187      91.8328
188      69.71
189      0
190      0
191      88.1323
192      94.8962
193      0
194      0
195      83.2174
196      98.4025
197      99.9655
198      48.5744
199      79.6169
       7074.15
