0      84.7763
1      64.4957
2      88.9521
3      83.0483
4      71.5492
5      0
6      0
7      87.5529
8      0
9      84.1747
10      0
11      0
12      97.4569
13      99.5492
14      85.1058
15      58.3953
16      42.128
17      84.9482
18      63.2248
19      75.2051
20      0
21      92.0644
22      93.928
23      0
24      0
25      0
26      0
27      0
28      66.1279
29      60.3534
30      0
31      0
32      89.0791
33      89.1055
34      75.8405
35      97.9042
36      0
37      97.1889
38      75.6386
39      0
40      54.0597
41      0
42      0
43      0
44      93.49
45      82.993
46      43.3717
47      99.0841
48      0
49      98.2932
50      0
51      0
52      0
53      92.9331
54      67.588
55      0
56      0
57      0
58      99.8561
59      66.1301
60      66.7184
61      76.2821
62      0
63      47.5287
64      83.2315
65      95.2206
66      93.9392
67      74.4723
68      94.3958
69      0
70      46.9147
71      80.1107
72      0
73      0
74      0
75      96.631
76      83.221
77      89.9412
78      86.4807
79      0
80      0
81      74.8759
82      48.5813
83      98.3284
84      0
85      69.4249
86      0
87      0
88      0
89      80.3425
90      98.4802
91      73.8066
92      87.5793
93      0
94      72.8228
95      79.0661
96      0
97      0
98      74.2502
99      51.2451
100      70.8081
101      93.8941
102      0
103      83.4623
104      59.4167
105      93.4441
106      0
107      0
108      75.5141
109      0
110      94.6619
111      82.7179
112      99.8327
113      64.7791
114      0
115      0
116      48.1402
117      99.6831
118      0
119      0
120      0
121      89.1701
122      83.105
123      74.2782
124      98.9649
125      95.9543
126      38.6972
127      0
128      99.4345
129      89.6012
130      0
131      77.8767
132      0
133      59.3984
134      99.4351
135      0
136      0
137      0
138      0
139      99.7227
140      0
141      0
142      64.7304
143      0
144      93.2471
145      0
146      96.5129
147      0
148      0
149      0
150      0
151      59.2956
152      0
153      0
154      99.08
155      0
156      96.1744
157      0
158      94.6619
159      0
160      0
161      0
162      95.5686
163      76.8647
164      74.4723
165      0
166      94.0728
167      87.6352
168      86.3681
169      96.0778
170      0
171      0
172      99.9047
173      66.1301
174      0
175      48.2459
176      96.3319
177      89.7956
178      98.0018
179      69.1769
180      0
181      52.3857
182      0
183      0
184      93.1418
185      37.8127
186      0
187      0
188      95.3182
189      80.8566
190      0
191      0
192      63.9037
193      54.0597
194      84.8943
195      62.9335
196      0
197      89.4525
198      0
199      64.7942
200      0
201      0
202      0
203      59.2787
204      0
205      0
206      99.2772
207      0
208      99.0142
209      0
210      61.4449
211      98.4126
212      97.9579
213      0
214      75.1204
215      83.2191
216      92.7036
217      63.9684
218      59.9484
219      0
220      0
221      0
222      42.1303
223      87.8753
224      0
225      76.1893
226      97.8474
227      65.8329
228      77.962
229      71.7514
230      61.9033
231      0
232      76.8141
233      0
234      0
235      0
236      0
237      87.1402
238      98.0601
239      62.9335
240      0
241      0
242      91.0276
243      0
244      0
245      75.2051
246      79.8798
247      95.6239
248      97.9042
249      62.5377
250      56.7691
251      99.3128
252      68.581
253      83.1026
254      88.3412
255      0
256      90.0125
257      81.7062
258      64.8804
259      0
260      0
261      99.2883
262      0
263      62.1223
264      58.4642
265      88.5687
266      59.8381
267      0
268      91.6565
269      0
270      83.3655
271      0
272      0
273      0
274      81.2123
275      42.1569
276      82.0467
277      0
278      53.5619
279      0
280      38.6972
281      40.0381
282      95.0788
283      0
284      66.7184
285      0
286      96.1744
287      0
288      0
289      0
290      0
291      87.2598
292      83.729
293      0
294      51.0917
295      0
296      0
297      98.8855
298      93.4441
299      0
300      83.729
301      71.8013
302      96.56
303      0
304      40.2713
305      0
306      0
307      0
308      75.5141
309      82.1117
310      0
311      0
312      84.4674
313      57.4547
314      73.6533
315      0
316      0
317      44.35
318      0
319      74.2501
320      0
321      83.6276
322      75.7463
323      98.3139
324      0
325      0
326      0
327      78.8599
328      0
329      98.9729
330      0
331      48.1469
332      0
333      0
334      75.8405
335      95.9993
336      98.2932
337      0
338      0
339      70.0495
340      57.0308
341      0
342      99.7227
343      0
344      64.9261
345      0
346      98.4317
347      61.0893
348      78.1878
349      0
350      88.9876
351      84.716
352      0
353      55.0085
354      54.0023
355      76.5151
356      76.2459
357      0
358      96.8653
359      0
360      71.1538
361      61.0893
362      89.7794
363      0
364      0
365      0
366      0
367      93.3221
368      0
369      0
370      0
371      99.0841
372      0
373      82.2073
374      81.7062
375      89.3291
376      62.4832
377      91.1736
378      84.232
379      54.212
380      0
381      57.0308
382      0
383      80.7365
384      46.7103
385      98.3139
386      77.962
387      0
388      0
389      56.2694
390      0
391      71.2691
392      91.3067
393      64.8985
394      86.4807
395      0
396      67.9034
397      81.9257
398      69.5512
399      65.9201
400      0
401      75.8355
402      79.5839
403      39.7217
404      58.8115
405      0
406      47.7455
407      53.6094
408      0
409      69.4531
410      0
411      0
412      0
413      0
414      0
415      44.5536
416      85.3405
417      84.8997
418      92.2038
419      79.1036
420      73.3246
421      50.5839
422      83.4623
423      50.4283
424      54.3632
425      82.3655
426      0
427      0
428      98.9579
429      85.4689
430      0
431      90.4826
432      0
433      96.121
434      0
435      62.9335
436      0
437      90.1778
438      0
439      96.2376
440      85.4275
441      0
442      99.8561
443      75.1204
444      0
445      46.4814
446      0
447      0
448      47.4628
449      0
450      0
451      0
452      0
453      90.3377
454      97.9042
455      86.5524
456      0
457      0
458      0
459      0
460      0
461      99.3284
462      67.0706
463      54.4915
464      0
465      76.8788
466      87.8753
467      99.08
468      57.7613
469      0
470      74.157
471      0
472      76.2006
473      0
474      87.0312
475      99.7699
476      0
477      89.0513
478      94.5248
479      0
480      69.1769
481      0
482      0
483      57.0534
484      0
485      0
486      0
487      84.9457
488      59.4691
489      0
490      0
491      0
492      0
493      0
494      0
495      0
496      87.2866
497      95.1147
498      84.6451
499      63.4204
500      0
501      0
502      98.4126
503      0
504      0
505      64.6908
506      83.9241
507      83.5701
508      0
509      65.9583
510      39.8131
511      0
512      0
513      0
514      0
515      97.1242
516      82.9584
517      84.7966
518      0
519      70.8601
520      62.5377
521      39.5782
522      0
523      80.7915
524      84.6933
525      83.729
526      97.496
527      0
528      69.9421
529      85.8649
530      92.6453
531      61.6368
532      0
533      0
534      63.9684
535      69.1982
536      0
537      40.3053
538      91.0639
539      36.8714
540      0
541      98.0018
542      0
543      0
544      0
545      0
546      99.4025
547      53.3312
548      0
549      0
550      91.6644
551      99.9047
552      53.3312
553      99.5492
554      79.1819
555      70.9992
556      97.9579
557      0
558      97.5293
559      97.3524
560      0
561      97.1242
562      97.6867
563      0
564      61.8021
565      0
566      0
567      68.2014
568      0
569      97.4199
570      66.7884
571      99.2377
572      0
573      99.965
574      0
575      0
576      0
577      80.7365
578      76.4925
579      89.2532
580      77.962
581      0
582      77.2805
583      92.8118
584      0
585      90.3594
586      65.3772
587      90.6118
588      0
589      0
590      0
591      51.5419
592      71.5332
593      50.104
594      76.3568
595      0
596      73.7453
597      99.8327
598      64.156
599      98.8795
600      52.3857
601      98.3139
602      0
603      0
604      0
605      0
606      79.7647
607      0
608      64.4921
609      0
610      49.17
611      75.2051
612      0
613      50.3487
614      74.8672
615      71.1681
616      56.8627
617      0
618      39.7217
619      0
620      41.5976
621      0
622      0
623      0
624      56.0606
625      91.0276
626      88.6658
627      0
628      0
629      0
630      87.9893
631      0
632      0
633      81.2972
634      79.7262
635      91.2852
636      68.6444
637      39.7217
638      0
639      0
640      46.425
641      0
642      78.4772
643      47.3946
644      99.2466
645      89.3415
646      0
647      69.1843
648      72.5925
649      86.1055
650      44.9418
651      78.9231
652      0
653      79.0661
654      0
655      99.8561
656      0
657      0
658      0
659      98.2932
660      93.4606
661      44.5536
662      80.3425
663      0
664      0
665      87.7334
666      50.6619
667      0
668      0
669      46.8836
670      77.2805
671      82.3607
672      89.1912
673      0
674      0
675      0
676      85.7378
677      55.0085
678      0
679      92.0288
680      0
681      0
682      79.8798
683      95.6965
684      52.3249
685      0
686      69.0551
687      0
688      0
689      0
690      0
691      0
692      0
693      94.7887
694      68.6444
695      0
696      0
697      0
698      0
699      78.8213
700      63.3218
701      52.8063
702      97.0629
703      64.6826
704      96.9248
705      84.8943
706      98.3139
707      98.8855
708      0
709      70.8601
710      65.3772
711      57.2349
712      79.9031
713      70.74
714      66.6284
715      83.7445
716      92.4907
717      91.4905
718      74.1497
719      36.5927
720      75.9556
721      92.5179
722      39.4941
723      0
724      0
725      95.2932
726      0
727      77.7786
728      63.3218
729      74.8748
730      51.4271
731      0.0505876
732      95.4579
733      97.136
734      58.6455
735      75.54
736      0
737      71.4879
738      0
739      93.3221
740      99.3128
741      57.6191
742      98.0601
743      0
744      75.2051
745      80.8566
746      0
747      90.9103
748      76.3568
749      67.3325
750      0
751      91.8038
752      0
753      0
754      92.8199
755      0
756      99.4227
757      0
758      90.3594
759      0
760      74.6755
761      56.5541
762      44.8055
763      82.1117
764      0
765      74.5682
766      0
767      0
768      0
769      79.7628
770      77.231
771      98.7856
772      0
773      90.2261
774      90.0961
775      54.0023
776      0
777      0
778      0
779      93.9092
780      95.9543
781      38.9021
782      98.2932
783      88.7863
784      85.1344
785      0
786      69.5214
787      0
788      0
789      0
790      0
791      43.4571
792      0
793      0
794      77.1124
795      0
796      64.7065
797      0
798      0
799      90.6406
800      0
801      85.7109
802      91.5849
803      0
804      61.0122
805      0
806      0
807      65.3772
808      59.2787
809      40.6833
810      52.3857
811      99.3284
812      0
813      71.4879
814      96.3348
815      0
816      98.9729
817      0
818      0
819      80.7306
820      0
821      0
822      0
823      71.9727
824      0
825      47.4247
826      0
827      0
828      69.6445
829      93.4606
830      48.7913
831      93.5295
832      97.6308
833      0
834      98.8795
835      0
836      0
837      83.5701
838      61.8067
839      0
840      86.4807
841      50.7275
842      41.8792
843      77.602
844      82.476
845      72.077
846      87.7222
847      97.409
848      0
849      0
850      94.0869
851      0
852      91.3896
853      0
854      0
855      95.1712
856      90.1609
857      0
858      0
859      79.7647
860      0
861      98.8855
862      97.1242
863      96.3242
864      0
865      99.0142
866      70.7731
867      0
868      95.9543
869      66.1279
870      0
871      0
872      92.0131
873      50.3487
874      48.1986
875      82.3607
876      75.5141
877      68.8704
878      95.6965
879      87.8901
880      0
881      90.7398
882      0
883      0
884      74.9837
885      96.2935
886      98.7856
887      0
888      75.2126
889      0
890      64.7942
891      0
892      0
893      40.5406
894      41.2439
895      0
896      54.474
897      0
898      87.7173
899      0
900      85.1058
901      75.2051
902      93.3677
903      76.0891
904      97.605
905      86.3315
906      0
907      90.9642
908      96.6643
909      0
910      0
911      90.3893
912      0
913      63.47
914      68.496
915      0
916      0
917      84.3346
918      98.4802
919      57.5755
920      0
921      99.7699
922      0
923      0
924      94.1448
925      74.6187
926      0
927      99.2883
928      92.1417
929      72.077
930      83.1476
931      93.4606
932      0
933      99.9441
934      86.4615
935      95.8581
936      98.9822
937      0
938      81.2268
939      0
940      0
941      64.8816
942      0
943      50.1692
944      0
945      95.2206
946      0
947      85.4331
948      56.0555
949      48.8672
950      0
951      99.2377
952      72.1929
953      0
954      79.9031
955      0
956      0
957      0
958      0
959      56.2125
960      55.445
961      83.9729
962      0
963      76.8788
964      64.7065
965      60.8963
966      0
967      93.0972
968      94.885
969      97.7848
970      0
971      81.1681
972      0
973      99.2377
974      87.0962
975      72.8228
976      76.8647
977      0
978      85.567
979      0
980      0
981      96.9901
982      90.3594
983      54.0724
984      94.7098
985      67.2955
986      67.4648
987      91.9123
988      70.8133
989      99.9793
990      70.934
991      56.0606
992      67.4648
993      81.7599
994      0
995      97.1612
996      53.8925
997      0
998      89.8402
999      68.6444
1000      98.6135
1001      98.7466
1002      0
1003      83.746
1004      0
1005      51.3154
1006      82.2602
1007      64.6308
1008      0
1009      73.137
1010      0
1011      0
1012      0
1013      0
1014      81.7507
1015      0
1016      0
1017      0
1018      65.9201
1019      72.0851
1020      0
1021      89.218
1022      54.6739
1023      56.2694
1024      42.4091
1025      99.5116
1026      0
1027      63.1158
1028      97.5118
1029      99.7227
1030      42.4939
1031      75.9927
1032      70.9992
1033      0
1034      0
1035      62.1474
1036      78.9231
1037      0
1038      0
1039      68.1958
1040      92.8713
1041      93.9291
1042      63.5596
1043      98.1646
1044      0
1045      88.6441
1046      65.8258
1047      92.4907
1048      46.3947
1049      82.2277
1050      0
1051      89.0048
1052      97.1612
1053      0
1054      0
1055      98.8795
1056      0
1057      0
1058      76.207
1059      0
1060      79.7647
1061      70.7731
1062      53.2811
1063      0
1064      81.1681
1065      0
1066      80.817
1067      85.3954
1068      66.4274
1069      0
1070      0
1071      0
1072      0
1073      93.3751
1074      0
1075      0
1076      0
1077      93.4068
1078      0
1079      45.8144
1080      76.1893
1081      0
1082      0
1083      93.9092
1084      92.8881
1085      0
1086      96.631
1087      0
1088      0
1089      0
1090      90.0961
1091      99.08
1092      99.9047
1093      79.8466
1094      0
1095      65.3376
1096      0
1097      84.8177
1098      0
1099      99.6205
1100      89.9738
1101      59.4572
1102      0
1103      0
1104      87.5766
1105      0
1106      44.5536
1107      0
1108      66.1022
1109      96.8475
1110      97.0629
1111      76.3568
1112      0
1113      80.1934
1114      0
1115      0
1116      0
1117      61.4906
1118      51.5244
1119      49.1997
1120      54.4411
1121      74.2502
1122      0
1123      0
1124      0
1125      76.036
1126      0
1127      99.5737
1128      67.1134
1129      98.6135
1130      0
1131      0
1132      69.711
1133      54.6739
1134      0
1135      86.5097
1136      0
1137      53.0469
1138      0
1139      92.9799
1140      0
1141      0
1142      0
1143      77.962
1144      99.2772
1145      85.7109
1146      84.9513
1147      99.7699
1148      58.2797
1149      0
1150      0
1151      92.6453
1152      93.1418
1153      79.7262
1154      0
1155      73.3246
1156      89.1701
1157      0
1158      92.0131
1159      0
1160      82.7662
1161      0
1162      81.7769
1163      0
1164      0
1165      0
1166      71.8378
1167      0
1168      88.792
1169      0
1170      0
1171      86.1055
1172      84.8306
1173      66.8372
1174      0
1175      96.631
1176      86.4807
1177      51.9613
1178      0
1179      99.6831
1180      62.1474
1181      63.9037
1182      94.0728
1183      98.129
1184      80.979
1185      0
1186      87.9484
1187      97.1254
1188      0
1189      0
1190      0
1191      0
1192      0
1193      0
1194      0
1195      96.3184
1196      98.3886
1197      48.4146
1198      94.5248
1199      72.9883
1200      0
1201      68.3715
1202      0
1203      0
1204      0
1205      0
1206      76.5256
1207      96.9248
1208      93.3677
1209      0
1210      67.1248
1211      0
1212      88.5021
1213      87.0312
1214      0
1215      90.7214
1216      47.5508
1217      0
1218      0
1219      93.3674
1220      0
1221      99.6345
1222      0
1223      86.4807
1224      97.8474
1225      82.993
1226      99.965
1227      0
1228      60.3254
1229      0
1230      98.3139
1231      0
1232      76.3568
1233      0
1234      56.0939
1235      0
1236      99.2772
1237      36.5026
1238      68.9228
1239      0
1240      84.8481
1241      84.0269
1242      0
1243      0
1244      91.5849
1245      91.4367
1246      56.5541
1247      51.9613
1248      93.5286
1249      0
1250      0
1251      94.5248
1252      0
1253      0
1254      0
1255      40.0942
1256      69.3866
1257      95.0627
1258      81.5853
1259      0
1260      76.8141
1261      98.7856
1262      92.8118
1263      0
1264      55.3463
1265      46.0642
1266      0
1267      0
1268      87.5766
1269      0
1270      95.4584
1271      93.0192
1272      0
1273      0
1274      0
1275      0
1276      92.6902
1277      96.8644
1278      0
1279      99.0841
1280      90.9642
1281      58.3953
1282      59.2787
1283      95.6965
1284      71.8322
1285      53.4763
1286      99.4227
1287      0
1288      64.9819
1289      79.3569
1290      67.1134
1291      0
1292      59.3369
1293      86.7547
1294      0
1295      0
1296      66.7884
1297      51.3154
1298      82.9741
1299      97.1242
1300      0
1301      70.2994
1302      0
1303      54.0023
1304      0
1305      0
1306      0
1307      81.8515
1308      77.231
1309      66.3241
1310      89.0791
1311      90.4531
1312      90.8039
1313      0
1314      0
1315      99.9047
1316      0
1317      90.6688
1318      0
1319      85.4689
1320      0
1321      0
1322      75.8035
1323      0
1324      46.4814
1325      0
1326      0
1327      96.3236
1328      89.7956
1329      96.7895
1330      66.4274
1331      0
1332      97.9896
1333      0
1334      88.7029
1335      97.4957
1336      51.5356
1337      75.2051
1338      0
1339      0
1340      0
1341      97.5916
1342      56.6893
1343      0
1344      0
1345      94.2776
1346      0
1347      0
1348      0
1349      89.7956
1350      88.233
1351      96.8634
1352      83.6599
1353      0
1354      93.8025
1355      0
1356      0
1357      52.8085
1358      39.7798
1359      56.2694
1360      86.0056
1361      99.0841
1362      41.5149
1363      95.8581
1364      0
1365      0
1366      99.5737
1367      0
1368      86.9694
1369      99.6259
1370      87.9774
1371      93.8685
1372      94.0728
1373      76.878
1374      0
1375      92.0208
1376      0
1377      76.3568
1378      0
1379      61.4906
1380      57.5755
1381      64.5146
1382      90.8796
1383      99.2883
1384      0
1385      98.305
1386      0
1387      71.8405
1388      74.4916
1389      0
1390      0
1391      50.4424
1392      94.0728
1393      97.1242
1394      0
1395      0
1396      0
1397      64.9261
1398      95.7773
1399      0
1400      46.0717
1401      0
1402      78.3064
1403      48.1469
1404      0
1405      0
1406      0
1407      0
1408      0
1409      54.6739
1410      68.3819
1411      78.1878
1412      0
1413      56.1186
1414      0
1415      73.8066
1416      0
1417      88.583
1418      51.9748
1419      73.137
1420      0
1421      52.4326
1422      0
1423      71.2994
1424      0
1425      79.0661
1426      95.9181
1427      70.8081
1428      99.6831
1429      57.8242
1430      60.0374
1431      60.721
1432      0
1433      99.5116
1434      81.8201
1435      72.3048
1436      0
1437      0
1438      0
1439      0
1440      75.1204
1441      84.8481
1442      48.9883
1443      67.4648
1444      0
1445      81.8392
1446      78.9231
1447      90.011
1448      0
1449      92.6902
1450      44.4538
1451      0
1452      0
1453      0
1454      93.7773
1455      0
1456      0
1457      79.5839
1458      97.136
1459      93.4441
1460      91.4185
1461      62.7242
1462      94.5248
1463      0
1464      49.2755
1465      0
1466      47.7455
1467      67.7986
1468      58.4928
1469      0
1470      79.8798
1471      96.3416
1472      96.2376
1473      62.7242
1474      0
1475      0
1476      0
1477      57.6191
1478      85.4838
1479      84.6451
1480      0
1481      76.1784
1482      0
1483      0
1484      0
1485      54.7901
1486      85.7378
1487      54.527
1488      0
1489      0
1490      74.4347
1491      0
1492      0
1493      34.0992
1494      84.7503
1495      80.2267
1496      82.3655
1497      0
1498      73.6415
1499      66.8372
1500      63.7733
1501      87.7907
1502      0
1503      89.0513
1504      75.6682
1505      0
1506      0
1507      94.7149
1508      86.0266
1509      0
1510      50.1508
1511      0
1512      89.4889
1513      99.2466
1514      82.2073
1515      0
1516      0
1517      74.6053
1518      0
1519      38.6972
1520      98.9579
1521      80.4699
1522      61.0122
1523      85.7378
1524      90.7401
1525      0
1526      0
1527      82.9741
1528      81.7062
1529      78.207
1530      88.2215
1531      0
1532      0
1533      0
1534      98.3139
1535      79.2582
1536      72.1929
1537      91.6644
1538      44.5536
1539      0
1540      0
1541      0
1542      0
1543      0
1544      0
1545      0
1546      0
1547      84.232
1548      0
1549      0
1550      89.3415
1551      48.0357
1552      0
1553      84.4434
1554      96.0935
1555      0
1556      63.9631
1557      0
1558      0
1559      0
1560      0
1561      99.4227
1562      99.6072
1563      95.4579
1564      0
1565      68.581
1566      77.4307
1567      45.3383
1568      74.6755
1569      0
1570      81.5853
1571      89.348
1572      70.6839
1573      0
1574      57.5755
1575      0
1576      87.9774
1577      85.1007
1578      0
1579      67.9034
1580      91.3067
1581      72.8228
1582      0
1583      0
1584      69.3324
1585      61.5014
1586      0
1587      0
1588      97.1612
1589      78.4772
1590      0
1591      54.2903
1592      0
1593      53.1221
1594      46.908
1595      84.8997
1596      0
1597      71.4879
1598      57.2349
1599      95.1147
1600      92.0438
1601      90.5414
1602      96.8653
1603      69.6283
1604      0
1605      76.1893
1606      0
1607      80.3257
1608      0
1609      99.2685
1610      0
1611      0
1612      89.0513
1613      89.218
1614      96.5488
1615      71.8405
1616      0
1617      0
1618      44.9334
1619      37.0597
1620      93.8941
1621      88.3559
1622      0
1623      89.4411
1624      52.8085
1625      0
1626      0
1627      0
1628      93.4606
1629      0
1630      92.7866
1631      0
1632      92.0256
1633      0
1634      0
1635      0
1636      99.8327
1637      0
1638      0
1639      90.0125
1640      97.0629
1641      90.7214
1642      93.8025
1643      89.0107
1644      70.934
1645      75.4317
1646      86.1054
1647      99.08
1648      81.3529
1649      0
1650      98.6211
1651      99.6259
1652      0
1653      86.5644
1654      0
1655      86.3315
1656      60.9105
1657      0
1658      84.9482
1659      71.4983
1660      88.8676
1661      66.4022
1662      0
1663      51.7187
1664      61.6112
1665      74.4723
1666      0
1667      92.0208
1668      96.3019
1669      86.4807
1670      78.8786
1671      53.5284
1672      88.2997
1673      0
1674      62.8974
1675      76.8788
1676      0
1677      0
1678      96.2006
1679      61.5014
1680      0
1681      63.2248
1682      0
1683      75.0444
1684      0
1685      0
1686      68.6444
1687      0
1688      87.9774
1689      0
1690      89.1912
1691      61.3374
1692      99.8561
1693      0
1694      0
1695      91.4473
1696      84.232
1697      72.7699
1698      0
1699      0
1700      0
1701      0
1702      89.2532
1703      0
1704      94.8043
1705      0
1706      99.8561
1707      71.1681
1708      96.6452
1709      95.6239
1710      0
1711      0
1712      69.711
1713      95.6965
1714      96.1744
1715      90.3594
1716      0
1717      70.4566
1718      0
1719      90.6118
1720      94.0886
1721      0
1722      68.3997
1723      97.1612
1724      0
1725      0
1726      93.6545
1727      99.2772
1728      58.6907
1729      0
1730      75.5141
1731      0
1732      0
1733      0
1734      83.6276
1735      0
1736      99.4025
1737      0
1738      99.6259
1739      68.905
1740      76.2821
1741      0
1742      0
1743      0
1744      64.5146
1745      0
1746      98.1332
1747      80.7869
1748      94.6619
1749      0
1750      81.7891
1751      88.9813
1752      64.9261
1753      0
1754      0
1755      71.3715
1756      60.3534
1757      90.4318
1758      43.1124
1759      96.5488
1760      0
1761      66.3241
1762      66.4988
1763      0
1764      0
1765      0
1766      0
1767      0
1768      38.1432
1769      94.0886
1770      0
1771      0
1772      48.6106
1773      44.5504
1774      91.26
1775      99.5999
1776      53.5959
1777      0
1778      47.0137
1779      0
1780      0
1781      0
1782      80.4699
1783      0
1784      47.5436
1785      0
1786      0
1787      0
1788      44.35
1789      0
1790      0
1791      0
1792      0
1793      40.7788
1794      67.0706
1795      0
1796      0
1797      0
1798      0
1799      0
1800      82.8899
1801      84.4674
1802      91.3896
1803      65.1069
1804      96.3319
1805      69.32
1806      51.9613
1807      94.937
1808      76.9841
1809      55.445
1810      48.2261
1811      95.4024
1812      97.4348
1813      0
1814      72.4587
1815      99.8561
1816      0
1817      0
1818      0
1819      0
1820      86.3315
1821      0
1822      0
1823      75.5141
1824      96.3416
1825      94.0886
1826      0
1827      51.2666
1828      84.6933
1829      77.5728
1830      0
1831      43.8182
1832      84.7677
1833      0
1834      0
1835      99.6072
1836      0
1837      0
1838      0
1839      0
1840      63.1158
1841      0
1842      69.1982
1843      0
1844      51.5356
1845      48.3519
1846      0
1847      85.4523
1848      85.4275
1849      79.4969
1850      54.912
1851      89.0513
1852      95.8778
1853      0
1854      81.7769
1855      0
1856      79.7647
1857      0
1858      0
1859      0
1860      73.3246
1861      0
1862      91.9247
1863      72.077
1864      83.105
1865      96.5488
1866      57.6269
1867      97.4678
1868      0
1869      42.128
1870      54.6262
1871      46.0774
1872      0
1873      80.1763
1874      0
1875      70.6556
1876      89.0048
1877      75.1204
1878      0
1879      96.9248
1880      0
1881      0
1882      48.8495
1883      0
1884      89.1701
1885      60.3534
1886      0
1887      55.3463
1888      0
1889      42.1051
1890      56.3441
1891      0
1892      85.4807
1893      0
1894      0
1895      0
1896      78.21
1897      41.8792
1898      0
1899      0
1900      0
1901      0
1902      0
1903      0
1904      0
1905      0
1906      0
1907      82.7514
1908      79.0661
1909      86.5644
1910      0
1911      50.1692
1912      51.7187
1913      0
1914      0
1915      85.6391
1916      94.7887
1917      62.5151
1918      0
1919      0
1920      0
1921      86.7562
1922      98.3211
1923      99.8561
1924      0
1925      95.9993
1926      0
1927      0
1928      66.7477
1929      40.2081
1930      94.2776
1931      98.3211
1932      97.5293
1933      70.4566
1934      0
1935      0
1936      99.9047
1937      0
1938      84.6224
1939      72.8228
1940      61.0089
1941      46.4814
1942      0
1943      46.6686
1944      0
1945      0
1946      0
1947      0
1948      80.5313
1949      91.3896
1950      0
1951      0
1952      0
1953      56.8627
1954      90.1118
1955      0
1956      99.2377
1957      95.2861
1958      76.4964
1959      63.9684
1960      60.0519
1961      0
1962      96.9901
1963      0
1964      73.2241
1965      74.2502
1966      84.1977
1967      73.6415
1968      74.8468
1969      0
1970      56.2025
1971      0
1972      46.0774
1973      97.9079
1974      0
1975      0
1976      83.221
1977      97.3524
1978      0
1979      66.6674
1980      0
1981      89.4411
1982      0
1983      74.6208
1984      0
1985      0
1986      0
1987      71.4695
1988      75.1204
1989      74.024
1990      0
1991      88.6658
1992      0
1993      60.6869
1994      0
1995      0
1996      97.6308
1997      43.8182
1998      0
1999      80.054
2000      64.6908
2001      49.1383
2002      85.1007
2003      94.877
2004      0
2005      0
2006      0
2007      97.8474
2008      0
2009      0
2010      98.4317
2011      94.1448
2012      87.1402
2013      99.8561
2014      0
2015      97.1242
2016      96.6452
2017      0
2018      52.0036
2019      54.4915
2020      72.5925
2021      0
2022      0
2023      0
2024      99.7227
2025      0
2026      99.8358
2027      0
2028      0
2029      0
2030      43.4571
2031      0
2032      61.5014
2033      93.1754
2034      0
2035      0
2036      62.6138
2037      54.8344
2038      0
2039      54.0023
2040      87.2834
2041      0
2042      69.6283
2043      88.6441
2044      0
2045      91.3896
2046      99.2064
2047      76.8141
2048      0
2049      88.0456
2050      42.128
2051      0
2052      0
2053      60.6869
2054      0
2055      0
2056      50.3487
2057      0
2058      0
2059      0
2060      0
2061      99.8327
2062      47.9173
2063      89.9915
2064      94.5121
2065      74.6187
2066      0
2067      97.6308
2068      88.5687
2069      76.2459
2070      0
2071      64.3919
2072      0
2073      81.7769
2074      0
2075      0
2076      86.5251
2077      0
2078      0
2079      0
2080      0
2081      0
2082      0
2083      50.5839
2084      50.104
2085      0
2086      78.5571
2087      0
2088      0
2089      97.4957
2090      0
2091      0
2092      0
2093      0
2094      94.3958
2095      0
2096      0
2097      0
2098      59.4691
2099      76.3568
2100      0
2101      78.3331
2102      69.1769
2103      0
2104      0
2105      50.6379
2106      85.4689
2107      0
2108      69.1739
2109      0
2110      0
2111      0
2112      66.6674
2113      46.6686
2114      0
2115      79.4969
2116      0
2117      0
2118      0
2119      0
2120      0
2121      88.3559
2122      85.4394
2123      0
2124      40.8366
2125      0
2126      70.6556
2127      71.8378
2128      72.4587
2129      78.8874
2130      0
2131      0
2132      83.9241
2133      0
2134      87.5361
2135      0
2136      82.2277
2137      73.8066
2138      79.3238
2139      0
2140      63.9684
2141      0
2142      85.7684
2143      92.0256
2144      0
2145      98.4975
2146      0
2147      61.5014
2148      96.942
2149      64.7304
2150      98.2892
2151      0
2152      0
2153      89.0209
2154      95.1885
2155      88.0456
2156      75.9556
2157      59.9345
2158      40.7991
2159      0
2160      47.0094
2161      74.6187
2162      0
2163      94.937
2164      0
2165      0
2166      59.4167
2167      46.0642
2168      99.5492
2169      0
2170      0
2171      0
2172      81.8283
2173      0
2174      0
2175      0
2176      84.0649
2177      99.08
2178      0
2179      95.3182
2180      63.7976
2181      0
2182      0
2183      58.1414
2184      93.9092
2185      66.175
2186      54.3632
2187      0
2188      94.3092
2189      50.3487
2190      97.7524
2191      0
2192      74.8151
2193      67.588
2194      0
2195      42.1051
2196      0
2197      75.2967
2198      0
2199      0
2200      0
2201      0
2202      54.3989
2203      79.6692
2204      49.7084
2205      41.2439
2206      79.8543
2207      0
2208      76.5256
2209      57.1196
2210      49.3396
2211      0
2212      81.7062
2213      97.5293
2214      0
2215      0
2216      97.0327
2217      74.157
2218      93.0699
2219      99.5116
2220      63.2143
2221      0
2222      83.221
2223      93.4441
2224      0
2225      0
2226      76.6002
2227      55.3463
2228      90.671
2229      46.0855
2230      50.2131
2231      0
2232      92.7036
2233      97.8442
2234      0
2235      84.232
2236      0
2237      0
2238      0
2239      0
2240      0
2241      0
2242      0
2243      95.2206
2244      0
2245      0
2246      95.0788
2247      0
2248      92.8229
2249      0
2250      0
2251      98.129
2252      97.8474
2253      0
2254      75.6788
2255      53.3887
2256      0
2257      0
2258      0
2259      78.1836
2260      0
2261      0
2262      90.6271
2263      97.136
2264      0
2265      0
2266      87.6922
2267      0
2268      0
2269      0
2270      77.172
2271      0
2272      88.484
2273      73.6813
2274      0
2275      91.0639
2276      89.0048
2277      93.49
2278      97.7662
2279      92.6453
2280      0
2281      0
2282      0
2283      97.9042
2284      87.9484
2285      92.4907
2286      0
2287      91.5849
2288      0
2289      82.1117
2290      61.0893
2291      0
2292      41.3808
2293      70.3211
2294      69.1769
2295      0
2296      81.1681
2297      0
2298      98.3211
2299      68.581
2300      98.1332
2301      0
2302      0
2303      0
2304      0
2305      76.291
2306      0
2307      45.8887
2308      0
2309      0
2310      93.8685
2311      64.8831
2312      0
2313      0
2314      0
2315      0
2316      94.5121
2317      94.0886
2318      47.5779
2319      78.7998
2320      0
2321      0
2322      0
2323      84.4674
2324      94.0998
2325      0
2326      91.9247
2327      0
2328      59.8589
2329      0
2330      74.2502
2331      0
2332      98.8795
2333      65.6737
2334      0
2335      87.5407
2336      0
2337      74.8468
2338      69.0551
2339      67.7986
2340      93.4441
2341      0
2342      61.9033
2343      65.1872
2344      0
2345      81.5853
2346      91.3896
2347      0
2348      98.9579
2349      57.0308
2350      83.9729
2351      0
2352      0
2353      0
2354      0
2355      0
2356      50.2131
2357      46.9541
2358      45.8887
2359      99.6259
2360      89.0791
2361      76.8647
2362      95.6159
2363      99.8561
2364      45.9596
2365      81.1681
2366      79.0511
2367      0
2368      0
2369      69.6283
2370      0
2371      40.7487
2372      48.0357
2373      84.7677
2374      0
2375      0
2376      82.9741
2377      97.5293
2378      77.4307
2379      74.8634
2380      54.0724
2381      0
2382      74.5682
2383      0
2384      96.9248
2385      78.8599
2386      0
2387      0
2388      76.0611
2389      99.2466
2390      53.4452
2391      47.213
2392      0
2393      48.9999
2394      0
2395      0
2396      0
2397      0
2398      0
2399      0
2400      96.3236
2401      61.8067
2402      71.3715
2403      50.6619
2404      0
2405      0
2406      0
2407      65.521
2408      50.4283
2409      0
2410      62.9331
2411      85.8139
2412      71.1977
2413      40.1276
2414      0
2415      89.5174
2416      0
2417      71.5722
2418      84.2912
2419      85.9542
2420      71.5686
2421      57.5878
2422      0
2423      70.6839
2424      0
2425      0
2426      57.4547
2427      69.3866
2428      79.7647
2429      59.189
2430      85.567
2431      90.6118
2432      47.0137
2433      0
2434      66.1183
2435      93.619
2436      0
2437      0
2438      0
2439      0
2440      95.9543
2441      82.1994
2442      0
2443      79.6043
2444      0
2445      0
2446      93.8941
2447      0
2448      97.7524
2449      93.4831
2450      0
2451      42.128
2452      57.1797
2453      0
2454      79.8798
2455      0
2456      0
2457      99.4025
2458      46.0855
2459      0
2460      82.4922
2461      0
2462      57.4551
2463      0
2464      61.0267
2465      93.0699
2466      0
2467      90.5044
2468      0
2469      82.9625
2470      61.5624
2471      0
2472      0
2473      77.3751
2474      0
2475      86.9585
2476      0
2477      48.1099
2478      68.6433
2479      68.8336
2480      75.4688
2481      49.0093
2482      0
2483      89.9738
2484      99.3128
2485      0
2486      0
2487      50.5648
2488      84.6451
2489      77.5728
2490      99.08
2491      88.7863
2492      97.9896
2493      94.2494
2494      87.5793
2495      0
2496      80.6835
2497      46.0855
2498      0
2499      0
       81708.9
