0      99.8111
1      99.5357
2      99.9526
3      98.7587
4      0
5      0
6      99.5197
7      99.6414
8      0
9      0
10      0
11      82.8129
12      0
13      99.9938
14      0
15      88.1401
16      0
17      0
18      99.9927
19      0
20      99.9956
21      91.6063
22      80.6605
23      0
24      82.0324
25      0
26      0
27      0
28      0
29      40.3096
30      68.2563
31      0
32      99.9927
33      99.9934
34      66.4937
35      65.8113
36      99.9987
37      0
38      55.1559
39      99.9934
40      47.7085
41      73.1294
42      0
43      99.9934
44      62.3999
45      99.9934
46      0
47      99.9934
48      99.6146
49      75.5005
       1309.34
