0      58.03
1      59.1304
2      98.4583
3      0
4      99.6217
5      56.7819
6      61.1729
7      0
8      0
9      99.9917
10      0
11      0
12      0
13      0
14      59.7304
15      0
16      0
17      86.9766
18      0
19      0
20      61.511
21      99.9917
22      0
23      0
24      0
25      49.5479
26      95.1227
27      0
28      71.5464
29      0
30      65.4079
31      82.5889
32      60.4036
33      84.3275
34      77.976
35      0
36      0
37      79.1376
38      78.134
39      83.7735
40      86.8886
41      0
42      0
43      84.3117
44      80.7702
45      91.9401
46      46.506
47      0
48      0
49      0
50      80.4796
51      0
52      0
53      88.0745
54      89.7307
55      0
56      83.9935
57      97.8977
58      0
59      71.4545
60      78.5029
61      89.9219
62      96.2033
63      0
64      0
65      99.87
66      99.213
67      0
68      97.9038
69      0
70      67.8142
71      99.3408
72      0
73      99.2282
74      99.6217
75      0
76      0
77      0
78      99.3408
79      0
80      93.6335
81      99.9917
82      99.9917
83      0
84      88.9492
85      99.5602
86      99.2922
87      76.2862
88      58.2522
89      86.9782
90      0
91      62.0463
92      76.0094
93      0
94      0
95      0
96      0
97      99.0588
98      99.2908
99      78.884
100      0
101      0
102      46.6204
103      0
104      0
105      0
106      95.5336
107      0
108      0
109      57.7114
110      58.03
111      0
112      82.5959
113      0
114      0
115      89.0109
116      97.4836
117      99.6217
118      0
119      98.0507
120      0
121      94.8788
122      99.87
123      75.9253
124      99.0884
125      83.4604
126      0
127      38.9915
128      0
129      69.0764
130      80.2464
131      65.8635
132      59.7304
133      0
134      99.2908
135      99.6755
136      99.7217
137      0
138      0
139      0
140      0
141      62.2313
142      81.7662
143      99.9351
144      0
145      80.2464
146      0
147      0
148      99.9917
149      0
150      0
151      0
152      61.5373
153      0
154      0
155      78.884
156      0
157      48.1754
158      0
159      73.5344
160      76.6708
161      91.0013
162      0
163      0
164      82.3189
165      0
166      0
167      99.8444
168      0
169      99.6802
170      68.1998
171      0
172      99.9917
173      0
174      0
175      99.7217
176      0
177      0
178      99.9917
179      0
180      54.4733
181      70.6439
182      75.7397
183      0
184      0
185      0
186      90.7598
187      82.3189
188      0
189      55.703
190      0
191      0
192      85.4162
193      0
194      99.9516
195      93.0505
196      98.2049
197      99.2908
198      66.6947
199      93.7343
200      89.9219
201      0
202      59.7304
203      90.3069
204      46.6204
205      99.6755
206      96.2033
207      97.4458
208      76.473
209      97.9038
210      0
211      97.4458
212      73.8248
213      0
214      0
215      99.6217
216      80.2464
217      0
218      65.316
219      0
220      69.3525
221      0
222      76.473
223      98.8249
224      82.7289
225      0
226      99.0008
227      99.6755
228      89.0109
229      85.7959
230      95.2756
231      0
232      0
233      0
234      96.6879
235      99.9917
236      0
237      87.1124
238      0
239      0
240      0
241      0
242      99.8444
243      61.1142
244      94.1802
245      0
246      61.511
247      66.8706
248      59.7994
249      0
250      0
251      0
252      86.2028
253      0
254      46.6204
255      99.9351
256      99.9917
257      45.4933
258      66.397
259      0
260      81.5963
261      98.2049
262      80.3532
263      75.9253
264      0
265      0
266      98.4583
267      91.8837
268      0
269      0
270      0
271      99.6755
272      0
273      99.5601
274      84.4273
275      0
276      97.9038
277      0
278      0
279      97.5801
280      98.4289
281      99.6755
282      51.6142
283      0
284      0
285      0
286      73.2685
287      99.9917
288      99.6217
289      0
290      0
291      0
292      50.2304
293      0
294      72.0067
295      0
296      68.4323
297      59.1304
298      0
299      0
300      0
301      99.8444
302      55.703
303      0
304      90.7065
305      74.3729
306      90.4049
307      68.2957
308      93.6335
309      0
310      52.2127
311      48.9479
312      0
313      0
314      59.0163
315      84.3275
316      0
317      65.0091
318      99.7217
319      0
320      0
321      73.3005
322      77.1918
323      0
324      99.008
325      90.7065
326      0
327      0
328      0
329      78.1189
330      0
331      85.8409
332      0
333      91.3268
334      69.97
335      99.7217
336      0
337      68.2957
338      0
339      0
340      99.6755
341      78.8449
342      68.5861
343      0
344      0
345      0
346      0
347      99.0884
348      51.7665
349      0
350      0
351      55.703
352      0
353      0
354      0
355      99.7217
356      0
357      53.0745
358      52.5832
359      45.4518
360      0
361      33.0089
362      0
363      0
364      95.5336
365      64.9045
366      69.3525
367      99.9351
368      65.3601
369      86.8437
370      85.9618
371      0
372      80.2464
373      59.7994
374      0
375      82.0681
376      97.4458
377      41.2932
378      75.7061
379      0
380      90.9072
381      0
382      99.4883
383      99.9917
384      0
385      99.9917
386      0
387      0
388      77.2275
389      0
390      79.4241
391      96.3537
392      97.9038
393      0
394      0
395      0
396      95.2441
397      99.9917
398      71.4589
399      86.4386
400      58.0166
401      69.048
402      43.2296
403      87.1223
404      0
405      74.2857
406      0
407      0
408      0
409      92.4981
410      0
411      0
412      0
413      92.0176
414      88.4878
415      0
416      0
417      53.1871
418      0
419      0
420      82.0135
421      83.4604
422      0
423      0
424      54.6736
425      80.2464
426      95.4635
427      0
428      78.884
429      46.3424
430      0
431      0
432      71.4589
433      94.4571
434      55.9867
435      99.6755
436      0
437      0
438      91.8758
439      99.2908
440      68.2957
441      0
442      0
443      98.2049
444      87.3596
445      80.2464
446      0
447      73.5189
448      96.3537
449      94.9558
450      94.4571
451      99.9917
452      0
453      0
454      52.5832
455      98.0215
456      0
457      0
458      97.9038
459      70.1962
460      90.7065
461      0
462      0
463      86.9243
464      0
465      0
466      63.8589
467      89.9219
468      0
469      0
470      0
471      0
472      0
473      86.2131
474      92.3002
475      0
476      99.2908
477      0
478      79.4241
479      0
480      60.3313
481      0
482      97.4145
483      99.9516
484      99.0008
485      81.4976
486      97.4836
487      98.0215
488      0
489      0
490      97.8977
491      85.9618
492      0
493      0
494      86.2131
495      99.9917
496      65.857
497      83.46
498      76.6708
499      99.213
500      0
501      0
502      0
503      80.7702
504      88.5316
505      0
506      45.7846
507      0
508      71.4589
509      55.933
510      0
511      58.2522
512      0
513      99.213
514      44.3821
515      94.5647
516      63.5608
517      93.5808
518      75.7397
519      69.97
520      99.7217
521      99.8444
522      57.8894
523      0
524      36.8729
525      99.0884
526      0
527      95.8606
528      83.3064
529      0
530      63.5608
531      0
532      0
533      77.1918
534      0
535      0
536      96.2033
537      52.1767
538      52.5832
539      0
540      82.7289
541      75.247
542      74.8134
543      0
544      0
545      99.9917
546      61.1729
547      93.5808
548      82.5889
549      39.4071
550      99.7217
551      99.9895
552      0
553      59.2702
554      81.7662
555      88.4878
556      0
557      0
558      80.5301
559      93.2952
560      85.9618
561      0
562      78.8588
563      99.9917
564      0
565      73.4273
566      75.0174
567      84.6665
568      99.2908
569      99.2922
570      0
571      0
572      90.4049
573      31.122
574      99.87
575      99.87
576      90.4049
577      70.438
578      0
579      33.0089
580      66.6947
581      0
582      75.9253
583      96.9723
584      90.4049
585      0
586      57.4376
587      79.3207
588      64.0808
589      0
590      66.7571
591      0
592      79.1376
593      91.9401
594      69.3525
595      66.1142
596      77.2208
597      0
598      99.952
599      73.7668
600      96.2091
601      99.2908
602      84.1758
603      86.9634
604      0
605      73.3005
606      51.1817
607      93.6335
608      55.591
609      0
610      94.4571
611      0
612      43.0923
613      99.7217
614      96.2615
615      0
616      0
617      0
618      94.7136
619      68.1998
620      59.3224
621      62.8599
622      0
623      99.9411
624      0
625      0
626      0
627      0
628      69.3525
629      56.7819
630      0
631      84.0029
632      99.3408
633      70.6398
634      89.2432
635      99.2908
636      0
637      0
638      55.591
639      0
640      68.0687
641      86.9634
642      85.9829
643      0
644      75.7061
645      92.3002
646      94.1802
647      99.8444
648      0
649      0
650      97.4458
651      79.1376
652      0
653      92.9372
654      38.9778
655      81.8216
656      0
657      0
658      0
659      0
660      88.0745
661      99.2922
662      0
663      71.0509
664      0
665      0
666      46.3055
667      35.5801
668      89.9219
669      61.1729
670      38.6881
671      85.9618
672      57.4376
673      0
674      62.6753
675      62.9525
676      0
677      0
678      0
679      93.7343
680      0
681      78.5667
682      69.048
683      92.3868
684      38.9778
685      0
686      99.5602
687      0
688      94.1802
689      75.7397
690      78.8588
691      55.703
692      99.213
693      98.0215
694      55.9867
695      99.6217
696      30.6012
697      0
698      99.8444
699      0
700      65.857
701      99.3408
702      0
703      99.008
704      96.3537
705      49.4266
706      94.3254
707      52.5832
708      97.4145
709      86.7287
710      99.0884
711      0
712      0
713      0
714      0
715      0
716      86.0264
717      0
718      0
719      39.4071
720      98.4583
721      0
722      43.0923
723      93.6335
724      0
725      0
726      80.4796
727      0
728      0
729      0
730      57.9268
731      42.1922
732      60.5837
733      99.3408
734      0
735      0
736      96.2091
737      0
738      0
739      0
740      0
741      0
742      0
743      0
744      99.9917
745      42.1922
746      0
747      99.3408
748      44.143
749      0
750      0
751      90.4049
752      66.9295
753      58.03
754      68.2957
755      0
756      0
757      69.5488
758      83.4604
759      98.2049
760      0
761      92.5402
762      0
763      99.2908
764      50.5403
765      51.1817
766      80.2081
767      0
768      57.9836
769      0
770      0
771      99.4883
772      84.711
773      84.2148
774      0
775      0
776      85.1452
777      0
778      0
779      93.0505
780      0
781      85.4162
782      0
783      63.8939
784      42.8087
785      87.1923
786      99.8444
787      99.7217
788      99.2908
789      0
790      99.7217
791      0
792      0
793      88.5316
794      0
795      0
796      42.4759
797      0
798      0
799      0
800      0
801      99.213
802      90.4049
803      99.952
804      0
805      92.3868
806      0
807      0
808      0
809      0
810      84.711
811      0
812      0
813      83.3064
814      98.9825
815      99.6217
816      59.2702
817      0
818      99.9917
819      0
820      83.9935
821      84.6073
822      80.3532
823      48.9716
824      58.4231
825      97.9072
826      47.3106
827      0
828      91.0013
829      55.3517
830      0
831      98.2049
832      81.8216
833      72.4125
834      97.8977
835      85.8925
836      0
837      97.5724
838      59.2702
839      0
840      69.0764
841      47.0726
842      0
843      0
844      0
845      81.7234
846      52.7328
847      0
848      99.2908
849      0
850      67.3223
851      0
852      97.4458
853      0
854      0
855      79.1443
856      0
857      0
858      41.8634
859      0
860      0
861      0
862      0
863      0
864      90.4049
865      82.5889
866      80.2464
867      0
868      80.2464
869      74.081
870      47.3106
871      84.1042
872      0
873      99.008
874      75.7397
875      86.9371
876      40.9415
877      0
878      91.4809
879      70.6112
880      94.9558
881      53.883
882      83.4604
883      0
884      0
885      0
886      68.2957
887      98.2049
888      80.3532
889      97.8131
890      0
891      0
892      92.0176
893      81.7234
894      88.3894
895      63.5608
896      99.5601
897      97.9038
898      62.6753
899      95.3752
900      37.0658
901      97.9038
902      74.3729
903      99.6217
904      94.8788
905      60.5837
906      82.3911
907      0
908      68.2957
909      0
910      82.3911
911      95.8888
912      0
913      0
914      0
915      0
916      0
917      0
918      51.1817
919      71.3883
920      0
921      0
922      95.4635
923      99.0588
924      0
925      0
926      74.3729
927      81.4976
928      0
929      0
930      75.9253
931      98.8249
932      97.9072
933      52.5832
934      99.0008
935      62.9171
936      0
937      99.7217
938      86.3349
939      41.6203
940      99.4883
941      0
942      0
943      68.0687
944      59.4099
945      57.8894
946      52.1767
947      59.7304
948      0
949      0
950      41.6203
951      85.0802
952      99.2908
953      98.4583
954      0
955      50.5403
956      0
957      76.6372
958      0
959      68.0687
960      0
961      42.2853
962      0
963      0
964      0
965      0
966      93.0505
967      97.9072
968      99.8444
969      0
970      80.2464
971      0
972      92.4981
973      0
974      99.7392
975      99.8444
976      98.4289
977      76.2862
978      0
979      83.6065
980      0
981      50.7904
982      68.0687
983      74.1708
984      0
985      54.8419
986      0
987      0
988      0
989      99.3408
990      0
991      0
992      0
993      45.3161
994      82.5959
995      95.8888
996      0
997      0
998      99.008
999      85.7959
       32559
