0      0
1      0
2      66.792
3      0
4      0
5      96.6978
6      53.5407
7      0
8      0
9      0
10      99.9947
11      99.9779
12      0
13      99.9947
14      0
15      44.8879
16      87.1517
17      0
18      87.555
19      50.1783
20      99.9947
21      0
22      64.9706
23      99.9779
24      0
25      58.6955
26      0
27      0
28      0
29      50.5934
30      88.9386
31      0
32      0
33      0
34      89.3569
35      54.5743
36      0
37      0
38      0
39      50.1783
40      87.6019
41      77.8749
42      0
43      74.1367
44      99.9779
45      94.2472
46      98.1933
47      94.7439
48      73.3374
49      99.9779
50      0
51      99.9779
52      53.1048
53      59.6079
54      0
55      98.1933
56      58.4585
57      0
58      69.5849
59      0
60      0
61      84.5147
62      99.9947
63      0
64      0
65      0
66      0
67      0
68      84.4429
69      0
70      0
71      97.1862
72      87.1684
73      0
74      48.4233
75      99.9947
76      98.7972
77      0
78      98.6505
79      88.3489
80      0
81      99.5303
82      0
83      50.05
84      44.8111
85      63.9537
86      0
87      99.9779
88      79.4337
89      0
90      99.9779
91      0
92      0
93      99.9779
94      98.5003
95      0
96      87.4438
97      53.5407
98      0
99      0
100      89.9351
101      0
102      50.05
103      99.9779
104      99.9947
105      66.792
106      0
107      0
108      0
109      0
110      98.1933
111      0
112      0
113      78.1623
114      0
115      0
116      0
117      0
118      0
119      94.7439
120      98.7165
121      99.9779
122      99.7319
123      0
124      51.2775
125      76.6146
126      61.1185
127      50.1783
128      0
129      0
130      59.6079
131      0
132      98.2089
133      0
134      94.9305
135      0
136      76.8421
137      82.3327
138      89.8918
139      0
140      0
141      0
142      99.9947
143      79.7185
144      40.4151
145      76.3219
146      0
147      41.2971
148      0
149      83.2173
150      89.9419
151      0
152      0
153      99.9947
154      0
155      0
156      88.7034
157      84.4552
158      45.7494
159      0
160      99.5241
161      58.4585
162      98.1933
163      88.2938
164      0
165      99.5241
166      68.9579
167      72.1799
168      47.066
169      99.9779
170      50.0084
171      94.2472
172      76.3219
173      99.7556
174      0
175      0
176      0
177      70.0905
178      0
179      54.8746
180      68.3813
181      45.2207
182      82.0513
183      48.4565
184      0
185      52.2495
186      0
187      87.1684
188      0
189      0
190      53.0118
191      98.1933
192      0
193      0
194      99.6401
195      74.1946
196      74.8979
197      0
198      0
199      97.9901
200      0
201      84.4552
202      82.6618
203      99.9947
204      0
205      0
206      74.9394
207      0
208      0
209      0
210      66.792
211      53.9955
212      80.8409
213      98.1933
214      0
215      0
216      97.9272
217      73.0775
218      50.7255
219      80.3782
220      0
221      0
222      0
223      79.6717
224      0
225      69.6407
226      99.9947
227      84.986
228      80.8409
229      99.9334
230      61.6269
231      94.5839
232      66.792
233      89.2288
234      73.8618
235      99.9947
236      0
237      99.9779
238      0
239      72.7459
240      0
241      49.7293
242      98.0426
243      99.9779
244      73.2833
245      0
246      0
247      0
248      0
249      0
250      58.4585
251      98.5003
252      88.187
253      92.9077
254      0
255      85.0304
256      0
257      76.3219
258      99.9947
259      0
260      0
261      99.9779
262      0
263      57.0743
264      98.1933
265      0
266      99.9947
267      0
268      86.2941
269      99.9779
270      99.9947
271      0
272      0
273      72.4549
274      38.7601
275      99.9779
276      0
277      99.9779
278      59.3115
279      99.9779
280      60.2639
281      0
282      48.8868
283      0
284      78.3052
285      0
286      98.7165
287      99.5241
288      0
289      0
290      0
291      99.5241
292      0
293      0
294      0
295      0
296      0
297      88.7034
298      0
299      59.6079
300      51.2775
301      0
302      90.3802
303      94.7439
304      0
305      0
306      0
307      0
308      86.9997
309      84.9171
310      80.8409
311      99.5241
312      55.5151
313      92.1811
314      0
315      0
316      0
317      72.4352
318      71.4244
319      0
320      99.9334
321      88.2765
322      57.1311
323      99.9947
324      0
325      68.3039
326      0
327      0
328      0
329      58.3328
330      99.1347
331      99.9779
332      79.2432
333      98.1933
334      58.4801
335      0
336      0
337      0
338      99.9947
339      87.4284
340      72.0654
341      0
342      99.9947
343      98.5003
344      0
345      0
346      0
347      81.1071
348      0
349      0
350      41.2971
351      77.0718
352      0
353      87.1684
354      87.555
355      50.5484
356      0
357      0
358      0
359      0
360      0
361      0
362      0
363      98.1933
364      99.5241
365      99.9947
366      96.6978
367      99.9779
368      73.4134
369      0
370      90.7981
371      0
372      99.8158
373      71.0278
374      73.4943
375      0
376      87.1405
377      65.8047
378      58.6016
379      0
380      99.6401
381      41.296
382      99.9779
383      82.3327
384      61.3887
385      99.9947
386      0
387      44.9415
388      0
389      0
390      71.9811
391      0
392      55.1097
393      66.792
394      57.3296
395      97.1862
396      98.1933
397      0
398      98.5003
399      71.7954
400      77.8749
401      86.1084
402      74.6538
403      56.5849
404      99.7556
405      87.4284
406      0
407      0
408      0
409      99.7556
410      65.4269
411      98.0426
412      0
413      0
414      0
415      87.1684
416      99.7319
417      57.1311
418      72.8709
419      65.8047
420      99.9947
421      0
422      0
423      72.8447
424      0
425      0
426      0
427      0
428      61.3887
429      61.1185
430      99.9779
431      86.9997
432      87.4284
433      99.9779
434      99.9779
435      99.9947
436      0
437      0
438      86.2941
439      86.1084
440      0
441      87.4284
442      65.5319
443      0
444      99.9947
445      0
446      98.3354
447      65.6983
448      63.9537
449      99.9947
450      56.7854
451      88.0408
452      98.5003
453      73.6381
454      0
455      87.5214
456      0
457      0
458      47.6619
459      99.9779
460      98.5003
461      0
462      0
463      99.9947
464      68.9579
465      0
466      99.9063
467      77.8749
468      0
469      99.9334
470      0
471      0
472      0
473      52.0974
474      62.2293
475      78.4624
476      72.1799
477      0
478      0
479      45.7328
480      0
481      99.9779
482      85.1586
483      0
484      0
485      45.6927
486      99.9779
487      38.7601
488      61.6269
489      88.9462
490      99.9779
491      99.9947
492      94.2472
493      99.9779
494      95.4402
495      92.8218
496      0
497      96.6978
498      58.4585
499      0
       16361.8
