0      0
1      85.1759
2      0
3      51.7022
4      0
5      96.8137
6      57.1683
7      0
8      0
9      99.0399
10      0
11      95.9988
12      0
13      73.345
14      0
15      0
16      74.2903
17      50.5868
18      0
19      0
20      70.1409
21      0
22      95.0019
23      0
24      0
25      0
26      0
27      0
28      0
29      92.7825
30      86.2968
31      72.0193
32      98.184
33      44.9598
34      0
35      0
36      0
37      0
38      0
39      0
40      93.0066
41      75.1729
42      0
43      77.9245
44      52.9546
45      0
46      0
47      0
48      75.7126
49      97.1628
50      0
51      97.0189
52      81.779
53      0
54      99.1344
55      94.4261
56      55.321
57      0
58      88.9022
59      0
60      95.3349
61      0
62      92.1434
63      0
64      0
65      70.9395
66      65.2918
67      89.7347
68      0
69      0
70      0
71      79.2107
72      66.8944
73      74.0607
74      93.5296
75      0
76      44.44
77      0
78      71.1377
79      91.202
80      0
81      0
82      77.6616
83      0
84      45.9424
85      0
86      54.5136
87      90.0118
88      88.4417
89      0
90      50.3398
91      0
92      0
93      0
94      45.1323
95      72.1261
96      81.3618
97      49.9521
98      99.5945
99      67.4223
100      0
101      0
102      0
103      0
104      93.2122
105      74.6784
106      51.7022
107      64.5829
108      93.3196
109      72.2117
110      95.8782
111      0
112      0
113      0
114      0
115      0
116      44.9598
117      98.825
118      97.0315
119      0
120      78.0879
121      0
122      0
123      0
124      51.5563
125      82.3968
126      0
127      0
128      64.0325
129      0
130      63.6694
131      87.3327
132      0
133      97.0526
134      90.378
135      0
136      0
137      52.5469
138      87.6414
139      0
140      0
141      58.6114
142      61.6869
143      0
144      93.6805
145      0
146      0
147      95.629
148      77.3253
149      0
150      82.6158
151      0
152      39.6051
153      93.9343
154      71.0719
155      79.1637
156      0
157      0
158      87.4052
159      77.4289
160      44.5428
161      71.5514
162      96.7368
163      0
164      0
165      77.3459
166      48.4237
167      0
168      47.1462
169      95.0019
170      99.4997
171      77.1881
172      91.4828
173      68.5948
174      94.1315
175      0
176      70.566
177      0
178      0
179      0
180      78.1835
181      72.6191
182      87.9849
183      0
184      98.7613
185      64.409
186      0
187      0
188      0
189      80.8508
190      0
191      55.6039
192      0
193      0
194      0
195      89.2809
196      75.7047
197      92.8304
198      82.1825
199      0
200      0
201      0
202      0
203      0
204      0
205      70.1875
206      80.4959
207      64.7195
208      0
209      86.5112
210      0
211      0
212      54.5136
213      97.0189
214      97.2481
215      71.0364
216      99.3488
217      0
218      47.3937
219      0
220      95.213
221      42.1979
222      66.1088
223      0
224      92.9775
225      83.8094
226      0
227      66.2965
228      0
229      64.2479
230      53.0129
231      0
232      0
233      76.7005
234      0
235      0
236      0
237      88.9988
238      0
239      92.8564
240      94.9616
241      79.1637
242      98.4127
243      0
244      0
245      47.6147
246      0
247      90.0524
248      88.0024
249      0
250      99.1344
251      0
252      90.397
253      0
254      0
255      0
256      78.7965
257      97.2283
258      99.0386
259      83.9844
260      45.6056
261      0
262      96.899
263      96.5645
264      0
265      82.7772
266      97.3482
267      86.6946
268      88.7394
269      85.9099
270      0
271      99.4659
272      89.8274
273      0
274      0
275      73.3738
276      0
277      98.3388
278      94.5522
279      84.636
280      0
281      95.213
282      0
283      0
284      84.0602
285      0
286      0
287      98.5628
288      0
289      0
290      0
291      47.6223
292      86.3562
293      0
294      88.1218
295      97.2472
296      52.3641
297      52.9546
298      60.6421
299      99.1767
300      47.9662
301      70.5002
302      41.5498
303      0
304      0
305      0
306      0
307      78.1108
308      70.0737
309      78.605
310      74.6332
311      0
312      89.1605
313      0
314      0
315      50.4785
316      0
317      0
318      0
319      34.6654
320      0
321      91.2005
322      0
323      58.7334
324      65.0126
325      83.6622
326      98.9839
327      0
328      0
329      98.2037
330      94.0656
331      0
332      0
333      0
334      0
335      67.6938
336      61.1755
337      0
338      95.3128
339      0
340      99.4182
341      54.2237
342      73.3738
343      83.1624
344      87.9603
345      77.6616
346      73.6625
347      97.1796
348      91.8581
349      0
350      92.7771
351      48.5241
352      89.1446
353      71.4201
354      87.54
355      94.5607
356      60.0225
357      0
358      87.7392
359      83.8608
360      82.7772
361      80.0053
362      80.7438
363      0
364      0
365      96.8618
366      91.6301
367      64.22
368      90.5864
369      45.1323
370      95.1021
371      83.0545
372      88.432
373      0
374      0
375      94.1174
376      0
377      0
378      83.8557
379      98.2037
380      99.9651
381      53.0377
382      98.2037
383      98.2067
384      97.0112
385      64.4098
386      87.1075
387      0
388      83.684
389      51.6929
390      67.8311
391      0
392      97.0189
393      0
394      0
395      94.3258
396      0
397      85.8405
398      89.5264
399      49.0591
400      38.7238
401      83.9844
402      0
403      0
404      34.6654
405      0
406      72.1436
407      94.3993
408      83.9844
409      67.5819
410      0
411      0
412      0
413      86.2883
414      87.7888
415      85.4585
416      78.8356
417      0
418      97.933
419      45.1323
420      98.2067
421      0
422      0
423      0
424      81.4486
425      0
426      41.9886
427      84.0561
428      99.8165
429      64.7195
430      0
431      0
432      92.7771
433      61.7904
434      98.0944
435      0
436      0
437      93.6842
438      94.9544
439      91.0479
440      54.5242
441      87.9603
442      0
443      95.9881
444      40.0856
445      80.1488
446      38.7648
447      94.9108
448      77.3253
449      88.3984
450      0
451      92.9775
452      0
453      0
454      0
455      0
456      0
457      54.4534
458      0
459      0
460      71.5514
461      61.6869
462      0
463      80.4393
464      81.4486
465      0
466      0
467      0
468      0
469      98.6489
470      55.3331
471      0
472      67.8803
473      0
474      97.0189
475      0
476      99.8433
477      92.2765
478      51.7355
479      92.2649
480      0
481      99.138
482      0
483      61.2422
484      0
485      0
486      0
487      0
488      0
489      91.4531
490      84.0561
491      0
492      92.2765
493      0
494      58
495      76.4207
496      0
497      89.3778
498      0
499      0
500      0
501      0
502      58.5401
503      88.3984
504      77.1881
505      0
506      71.2659
507      49.9086
508      0
509      0
510      42.8898
511      74.6332
512      43.1891
513      0
514      81.779
515      0
516      92.9492
517      0
518      0
519      81.779
520      54.9339
521      99.5945
522      69.5405
523      98.9839
524      78.6167
525      98.6772
526      0
527      0
528      0
529      85.2486
530      86.2968
531      98.9839
532      0
533      63.9383
534      0
535      0
536      47.1746
537      48.1973
538      0
539      57.1426
540      0
541      99.3525
542      91.4828
543      0
544      66.4068
545      92.7771
546      63.8172
547      0
548      0
549      0
550      0
551      0
552      90.8599
553      0
554      63.6694
555      0
556      69.9627
557      98.3388
558      0
559      85.9099
560      0
561      94.3676
562      0
563      54.8003
564      85.2486
565      0
566      0
567      71.4066
568      0
569      53.8356
570      0
571      93.4283
572      0
573      42.2064
574      85.5458
575      95.9858
576      86.1726
577      67.983
578      0
579      84.5418
580      53.7591
581      0
582      97.8119
583      0
584      96.3844
585      0
586      0
587      80.2779
588      91.7379
589      96.7473
590      97.1796
591      57.2864
592      92.3601
593      97.4755
594      0
595      0
596      0
597      80.964
598      0
599      75.7126
600      0
601      0
602      0
603      0
604      78.1108
605      0
606      99.3488
607      0
608      0
609      92.5988
610      87.9849
611      67.4223
612      0
613      30.2107
614      70.1409
615      0
616      55.2684
617      96.4347
618      81.5087
619      89.7931
620      90.6161
621      92.2765
622      58.8534
623      75.6927
624      46.6289
625      51.6341
626      92.9492
627      99.5632
628      0
629      89.2535
630      97.1628
631      99.3488
632      54.4534
633      0
634      92.0128
635      66.2278
636      0
637      74.0939
638      49.1937
639      48.3864
640      0
641      0
642      90.397
643      65.8048
644      53.3113
645      91.5957
646      94.3797
647      69.7488
648      0
649      36.2784
650      87.7392
651      52.3961
652      65.7568
653      0
654      42.0011
655      0
656      0
657      0
658      90.6161
659      88.7659
660      85.2502
661      85.2486
662      71.3117
663      72.6191
664      56.4627
665      0
666      96.7544
667      71.5514
668      0
669      0
670      99.265
671      77.8039
672      80.473
673      98.2067
674      76.3698
675      80.7041
676      0
677      68.5419
678      0
679      0
680      72.9394
681      96.7156
682      46.5461
683      0
684      70.1755
685      83.6622
686      78.2178
687      0
688      63.2913
689      76.5109
690      0
691      95.9858
692      0
693      0
694      53.795
695      97.8119
696      44.2295
697      0
698      0
699      62.2412
700      77.1777
701      59.9967
702      59.3284
703      0
704      0
705      0
706      0
707      0
708      90.0485
709      0
710      0
711      91.4828
712      0
713      63.6959
714      70.7239
715      0
716      82.1825
717      95.1172
718      63.3583
719      74.2429
720      79.9357
721      52.3641
722      63.0244
723      0
724      0
725      96.7473
726      0
727      42.1979
728      80.2315
729      83.6528
730      78.3413
731      72.3427
732      61.0427
733      0
734      61.3276
735      93.7892
736      0
737      88.7901
738      59.4696
739      50.5467
740      89.7347
741      0
742      99.8433
743      83.3376
744      55.6485
745      47.1462
746      0
747      84.1111
748      0
749      0
750      80.0053
751      0
752      81.9356
753      0
754      0
755      60.3688
756      0
757      0
758      0
759      0
760      60.5481
761      0
762      0
763      73.2601
764      0
765      97.8577
766      97.2472
767      94.102
768      0
769      0
770      65.7336
771      72.9781
772      99.3525
773      97.8119
774      0
775      72.7687
776      57.6195
777      83.4149
778      86.54
779      78.6167
780      63.0442
781      81.2281
782      99.4182
783      64.2477
784      0
785      94.8736
786      98.2792
787      63.3583
788      97.8577
789      52.0382
790      0
791      47.2402
792      0
793      44.9598
794      0
795      80.0917
796      99.863
797      0
798      85.3668
799      59.4973
800      98.6489
801      92.9775
802      93.5618
803      0
804      67.4223
805      0
806      0
807      0
808      98.6772
809      66.9892
810      0
811      94.9993
812      84.1583
813      0
814      93.4283
815      75.467
816      59.0142
817      71.3581
818      37.7196
819      98.6489
820      98.7484
821      97.469
822      87.5524
823      69.7685
824      96.2791
825      92.2535
826      0
827      67.5819
828      0
829      0
830      91.4831
831      70.9291
832      0
833      63.9383
834      92.7771
835      0
836      0
837      75.8965
838      0
839      0
840      84.3089
841      0
842      0
843      72.3412
844      0
845      0
846      96.5629
847      0
848      0
849      92.5003
850      96.8137
851      0
852      90.397
853      65.503
854      48.5374
855      51.3198
856      37.7196
857      59.0142
858      0
859      53.3113
860      0
861      0
862      0
863      74.0607
864      0
865      96.2517
866      98.1625
867      0
868      78.4888
869      0
870      65.7029
871      73.2601
872      0
873      0
874      80.7112
875      95.0019
876      0
877      0
878      60.7906
879      89.3881
880      99.3525
881      68.2833
882      0
883      96.4488
884      0
885      86.6946
886      60.2307
887      0
888      56.0861
889      0
890      0
891      92.2765
892      0
893      70.1273
894      97.5676
895      89.3941
896      0
897      0
898      81.3618
899      0
900      95.3349
901      0
902      84.9621
903      0
904      75.6786
905      0
906      75.9777
907      0
908      91.6314
909      0
910      94.6547
911      89.6392
912      40.304
913      0
914      0
915      0
916      58.8123
917      0
918      81.7126
919      86.7361
920      68.7116
921      84.1239
922      0
923      0
924      0
925      0
926      93.6842
927      99.3488
928      74.1933
929      0
930      0
931      97.933
932      88.3031
933      0
934      94.209
935      72.3412
936      85.2502
937      97.4646
938      0
939      57.9382
940      97.4814
941      89.3968
942      72.7687
943      90.1053
944      0
945      91.7109
946      45.9424
947      95.629
948      83.4149
949      95.5977
950      0
951      65.7029
952      0
953      0
954      66.2278
955      42.0011
956      67.983
957      55.6296
958      0
959      0
960      90.8599
961      82.4437
962      0
963      0
964      85.9099
965      49.0591
966      0
967      0
968      0
969      49.875
970      0
971      78.1766
972      0
973      58.0262
974      0
975      0
976      0
977      0
978      0
979      87.8527
980      83.6622
981      51.1254
982      81.3557
983      99.4621
984      0
985      0
986      46.2244
987      0
988      91.5726
989      92.2535
990      77.3459
991      0
992      0
993      70.5102
994      98.289
995      55.6296
996      86.6302
997      0
998      0
999      82.4437
1000      0
1001      0
1002      97.3372
1003      0
1004      95.9894
1005      0
1006      98.6775
1007      0
1008      70.7239
1009      90.7017
1010      0
1011      77.6442
1012      0
1013      58.1539
1014      72.3186
1015      0
1016      0
1017      0
1018      76.6259
1019      0
1020      72.6573
1021      0
1022      76.8565
1023      94.0196
1024      0
1025      0
1026      61.8723
1027      0
1028      75.0659
1029      72.1436
1030      94.9993
1031      70.1668
1032      0
1033      0
1034      0
1035      74.5401
1036      87.9849
1037      93.4717
1038      0
1039      68.4885
1040      95.5977
1041      0
1042      99.8433
1043      99.2732
1044      0
1045      0
1046      85.351
1047      75.8965
1048      0
1049      0
1050      0
1051      97.0653
1052      0
1053      0
1054      97.4814
1055      66.8944
1056      0
1057      54.4534
1058      0
1059      0
1060      0
1061      67.811
1062      72.9394
1063      85.5767
1064      81.2702
1065      94.209
1066      69.0612
1067      0
1068      77.2155
1069      44.2295
1070      53.936
1071      0
1072      0
1073      67.4084
1074      0
1075      94.6547
1076      65.4423
1077      75.9484
1078      98.3961
1079      93.5618
1080      74.0939
1081      0
1082      74.9521
1083      0
1084      0
1085      0
1086      0
1087      89.7931
1088      0
1089      52.4406
1090      68.7116
1091      41.9886
1092      0
1093      87.9849
1094      96.4488
1095      0
1096      0
1097      0
1098      0
1099      44.7899
1100      0
1101      0
1102      97.469
1103      0
1104      0
1105      58.2436
1106      0
1107      95.4914
1108      79.8484
1109      86.4594
1110      97.8436
1111      97.0789
1112      86.7985
1113      89.8146
1114      84.5418
1115      0
1116      0
1117      99.3525
1118      88.2133
1119      50.1226
1120      51.3198
1121      0
1122      61.8168
1123      99.3756
1124      0
1125      0
1126      76.3698
1127      88.3097
1128      53.0377
1129      0
1130      0
1131      0
1132      47.7904
1133      46.0916
1134      76.0658
1135      68.9485
1136      65.6505
1137      50.9255
1138      0
1139      0
1140      0
1141      99.4182
1142      97.8577
1143      0
1144      0
1145      42.728
1146      88.6226
1147      0
1148      0
1149      88.535
1150      0
1151      0
1152      78.6167
1153      0
1154      99.4151
1155      97.0189
1156      56.4541
1157      77.6232
1158      95.7486
1159      70.9291
1160      72.3412
1161      0
1162      98.9839
1163      92.5988
1164      55.0705
1165      99.1344
1166      67.7152
1167      83.6622
1168      0
1169      92.0126
1170      0
1171      72.2117
1172      88.7394
1173      85.7479
1174      72.186
1175      64.1672
1176      97.933
1177      0
1178      0
1179      73.1481
1180      64.22
1181      0
1182      0
1183      0
1184      0
1185      0
1186      0
1187      0
1188      0
1189      50.5868
1190      0
1191      0
1192      91.209
1193      0
1194      97.8119
1195      92.7771
1196      57.1426
1197      84.6812
1198      98.5759
1199      83.831
1200      0
1201      0
1202      0
1203      96.8094
1204      67.0925
1205      80.0053
1206      98.6489
1207      85.5458
1208      85.8105
1209      0
1210      67.5819
1211      60.6734
1212      74.7525
1213      96.6221
1214      71.4201
1215      0
1216      86.4594
1217      94.8822
1218      0
1219      55.2306
1220      0
1221      46.5478
1222      62.4477
1223      0
1224      76.6557
1225      0
1226      0
1227      64.0999
1228      91.1464
1229      71.0719
1230      97.5607
1231      0
1232      50.8775
1233      0
1234      91.0701
1235      0
1236      93.6805
1237      51.1208
1238      0
1239      97.8119
1240      0
1241      0
1242      0
1243      52.9932
1244      95.7486
1245      54.3982
1246      92.1137
1247      52.9932
1248      96.8094
1249      0
1250      0
1251      0
1252      0
1253      0
1254      62.7761
1255      96.741
1256      99.9927
1257      99.595
1258      94.0639
1259      80.1495
1260      0
1261      96.956
1262      0
1263      76.2675
1264      59.5068
1265      0
1266      83.8608
1267      44.8603
1268      0
1269      0
1270      48.0795
1271      76.0658
1272      87.4049
1273      0
1274      57.1683
1275      50.5496
1276      78.1731
1277      0
1278      76.2675
1279      0
1280      0
1281      0
1282      0
1283      89.4799
1284      90.7247
1285      0
1286      0
1287      88.0142
1288      47.3937
1289      63.8115
1290      0
1291      0
1292      0
1293      0
1294      0
1295      78.577
1296      56.3117
1297      96.1063
1298      76.2675
1299      58.5431
1300      86.6788
1301      0
1302      0
1303      0
1304      0
1305      97.4814
1306      0
1307      88.4857
1308      0
1309      0
1310      0
1311      56.1065
1312      0
1313      72.1183
1314      98.7484
1315      0
1316      0
1317      0
1318      90.6896
1319      52.5531
1320      0
1321      0
1322      70.7217
1323      0
1324      0
1325      80.473
1326      0
1327      0
1328      0
1329      0
1330      0
1331      98.6489
1332      94.9993
1333      0
1334      92.8456
1335      96.329
1336      91.7996
1337      78.6167
1338      0
1339      92.261
1340      69.9627
1341      51.6341
1342      94.914
1343      87.1955
1344      0
1345      0
1346      66.7788
1347      68.6272
1348      88.4506
1349      0
1350      92.8716
1351      54.2086
1352      0
1353      53.8074
1354      83.8608
1355      73.28
1356      80.7112
1357      84.1239
1358      61.6284
1359      0
1360      88.4506
1361      92.8304
1362      0
1363      59.4521
1364      0
1365      99.4997
1366      95.4354
1367      97.6351
1368      0
1369      76.3634
1370      0
1371      83.6622
1372      96.8841
1373      0
1374      0
1375      76.3551
1376      0
1377      0
1378      0
1379      81.779
1380      0
1381      72.3602
1382      0
1383      91.2005
1384      99.3756
1385      75.467
1386      0
1387      93.2486
1388      46.4484
1389      99.0386
1390      0
1391      96.8137
1392      73.2601
1393      90.0703
1394      78.5412
1395      80.9852
1396      83.6528
1397      99.6615
1398      0
1399      95.9894
1400      0
1401      0
1402      94.2185
1403      0
1404      75.0659
1405      70.566
1406      0
1407      0
1408      0
1409      37.685
1410      95.3349
1411      0
1412      65.8048
1413      52.9932
1414      93.6805
1415      0
1416      0
1417      0
1418      57.0899
1419      69.4266
1420      89.7931
1421      91.202
1422      0
1423      55.6296
1424      0
1425      0
1426      83.6528
1427      77.7568
1428      0
1429      0
1430      0
1431      0
1432      97.2481
1433      78.3413
1434      0
1435      97.0189
1436      86.3077
1437      94.9616
1438      46.4826
1439      0
1440      94.3542
1441      0
1442      70.2985
1443      0
1444      99.4383
1445      70.1409
1446      84.8445
1447      91.608
1448      97.8119
1449      0
1450      0
1451      0
1452      87.4049
1453      88.1364
1454      0
1455      98.6489
1456      72.3602
1457      0
1458      74.5401
1459      0
1460      0
1461      0
1462      84.0561
1463      90.6896
1464      0
1465      71.5514
1466      86.7985
1467      95.8782
1468      0
1469      61.1876
1470      0
1471      92.1434
1472      0
1473      98.8877
1474      68.7116
1475      62.1901
1476      0
1477      91.5957
1478      65.2918
1479      69.9308
1480      0
1481      93.5296
1482      68.4885
1483      0
1484      0
1485      96.9971
1486      65.4423
1487      74.0939
1488      84.1111
1489      35.1842
1490      0
1491      0
1492      92.7825
1493      0
1494      99.8935
1495      76.3009
1496      64.5229
1497      0
1498      87.7704
1499      98.2067
1500      91.288
1501      91.202
1502      63.6694
1503      97.4814
1504      66.3928
1505      0
1506      0
1507      0
1508      48.6831
1509      48.1973
1510      0
1511      0
1512      97.5607
1513      60.6839
1514      65.7029
1515      0
1516      0
1517      0
1518      45.3829
1519      0
1520      0
1521      56.8671
1522      96.0598
1523      0
1524      0
1525      0
1526      40.2934
1527      94.8088
1528      0
1529      93.4219
1530      77.7568
1531      80.7112
1532      74.6784
1533      65.3614
1534      0
1535      0
1536      0
1537      88.8288
1538      38.2729
1539      88.3984
1540      64.5829
1541      46.477
1542      0
1543      0
1544      0
1545      98.8877
1546      0
1547      0
1548      55.321
1549      85.5458
1550      99.8344
1551      70.5524
1552      0
1553      85.2486
1554      0
1555      49.0591
1556      0
1557      77.5769
1558      98.6775
1559      0
1560      95.1021
1561      0
1562      43.1891
1563      99.0399
1564      69.534
1565      74.7034
1566      0
1567      52.9932
1568      70.1755
1569      61.7401
1570      85.2459
1571      72.3412
1572      90.0703
1573      0
1574      82.376
1575      0
1576      86.9765
1577      98.2067
1578      87.7888
1579      70.5102
1580      0
1581      0
1582      0
1583      0
1584      0
1585      98.7796
1586      0
1587      0
1588      0
1589      90.0118
1590      95.5639
1591      97.0729
1592      0
1593      70.0226
1594      98.1449
1595      0
1596      55.9617
1597      53.8144
1598      92.0941
1599      95.5039
1600      93.7892
1601      0
1602      83.9844
1603      88.3677
1604      74.5424
1605      88.9958
1606      87.9849
1607      0
1608      0
1609      0
1610      0
1611      0
1612      85.4272
1613      57.1683
1614      97.4814
1615      38.7238
1616      0
1617      65.6379
1618      60.7408
1619      0
1620      81.9173
1621      90.5864
1622      0
1623      0
1624      60.5345
1625      0
1626      0
1627      99.5945
1628      98.6159
1629      97.9748
1630      68.7116
1631      0
1632      0
1633      0
1634      0
1635      77.1881
1636      75.5234
1637      50.7832
1638      77.3253
1639      0
1640      0
1641      81.2435
1642      0
1643      0
1644      0
1645      96.0264
1646      0
1647      0
1648      71.4201
1649      92.1137
1650      0
1651      88.4467
1652      87.9849
1653      0
1654      83.6622
1655      68.553
1656      92.1565
1657      99.8512
1658      0
1659      0
1660      53.6356
1661      0
1662      92.7771
1663      80.8329
1664      0
1665      0
1666      0
1667      0
1668      0
1669      0
1670      68.5948
1671      53.795
1672      0
1673      72.3186
1674      84.0377
1675      99.4182
1676      81.7978
1677      97.0315
1678      91.5971
1679      58.0791
1680      96.4319
1681      0
1682      0
1683      95.0019
1684      74.4686
1685      0
1686      88.9958
1687      96.1063
1688      89.4201
1689      73.28
1690      0
1691      79.7901
1692      60.4174
1693      0
1694      65.73
1695      0
1696      93.8871
1697      42.8898
1698      41.4279
1699      0
1700      95.3808
1701      0
1702      0
1703      67.0715
1704      0
1705      0
1706      92.3601
1707      0
1708      0
1709      85.7716
1710      0
1711      0
1712      64.5829
1713      0
1714      0
1715      60.0225
1716      0
1717      99.6653
1718      87.4049
1719      95.9253
1720      0
1721      0
1722      92.8304
1723      0
1724      74.9188
1725      0
1726      70.1755
1727      99.4197
1728      91.323
1729      0
1730      0
1731      61.6869
1732      61.6284
1733      0
1734      81.3557
1735      0
1736      70.5951
1737      0
1738      0
1739      0
1740      0
1741      99.138
1742      81.4304
1743      0
1744      52.511
1745      99.5898
1746      47.0307
1747      83.5974
1748      0
1749      76.6299
1750      0
1751      0
1752      65.3275
1753      0
1754      0
1755      82.9289
1756      62.6738
1757      83.684
1758      81.4304
1759      84.8445
1760      0
1761      0
1762      78.1318
1763      44.6806
1764      99.0386
1765      82.7772
1766      78.6167
1767      61.4802
1768      0
1769      38.2729
1770      91.0479
1771      66.8944
1772      44.3873
1773      98.2067
1774      51.6341
1775      99.0285
1776      88.6202
1777      59.3284
1778      90.7247
1779      0
1780      86.4422
1781      0
1782      0
1783      92.9377
1784      0
1785      0
1786      67.1736
1787      99.1767
1788      80.1488
1789      88.7234
1790      0
1791      87.1422
1792      95.6198
1793      0
1794      84.4955
1795      97.0189
1796      0
1797      90.1053
1798      88.3918
1799      0
1800      0
1801      65.5982
1802      0
1803      91.6301
1804      84.6812
1805      0
1806      76.9935
1807      0
1808      0
1809      70.2377
1810      0
1811      99.8935
1812      60.6734
1813      0
1814      94.5522
1815      42.354
1816      0
1817      97.931
1818      99.3525
1819      62.4825
1820      98.0852
1821      99.265
1822      63.5563
1823      30.983
1824      93.0013
1825      0
1826      0
1827      48.5905
1828      81.1425
1829      99.3488
1830      0
1831      0
1832      94.2185
1833      54.2237
1834      0
1835      60.7941
1836      83.9844
1837      0
1838      92.5988
1839      91.209
1840      57.3237
1841      65.4423
1842      34.5303
1843      84.8612
1844      86.106
1845      42.728
1846      67.8411
1847      62.4825
1848      98.5065
1849      73.3738
1850      58.2135
1851      0
1852      54.208
1853      94.2642
1854      89.3881
1855      94.209
1856      94.0641
1857      0
1858      71.7057
1859      0
1860      52.7142
1861      64.2479
1862      95.3349
1863      0
1864      95.1737
1865      74.4686
1866      51.6929
1867      91.6002
1868      0
1869      84.0251
1870      0
1871      81.2325
1872      0
1873      93.2122
1874      0
1875      92.7771
1876      92.2535
1877      0
1878      44.6087
1879      0
1880      0
1881      78.577
1882      91.0958
1883      0
1884      0
1885      77.8039
1886      97.2481
1887      0
1888      88.9958
1889      92.6935
1890      75.467
1891      61.7401
1892      0
1893      99.3488
1894      92.2535
1895      60.3688
1896      34.997
1897      84.6812
1898      95.4354
1899      0
1900      0
1901      91.6301
1902      96.741
1903      0
1904      0
1905      69.4259
1906      0
1907      0
1908      0
1909      69.1616
1910      0
1911      99.0399
1912      0
1913      0
1914      0
1915      60.0225
1916      94.3795
1917      0
1918      0
1919      81.2281
1920      86.7361
1921      79.3485
1922      0
1923      92.2765
1924      0
1925      0
1926      0
1927      99.0399
1928      0
1929      51.9112
1930      0
1931      74.021
1932      0
1933      0
1934      53.0377
1935      0
1936      61.6869
1937      98.4914
1938      0
1939      47.9897
1940      0
1941      0
1942      0
1943      0
1944      66.5649
1945      0
1946      0
1947      73.345
1948      0
1949      0
1950      40.0856
1951      81.0266
1952      0
1953      0
1954      93.4219
1955      0
1956      0
1957      0
1958      0
1959      86.3077
1960      88.5123
1961      64.7195
1962      92.8304
1963      0
1964      0
1965      94.5102
1966      0
1967      63.043
1968      91.202
1969      88.432
1970      0
1971      0
1972      82.376
1973      0
1974      0
1975      0
1976      93.0399
1977      99.8165
1978      44.974
1979      0
1980      72.7687
1981      98.8071
1982      66.3928
1983      0
1984      53.0212
1985      0
1986      97.0789
1987      0
1988      0
1989      0
1990      99.6653
1991      71.8386
1992      69.1479
1993      43.8388
1994      0
1995      92.437
1996      98.2037
1997      0
1998      80.2315
1999      0
2000      0
2001      0
2002      90.7247
2003      0
2004      47.2402
2005      0
2006      0
2007      83.6365
2008      0
2009      47.7904
2010      0
2011      0
2012      0
2013      0
2014      0
2015      97.2472
2016      62.6738
2017      71.0364
2018      71.8386
2019      0
2020      85.7479
2021      73.3738
2022      89.8146
2023      0
2024      60.7906
2025      0
2026      81.779
2027      98.2232
2028      69.7756
2029      57.6195
2030      0
2031      0
2032      79.1995
2033      74.5424
2034      0
2035      90.6896
2036      0
2037      64.7195
2038      98.7796
2039      0
2040      0
2041      80.9852
2042      99.4989
2043      0
2044      69.8336
2045      0
2046      94.5102
2047      96.0598
2048      97.1628
2049      51.3198
2050      0
2051      0
2052      0
2053      70.9291
2054      87.1075
2055      46.2244
2056      0
2057      0
2058      50.457
2059      0
2060      0
2061      75.8965
2062      0
2063      90.7247
2064      97.0315
2065      39.3579
2066      0
2067      0
2068      59.0342
2069      98.289
2070      0
2071      36.2201
2072      75.9484
2073      97.4814
2074      94.598
2075      99.4621
2076      0
2077      98.4281
2078      85.2365
2079      96.4319
2080      99.4621
2081      53.8345
2082      92.2535
2083      99.3488
2084      0
2085      0
2086      0
2087      0
2088      0
2089      0
2090      0
2091      99.0386
2092      0
2093      59.4521
2094      0
2095      0
2096      0
2097      0
2098      58.4816
2099      0
2100      79.4297
2101      83.9844
2102      93.4594
2103      96.8618
2104      0
2105      42.0011
2106      96.5554
2107      60.4906
2108      86.3077
2109      0
2110      0
2111      52.7142
2112      0
2113      87.5156
2114      0
2115      96.4164
2116      53.0129
2117      98.5118
2118      0
2119      0
2120      37.7196
2121      94.2185
2122      0
2123      0
2124      87.6135
2125      92.9377
2126      85.2253
2127      67.4936
2128      83.0545
2129      99.5945
2130      0
2131      0
2132      94.3542
2133      0
2134      72.6573
2135      81.2723
2136      0
2137      82.5836
2138      0
2139      0
2140      0
2141      0
2142      0
2143      0
2144      0
2145      72.9394
2146      98.2965
2147      0
2148      0
2149      0
2150      36.4459
2151      70.2782
2152      99.6615
2153      92.5988
2154      0
2155      78.5289
2156      78.1731
2157      69.619
2158      0
2159      0
2160      53.795
2161      0
2162      69.8204
2163      0
2164      61.8723
2165      89.2809
2166      0
2167      98.7484
2168      48.5905
2169      0
2170      0
2171      94.4251
2172      88.5936
2173      0
2174      0
2175      68.5144
2176      85.8843
2177      86.0278
2178      94.1177
2179      65.2918
2180      69.1479
2181      0
2182      82.9196
2183      98.5759
2184      99.8433
2185      57.7235
2186      0
2187      0
2188      0
2189      95.7709
2190      46.9894
2191      65.0152
2192      68.553
2193      69.0375
2194      0
2195      99.8599
2196      99.5898
2197      99.3188
2198      0
2199      0
2200      0
2201      0
2202      45.1323
2203      0
2204      57.3237
2205      0
2206      0
2207      0
2208      93.6805
2209      0
2210      91.4828
2211      81.4304
2212      62.6589
2213      0
2214      0
2215      50.5467
2216      87.7392
2217      0
2218      56.3359
2219      86.6609
2220      98.4368
2221      80.964
2222      61.2422
2223      0
2224      52.3641
2225      0
2226      0
2227      0
2228      80.7438
2229      77.6025
2230      96.3818
2231      58.5669
2232      79.9853
2233      0
2234      81.1594
2235      0
2236      74.6332
2237      0
2238      0
2239      0
2240      76.4207
2241      0
2242      0
2243      69.8375
2244      89.9474
2245      93.6508
2246      84.0251
2247      96.6732
2248      80.7438
2249      0
2250      0
2251      78.577
2252      90.3827
2253      0
2254      68.7116
2255      83.9844
2256      46.9882
2257      54.2702
2258      75.2247
2259      0
2260      90.3971
2261      0
2262      88.0024
2263      0
2264      0
2265      0
2266      0
2267      81.2435
2268      45.6056
2269      0
2270      85.4585
2271      0
2272      0
2273      66.274
2274      48.6831
2275      0
2276      0
2277      86.2968
2278      53.0377
2279      0
2280      98.037
2281      75.305
2282      97.8119
2283      92.2765
2284      66.0898
2285      87.4049
2286      84.3558
2287      0
2288      55.3188
2289      75.6927
2290      88.0024
2291      49.4398
2292      0
2293      53.1454
2294      60.4174
2295      0
2296      68.8085
2297      87.6135
2298      0
2299      50.154
2300      92.1653
2301      74.7525
2302      88.5741
2303      85.155
2304      0
2305      0
2306      0
2307      91.202
2308      0
2309      62.2412
2310      0
2311      95.0019
2312      53.795
2313      55.4833
2314      0
2315      0
2316      94.045
2317      79.6718
2318      99.1344
2319      88.9958
2320      59.0342
2321      0
2322      97.6546
2323      79.6974
2324      0
2325      55.3438
2326      59.4696
2327      59.6553
2328      61.3111
2329      0
2330      81.1286
2331      0
2332      0
2333      0
2334      0
2335      83.98
2336      68.648
2337      89.8853
2338      0
2339      84.9047
2340      74.0258
2341      67.7152
2342      60.2307
2343      83.9715
2344      82.1825
2345      0
2346      67.0925
2347      50.5467
2348      69.4266
2349      58.4816
2350      77.5194
2351      59.6886
2352      83.6622
2353      0
2354      81.9173
2355      95.7486
2356      46.9882
2357      75.9484
2358      0
2359      0
2360      47.3937
2361      0
2362      53.1214
2363      60.5345
2364      0
2365      0
2366      0
2367      46.4826
2368      99.4151
2369      0
2370      0
2371      0
2372      0
2373      0
2374      97.3851
2375      0
2376      0
2377      0
2378      79.9482
2379      81.4373
2380      85.8405
2381      74.4686
2382      0
2383      95.0019
2384      70.2067
2385      94.4261
2386      0
2387      98.3037
2388      81.0266
2389      37.4306
2390      47.3937
2391      0
2392      0
2393      56.3061
2394      86.1191
2395      81.0046
2396      98.6489
2397      73.3102
2398      0
2399      73.4398
2400      97.6814
2401      0
2402      56.739
2403      97.5607
2404      53.7591
2405      84.8612
2406      0
2407      86.0596
2408      72.8739
2409      59.4973
2410      39.9092
2411      0
2412      0
2413      55.6296
2414      0
2415      0
2416      71.5514
2417      88.432
2418      0
2419      0
2420      0
2421      0
2422      81.2281
2423      77.6442
2424      0
2425      60.7938
2426      81.129
2427      61.6284
2428      0
2429      40.0856
2430      0
2431      76.2675
2432      0
2433      94.2185
2434      0
2435      0
2436      59.0342
2437      0
2438      76.3551
2439      0
2440      0
2441      69.7756
2442      0
2443      0
2444      88.8757
2445      98.2037
2446      36.6972
2447      0
2448      0
2449      53.3113
2450      0
2451      0
2452      90.0475
2453      98.9839
2454      69.4266
2455      0
2456      76.6299
2457      84.9569
2458      0
2459      85.5767
2460      0
2461      97.4868
2462      0
2463      0
2464      0
2465      77.5194
2466      0
2467      0
2468      0
2469      85.2253
2470      92.9775
2471      95.3349
2472      90.8177
2473      79.076
2474      62.1901
2475      0
2476      99.3988
2477      99.5945
2478      85.6264
2479      0
2480      86.3002
2481      0
2482      94.698
2483      0
2484      0
2485      96.222
2486      0
2487      71.5514
2488      88.4442
2489      70.1755
2490      92.2765
2491      0
2492      0
2493      60.4174
2494      0
2495      0
2496      0
2497      0
2498      0
2499      0
       78282.4
