0      0
1      79.5608
2      0
3      73.3172
4      98.1704
5      98.1701
6      0
7      65.7259
8      98.7749
9      98.9359
10      75.2519
11      98.4277
12      99.9294
13      0
14      0
15      0
16      82.6513
17      99.9405
18      0
19      98.6292
20      81.8369
21      58.0238
22      0
23      0
24      0
25      99.8548
26      59.7259
27      81.8148
28      0
29      0
30      97.0739
31      0
32      61.7877
33      0
34      98.6589
35      91.8176
36      52.025
37      51.5239
38      0
39      0
40      77.0608
41      89.6612
42      78.875
43      0
44      0
45      99.9294
46      0
47      0
48      0
49      99.8038
50      52.3585
51      99.9294
52      48.7811
53      0
54      76.6262
55      84.8911
56      99.6267
57      89.9768
58      62.0523
59      0
60      0
61      70.7435
62      63.0439
63      67.7336
64      0
65      0
66      72.8989
67      0
68      0
69      42.9279
70      0
71      40.687
72      0
73      99.8224
74      92.2882
75      0
76      57.9258
77      99.8038
78      0
79      93.2752
80      77.308
81      44.846
82      56.9836
83      91.1389
84      99.8038
85      83.8574
86      0
87      99.4012
88      97.2717
89      88.76
90      77.0639
91      0
92      0
93      95.9844
94      99.6267
95      99.1793
96      0
97      60.5834
98      0
99      0
100      61.7877
101      0
102      68.0542
103      0
104      94.0003
105      0
106      16.0802
107      0
108      80.2552
109      53.674
110      71.0425
111      76.675
112      65.8756
113      0
114      0
115      59.4906
116      77.8521
117      0
118      99.8224
119      83.0368
120      92.7792
121      56.5314
122      67.5634
123      0
124      98.0148
125      56.9115
126      98.3666
127      99.9081
128      98.5134
129      47.3082
130      99.1793
131      59.3816
132      75.3559
133      0
134      74.6074
135      91.9282
136      0
137      0
138      99.8224
139      46.5292
140      99.9294
141      67.6763
142      82.6239
143      90.8447
144      99.8451
145      98.1704
146      85.7158
147      89.0032
148      42.8298
149      56.6336
150      72.7207
151      0
152      99.7983
153      56.7216
154      76.7454
155      0
156      90.5642
157      99.8451
158      0
159      0
160      0
161      0
162      75.3559
163      70.6462
164      0
165      70.154
166      0
167      99.9514
168      77.3127
169      99.7983
170      0
171      84.1657
172      88.76
173      69.9339
174      0
175      61.206
176      85.7772
177      82.6513
178      0
179      99.7983
180      77.5288
181      0
182      0
183      79.1235
184      0
185      68.731
186      98.9359
187      95.7947
188      0
189      96.8973
190      98.77
191      0
192      75.6706
193      0
194      57.0477
195      38.2955
196      0
197      97.3721
198      77.0608
199      69.8404
200      68.6034
201      0
202      76.5325
203      0
204      62.8524
205      0
206      89.2019
207      0
208      0
209      74.3521
210      68.5979
211      99.9081
212      99.9514
213      44.646
214      0
215      99.8224
216      0
217      82.3518
218      75.1896
219      90.9401
220      92.2882
221      92.3909
222      0
223      78.4236
224      0
225      99.3649
226      0
227      0
228      98.4277
229      0
230      68.5979
231      80.4929
232      54.9142
233      81.8369
234      78.7212
235      77.308
236      0
237      73.2813
238      86.5235
239      0
240      74.9984
241      82.2952
242      0
243      0
244      0
245      99.8548
246      43.8111
247      97.3721
248      0
249      99.8451
250      53.674
251      99.9072
252      63.3605
253      99.3649
254      0
255      98.3129
256      46.2721
257      55.5809
258      50.3153
259      0
260      0
261      79.1235
262      99.9294
263      0
264      0
265      66.8192
266      76.0112
267      70.2825
268      81.4446
269      83.7103
270      74.3609
271      98.0148
272      0
273      0
274      39.6597
275      99.4012
276      0
277      0
278      0
279      99.8548
280      95.7006
281      99.8224
282      39.5557
283      79.0438
284      0
285      63.9712
286      0
287      0
288      72.2363
289      0
290      0
291      0
292      0
293      99.369
294      0
295      95.7006
296      95.9844
297      93.3892
298      0
299      0
300      99.9294
301      53.674
302      99.6267
303      46.047
304      66.546
305      0
306      0
307      0
308      45.5403
309      56.2878
310      84.0122
311      91.4037
312      69.37
313      0
314      81.4446
315      0
316      0
317      67.7621
318      0
319      97.0739
320      0
321      98.4277
322      45.9026
323      0
324      40.9761
325      87.782
326      98.77
327      94.9124
328      98.4277
329      0
330      46.2721
331      99.4012
332      0
333      0
334      0
335      0
336      99.7983
337      0
338      99.8224
339      98.0148
340      0
341      0
342      54.9142
343      0
344      98.3666
345      0
346      98.5134
347      0
348      99.9294
349      0
350      85.1023
351      95.7006
352      57.5897
353      0
354      99.7983
355      98.7748
356      0
357      0
358      0
359      0
360      90.8248
361      0
362      85.7158
363      0
364      0
365      0
366      42.8298
367      57.1756
368      82.6239
369      46.6838
370      72.5728
371      81.8369
372      0
373      0
374      95.4431
375      0
376      88.4012
377      0
378      0
379      70.0368
380      0
381      94.9124
382      79.4661
383      98.1701
384      99.8451
385      50.6817
386      0
387      99.9514
388      0
389      99.8548
390      81.4446
391      0
392      0
393      0
394      68.8601
395      99.7983
396      99.7983
397      0
398      0
399      47.3759
400      0
401      0
402      0
403      65.114
404      0
405      74.6143
406      99.8224
407      0
408      0
409      99.4012
410      90.5434
411      37.91
412      47.3759
413      99.4012
414      0
415      74.1132
416      0
417      85.1031
418      76.3718
419      47.5961
420      99.4012
421      98.1704
422      0
423      46.2071
424      52.5879
425      98.9359
426      0.184451
427      56.1947
428      78.7212
429      0
430      82.3802
431      98.0148
432      0
433      91.0583
434      0
435      83.8574
436      0
437      99.6267
438      99.8548
439      0
440      0
441      99.9405
442      63.7663
443      58.0946
444      51.135
445      0
446      36.8168
447      0
448      99.6267
449      99.1793
450      54.0517
451      0
452      61.5178
453      0
454      0
455      0
456      0
457      55.9946
458      89.9939
459      0
460      0
461      87.3883
462      83.8574
463      0
464      48.5958
465      0
466      0
467      0
468      98.7749
469      0
470      0
471      85.7772
472      0
473      72.0911
474      90.5403
475      75.2924
476      54.2383
477      56.0499
478      0
479      78.6701
480      99.9514
481      0
482      96.8973
483      65.6852
484      0
485      0
486      0
487      0
488      92.8847
489      0
490      90.8248
491      61.5178
492      48.4959
493      0
494      99.8038
495      89.59
496      0
497      0
498      99.7983
499      99.9763
500      0
501      59.4906
502      0
503      77.0639
504      81.4446
505      98.3129
506      58.4806
507      0
508      0
509      72.1767
510      99.9763
511      0
512      0
513      39.5557
514      85.1826
515      89.9244
516      74.446
517      87.3883
518      0
519      0
520      0
521      0
522      99.6267
523      0
524      0
525      89.2019
526      72.7207
527      93.7571
528      81.6666
529      84.4323
530      0
531      64.0258
532      88.7589
533      0
534      0
535      85.7158
536      0
537      97.2857
538      99.9072
539      56.9115
540      71.622
541      97.0739
542      99.3038
543      0
544      62.4907
545      0
546      70.9179
547      97.0739
548      0
549      84.1657
550      0
551      65.114
552      44.9734
553      0
554      0
555      67.813
556      0
557      47.3759
558      0
559      99.1793
560      0
561      20.9825
562      49.8907
563      77.5154
564      0
565      98.6426
566      44.5777
567      0
568      0
569      48.5958
570      59.9333
571      90.9401
572      54.0517
573      83.2702
574      0
575      40.9761
576      40.687
577      90.5434
578      77.1628
579      83.4075
580      77.0284
581      82.3802
582      0
583      75.8306
584      68.731
585      0
586      0
587      71.6101
588      78.875
589      59.4906
590      0
591      0
592      0
593      98.6426
594      39.5557
595      99.9294
596      0
597      63.1408
598      0
599      0
600      57.1756
601      0
602      63.9712
603      91.1389
604      0
605      89.9244
606      99.4012
607      99.8548
608      0
609      0
610      0
611      0
612      0
613      67.813
614      0
615      86.5235
616      76.2317
617      89.9939
618      48.4272
619      0
620      0
621      99.369
622      0
623      82.5179
624      63.1408
625      79.2603
626      72.8989
627      69.1896
628      57.1756
629      95.9844
630      76.2189
631      79.8436
632      59.1392
633      99.4012
634      0
635      99.7029
636      0
637      90.8248
638      76.6817
639      99.1793
640      58.8602
641      0
642      0
643      0
644      0
645      95.7006
646      0
647      0
648      99.9294
649      58.7848
650      92.4367
651      89.9244
652      85.1023
653      0
654      0
655      81.8369
656      0
657      0
658      72.4381
659      74.5979
660      61.16
661      79.2603
662      98.4277
663      0
664      77.4271
665      90.5642
666      99.369
667      0
668      53.5896
669      0
670      99.7983
671      98.3666
672      0
673      0
674      0
675      0
676      0
677      0
678      93.6965
679      55.6651
680      75.2924
681      44.002
682      0
683      97.0739
684      0
685      0
686      56.8504
687      99.8548
688      74.446
689      0
690      99.4012
691      99.9081
692      42.1338
693      0
694      0
695      60.6946
696      0
697      65.114
698      0
699      0
700      99.8038
701      0
702      62.7032
703      88.76
704      0
705      99.7983
706      77.0608
707      0
708      98.5134
709      99.9763
710      0
711      0
712      99.8038
713      72.7207
714      80.3427
715      99.9294
716      99.6267
717      0
718      89.0032
719      51.5239
720      92.2267
721      67.5634
722      90.8248
723      99.1793
724      92.9262
725      85.7841
726      97.0739
727      99.1793
728      51.3094
729      88.6806
730      78.9425
731      0
732      54.2383
733      0
734      48.4959
735      99.1793
736      84.7177
737      0
738      0
739      0
740      66.1459
741      0
742      80.3308
743      0
744      0
745      94.3933
746      0
747      0
748      99.6267
749      72.7371
750      95.9844
751      0
752      44.895
753      98.4277
754      84.0122
755      85.7772
756      96.8973
757      0
758      84.598
759      58.8602
760      98.7749
761      67.8433
762      0
763      86.4793
764      45.6674
765      85.7158
766      0
767      87.3135
768      60.2989
769      99.9294
770      45.6674
771      72.5635
772      89.2019
773      0
774      98.7749
775      61.5129
776      93.6965
777      99.9514
778      0
779      0
780      88.76
781      97.2857
782      0
783      0
784      0
785      0
786      98.4277
787      57.9258
788      67.813
789      0
790      0
791      0
792      0
793      93.2752
794      76.6262
795      60.968
796      0
797      34.7577
798      0
799      0
800      97.3721
801      0
802      99.8548
803      70.4837
804      99.9763
805      0
806      0
807      0
808      92.3909
809      77.8983
810      0
811      0
812      64.0739
813      83.3234
814      0
815      64.362
816      84.0122
817      0
818      80.0582
819      0
820      0
821      74.851
822      99.9514
823      0
824      82.6239
825      0
826      96.8973
827      84.0122
828      61.206
829      74.446
830      0
831      64.0817
832      48.4959
833      99.9294
834      99.9294
835      81.8369
836      76.6674
837      0
838      47.3759
839      70.7435
840      75.9632
841      0
842      90.4082
843      85.1023
844      0
845      99.9294
846      0
847      0
848      0
849      65.2757
850      0
851      0
852      67.6247
853      0
854      99.9405
855      99.7983
856      0
857      0
858      77.9391
859      0
860      0
861      90.5434
862      50.2307
863      0
864      72.4193
865      77.5154
866      76.0595
867      88.5946
868      0
869      98.4277
870      0
871      0
872      0
873      99.4012
874      0
875      99.2652
876      0
877      89.0032
878      0
879      99.6267
880      93.6965
881      0
882      0
883      85.1023
884      56.2221
885      76.3562
886      70.7435
887      0
888      0
889      0
890      74.2768
891      67.7621
892      76.2317
893      79.4661
894      65.1802
895      0
896      85.7772
897      81.5186
898      0
899      0
900      89.0032
901      82.8783
902      0
903      0
904      99.6267
905      74.4538
906      90.9401
907      99.1793
908      85.1023
909      0
910      0
911      58.8602
912      50.6817
913      0
914      74.536
915      99.9763
916      99.8548
917      88.9155
918      82.2414
919      92.3909
920      46.5013
921      82.8783
922      0
923      47.5961
924      0
925      74.6194
926      97.3118
927      0
928      0
929      97.3118
930      0
931      0
932      68.731
933      0
934      48.5958
935      0
936      0
937      99.7983
938      0
939      77.9148
940      90.9401
941      0
942      0
943      88.7589
944      61.0292
945      0
946      85.9505
947      75.9051
948      51.2977
949      0
950      99.079
951      99.8548
952      0
953      0
954      0
955      0
956      95.6154
957      77.3127
958      0
959      59.9367
960      0
961      0
962      0
963      67.3345
964      0
965      0
966      0
967      0
968      0
969      0
970      68.0542
971      99.1793
972      92.8847
973      0
974      0
975      0
976      98.7749
977      77.1479
978      0
979      0
980      90.8248
981      0
982      36.4881
983      74.1132
984      0
985      0
986      62.8524
987      99.3038
988      81.0074
989      59.9333
990      0
991      77.0608
992      98.1704
993      91.4037
994      98.3129
995      55.6651
996      0
997      0
998      0
999      51.1911
       33157.2
