0      0
1      0
2      0
3      99.988
4      55.4954
5      0
6      99.0818
7      99.9653
8      76.868
9      80.5476
10      53.4776
11      0
12      98.653
13      0
14      99.7486
15      99.9162
16      0
17      81.1806
18      81.1806
19      65.2409
20      0
21      99.8522
22      0
23      0
24      0
25      99.9653
26      99.9732
27      0
28      97.1783
29      0
30      0
31      0
32      53.8106
33      96.7334
34      99.9653
35      0
36      91.308
37      0
38      0
39      63.0147
40      99.9653
41      99.9162
42      0
43      82.1095
44      87.3931
45      99.9162
46      0
47      97.7608
48      75.3389
49      80.5996
50      95.0222
51      99.969
52      0
53      0
54      73.2832
55      99.969
56      0
57      0
58      99.9653
59      98.3661
60      0
61      69.7161
62      99.9162
63      31.9105
64      99.2528
65      53.8358
66      97.2819
67      0
68      99.9653
69      0
70      0
71      0
72      0
73      0
74      99.9653
75      62.4758
76      0
77      99.8522
78      99.8589
79      72.7776
80      55.4954
81      51.0069
82      0
83      49.6992
84      0
85      98.6151
86      99.9788
87      0
88      73.2832
89      99.9162
90      99.9142
91      0
92      91.3081
93      0
94      60.1612
95      0
96      0
97      0
98      55.4954
99      84.8486
       3609.05
