0      59.1138
1      99.9425
2      98.3549
3      50.6287
4      49.3706
5      99.4331
6      0
7      0
8      73.9533
9      0
10      0
11      73.9533
12      99.9994
13      0
14      99.8238
15      95.0419
16      99.8646
17      61.5553
18      0
19      0
20      0
21      51.8381
22      81.5689
23      0
24      99.9994
25      0
26      81.354
27      0
28      55.5029
29      0
30      99.9542
31      44.4671
32      0
33      73.9533
34      0
35      94.2462
36      0
37      99.9542
38      0
39      0
40      95.0666
41      0
42      88.8331
43      69.7268
44      0
45      99.9994
46      44.4458
47      99.9649
48      0
49      0
50      99.3825
51      64.5118
52      0
53      78.4504
54      98.0273
55      99.9994
56      99.8089
57      93.7593
58      0
59      53.1503
60      99.8646
61      0
62      83.726
63      0
64      99.8782
65      0
66      75.7547
67      0
68      0
69      0
70      0
71      81.1245
72      0
73      99.9542
74      0
75      0
76      99.441
77      83.1828
78      93.9198
79      69.5653
80      98.7632
81      73.7537
82      99.9542
83      99.949
84      99.9542
85      0
86      99.9994
87      0
88      99.8089
89      0
90      99.9542
91      73.7289
92      0
93      0
94      62.2077
95      0
96      83.4856
97      0
98      97.2445
99      0
100      88.8331
101      57.3185
102      99.8089
103      70.5491
104      95.9928
105      0
106      78.4504
107      0
108      48.5246
109      58.9036
110      99.8209
111      63.9798
112      0
113      82.771
114      99.9994
115      71.8309
116      77.8726
117      99.949
118      91.8639
119      0
120      0
121      64.6811
122      71.9321
123      86.5614
124      99.8646
125      99.9994
126      99.9994
127      99.9994
128      0
129      0
130      0
131      87.989
132      64.514
133      0
134      59.9198
135      0
136      0
137      96.687
138      0
139      0
140      99.9542
141      92.7596
142      0
143      79.2228
144      0
145      99.9737
146      73.9247
147      64.6811
148      75.0455
149      97.7691
150      84.7939
151      72.3803
152      70.5491
153      0
154      90.3891
155      78.8404
156      99.8089
157      0
158      0
159      79.6456
160      86.5614
161      0
162      48.5246
163      98.0273
164      0
165      0
166      0
167      99.9994
168      0
169      0
170      0
171      97.7586
172      0
173      0
174      0
175      0
176      54.1762
177      0
178      0
179      71.1122
180      0
181      0
182      99.9834
183      69.0766
184      97.7586
185      99.8089
186      99.8089
187      0
188      75.7106
189      99.9994
190      0
191      51.377
192      0
193      52.5159
194      0
195      0
196      58.9036
197      74.6874
198      0
199      0
       5956.6
