0      99.8126
1      56.4517
2      0
3      58.4408
4      0
5      99.9988
6      0
7      46.1376
8      74.0973
9      0
10      98.9163
11      99.9988
12      89.116
13      80.4397
14      99.9988
15      0
16      0
17      0
18      88.634
19      0
20      99.9988
21      0
22      99.5144
23      74.5843
24      0
25      0
26      99.9988
27      73.9306
28      0
29      0
30      97.39
31      97.7302
32      0
33      56.862
34      0
35      98.7954
36      99.9988
37      99.9988
38      0
39      90.1264
40      98.6841
41      99.6114
42      99.9988
43      0
44      57.676
45      0
46      0
47      51.4439
48      79.6981
49      67.1361
       1793.49
