0      75.216
1      0
2      40.385
3      0
4      99.9344
5      0
6      91.0891
7      0
8      99.9344
9      77.3367
10      0
11      0.00665006
12      72.0651
13      80.6567
14      87.6928
15      99.9924
16      99.9924
17      55.3562
18      67.0787
19      0
20      0
21      92.6244
22      74.0584
23      0
24      99.9344
25      55.3562
26      45.8755
27      0
28      0
29      0
30      0
31      99.4915
32      72.0581
33      85.0903
34      99.9786
35      0
36      51.1879
37      0
38      98.8346
39      74.0754
40      0
41      0
42      56.3637
43      0
44      0
45      0
46      74.0516
47      60.9267
48      99.7536
49      0
50      72.0581
51      0
52      93.4043
53      99.4345
54      0
55      0
56      64.2804
57      84.0595
58      58.3055
59      98.8314
60      0
61      58.1947
62      67.0292
63      99.9924
64      0
65      99.9786
66      0
67      0
68      99.7939
69      0
70      94.4872
71      58.1947
72      99.9924
73      0
74      0
75      0
76      94.4872
77      64.1295
78      70.0023
79      99.9865
80      99.9786
81      0
82      39.5311
83      67.7033
84      0
85      0
86      91.581
87      0
88      0
89      0
90      71.7585
91      99.9536
92      0
93      0
94      0
95      99.7939
96      77.2632
97      0
98      0
99      50.9889
100      0
101      0
102      99.9786
103      76.7439
104      92.7339
105      0
106      0
107      0
108      66.7888
109      39.5311
110      79.7897
111      99.7939
112      0
113      80.6545
114      94.7222
115      85.417
116      68.943
117      0
118      0
119      50.92
120      0
121      85.417
122      50.92
123      40.2805
124      99.9786
125      0
126      0
127      99.1819
128      91.0342
129      0
130      0
131      0
132      99.9279
133      99.9972
134      99.9972
135      0
136      0
137      74.0516
138      0
139      99.9542
140      0
141      0
142      99.9344
143      58.2568
144      0
145      0
146      99.9786
147      99.9823
148      0
149      42.6724
150      55.8439
151      99.9786
152      0
153      89.1063
154      0
155      0
156      99.9867
157      0
158      99.9786
159      0
160      68.9415
161      99.9786
162      99.9786
163      99.9536
164      0
165      87.6928
166      40.385
167      0
168      0
169      99.1525
170      99.9542
171      99.9344
172      99.9786
173      67.6786
174      99.9542
175      56.3704
176      99.9344
177      0
178      99.9867
179      99.9781
180      0
181      99.9786
182      0
183      0
184      0
185      66.7597
186      98.9109
187      0
188      0
189      95.3926
190      99.9924
191      0
192      99.9536
193      0
194      50.7482
195      99.9924
196      99.9786
197      96.6097
198      87.7916
199      0
       6458.57
