0      56.0266
1      79.6978
2      0
3      88.2024
4      69.2715
5      0
6      0
7      29.0947
8      0
9      99.9196
10      99.9814
11      99.9977
12      61.4608
13      99.9924
14      91.36
15      94.6821
16      76.1953
17      72.1559
18      0
19      0
20      0
21      0
22      99.1331
23      99.9519
24      99.6018
25      0
26      0
27      99.1319
28      74.0404
29      0
30      88.0019
31      0
32      0
33      0
34      99.9924
35      0
36      0
37      0
38      62.2478
39      84.9402
40      99.9984
41      99.9984
42      0
43      75.6486
44      78.747
45      93.8805
46      0
47      99.9924
48      99.9519
49      0
50      78.9637
51      75.8675
52      0
53      92.946
54      57.1869
55      0
56      99.6457
57      99.2665
58      0
59      88.1035
60      99.9984
61      89.0509
62      0
63      63.8378
64      0
65      0
66      0
67      0
68      0
69      87.9032
70      99.8716
71      99.9977
72      0
73      0
74      99.8387
75      0
76      99.9814
77      92.8525
78      89.0509
79      0
80      99.9984
81      0
82      0
83      60.5679
84      0
85      50.1301
86      88.0235
87      63.96
88      99.1319
89      0
90      0
91      6.89957e-06
92      93.9919
93      99.9977
94      0
95      99.9984
96      0
97      0
98      99.8408
99      99.9132
       3160.3
