0      79.726
1      0
2      0
3      52.6476
4      0
5      80.8997
6      92.9518
7      91.0009
8      46.8991
9      88.6344
10      0
11      0
12      86.4103
13      97.2138
14      0
15      86.9544
16      0
17      92.0594
18      0
19      83.4894
20      61.4651
21      69.4253
22      0
23      0
24      0
25      97.3183
26      44.0001
27      93.3828
28      70.7464
29      93.9858
30      95.9818
31      79.0665
32      98.5432
33      0
34      99.6458
35      0
36      87.8321
37      0
38      58.1265
39      0
40      78.0621
41      99.0824
42      77.52
43      75.6925
44      0
45      62.3758
46      82.3527
47      88.3289
48      73.8129
49      40.2465
50      50.5509
51      87.8356
52      91.993
53      0
54      59.0171
55      78.9161
56      0
57      86.2073
58      0
59      0
60      63.5303
61      82.4333
62      66.6132
63      0
64      44.6706
65      84.2694
66      78.1212
67      55.4766
68      64.807
69      0
70      84.2831
71      68.754
72      75.0573
73      0
74      0
75      0
76      71.4958
77      0
78      80.7257
79      62.2851
80      47.3103
81      0
82      0
83      0
84      0
85      99.3518
86      47.2933
87      84.0632
88      79.117
89      99.6874
90      73.1392
91      0
92      0
93      0
94      77.52
95      94.6617
96      96.084
97      99.0807
98      0
99      0
100      56.3919
101      0
102      46.087
103      53.1753
104      39.9215
105      84.2694
106      0
107      80.656
108      0
109      98.8388
110      0
111      0
112      0
113      70.2791
114      0
115      0
116      0
117      94.7633
118      78.263
119      0
120      0
121      0
122      64.2084
123      0
124      54.398
125      40.6312
126      74.644
127      73.572
128      43.3616
129      76.879
130      56.3426
131      97.2138
132      56.4582
133      89.8731
134      0
135      90.6976
136      48.8967
137      49.436
138      80.1452
139      0
140      0
141      98.635
142      0
143      0
144      78.4834
145      67.4033
146      56.4417
147      61.9748
148      80.4809
149      0
150      87.9764
151      96.753
152      0
153      96.5996
154      0
155      0
156      0
157      94.466
158      0
159      97.5417
160      0
161      92.9039
162      0
163      96.753
164      55.7256
165      51.4568
166      0
167      84.2694
168      0
169      97.4973
170      88.3296
171      90.7353
172      71.0039
173      88.9965
174      92.2082
175      60.281
176      99.8618
177      74.5098
178      0
179      69.8678
180      98.337
181      70.5282
182      0
183      77.52
184      0
185      99.8474
186      77.52
187      0
188      80.772
189      79.6456
190      80.3332
191      0
192      64.807
193      97.2529
194      83.2208
195      0
196      71.4671
197      53.1753
198      0
199      0
200      0
201      58.4128
202      58.4128
203      0
204      95.9672
205      0
206      60.9157
207      72.4011
208      0
209      43.6144
210      0
211      76.1024
212      0
213      96.4804
214      0
215      67.9816
216      0
217      85.1209
218      85.2542
219      49.6295
220      0
221      69.4032
222      37.2562
223      92.5063
224      0
225      88.0961
226      96.7214
227      76.968
228      91.5226
229      68.0735
230      97.7577
231      0
232      99.8035
233      90.4404
234      0
235      0
236      94.528
237      38.8133
238      63.5729
239      0
240      0
241      99.8398
242      90.562
243      49.0942
244      0
245      0
246      86.3437
247      38.1398
248      78.0013
249      79.7274
250      0
251      54.3913
252      58.1265
253      62.2851
254      0
255      0
256      0
257      42.7987
258      0
259      0
260      77.5319
261      89.8716
262      82.621
263      99.2452
264      62.0991
265      84.2505
266      67.2827
267      86.1249
268      80.772
269      0
270      0
271      0
272      51.2311
273      57.273
274      56.2649
275      88.0961
276      0
277      98.8911
278      0
279      41.3824
280      88.5172
281      91.4895
282      0
283      95.7111
284      0
285      84.5565
286      89.6961
287      0
288      99.0732
289      0
290      0
291      0
292      91.7367
293      98.337
294      0
295      0
296      0
297      63.6927
298      0
299      0
300      64.4873
301      0
302      97.6969
303      77.9833
304      0
305      0
306      0
307      0
308      83.2373
309      0
310      54.2643
311      97.5347
312      90.9648
313      89.7383
314      88.2925
315      0
316      93.9858
317      0
318      0
319      0
320      0
321      99.3518
322      99.4802
323      73.1853
324      0
325      75.8207
326      0
327      86.3393
328      98.7904
329      93.9123
330      44.8059
331      0
332      53.1174
333      60.6155
334      0
335      47.5908
336      43.6144
337      74.5676
338      73.2157
339      0
340      0
341      68.1559
342      0
343      0
344      98.3129
345      0
346      62.5789
347      0
348      59.5034
349      0
350      0
351      96.3816
352      80.9999
353      97.2095
354      0
355      0
356      74.618
357      0
358      64.363
359      67.2553
360      84.2499
361      46.087
362      86.2073
363      62.7981
364      92.3407
365      98.5515
366      0
367      77.0458
368      0
369      0
370      0
371      0
372      98.7904
373      77.8348
374      0
375      0
376      41.2959
377      0
378      89.7491
379      99.0807
380      0
381      41.3045
382      0
383      0
384      0
385      87.1303
386      80.3332
387      75.7961
388      0
389      0
390      65.1769
391      90.7645
392      0
393      84.276
394      99.8618
395      98.5733
396      98.0166
397      84.8285
398      66.094
399      0
400      94.8376
401      94.6617
402      85.3491
403      0
404      97.0498
405      0
406      80.9999
407      0
408      85.3565
409      81.5
410      0
411      75.4642
412      0
413      96.7214
414      0
415      93.2124
416      95.7395
417      53.6867
418      69.3837
419      41.4059
420      0
421      98.4923
422      39.2946
423      76.7168
424      0
425      73.1853
426      83.4795
427      0
428      55.5993
429      96.5736
430      68.3526
431      88.7161
432      50.9335
433      71.0039
434      0
435      0
436      56.4899
437      85.7988
438      86.3393
439      0
440      0
441      96.9592
442      89.2777
443      69.9101
444      88.3296
445      0
446      0
447      78.6423
448      0
449      0
450      0
451      44.0001
452      0
453      76.9099
454      0
455      0
456      0
457      95.6904
458      48.0408
459      0
460      0
461      0
462      0
463      92.3407
464      99.7624
465      0
466      0
467      0
468      37.9865
469      0
470      53.3716
471      71.3019
472      73.0779
473      0
474      0
475      0
476      98.4428
477      0
478      0
479      43.196
480      0
481      63.7611
482      81.5109
483      0
484      0
485      46.8249
486      0
487      78.2102
488      68.7074
489      97.6836
490      0
491      51.9036
492      77.7406
493      93.153
494      99.7222
495      74.7027
496      64.6249
497      0
498      97.7387
499      0
500      66.5333
501      75.5792
502      1.04208
503      92.9133
504      0
505      0
506      0
507      93.9858
508      0
509      69.2419
510      0
511      49.0681
512      74.5676
513      46.2744
514      0
515      0
516      0
517      78.3862
518      71.4671
519      44.4073
520      82.4333
521      86.2073
522      85.8354
523      76.5616
524      0
525      50.9564
526      0
527      97.4973
528      0
529      73.0114
530      77.0442
531      0
532      0
533      93.8699
534      0
535      90.4068
536      0.0041042
537      96.8212
538      99.0211
539      64.7192
540      69.2419
541      52.1109
542      0
543      0
544      0
545      64.2222
546      0
547      0
548      0
549      74.3248
550      90.3602
551      64.3843
552      0
553      56.2067
554      0
555      0
556      0
557      99.2963
558      90.9648
559      0
560      0
561      0
562      0
563      99.0807
564      71.0128
565      41.2956
566      86.4889
567      98.3373
568      92.0508
569      47.627
570      98.8388
571      73.536
572      91.0009
573      59.4414
574      92.106
575      91.0701
576      76.9786
577      80.1439
578      75.0062
579      86.1056
580      99.0732
581      79.6169
582      0
583      0
584      87.9764
585      97.2442
586      0
587      79.6169
588      99.728
589      70.6833
590      0
591      0
592      67.9777
593      0
594      84.0432
595      0
596      0
597      92.1983
598      98.5432
599      58.7345
600      98.337
601      0
602      65.1121
603      53.655
604      0
605      47.9412
606      37.9865
607      87.8625
608      82.9652
609      96.753
610      94.0228
611      69.8678
612      0
613      49.0485
614      92.1923
615      76.7168
616      96.4804
617      94.723
618      88.9853
619      82.621
620      0
621      41.9364
622      98.389
623      0
624      0
625      0
626      0
627      90.5766
628      88.2702
629      90.3602
630      71.3587
631      0
632      0
633      0
634      45.7889
635      64.1013
636      0
637      98.3067
638      49.0942
639      0
640      95.7424
641      67.7312
642      96.4395
643      0
644      99.7546
645      0
646      0
647      64.2168
648      0
649      0
650      59.5034
651      0
652      47.5409
653      0
654      0
655      98.982
656      0
657      81.5
658      96.5504
659      0
660      40.3297
661      0
662      76.7168
663      0
664      0
665      91.4362
666      98.3129
667      91.6635
668      69.3413
669      0
670      0
671      49.2029
672      46.1785
673      71.3778
674      90.354
675      0
676      61.4496
677      63.1374
678      70.4745
679      75.1712
680      67.4054
681      88.7665
682      0
683      0
684      0
685      0
686      0
687      82.4073
688      81.4137
689      54.5099
690      0
691      0
692      0
693      79.0188
694      80.6686
695      90.9013
696      76.933
697      97.2442
698      0
699      0
700      61.5518
701      63.0098
702      44.0001
703      0
704      97.5377
705      0
706      84.3491
707      0
708      93.5138
709      56.2755
710      0
711      0
712      98.5432
713      0
714      94.3055
715      0
716      98.3373
717      99.8816
718      47.3332
719      90.1356
720      97.5417
721      83.2373
722      77.52
723      92.9335
724      59.6708
725      0
726      42.7805
727      40.4745
728      94.0228
729      0
730      0
731      47.5525
732      0
733      60.9357
734      98.5404
735      0
736      0
737      76.1024
738      99.3337
739      74.4356
740      81.1267
741      97.1422
742      68.527
743      97.0649
744      0
745      0
746      77.7406
747      96.4059
748      87.3593
749      86.8777
750      0
751      52.8069
752      0
753      0
754      0
755      0
756      0
757      0
758      75.5203
759      64.363
760      97.7273
761      0
762      63.5729
763      91.9438
764      0
765      0
766      97.6839
767      82.8705
768      0
769      94.7455
770      61.7021
771      0
772      0
773      85.3058
774      70.0121
775      0
776      59.7633
777      81.5967
778      85.8552
779      80.8462
780      49.2029
781      80.4375
782      42.8353
783      0
784      62.2802
785      69.8678
786      0
787      78.9769
788      95.2414
789      0
790      0
791      87.7378
792      0
793      0
794      63.5729
795      94.9189
796      55.2539
797      0
798      0
799      0
800      0
801      56.2036
802      0
803      78.3581
804      0
805      92.5353
806      80.6686
807      94.528
808      94.7633
809      0
810      82.6908
811      0
812      86.1056
813      0
814      58.9251
815      82.5773
816      56.391
817      92.9518
818      95.2486
819      37.287
820      0
821      97.6839
822      0
823      83.7005
824      0
825      80.8618
826      76.7168
827      69.4345
828      98.3129
829      0
830      90.5721
831      0
832      49.8377
833      0
834      97.3064
835      0
836      0
837      69.9101
838      0
839      76.9786
840      0
841      93.7513
842      0
843      50.6738
844      0
845      97.2442
846      0
847      99.5858
848      71.5711
849      0
850      0
851      78.0467
852      63.8386
853      93.7513
854      77.7406
855      0
856      91.4426
857      0
858      87.2395
859      0
860      97.5417
861      98.7904
862      0
863      0
864      0
865      0
866      98.9524
867      97.5417
868      0
869      93.6921
870      0
871      63.8981
872      86.7702
873      98.8174
874      89.7023
875      0
876      0
877      84.1687
878      0
879      67.0745
880      0
881      0
882      99.8474
883      0
884      51.2311
885      57.915
886      0
887      76.933
888      93.1495
889      89.4132
890      95.6272
891      0
892      0
893      99.5461
894      95.7454
895      99.8537
896      0
897      56.5172
898      87.6516
899      98.982
900      0
901      77.9833
902      0
903      56.7312
904      0
905      0
906      0
907      82.4333
908      78.3898
909      85.299
910      54.7755
911      83.2422
912      0
913      64.4867
914      0
915      99.3337
916      90.2771
917      54.7085
918      99.0211
919      92.2082
920      0
921      70.8299
922      0
923      95.2486
924      41.4059
925      99.8035
926      0
927      96.5207
928      85.681
929      73.0114
930      0
931      0
932      0
933      0
934      92.5063
935      0
936      0
937      47.4668
938      0
939      0
940      94.8912
941      0
942      0
943      97.7273
944      55.7256
945      99.0824
946      65.408
947      53.2423
948      39.4048
949      71.4671
950      0
951      96.4059
952      41.137
953      0
954      0
955      77.0753
956      91.5226
957      0
958      0
959      75.37
960      60.1423
961      0
962      0
963      62.5789
964      89.7524
965      69.693
966      0
967      89.7383
968      92.3407
969      63.7611
970      98.389
971      0
972      76.7168
973      94.9469
974      95.6904
975      0
976      62.5789
977      80.1055
978      61.1893
979      0
980      89.9081
981      0
982      0
983      99.0807
984      0
985      90.3602
986      0
987      49.7783
988      0
989      54.7085
990      0
991      80.1055
992      63.7611
993      0
994      0
995      0
996      98.5432
997      0
998      90.6333
999      41.2922
1000      93.5738
1001      96.3815
1002      85.7988
1003      0
1004      82.7157
1005      54.0844
1006      89.6961
1007      47.7005
1008      82.032
1009      89.66
1010      0
1011      0
1012      89.8731
1013      76.1024
1014      66.4628
1015      92.245
1016      0
1017      80.3122
1018      80.6588
1019      0
1020      0
1021      0
1022      0
1023      98.4082
1024      52.2455
1025      0
1026      74.9255
1027      83.4795
1028      0
1029      90.1125
1030      0
1031      0
1032      0
1033      85.2575
1034      31.715
1035      96.1172
1036      90.354
1037      0
1038      68.3526
1039      67.9816
1040      80.8997
1041      0
1042      72.4011
1043      60.1423
1044      0
1045      91.5129
1046      51.7001
1047      85.3599
1048      0
1049      0
1050      0
1051      81.5532
1052      79.6264
1053      89.6961
1054      72.199
1055      0
1056      48.0408
1057      0
1058      0
1059      95.2486
1060      73.1083
1061      0
1062      65.1121
1063      0
1064      0
1065      97.3994
1066      0
1067      45.4479
1068      0
1069      90.7645
1070      0
1071      92.0594
1072      0
1073      74.5098
1074      0
1075      99.7518
1076      0
1077      76.6251
1078      87.7172
1079      0
1080      75.5897
1081      0
1082      0
1083      56.889
1084      95.2728
1085      0
1086      0
1087      66.6489
1088      0
1089      85.2575
1090      89.838
1091      0
1092      97.2891
1093      56.2067
1094      87.3995
1095      52.2455
1096      0
1097      86.3131
1098      99.8474
1099      66.1312
1100      0
1101      0
1102      85.0451
1103      82.7157
1104      0
1105      97.6839
1106      78.4834
1107      0
1108      93.7513
1109      0
1110      71.9347
1111      55.2539
1112      0
1113      52.8897
1114      80.3122
1115      64.807
1116      0
1117      67.827
1118      90.6516
1119      0
1120      79.4709
1121      61.0005
1122      0
1123      0
1124      0
1125      0
1126      0
1127      62.4226
1128      84.5565
1129      0
1130      99.7222
1131      50.5509
1132      0
1133      67.2827
1134      0
1135      71.2186
1136      49.8245
1137      79.2453
1138      79.8165
1139      56.8379
1140      0
1141      84.5468
1142      0
1143      69.4828
1144      75.5203
1145      97.5417
1146      0
1147      0
1148      64.9834
1149      0
1150      96.5507
1151      79.9076
1152      85.1153
1153      53.6867
1154      0
1155      88.727
1156      96.1172
1157      0
1158      73.1853
1159      0
1160      0
1161      53.4163
1162      0
1163      76.968
1164      0
1165      55.5993
1166      98.389
1167      69.1216
1168      74.826
1169      96.5996
1170      79.9255
1171      75.49
1172      67.5264
1173      81.5884
1174      99.5461
1175      53.2423
1176      0
1177      0
1178      0
1179      0
1180      59.9095
1181      94.0228
1182      54.3913
1183      0
1184      0
1185      0
1186      78.3898
1187      0
1188      0
1189      0
1190      51.5972
1191      99.7222
1192      0
1193      97.0649
1194      49.4668
1195      0
1196      93.5775
1197      41.4059
1198      71.5384
1199      0
1200      49.2029
1201      0
1202      0
1203      0
1204      85.681
1205      64.807
1206      88.0294
1207      0
1208      0
1209      0
1210      0
1211      0
1212      0
1213      54.6156
1214      65.2238
1215      85.3565
1216      79.3444
1217      81.5475
1218      80.9055
1219      77.9833
1220      98.0535
1221      0
1222      0
1223      66.1537
1224      82.1758
1225      0
1226      95.4221
1227      57.1579
1228      98.389
1229      79.5654
1230      0
1231      59.9771
1232      0
1233      82.4073
1234      0
1235      93.6956
1236      49.8377
1237      49.8245
1238      0
1239      87.3593
1240      87.8356
1241      0
1242      0
1243      65.4709
1244      97.5417
1245      68.0941
1246      95.2973
1247      70.9839
1248      93.0708
1249      43.6632
1250      0
1251      51.9036
1252      0
1253      0
1254      49.5106
1255      89.0224
1256      0
1257      45.5674
1258      96.1172
1259      0
1260      82.032
1261      0
1262      0
1263      91.0681
1264      92.825
1265      44.8059
1266      80.2268
1267      0
1268      75.0573
1269      70.2791
1270      99.881
1271      92.245
1272      83.3015
1273      95.2589
1274      0
1275      56.6361
1276      48.0408
1277      0
1278      0
1279      85.221
1280      67.2056
1281      0
1282      0
1283      0
1284      0
1285      0
1286      0
1287      91.1953
1288      69.8678
1289      99.2567
1290      0
1291      64.8637
1292      0
1293      42.0434
1294      50.9335
1295      62.0249
1296      98.389
1297      49.0942
1298      0
1299      0
1300      0
1301      0
1302      58.8456
1303      68.0243
1304      0
1305      36.9222
1306      0
1307      0
1308      0
1309      70.2012
1310      58.9525
1311      99.3418
1312      0
1313      54.7085
1314      0
1315      0
1316      97.5417
1317      0
1318      97.0649
1319      44.0001
1320      0
1321      95.2973
1322      0
1323      0
1324      0
1325      89.8877
1326      85.283
1327      82.4333
1328      98.8911
1329      75.4642
1330      58.4128
1331      0
1332      82.9237
1333      65.8739
1334      0
1335      53.3421
1336      0
1337      0
1338      81.5967
1339      84.8285
1340      0
1341      0
1342      0
1343      0
1344      96.8387
1345      0
1346      0
1347      0
1348      90.0237
1349      88.3296
1350      82.4333
1351      76.0393
1352      0
1353      98.3373
1354      0
1355      39.2946
1356      94.8912
1357      0
1358      58.8129
1359      78.9869
1360      81.9623
1361      0
1362      74.4534
1363      99.0529
1364      62.4226
1365      76.7572
1366      0
1367      67.827
1368      97.3994
1369      98.6826
1370      0
1371      0
1372      0
1373      0
1374      96.5736
1375      57.9773
1376      0
1377      67.4167
1378      98.8876
1379      79.2453
1380      69.4697
1381      0
1382      91.3823
1383      79.3444
1384      81.1688
1385      95.6904
1386      53.832
1387      52.5036
1388      55.4473
1389      0
1390      0
1391      56.391
1392      97.5417
1393      98.3129
1394      0
1395      70.6158
1396      47.3103
1397      0
1398      0
1399      98.389
1400      91.6688
1401      0
1402      47.4668
1403      97.2138
1404      81.6954
1405      0
1406      93.1495
1407      0
1408      92.1366
1409      97.3183
1410      0
1411      94.1654
1412      0
1413      87.9764
1414      0
1415      0
1416      53.2423
1417      0
1418      93.6615
1419      0
1420      0
1421      0
1422      0
1423      82.4524
1424      89.2076
1425      98.0689
1426      0
1427      49.7783
1428      82.6051
1429      97.7262
1430      0
1431      0
1432      69.7519
1433      85.0149
1434      0
1435      64.446
1436      97.4973
1437      99.0732
1438      0
1439      0
1440      57.7136
1441      80.2885
1442      98.5433
1443      0
1444      85.8391
1445      99.1292
1446      0
1447      0
1448      83.1464
1449      0
1450      96.4603
1451      61.5518
1452      0
1453      97.5377
1454      91.5467
1455      73.3379
1456      0
1457      54.8865
1458      0
1459      99.6458
1460      57.273
1461      0
1462      97.7262
1463      0
1464      89.6268
1465      75.49
1466      94.6156
1467      93.6615
1468      0
1469      78.9769
1470      80.6686
1471      84.2499
1472      0
1473      0
1474      53.7718
1475      88.0961
1476      0
1477      0
1478      62.5784
1479      74.4251
1480      38.5501
1481      0
1482      0
1483      74.644
1484      93.1495
1485      94.2027
1486      0
1487      82.7157
1488      89.0224
1489      88.6344
1490      48.5025
1491      92.245
1492      0
1493      81.3324
1494      0
1495      78.3862
1496      86.7732
1497      59.6708
1498      0
1499      0
1500      0
1501      0
1502      88.9965
1503      0
1504      88.962
1505      76.7168
1506      97.8491
1507      0
1508      0
1509      58.1265
1510      95.6418
1511      94.0228
1512      0
1513      42.2183
1514      0
1515      0
1516      54.9231
1517      69.7664
1518      48.8482
1519      82.3527
1520      0
1521      65.558
1522      0
1523      91.4587
1524      64.975
1525      80.704
1526      83.3571
1527      0
1528      0
1529      0
1530      67.8126
1531      0
1532      88.6344
1533      0
1534      0
1535      86.5584
1536      82.4333
1537      85.7988
1538      83.6412
1539      99.0807
1540      99.9044
1541      60.6506
1542      93.2124
1543      0
1544      93.8699
1545      48.6647
1546      92.8724
1547      97.6857
1548      0
1549      98.0595
1550      93.2124
1551      61.5518
1552      89.8975
1553      67.4167
1554      57.273
1555      85.3058
1556      91.5928
1557      80.5762
1558      0
1559      94.564
1560      0
1561      42.2185
1562      92.8724
1563      0
1564      0
1565      93.6615
1566      0
1567      0
1568      92.2082
1569      51.1055
1570      84.2499
1571      65.1121
1572      0
1573      65.8875
1574      0
1575      0
1576      0
1577      0
1578      0
1579      85.8354
1580      85.8536
1581      0
1582      77.3358
1583      66.0185
1584      99.3418
1585      56.889
1586      0
1587      0
1588      76.879
1589      66.6412
1590      0
1591      0
1592      62.4226
1593      0
1594      84.7758
1595      0
1596      98.472
1597      86.3393
1598      0
1599      0
1600      0
1601      0
1602      0
1603      56.9252
1604      0
1605      0
1606      0
1607      0
1608      0
1609      88.5172
1610      66.5333
1611      73.0114
1612      0
1613      58.7262
1614      99.634
1615      56.0326
1616      0
1617      97.2095
1618      0
1619      61.9748
1620      46.5945
1621      82.0448
1622      0
1623      0
1624      0
1625      39.3515
1626      0
1627      76.2342
1628      50.5509
1629      80.1845
1630      97.7262
1631      0
1632      0
1633      0
1634      0
1635      98.6577
1636      0
1637      0
1638      64.5135
1639      0
1640      43.3616
1641      0
1642      0
1643      0
1644      40.4745
1645      0
1646      98.5404
1647      95.6418
1648      44.4073
1649      0
1650      0
1651      0
1652      0
1653      0
1654      0
1655      0
1656      0
1657      66.9542
1658      0
1659      0
1660      87.3826
1661      0
1662      0
1663      61.1893
1664      95.2728
1665      36.9396
1666      0
1667      91.8863
1668      0
1669      85.585
1670      74.9989
1671      79.7465
1672      98.7226
1673      0
1674      98.5432
1675      0
1676      71.0103
1677      0
1678      0
1679      67.8779
1680      0
1681      0
1682      0
1683      56.1556
1684      93.5138
1685      96.3816
1686      0
1687      38.6406
1688      0
1689      99.0529
1690      90.562
1691      89.7491
1692      0
1693      0
1694      0
1695      0
1696      0
1697      0
1698      0
1699      98.3129
1700      0
1701      37.3653
1702      88.6344
1703      0
1704      0
1705      52.1503
1706      0
1707      0
1708      0
1709      59.6708
1710      0
1711      0
1712      83.7569
1713      98.5433
1714      91.8787
1715      0
1716      97.2138
1717      49.0681
1718      0
1719      0
1720      93.4525
1721      98.6826
1722      71.0128
1723      42.3982
1724      82.4073
1725      90.206
1726      0
1727      0
1728      76.7168
1729      40.2465
1730      0
1731      36.9215
1732      0
1733      0
1734      63.3755
1735      38.1398
1736      0
1737      0
1738      0
1739      0
1740      47.4668
1741      0
1742      65.2238
1743      89.8731
1744      91.3194
1745      0
1746      83.0627
1747      98.982
1748      0
1749      57.474
1750      70.0468
1751      73.9187
1752      0
1753      0
1754      88.9325
1755      0
1756      67.5854
1757      0
1758      98.3883
1759      0
1760      93.8699
1761      59.7633
1762      78.9127
1763      98.361
1764      0
1765      46.1785
1766      0
1767      53.3716
1768      0
1769      0
1770      92.0091
1771      71.4671
1772      0
1773      98.8174
1774      52.9481
1775      98.7901
1776      88.152
1777      96.4926
1778      91.042
1779      51.2971
1780      91.4362
1781      58.9525
1782      92.0594
1783      0
1784      77.5319
1785      0
1786      84.8285
1787      64.4873
1788      82.4073
1789      0
1790      44.0116
1791      0
1792      0
1793      72.4654
1794      0
1795      99.8474
1796      0
1797      71.2346
1798      86.3393
1799      73.8848
1800      0
1801      0
1802      64.0779
1803      0
1804      0
1805      93.6921
1806      0
1807      95.2486
1808      0
1809      37.2562
1810      84.9764
1811      0
1812      0
1813      68.8482
1814      0
1815      56.1201
1816      0
1817      0
1818      97.5347
1819      53.7718
1820      90.309
1821      67.4167
1822      66.6132
1823      99.6458
1824      0
1825      65.408
1826      0
1827      0
1828      0
1829      0
1830      72.7198
1831      0
1832      91.3245
1833      0
1834      0
1835      82.4073
1836      69.7519
1837      69.0459
1838      0
1839      48.7433
1840      67.0745
1841      88.3296
1842      0
1843      0
1844      0
1845      0
1846      0
1847      80.4483
1848      57.273
1849      83.7005
1850      66.4328
1851      83.2373
1852      85.9982
1853      0
1854      65.1306
1855      0
1856      0
1857      80.6686
1858      96.4804
1859      0
1860      52.5722
1861      89.8731
1862      0
1863      88.0294
1864      0
1865      0
1866      48.8509
1867      0
1868      0
1869      89.8877
1870      96.8544
1871      0
1872      79.6748
1873      0
1874      47.5409
1875      0
1876      0
1877      63.5334
1878      73.1853
1879      96.753
1880      73.3628
1881      0
1882      0
1883      58.4128
1884      99.8035
1885      0
1886      0
1887      0
1888      65.8418
1889      83.5863
1890      0
1891      0
1892      0
1893      91.3905
1894      0
1895      83.6644
1896      73.3379
1897      0
1898      90.562
1899      0
1900      76.9786
1901      0
1902      53.6867
1903      94.528
1904      0
1905      0
1906      0
1907      81.5884
1908      97.2891
1909      71.3298
1910      66.1312
1911      0
1912      56.7745
1913      0
1914      0
1915      98.4788
1916      55.7256
1917      84.2694
1918      0
1919      0
1920      0
1921      0
1922      0
1923      72.2307
1924      55.7256
1925      82.4073
1926      83.2422
1927      77.52
1928      52.1109
1929      0
1930      0
1931      95.8946
1932      94.0228
1933      0
1934      94.9596
1935      0
1936      0
1937      86.9544
1938      99.881
1939      0
1940      98.5432
1941      99.3418
1942      0
1943      96.9426
1944      62.4268
1945      98.3883
1946      0
1947      0
1948      63.8529
1949      0
1950      0
1951      0
1952      84.9844
1953      82.621
1954      99.0211
1955      96.2501
1956      0
1957      49.8377
1958      0
1959      0
1960      0
1961      56.1201
1962      72.146
1963      89.1696
1964      0
1965      0
1966      0
1967      80.9999
1968      94.8376
1969      0
1970      85.3565
1971      82.3527
1972      69.1836
1973      99.9647
1974      76.8681
1975      0
1976      79.7274
1977      0
1978      82.4333
1979      0
1980      0
1981      55.4766
1982      96.222
1983      87.5363
1984      0
1985      97.5417
1986      0
1987      85.7988
1988      86.5031
1989      95.9818
1990      69.7664
1991      84.9764
1992      86.5584
1993      71.6809
1994      0
1995      0
1996      0
1997      54.9585
1998      94.564
1999      0
2000      70.5366
2001      48.7433
2002      0
2003      0
2004      0
2005      81.5884
2006      0
2007      0
2008      97.2095
2009      0
2010      85.7988
2011      86.6724
2012      64.6225
2013      63.5729
2014      0
2015      43.3825
2016      0
2017      77.7017
2018      47.9306
2019      53.655
2020      64.7261
2021      85.623
2022      64.6225
2023      0
2024      89.4744
2025      0
2026      49.8377
2027      95.6904
2028      72.9688
2029      64.6225
2030      69.0459
2031      0
2032      79.3613
2033      88.6408
2034      0
2035      80.0584
2036      96.084
2037      54.9231
2038      0
2039      78.8847
2040      85.1209
2041      76.9786
2042      95.6904
2043      62.0388
2044      0
2045      0
2046      53.2423
2047      99.0245
2048      56.2649
2049      0
2050      90.1356
2051      0
2052      78.1209
2053      78.3648
2054      67.0745
2055      0
2056      0
2057      95.9818
2058      0
2059      78.9596
2060      60.3958
2061      0
2062      72.5082
2063      0
2064      0
2065      0
2066      0
2067      96.084
2068      41.8947
2069      99.8294
2070      0
2071      94.4562
2072      84.832
2073      67.1082
2074      94.004
2075      83.3015
2076      87.4347
2077      0
2078      47.4668
2079      0
2080      51.2311
2081      93.3828
2082      56.391
2083      47.7619
2084      95.4221
2085      0
2086      61.4651
2087      0
2088      0
2089      69.4345
2090      89.5522
2091      88.101
2092      0
2093      68.0941
2094      76.9491
2095      0
2096      0
2097      83.5863
2098      0
2099      0
2100      65.1306
2101      60.3465
2102      47.5973
2103      93.1692
2104      0
2105      91.0681
2106      45.4925
2107      0
2108      0
2109      0
2110      0
2111      0
2112      0
2113      72.7013
2114      0
2115      0
2116      98.389
2117      71.3643
2118      73.3379
2119      94.9737
2120      0
2121      0
2122      66.7424
2123      66.1537
2124      0
2125      0
2126      88.9298
2127      0
2128      78.3648
2129      92.3317
2130      0
2131      0
2132      56.5194
2133      42.5104
2134      71.5384
2135      0
2136      99.2452
2137      92.3016
2138      0
2139      0
2140      96.7664
2141      78.3648
2142      63.8148
2143      98.7904
2144      83.0783
2145      0
2146      73.572
2147      1.04208
2148      0
2149      0
2150      98.3424
2151      0
2152      85.283
2153      0
2154      52.8069
2155      97.6969
2156      99.7896
2157      0
2158      95.5864
2159      69.1836
2160      64.7754
2161      83.6412
2162      52.6885
2163      0
2164      0
2165      0
2166      59.8292
2167      94.2551
2168      67.9816
2169      0
2170      88.0597
2171      80.4809
2172      70.9535
2173      91.5089
2174      0
2175      65.9793
2176      94.1654
2177      92.1802
2178      0
2179      77.9282
2180      97.8601
2181      63.5729
2182      0
2183      0
2184      94.466
2185      92.1366
2186      63.054
2187      93.8494
2188      92.2082
2189      73.8844
2190      80.9999
2191      89.7524
2192      0
2193      0
2194      0
2195      0
2196      0
2197      55.4473
2198      68.7074
2199      74.7027
2200      46.5945
2201      0
2202      76.2342
2203      0
2204      74.5775
2205      0
2206      99.7222
2207      0
2208      74.644
2209      0
2210      95.9033
2211      98.361
2212      0
2213      94.3795
2214      93.6615
2215      98.6826
2216      38.1663
2217      0
2218      0
2219      96.5207
2220      93.5138
2221      90.562
2222      65.2834
2223      0
2224      0
2225      62.5789
2226      99.8102
2227      87.7088
2228      87.2869
2229      70.6158
2230      52.5722
2231      0
2232      66.5904
2233      0
2234      0
2235      0
2236      93.8494
2237      0
2238      0
2239      57.4233
2240      94.1137
2241      97.6857
2242      80.9999
2243      89.2738
2244      0
2245      0
2246      91.4895
2247      0
2248      0
2249      0
2250      0
2251      81.3324
2252      0
2253      71.4671
2254      0
2255      97.3183
2256      35.6906
2257      53.6827
2258      97.6836
2259      89.66
2260      88.0294
2261      86.0006
2262      74.762
2263      56.9252
2264      99.2706
2265      53.2423
2266      94.3795
2267      48.1673
2268      60.281
2269      0
2270      71.3298
2271      97.2138
2272      47.6822
2273      90.206
2274      0
2275      0
2276      90.1125
2277      0
2278      0
2279      66.5849
2280      98.6764
2281      82.2808
2282      86.4103
2283      0
2284      80.9055
2285      95.0789
2286      65.4709
2287      62.4113
2288      0
2289      0
2290      94.1137
2291      92.9518
2292      0
2293      93.7836
2294      58.9108
2295      81.5967
2296      70.6158
2297      70.7464
2298      73.0114
2299      0
2300      0
2301      0
2302      64.7754
2303      97.0649
2304      99.3337
2305      0
2306      92.9039
2307      78.8847
2308      0
2309      0
2310      0
2311      0
2312      74.5676
2313      98.8388
2314      97.3457
2315      61.7341
2316      60.6648
2317      0
2318      54.7085
2319      0
2320      91.4587
2321      81.7776
2322      39.1911
2323      72.4654
2324      67.23
2325      0
2326      76.933
2327      0
2328      55.4766
2329      61.1521
2330      0
2331      0
2332      0
2333      69.7664
2334      0
2335      0
2336      0
2337      0
2338      0
2339      93.5138
2340      90.6333
2341      0
2342      38.9728
2343      99.0529
2344      0
2345      0
2346      91.5226
2347      69.4253
2348      86.7004
2349      87.4283
2350      0
2351      63.1374
2352      0
2353      0
2354      0
2355      0
2356      0
2357      0
2358      0
2359      0
2360      70.6158
2361      99.3518
2362      0
2363      68.3908
2364      95.7111
2365      99.1292
2366      47.4668
2367      0
2368      0
2369      74.9731
2370      98.8876
2371      0
2372      94.427
2373      0
2374      0
2375      97.6439
2376      0
2377      90.6333
2378      0
2379      0
2380      0
2381      93.3828
2382      90.562
2383      66.6132
2384      79.7274
2385      0
2386      75.8587
2387      0
2388      67.3376
2389      0
2390      44.0639
2391      83.1464
2392      0
2393      89.0224
2394      69.4253
2395      53.5091
2396      80.3332
2397      67.2553
2398      78.4511
2399      80.1839
2400      98.635
2401      91.5471
2402      37.287
2403      71.0103
2404      0
2405      35.5145
2406      71.2186
2407      0
2408      47.4994
2409      93.8041
2410      96.8387
2411      50.5509
2412      0
2413      0
2414      0
2415      0
2416      0
2417      84.0632
2418      0
2419      70.0045
2420      95.6418
2421      99.8434
2422      68.203
2423      68.3908
2424      80.7257
2425      84.5565
2426      72.6084
2427      99.0807
2428      79.9661
2429      97.7273
2430      0
2431      44.7786
2432      99.2567
2433      88.0961
2434      80.772
2435      72.7571
2436      0
2437      0
2438      88.4369
2439      0
2440      44.0001
2441      98.389
2442      0
2443      93.6615
2444      93.6615
2445      0
2446      60.6246
2447      0
2448      84.9764
2449      0
2450      0
2451      54.5416
2452      0
2453      88.152
2454      0
2455      0
2456      99.728
2457      85.9409
2458      95.7424
2459      66.0091
2460      71.6809
2461      0
2462      88.2925
2463      56.7745
2464      99.7518
2465      87.3826
2466      85.8391
2467      0
2468      0
2469      65.8875
2470      89.8877
2471      0
2472      0
2473      0
2474      97.3183
2475      0
2476      53.655
2477      0
2478      78.3648
2479      0
2480      0
2481      0
2482      91.0701
2483      0
2484      96.8212
2485      71.2346
2486      64.3043
2487      0
2488      46.9145
2489      0
2490      98.389
2491      97.1528
2492      99.0807
2493      54.7085
2494      49.5545
2495      0
2496      0
2497      95.7454
2498      83.3841
2499      0
       81154.3
