0      74.5374
1      0
2      64.0814
3      0
4      89.7946
5      97.0292
6      99.8553
7      0
8      0
9      99.9427
10      99.9178
11      78.6261
12      98.8714
13      0
14      0
15      0
16      0
17      60.1708
18      0
19      0
20      80.1619
21      77.1415
22      41.9574
23      91.8028
24      57.6525
25      0
26      62.0075
27      0
28      99.7536
29      41.0917
30      99.7536
31      53.9094
32      90.1668
33      99.5573
34      76.0204
35      99.5573
36      74.8706
37      99.698
38      82.2017
39      0
40      81.5448
41      0
42      79.7193
43      0
44      86.6809
45      78.6261
46      90.4363
47      78.8107
48      98.6666
49      0
50      77.291
51      70.3838
52      0
53      52.6226
54      52.0051
55      0
56      0
57      65.6384
58      0
59      99.8553
60      58.1772
61      0
62      0
63      84.4749
64      83.5054
65      92.6961
66      89.7044
67      0
68      0
69      88.1839
70      88.7925
71      0
72      60.138
73      0
74      74.1096
75      76.7896
76      0
77      0
78      0
79      0
80      70.7035
81      99.9272
82      0
83      46.0235
84      0
85      49.847
86      86.8859
87      62.5428
88      96.0645
89      0
90      0
91      99.9178
92      93.5725
93      88.7098
94      0
95      0
96      92.6961
97      53.4244
98      99.0772
99      72.138
100      46.1957
101      0
102      60.986
103      89.3984
104      50.8021
105      96.7293
106      0
107      91.5897
108      95.3989
109      79.6558
110      81.1433
111      0
112      0
113      88.7925
114      0
115      80.7053
116      56.7494
117      0
118      72.494
119      0
120      82.2017
121      0
122      0
123      0
124      0
125      48.4552
126      79.6829
127      83.5054
128      0
129      99.0575
130      0
131      0
132      99.0772
133      82.4705
134      0
135      0
136      0
137      99.5573
138      79.7583
139      0
140      0
141      94.175
142      70.1126
143      82.4187
144      99.8553
145      99.5573
146      0
147      0
148      0
149      88.7098
150      91.5897
151      42.8962
152      0
153      80.4892
154      99.8553
155      94.3337
156      62.7754
157      51.5361
158      98.5042
159      56.8282
160      90.6762
161      0
162      0
163      60.986
164      72.1427
165      95.3313
166      33.037
167      56.6421
168      0
169      0
170      0
171      42.9375
172      0
173      82.2115
174      0
175      56.9533
176      99.0575
177      0
178      72.0116
179      83.2132
180      99.7384
181      99.9427
182      0
183      99.5721
184      0
185      65.2905
186      99.5573
187      0
188      0
189      0
190      76.963
191      93.8903
192      88.9517
193      0
194      83.8991
195      0
196      99.3446
197      0
198      90.1494
199      88.3026
200      76.8863
201      99.8431
202      99.7384
203      53.753
204      98.9992
205      94.6026
206      0
207      0
208      67.5664
209      0
210      73.7789
211      32.8615
212      0
213      99.7536
214      62.3767
215      99.9427
216      0
217      99.5864
218      0
219      0
220      99.8431
221      99.9272
222      0
223      49.99
224      92.2583
225      98.9992
226      66.8419
227      99.698
228      90.1494
229      60.0691
230      0
231      0
232      59.1437
233      0
234      39.9297
235      93.5732
236      0
237      0
238      59.1437
239      99.3446
240      62.8633
241      67.9966
242      99.8553
243      89.9848
244      91.7649
245      71.6564
246      43.1443
247      50.342
248      0
249      42.6221
250      0
251      0
252      0
253      88.3914
254      99.9427
255      0
256      0
257      99.7536
258      65.91
259      0
260      0
261      92.9754
262      99.9272
263      0
264      93.6184
265      91.4017
266      0
267      0
268      0
269      99.0575
270      74.314
271      75.8524
272      60.138
273      0
274      89.9848
275      99.8553
276      0
277      98.5042
278      0
279      0
280      0
281      0
282      82.2115
283      77.1415
284      99.7384
285      0
286      99.8553
287      0
288      61.5858
289      77.4947
290      0
291      0
292      54.2981
293      0
294      85.9164
295      0
296      87.006
297      49.847
298      0
299      99.0772
300      79.2296
301      99.3446
302      67.788
303      87.2189
304      0
305      79.6829
306      0
307      0
308      0
309      0
310      0
311      97.0292
312      99.3575
313      98.5042
314      0
315      99.0575
316      0
317      58.0572
318      64.0814
319      62.0771
320      99.586
321      99.5573
322      0
323      0
324      86.6809
325      0
326      0
327      99.9427
328      53.4244
329      73.7789
330      49.7601
331      0
332      83.5054
333      51.5361
334      0
335      50.342
336      99.0575
337      0
338      0
339      0
340      0
341      0
342      98.9332
343      71.8664
344      0
345      0
346      0
347      69.9252
348      0
349      79.7193
350      0
351      0
352      85.4274
353      0
354      99.0978
355      0
356      73.5214
357      56.8715
358      0
359      99.586
360      86.6809
361      70.6619
362      0
363      84.4749
364      0
365      86.6809
366      0
367      0
368      48.4552
369      81.6441
370      99.9178
371      77.4947
372      99.9427
373      69.6874
374      0
375      0
376      0
377      88.7098
378      99.0575
379      99.3446
380      65.3485
381      99.5573
382      0
383      84.4749
384      34.8759
385      0
386      98.5042
387      99.7536
388      0
389      95.3313
390      92.6961
391      42.8726
392      99.0772
393      99.9427
394      74.3357
395      0
396      90.8281
397      99.9427
398      58.8285
399      34.5222
400      0
401      0
402      72.9464
403      99.8431
404      88.7098
405      66.8355
406      87.2189
407      77.4349
408      0
409      44.0238
410      66.7014
411      0
412      86.6809
413      0
414      72.6817
415      99.586
416      0
417      99.5573
418      58.8116
419      81.5448
420      72.6632
421      0
422      0
423      0
424      97.5327
425      74.1794
426      98.9332
427      0
428      0
429      0
430      74.8875
431      0
432      0
433      0
434      0
435      88.7925
436      0
437      0
438      62.2134
439      0
440      0
441      0
442      99.9427
443      89.219
444      46.1166
445      0
446      0
447      0
448      48.6807
449      62.0771
450      0
451      0
452      87.6386
453      99.7384
454      99.698
455      0
456      0
457      51.7164
458      74.314
459      0
460      0
461      99.0575
462      0
463      0
464      85.7871
465      0
466      0
467      89.4257
468      0
469      60.4316
470      0
471      0
472      80.7053
473      72.6632
474      0
475      65.6343
476      90.8281
477      86.5073
478      0
479      41.4457
480      72.6632
481      49.847
482      0
483      50.3358
484      0
485      62.2134
486      99.5721
487      48.166
488      0
489      73.2425
490      83.3434
491      61.7269
492      0
493      0
494      94.6026
495      0
496      61.9834
497      0
498      0
499      99.3446
500      98.5042
501      0
502      0
503      99.3446
504      0
505      98.9332
506      0
507      79.7193
508      0
509      88.7098
510      99.154
511      0
512      89.9848
513      0
514      79.6829
515      54.2981
516      0
517      69.9252
518      0
519      91.8028
520      69.9252
521      67.6941
522      99.3446
523      87.2189
524      99.7384
525      0
526      79.3981
527      99.586
528      0
529      0
530      88.5979
531      99.7384
532      48.7002
533      98.9992
534      0
535      44.1888
536      70.0872
537      78.2432
538      0
539      88.7197
540      97.0292
541      99.8717
542      0
543      94.3337
544      49.8911
545      73.7789
546      74.314
547      0
548      99.9198
549      0
550      60.986
551      51.3669
552      86.6446
553      57.9958
554      69.3288
555      0
556      68.5733
557      23.1142
558      89.7489
559      78.8107
560      96.9378
561      71.4839
562      85.6683
563      0
564      86.8859
565      74.8289
566      0
567      46.1957
568      0
569      99.698
570      99.7384
571      70.5503
572      50.342
573      82.2115
574      99.8994
575      0
576      89.8474
577      99.7536
578      0
579      89.4257
580      72.772
581      0
582      0
583      99.5625
584      97.0179
585      68.4789
586      0
587      38.7204
588      0
589      0
590      97.0179
591      0
592      0
593      97.0292
594      80.4183
595      0
596      0
597      98.5042
598      40.9687
599      50.509
600      98.5042
601      0
602      62.5497
603      0
604      0
605      98.8547
606      57.4017
607      90.4363
608      0
609      0
610      99.5573
611      0
612      78.2432
613      0
614      0
615      0
616      90.5678
617      74.8706
618      0
619      76.7664
620      99.7384
621      0
622      48.4552
623      99.586
624      0
625      0
626      68.67
627      99.5573
628      0
629      0
630      65.6615
631      78.232
632      0
633      87.2189
634      68.8642
635      0
636      92.4358
637      0
638      0
639      0
640      0
641      94.6988
642      46.455
643      88.9517
644      62.2134
645      0
646      87.0302
647      0
648      46.0118
649      66.5998
650      87.006
651      0
652      0
653      0
654      50.8021
655      99.5573
656      99.5625
657      99.7384
658      0
659      0
660      0
661      0
662      0
663      82.4187
664      90.8281
665      0
666      86.5073
667      70.5503
668      91.4017
669      0
670      98.8547
671      99.8431
672      89.6503
673      0
674      0
675      0
676      0
677      87.006
678      0
679      83.5054
680      86.0273
681      99.154
682      0
683      56.1901
684      0
685      80.0512
686      0
687      80.4892
688      53.7844
689      47.9931
690      68.5733
691      99.8553
692      65.7876
693      62.2134
694      99.586
695      0
696      93.3854
697      74.439
698      99.7536
699      46.6192
700      91.8028
701      57.6525
702      90.8424
703      55.8154
704      99.9272
705      0
706      83.5054
707      85.652
708      0
709      64.4838
710      0
711      0
712      91.8028
713      0
714      0
715      99.5573
716      64.164
717      99.3842
718      0
719      0
720      77.6446
721      0
722      63.2329
723      0
724      0
725      0
726      0
727      81.3254
728      70.3462
729      86.8042
730      70.0536
731      81.3538
732      99.9427
733      67.4149
734      0
735      0
736      64.3995
737      89.9848
738      42.6048
739      95.6377
740      55.3695
741      99.6824
742      72.8399
743      0
744      98.866
745      0
746      0
747      0
748      99.8994
749      87.9195
750      86.4907
751      0
752      93.1811
753      0
754      0
755      94.3337
756      94.8175
757      98.5042
758      0
759      0
760      0
761      0
762      99.5573
763      0
764      92.3678
765      66.9409
766      99.9178
767      0
768      0
769      49.5758
770      76.1029
771      0
772      0
773      99.8553
774      0
775      0
776      88.9517
777      0
778      69.6874
779      0
780      44.1888
781      63.9683
782      99.9272
783      0
784      98.2474
785      0
786      0
787      0
788      77.7542
789      78.3461
790      0
791      72.0116
792      0
793      86.5073
794      0
795      0
796      99.7384
797      0
798      0
799      0
800      63.2034
801      99.586
802      84.4749
803      89.3144
804      79.4706
805      0
806      0
807      90.8281
808      0
809      78.7925
810      87.006
811      0
812      0
813      99.586
814      0
815      0
816      0
817      74.314
818      0
819      0
820      0
821      0
822      90.6116
823      81.3538
824      92.6961
825      0
826      0
827      0
828      48.4552
829      0
830      0
831      0
832      84.4749
833      21.6139
834      90.8281
835      0
836      0
837      99.154
838      74.8875
839      99.5625
840      52.1675
841      74.3357
842      77.1415
843      0
844      74.3904
845      0
846      99.7536
847      0
848      87.3116
849      0
850      0
851      73.2674
852      79.6829
853      95.3313
854      0
855      52.6697
856      52.895
857      0
858      0
859      0
860      0
861      95.3989
862      99.5573
863      52.6226
864      75.0713
865      99.8655
866      60.138
867      83.5054
868      0
869      0
870      39.1757
871      69.3034
872      66.3233
873      0
874      99.8994
875      0
876      0
877      0
878      0
879      0
880      0
881      64.1666
882      99.0575
883      0
884      60.138
885      0
886      93.6425
887      99.8431
888      0
889      0
890      99.8553
891      62.0662
892      0
893      0
894      0
895      0
896      0
897      83.6368
898      99.9427
899      99.9178
900      0
901      99.4759
902      0
903      0
904      0
905      99.9386
906      69.7033
907      75.8524
908      46.6192
909      0
910      92.477
911      0
912      58.4365
913      0
914      85.5438
915      69.9594
916      92.2583
917      99.9325
918      99.7384
919      73.6305
920      84.0025
921      99.58
922      0
923      85.9836
924      92.477
925      99.58
926      50.9934
927      90.8281
928      98.9332
929      99.3575
930      90.8281
931      54.7627
932      99.3446
933      70.1126
934      0
935      99.7384
936      0
937      74.439
938      0
939      0
940      51.8861
941      67.8358
942      0
943      0
944      0
945      50.9934
946      0
947      0
948      0
949      0
950      85.9164
951      99.3842
952      45.5948
953      99.586
954      0
955      93.5748
956      99.3575
957      67.7742
958      51.7164
959      99.5573
960      95.6937
961      0
962      88.2925
963      0
964      0
965      0
966      0
967      0
968      81.6441
969      0
970      90.8424
971      99.5864
972      66.3874
973      0
974      42.9375
975      0
976      0
977      80.7478
978      99.5573
979      78.2432
980      0
981      0
982      0
983      87.8478
984      0
985      35.8884
986      48.4446
987      0
988      0
989      77.3566
990      94.6026
991      90.9611
992      59.9088
993      0
994      0
995      0
996      0
997      88.7098
998      85.7871
999      99.9427
       33050.4
