0      99.8584
1      0
2      99.9427
3      79.6262
4      48.3731
5      0
6      0
7      0
8      51.2465
9      0
10      0
11      99.9983
12      0
13      0
14      99.9804
15      99.9983
16      0
17      0
18      99.9983
19      92.2309
20      0
21      76.2331
22      99.9838
23      0
24      0
25      99.9408
26      59.4487
27      48.382
28      48.4302
29      78.5618
30      0
31      98.8658
32      0
33      87.2033
34      64.2497
35      75.5352
36      99.9838
37      0
38      0
39      99.8584
40      99.9852
41      99.5831
42      62.2834
43      0
44      0
45      87.6852
46      77.3586
47      59.4471
48      75.2087
49      99.9696
       1793.28
