0      53.1206
1      99.9979
2      0
3      89.12
4      0
5      0
6      99.9999
7      0
8      0
9      99.9846
10      70.0756
11      99.9002
12      99.9979
13      0
14      0
15      86.9125
16      38.3631
17      0
18      0
19      98.996
20      99.9703
21      99.9231
22      99.8913
23      65.3278
24      99.9231
25      59.0795
26      99.9231
27      3.54077e-06
28      99.9715
29      99.9979
30      0
31      99.9995
32      0
33      0
34      0
35      67.0676
36      0
37      0
38      0
39      97.0648
40      99.9979
41      0
42      99.9231
43      51.7401
44      49.55
45      99.9846
46      99.1966
47      97.0777
48      86.7841
49      0
50      99.7402
51      51.7401
52      0
53      97.0823
54      99.8589
55      0
56      75.2791
57      87.5841
58      0
59      90.7251
60      99.9979
61      99.1606
62      0
63      87.9373
64      0
65      0
66      0
67      0
68      99.9846
69      64.7096
70      79.7924
71      0
72      99.9846
73      0
74      0
75      0
76      55.3526
77      92.9293
78      0
79      0.000219619
80      0
81      0
82      0
83      56.992
84      94.7232
85      0
86      75.6434
87      0
88      99.9979
89      90.204
90      0
91      0
92      0
93      0
94      59.166
95      67.5856
96      64.3593
97      0
98      0
99      99.9846
       3249.85
