0      0
1      0
2      0
3      58.2343
4      0
5      64.2576
6      63.5665
7      0
8      0
9      73.4784
10      99.9967
11      95.6529
12      99.814
13      71.6784
14      93.5278
15      0
16      99.9967
17      0
18      86.8079
19      99.7659
20      0
21      99.9973
22      99.9967
23      61.5693
24      0
25      51.8893
26      0
27      99.5994
28      99.9972
29      82.9471
30      0
31      99.9967
32      86.8688
33      99.9967
34      66.2014
35      99.9967
36      99.0315
37      99.9972
38      99.9967
39      99.6494
40      0
41      0
42      0
43      99.9981
44      0
45      0
46      65.6477
47      0
48      86.6281
49      0
       1412.7
