0      0
1      98.59
2      80.5965
3      90.889
4      63.9513
5      0
6      75.0192
7      99.9979
8      99.9067
9      99.8662
10      0
11      99.9923
12      6.61209e-05
13      0
14      0
15      99.9979
16      74.7962
17      0
18      0
19      64.6753
20      0
21      85.9828
22      0
23      99.4884
24      0
25      94.5528
26      0
27      99.9292
28      67.9088
29      86.0807
30      0
31      75.411
32      0
33      53.988
34      53.5707
35      99.9597
36      6.61209e-05
37      0.000196562
38      0
39      0
40      73.0579
41      77.4866
42      99.911
43      85.3219
44      6.61209e-05
45      0
46      60.1585
47      73.017
48      0
49      99.9979
       1743.55
