0      72.3791
1      80.1116
2      0
3      49.9162
4      89.9109
5      99.5748
6      99.5327
7      0
8      0
9      91.4455
10      0
11      0
12      99.5327
13      74.5657
14      0
15      0
16      72.0368
17      53.7439
18      0
19      66.6567
20      0
21      69.774
22      0
23      0
24      88.7466
25      0
26      84.4944
27      82.5325
28      0
29      0
30      75.5014
31      54.6429
32      0.0272302
33      0
34      73.8459
35      0
36      0
37      85.8075
38      0
39      0
40      86.8552
41      99.7355
42      0
43      99.9696
44      90.0022
45      26.3818
46      99.9696
47      90.3623
48      0
49      0
50      0
51      0
52      0
53      0
54      0
55      58.9943
56      0
57      82.3325
58      78.8583
59      99.9696
60      57.594
61      0
62      65.0221
63      96.6467
64      0
65      77.0636
66      88.0762
67      0
68      0
69      0
70      82.1089
71      99.9552
72      0
73      88.2324
74      0
75      40.1477
76      78.1566
77      0
78      0
79      99.7355
80      0
81      0
82      82.1089
83      79.0101
84      0
85      80.0588
86      0
87      54.1688
88      78.1275
89      0
90      48.2758
91      84.1057
92      0
93      75.4173
94      0
95      88.1321
96      82.5015
97      0
98      0
99      0
100      96.3438
101      36.4666
102      0
103      88.4878
104      98.2506
105      67.4499
106      99.5748
107      0
108      99.5327
109      97.8258
110      50.4748
111      46.0313
112      92.6663
113      0.00166449
114      72.9679
115      99.987
116      0
117      0
118      0
119      0
120      99.0108
121      99.6851
122      0
123      0
124      98.7356
125      99.7355
126      98.8764
127      99.5327
128      98.757
129      99.8761
130      93.6459
131      0
132      77.8551
133      66.6567
134      88.0762
135      70.5124
136      0
137      66.2894
138      0
139      0
140      0
141      72.8406
142      64.2549
143      0
144      90.6255
145      97.8541
146      77.3241
147      82.9592
148      59.6053
149      70.004
150      0
151      99.8761
152      99.6017
153      0
154      0
155      75.4173
156      93.3967
157      98.2506
158      78.2068
159      0
160      0
161      81.0703
162      0
163      0
164      90.5997
165      55.2816
166      99.9696
167      0
168      99.7294
169      99.5327
170      66.4004
171      99.987
172      90.799
173      0
174      46.6327
175      0
176      0
177      97.8541
178      78.1566
179      0
180      0
181      0
182      0
183      99.5327
184      0
185      99.6017
186      0
187      0
188      0
189      90.502
190      0
191      96.3542
192      55.1933
193      0
194      0
195      70.0186
196      0
197      41.2571
198      0
199      62.8667
200      98.9729
201      48.4354
202      0
203      72.1449
204      78.1566
205      82.5325
206      85.0917
207      0
208      99.5327
209      58.9943
210      0
211      88.2324
212      0
213      0
214      57.3432
215      0
216      61.636
217      64.2549
218      59.0325
219      0
220      0
221      0
222      99.5327
223      0
224      96.296
225      96.4272
226      49.9079
227      99.987
228      53.4077
229      0
230      99.5327
231      0
232      44.6771
233      72.4622
234      98.8927
235      90.9397
236      99.5327
237      85.2713
238      75.4173
239      99.8761
240      64.7904
241      0
242      0
243      83.6225
244      0
245      99.5327
246      0
247      90.0267
248      69.5651
249      0
250      0
251      99.5748
252      69.8906
253      0
254      65.1482
255      82.2736
256      90.1423
257      0
258      0
259      0
260      90.799
261      99.987
262      99.8761
263      0
264      80.6214
265      90.5922
266      94.405
267      98.8559
268      99.7726
269      57.3264
270      0
271      0
272      50.6444
273      79.434
274      57.8308
275      0
276      89.6258
277      0
278      57.4984
279      89.406
280      82.7924
281      99.5327
282      80.0394
283      74.0444
284      0
285      99.9696
286      52.5277
287      98.8764
288      0
289      0
290      0
291      0
292      0
293      0
294      70.5124
295      0
296      86.7766
297      0
298      86.0232
299      0
300      78.4746
301      99.5748
302      0
303      52.5579
304      80.0588
305      80.0443
306      99.5327
307      0
308      0
309      44.5492
310      0
311      0
312      99.5327
313      82.3325
314      0
315      98.8559
316      86.0232
317      84.1373
318      99.4082
319      0
320      75.4173
321      0
322      0
323      0
324      97.8258
325      99.987
326      0
327      76.5505
328      0
329      80.875
330      0
331      56.1605
332      0
333      36.4666
334      0
335      0
336      46.712
337      57.9123
338      60.3375
339      0
340      0
341      0
342      0
343      83.2868
344      0
345      77.8901
346      99.5748
347      97.8541
348      99.9696
349      58.9943
350      0
351      0
352      61.5629
353      99.8761
354      0
355      80.0588
356      99.8761
357      0
358      62.6876
359      0
360      0
361      0
362      0
363      0
364      0
365      0
366      0
367      0
368      46.6327
369      99.6017
370      0
371      94.405
372      75.4173
373      55.2816
374      0
375      0
376      91.2359
377      89.8659
378      88.7466
379      0
380      0
381      86.0232
382      90.0037
383      0
384      0
385      0
386      74.1219
387      0
388      99.5748
389      0
390      82.7924
391      0
392      0
393      0
394      0
395      97.8541
396      0
397      75.1999
398      0
399      67.127
400      0
401      0
402      90.0267
403      0
404      36.4666
405      61.3198
406      0
407      99.7294
408      99.4082
409      55.9258
410      0
411      99.8761
412      0
413      47.615
414      99.5327
415      40.7085
416      61.8308
417      0
418      99.987
419      55.7353
420      92.125
421      0
422      0
423      0
424      0
425      58.75
426      0
427      0
428      46.7237
429      0
430      98.8764
431      99.8761
432      0
433      90.799
434      95.4527
435      0
436      0
437      0
438      53.7863
439      78.2564
440      57.2425
441      0
442      58.7284
443      57.3432
444      99.5243
445      97.0327
446      79.483
447      0
448      0
449      99.4082
450      0
451      0
452      99.8761
453      78.7743
454      39.4595
455      69.8366
456      0
457      0
458      49.4438
459      0
460      0
461      99.9696
462      0
463      0
464      98.8559
465      99.7294
466      78.8268
467      0
468      99.5327
469      88.8959
470      0
471      61.1574
472      98.8764
473      0
474      0
475      0
476      53.4077
477      39.4595
478      45.0449
479      78.886
480      99.5327
481      94.2945
482      0
483      86.2626
484      60.9318
485      58.2832
486      99.5748
487      38.7909
488      58.4506
489      99.4082
490      99.7355
491      92.5589
492      58.9943
493      99.9696
494      0
495      82.7924
496      67.609
497      60.9318
498      71.3593
499      99.7726
500      72.2816
501      82.9059
502      99.8761
503      99.9696
504      0
505      99.9696
506      0
507      60.0112
508      97.1736
509      0
510      0
511      84.7512
512      98.5647
513      70.619
514      90.9322
515      0
516      74.5423
517      99.5327
518      0
519      58.3363
520      87.3574
521      45.6772
522      0
523      0
524      97.745
525      0
526      58.726
527      0
528      0
529      0
530      0
531      78.8407
532      0
533      55.1933
534      73.8459
535      99.7726
536      0
537      0
538      0
539      0
540      0
541      0
542      57.8308
543      0
544      98.8927
545      0
546      94.6719
547      97.0327
548      99.0108
549      93.3967
550      50.4748
551      0
552      57.0886
553      97.8071
554      97.8258
555      0
556      99.9696
557      99.5327
558      0
559      63.8132
560      0
561      0
562      87.5368
563      0
564      0
565      98.5647
566      92.152
567      0
568      61.1552
569      91.7443
570      0
571      65.1482
572      0
573      0
574      60.9318
575      0
576      0
577      96.6467
578      90.799
579      69.5651
580      66.7146
581      76.9892
582      98.8764
583      83.2868
584      66.7146
585      96.4272
586      97.745
587      0
588      0
589      96.5922
590      99.9696
591      0
592      99.5327
593      99.9696
594      62.6107
595      82.5325
596      99.5748
597      0
598      78.1275
599      96.8882
600      92.2786
601      97.0327
602      0
603      0
604      58.3363
605      53.6015
606      82.9592
607      74.5837
608      46.6327
609      0
610      99.0108
611      82.9592
612      48.2758
613      91.214
614      59.3089
615      86.8552
616      0
617      73.19
618      0
619      0
620      98.8764
621      41.2807
622      96.6651
623      0
624      0
625      0
626      82.5325
627      97.8541
628      99.8761
629      0
630      0
631      88.1321
632      99.9619
633      99.5327
634      0
635      79.483
636      0
637      89.0949
638      99.6017
639      0
640      61.1862
641      0
642      59.6053
643      69.5651
644      98.6349
645      99.5748
646      86.6397
647      68.7098
648      67.127
649      47.0361
650      99.5748
651      0
652      97.745
653      60.3375
654      0
655      58.2768
656      61.2737
657      61.4921
658      0
659      97.8541
660      0
661      0
662      82.7174
663      99.5327
664      94.7357
665      69.5651
666      0
667      83.2868
668      0
669      81.5481
670      40.5834
671      86.7766
672      63.8132
673      73.8459
674      0
675      0
676      0
677      0
678      54.2664
679      0
680      58.7861
681      61.636
682      65.2382
683      99.987
684      0
685      99.8761
686      90.0267
687      93.3606
688      67.609
689      89.6258
690      0
691      96.4272
692      0
693      85.2713
694      92.733
695      0
696      99.8761
697      99.8761
698      60.4694
699      0
700      53.4257
701      99.7726
702      90.9397
703      99.7355
704      81.0703
705      0
706      0
707      85.5449
708      99.9692
709      61.8308
710      0
711      93.3606
712      99.5327
713      99.987
714      97.5982
715      0
716      0
717      0
718      0
719      0
720      0
721      63.1874
722      0
723      80.8508
724      0
725      65.1482
726      0
727      91.7443
728      0
729      48.7825
730      0
731      75.496
732      86.2626
733      99.6017
734      0
735      73.8459
736      67.7746
737      99.5748
738      64.3654
739      69.774
740      56.6105
741      0
742      0
743      89.4567
744      80.0588
745      0
746      0
747      0
748      73.8459
749      73.8459
750      68.0747
751      0
752      0
753      0
754      97.8541
755      99.5327
756      0
757      69.3144
758      48.4354
759      0
760      87.7108
761      99.987
762      0
763      89.0003
764      55.7353
765      72.9679
766      0
767      96.6467
768      0
769      75.496
770      92.5035
771      0
772      0
773      0
774      55.1933
775      87.5368
776      72.8406
777      78.8268
778      75.5014
779      0
780      0
781      45.6472
782      0
783      53.7013
784      57.3432
785      0
786      0
787      58.726
788      0
789      64.8461
790      0
791      99.987
792      97.8541
793      99.6017
794      98.757
795      0
796      0
797      66.0584
798      99.987
799      78.1566
800      0
801      0
802      0
803      74.5423
804      99.9696
805      0
806      0
807      0
808      0
809      99.9802
810      49.9819
811      92.2447
812      99.8761
813      75.4173
814      61.8308
815      99.8761
816      0
817      99.7726
818      0
819      0
820      82.1727
821      86.0232
822      0
823      0
824      0
825      0
826      99.987
827      99.5327
828      0
829      0
830      90.5922
831      63.2458
832      0
833      87.2945
834      96.248
835      0
836      0
837      69.6447
838      44.2719
839      0
840      83.9439
841      0
842      0
843      0
844      96.3542
845      0
846      0
847      0
848      75.1681
849      0
850      87.7108
851      96.771
852      90.5997
853      64.5465
854      0
855      0
856      0
857      86.8224
858      86.0232
859      64.5931
860      83.6225
861      0
862      0
863      96.6651
864      45.6472
865      96.3542
866      56.1968
867      98.5647
868      0
869      0
870      0
871      98.8927
872      0
873      69.215
874      99.8761
875      0
876      75.8565
877      70.5124
878      0
879      0
880      0
881      0
882      85.1141
883      99.9696
884      66.6567
885      51.8851
886      97.745
887      84.7512
888      0
889      94.2945
890      0
891      83.2868
892      99.5748
893      0
894      86.6496
895      88.8351
896      97.5982
897      0
898      94.405
899      90.0037
900      56.6105
901      0
902      0
903      0
904      45.8504
905      86.6397
906      0
907      0
908      70.0916
909      84.1824
910      0
911      69.6447
912      99.5327
913      0
914      0
915      90.2146
916      92.2834
917      0
918      0
919      0
920      0
921      48.9396
922      0
923      0
924      99.987
925      0
926      79.483
927      0
928      49.9819
929      0
930      99.7726
931      45.6472
932      0
933      72.1449
934      0
935      92.2834
936      0
937      97.745
938      0
939      0
940      90.502
941      38.9732
942      87.5368
943      69.3144
944      0
945      99.7176
946      44.5492
947      99.9696
948      0
949      0
950      92.6663
951      58.1295
952      0
953      74.8332
954      91.9918
955      99.7294
956      94.7357
957      90.0037
958      0
959      52.0436
960      0
961      0
962      80.1116
963      0
964      97.0327
965      0
966      70.8158
967      0
968      0
969      0
970      0
971      78.8268
972      0
973      0
974      0
975      0
976      89.807
977      78.886
978      87.7108
979      63.4289
980      93.2731
981      73.4071
982      99.6017
983      99.5327
984      96.296
985      0
986      99.987
987      0
988      96.5922
989      0
990      98.9729
991      69.5651
992      0
993      0
994      61.2737
995      0
996      78.8583
997      0
998      0
999      0
       31737.3
