0      0
1      0
2      0
3      99.9548
4      0
5      0
6      99.9318
7      99.9525
8      74.824
9      84.9596
10      54.5996
11      99.1114
12      95.8393
13      0
14      99.9525
15      99.9525
16      0
17      80.4257
18      79.8077
19      0
20      98.2075
21      99.9357
22      0
23      0
24      0
25      99.9615
26      99.9615
27      0
28      99.9318
29      0
30      0
31      0
32      58.3677
33      0
34      99.9548
35      0
36      0
37      0
38      0
39      67.3845
40      99.9789
41      99.9582
42      0
43      83.2297
44      91.8428
45      99.9525
46      0
47      98.4845
48      77.178
49      82.9982
50      99.7928
51      0
52      0
53      0
54      74.6081
55      99.9615
56      0
57      0
58      0
59      95.5099
60      0
61      68.7461
62      99.9615
63      34.913
64      99.9357
65      50.3436
66      95.6843
67      99.9318
68      99.9855
69      0
70      0
71      0
72      0
73      0
74      99.9888
75      61.1728
76      0
77      0
78      99.6081
79      74.2311
80      0
81      53.663
82      0
83      49.9616
84      0
85      94.9231
86      99.9357
87      0
88      71.4687
89      99.9525
90      99.9525
91      0
92      86.9699
93      0
94      55.3157
95      0
96      0
97      98.4217
98      58.3677
99      91.6507
100      0
101      72.3694
102      80.4495
103      46.0605
104      99.9318
105      0
106      0
107      49.9616
108      0
109      91.6197
110      99.5025
111      0
112      99.9615
113      0
114      99.937
115      0
116      47.2991
117      99.9615
118      57.5956
119      72.8871
120      99.9803
121      76.314
122      99.9163
123      77.1277
124      91.6197
125      0
126      99.9357
127      65.7655
128      0
129      0
130      99.9525
131      0
132      64.7822
133      65.416
134      99.9357
135      58.2899
136      64.4471
137      0
138      0
139      99.9357
140      0
141      99.9548
142      79.2835
143      98.054
144      0
145      99.9032
146      0
147      0
148      53.663
149      0
150      0
151      98.121
152      99.9733
153      76.2931
154      99.9032
155      0
156      0
157      99.556
158      0
159      80.4257
160      0
161      0
162      99.9525
163      99.9615
164      0
165      99.9525
166      91.6197
167      99.9357
168      0
169      45.6769
170      68.0945
171      99.9525
172      99.5033
173      99.9318
174      59.3646
175      0
176      58.3677
177      97.4773
178      0
179      75.6396
180      0
181      99.9145
182      0
183      55.3235
184      76.8873
185      0
186      98.532
187      0
188      0
189      99.7073
190      76.8873
191      0
192      0
193      99.9615
194      99.835
195      86.0604
196      89.135
197      99.9357
198      0
199      0
       6937.78
