0      0
1      99.9838
2      99.9585
3      0
4      0
5      95.146
6      66.0731
7      0
8      89.695
9      99.7562
10      99.9832
11      0
12      75.9519
13      50.8001
14      0
15      80.635
16      0
17      99.9832
18      0
19      99.7548
20      99.9838
21      0
22      0
23      75.935
24      0
25      85.814
26      99.6989
27      98.8266
28      74.8079
29      0
30      0
31      0
32      92.2435
33      93.2119
34      65.7814
35      95.1462
36      0
37      0
38      99.9832
39      45.6366
40      99.6499
41      55.3474
42      99.9838
43      0
44      0
45      0
46      99.9838
47      0
48      66.7243
49      99.9838
       1620.6
