0      0
1      98.5579
2      54.5729
3      0
4      94.9526
5      0
6      0
7      51.5062
8      0
9      0
10      0
11      46.884
12      0
13      55.1188
14      0
15      86.7405
16      68.6898
17      0
18      0
19      93.562
20      80.9671
21      60.0081
22      90.408
23      79.6135
24      88.4045
25      70.1333
26      76.3398
27      0
28      84.6217
29      0
30      93.5988
31      0
32      65.6906
33      80.5695
34      96.8459
35      0
36      0
37      94.3
38      0
39      0
40      0
41      47.3423
42      79.361
43      0
44      83.2276
45      0
46      0
47      0
48      50.9059
49      0
50      63.092
51      0
52      0
53      84.3299
54      0
55      98.942
56      0
57      0
58      0
59      73.2064
60      53.9737
61      47.4335
62      0
63      0
64      0
65      73.0138
66      73.9378
67      95.98
68      58.6352
69      92.4932
70      0
71      0
72      94.5753
73      0
74      0
75      92.7854
76      0
77      0
78      73.5328
79      72.0163
80      0
81      95.043
82      75.8262
83      0
84      94.4395
85      0
86      51.5919
87      0
88      71.2104
89      0
90      79.361
91      0
92      90.9848
93      0
94      0
95      0
96      89.7599
97      0
98      87.7028
99      67.8255
100      0
101      0
102      0
103      0
104      69.911
105      96.7929
106      86.5468
107      96.4819
108      96.521
109      63.7035
110      48.2516
111      94.8965
112      0
113      64.157
114      61.6939
115      85.9386
116      0
117      99.0657
118      0
119      39.0678
120      0
121      0
122      0
123      43.4502
124      0
125      0
126      0
127      0
128      91.7804
129      0
130      0
131      86.5468
132      88.6969
133      0
134      0
135      0
136      0
137      50.0692
138      57.5676
139      44.0796
140      0
141      67.7616
142      96.5027
143      60.2026
144      0
145      87.6546
146      0
147      0
148      70.1214
149      0
150      98.85
151      0
152      0
153      0
154      0
155      51.9291
156      43.4268
157      0
158      66.4004
159      0
160      59.2231
161      82.0408
162      0
163      99.6057
164      0
165      95.5597
166      85.5712
167      55.3729
168      89.0112
169      86.5628
170      99.0657
171      90.0389
172      0
173      0
174      0
175      56.1398
176      60.2026
177      85.8507
178      42.7952
179      0
180      87.9278
181      0
182      99.2014
183      67.7671
184      94.3555
185      0
186      72.9679
187      97.4869
188      64.5996
189      0
190      0
191      0
192      88.337
193      76.3398
194      82.7042
195      0
196      0
197      68.8977
198      81.4387
199      79.9071
200      47.4986
201      97.7773
202      0
203      96.9915
204      96.0875
205      92.1943
206      0
207      0
208      0
209      0
210      0
211      88.6604
212      67.4906
213      57.6766
214      0
215      76.6403
216      60.3322
217      99.0393
218      0
219      99.8694
220      0
221      0
222      89.9653
223      98.9833
224      0
225      95.98
226      0
227      52.2953
228      0
229      85.2421
230      88.6286
231      0
232      91.4686
233      98.8979
234      0
235      0
236      94.3167
237      98.9188
238      0
239      0
240      0
241      64.8396
242      0
243      0
244      84.1745
245      0
246      92.5097
247      92.8928
248      94.6053
249      0
250      70.2466
251      0
252      0
253      0.24722
254      89.3883
255      98.5579
256      76.9143
257      0
258      81.2102
259      0
260      41.3178
261      0
262      89.9321
263      84.0633
264      81.1369
265      0
266      0
267      58.1365
268      99.0534
269      75.8262
270      49.0998
271      0
272      0
273      75.227
274      0
275      62.0203
276      0
277      0
278      72.3368
279      0
280      92.234
281      0
282      82.2047
283      0
284      0
285      73.189
286      83.1551
287      89.0652
288      61.5333
289      89.67
290      39.1706
291      0
292      0
293      99.4021
294      63.5842
295      91.6574
296      95.98
297      92.6402
298      40.8227
299      90.5324
300      59.078
301      0
302      0
303      66.0031
304      0
305      0
306      0
307      0
308      53.5195
309      0
310      83.2276
311      0
312      0
313      99.9055
314      50.8083
315      99.3188
316      84.4661
317      79.1053
318      61.9952
319      71.1202
320      0
321      60.0167
322      79.361
323      0
324      0
325      0
326      62.9246
327      59.3662
328      99.8013
329      0
330      79.7101
331      0
332      0
333      0
334      68.326
335      0
336      76.3247
337      0
338      0
339      90.0513
340      0
341      0
342      0
343      0
344      70.8497
345      54.8087
346      40.8227
347      67.035
348      0
349      0
350      0
351      93.1729
352      46.0297
353      96.7774
354      59.2546
355      50.4458
356      84.7735
357      0
358      51.3902
359      72.2278
360      0
361      95.8559
362      86.8157
363      0
364      0
365      51.6499
366      91.0701
367      85.1791
368      90.6614
369      86.3234
370      0
371      96.4599
372      0
373      0
374      70.8497
375      0
376      75.84
377      98.6096
378      44.0112
379      0
380      99.4021
381      88.6093
382      94.7966
383      81.2518
384      0
385      98.85
386      98.85
387      96.0875
388      56.9799
389      71.3573
390      0
391      54.4417
392      0
393      0
394      88.9822
395      96.6829
396      94.6503
397      79.6924
398      0
399      0
400      97.6648
401      0
402      0
403      36.9053
404      57.6599
405      0
406      42.2926
407      0
408      62.018
409      93.5988
410      82.7438
411      85.3323
412      77.4929
413      95.98
414      91.4975
415      75.2185
416      59.7352
417      56.5254
418      48.3254
419      55.6593
420      93.111
421      0
422      72.2278
423      58.0384
424      0
425      0
426      0
427      96.7774
428      57.6766
429      47.1583
430      95.5784
431      97.3292
432      63.4017
433      75.0272
434      85.1458
435      98.6018
436      0
437      0
438      0
439      0
440      0
441      0
442      0
443      97.8604
444      63.2532
445      0
446      0
447      71.0831
448      64.5697
449      0
450      0
451      0
452      0
453      77.145
454      0
455      0
456      0
457      68.8977
458      95.194
459      96.7262
460      0
461      91.527
462      0
463      90.406
464      99.28
465      0
466      0
467      72.7674
468      98.737
469      0
470      63.4058
471      0
472      65.5313
473      0
474      59.7197
475      91.5128
476      99.8694
477      57.2858
478      76.6403
479      76.0023
480      0
481      0
482      0
483      0
484      40.9256
485      63.2283
486      0
487      61.2643
488      85.5488
489      0
490      0
491      0
492      52.0692
493      58.6862
494      67.4212
495      60.6014
496      95.1359
497      95.98
498      0
499      45.4138
500      57.8059
501      91.6377
502      0
503      92.9953
504      99.666
505      0
506      0
507      0
508      0
509      91.6574
510      0
511      0
512      0
513      96.9127
514      0
515      0
516      0
517      0
518      89.7212
519      46.217
520      0
521      0
522      84.9057
523      55.2638
524      0
525      84.9916
526      0
527      0
528      78.141
529      99.28
530      61.9068
531      94.135
532      0
533      45.1723
534      0
535      0
536      96.521
537      0
538      0
539      66.2583
540      99.6707
541      0
542      85.2421
543      53.4119
544      46.7041
545      0
546      66.1065
547      98.5845
548      85.5898
549      44.8934
550      55.6546
551      0
552      0
553      80.813
554      73.0405
555      0
556      99.5765
557      0
558      95.2455
559      97.5866
560      90.408
561      0
562      0
563      0
564      62.3897
565      0
566      68.8774
567      0
568      73.0405
569      0
570      69.7506
571      96.4474
572      96.5274
573      97.6648
574      0
575      45.3601
576      97.0136
577      95.0501
578      0
579      66.678
580      0
581      99.1953
582      85.443
583      93.562
584      0
585      49.824
586      0
587      87.8789
588      0
589      0
590      0
591      92.671
592      67.0084
593      0
594      73.5328
595      94.9639
596      0
597      65.1743
598      86.9214
599      0
600      78.1388
601      0
602      71.0831
603      72.1747
604      0
605      0
606      0
607      73.5911
608      90.92
609      0
610      92.007
611      0
612      47.4335
613      62.9876
614      60.1966
615      59.6099
616      0
617      0
618      0
619      92.0585
620      95.6608
621      81.8312
622      0
623      0
624      0
625      0
626      0
627      92.0411
628      0
629      81.1369
630      57.4171
631      0
632      0
633      0
634      72.1747
635      60.1673
636      60.8764
637      87.3493
638      94.4714
639      0
640      0
641      0
642      71.8147
643      0
644      0
645      0
646      86.8822
647      96.1107
648      0
649      97.7793
650      0
651      44.5132
652      0
653      0
654      99.666
655      0
656      76.4054
657      0
658      64.5034
659      0
660      90.92
661      66.2638
662      0
663      61.9952
664      86.3889
665      97.5955
666      91.5279
667      63.9109
668      0
669      63.1841
670      0
671      0
672      95.3259
673      84.2976
674      0
675      0
676      96.7262
677      0
678      0
679      0
680      0
681      62.8096
682      54.2934
683      0
684      46.884
685      0
686      0
687      83.4413
688      95.8302
689      61.2643
690      89.7939
691      0
692      0
693      0
694      0
695      66.0031
696      0
697      0
698      0
699      69.4804
700      94.7474
701      94.5753
702      68.3762
703      81.329
704      92.0525
705      0
706      54.2661
707      73.9378
708      0
709      0
710      0
711      62.1494
712      67.035
713      0
714      89.077
715      50.0692
716      92.6224
717      99.0534
718      0
719      86.1548
720      79.1182
721      86.9211
722      63.4415
723      77.6859
724      0
725      97.3643
726      63.5091
727      76.278
728      0
729      96.9959
730      70.9008
731      0
732      86.9506
733      0
734      0
735      0
736      67.035
737      0
738      99.9177
739      82.7438
740      84.0794
741      97.9224
742      0
743      0
744      0
745      0
746      0
747      95.3619
748      0
749      92.8107
750      90.0894
751      0
752      0
753      0
754      0
755      92.0585
756      94.9155
757      0
758      71.8068
759      98.0323
760      73.0405
761      86.8996
762      0
763      95.573
764      70.3892
765      64.937
766      52.2215
767      0
768      72.7003
769      49.3821
770      0
771      84.28
772      0
773      0
774      0
775      74.1817
776      0
777      95.5083
778      99.0657
779      0
780      87.5045
781      38.5958
782      0
783      91.0701
784      0
785      91.651
786      0
787      41.4924
788      0
789      0
790      98.462
791      97.2918
792      0
793      97.207
794      0
795      0
796      0
797      0
798      77.145
799      93.4612
800      0
801      92.6402
802      67.2875
803      83.2756
804      0
805      0
806      99.2524
807      91.8495
808      96.1667
809      0
810      86.3234
811      0
812      0
813      68.3762
814      0
815      0
816      88.7526
817      71.8011
818      49.8084
819      0
820      0
821      92.3618
822      0
823      41.5709
824      83.2804
825      90.0894
826      86.866
827      0
828      75.8262
829      0
830      0
831      39.3636
832      66.8427
833      84.2284
834      43.6196
835      0
836      0
837      0
838      66.4004
839      80.483
840      77.6303
841      97.5773
842      78.2016
843      0
844      57.6599
845      0
846      98.6096
847      0
848      0
849      0
850      0
851      0
852      89.0615
853      0
854      97.9945
855      0
856      0
857      91.5009
858      94.6784
859      0
860      0
861      0
862      76.6403
863      78.8443
864      98.6957
865      89.7939
866      0
867      0
868      0
869      79.6924
870      85.8507
871      0
872      0
873      89.7873
874      76.0023
875      57.2341
876      0
877      0
878      0
879      83.2804
880      99.0297
881      89.4276
882      88.6969
883      71.0084
884      0
885      72.9401
886      92.934
887      40.9256
888      0
889      92.8107
890      0
891      0
892      79.0733
893      0
894      0
895      0
896      96.5927
897      0
898      70.3892
899      78.1388
900      68.8842
901      63.1917
902      0
903      0
904      0
905      0
906      99.1446
907      0
908      0
909      77.145
910      67.4671
911      0
912      0
913      0
914      0
915      0
916      71.5082
917      98.8685
918      0
919      48.0459
920      99.7149
921      99.7149
922      92.6402
923      74.2844
924      96.4241
925      91.527
926      57.4681
927      0
928      89.8225
929      80.3662
930      98.5751
931      0
932      82.8877
933      90.408
934      90.5683
935      0
936      80.483
937      91.1086
938      64.8939
939      71.8068
940      82.0309
941      0
942      0
943      89.077
944      0
945      55.6804
946      39.0621
947      94.3378
948      74.2115
949      49.2267
950      0
951      91.527
952      0
953      0
954      0
955      99.2524
956      96.5274
957      56.5254
958      0
959      0
960      80.2138
961      0
962      0
963      78.2997
964      0
965      90.2108
966      98.0196
967      0
968      88.6969
969      99.1446
970      88.6286
971      0
972      67.4671
973      0
974      0
975      0
976      0
977      37.0712
978      70.6427
979      42.2187
980      71.3573
981      70.8497
982      52.2465
983      89.9653
984      0
985      82.2841
986      70.8497
987      97.6078
988      0
989      85.9776
990      0
991      0
992      0
993      85.443
994      57.8682
995      0
996      86.9214
997      38.5475
998      52.0692
999      0
1000      0
1001      75.2095
1002      61.9952
1003      83.2756
1004      82.0408
1005      0
1006      0
1007      0
1008      86.7405
1009      90.408
1010      63.2622
1011      0
1012      0
1013      0
1014      0
1015      0
1016      0
1017      46.0297
1018      69.3702
1019      0
1020      59.5224
1021      55.8057
1022      92.2537
1023      91.7786
1024      60.8764
1025      94.5314
1026      0
1027      0
1028      0
1029      0
1030      0
1031      0
1032      0
1033      93.9132
1034      86.1291
1035      50.8606
1036      0
1037      49.4072
1038      0
1039      82.3148
1040      53.4599
1041      0
1042      76.6403
1043      72.9401
1044      0
1045      97.3292
1046      75.5915
1047      0
1048      0
1049      0
1050      99.5706
1051      0
1052      71.972
1053      0
1054      0
1055      0
1056      0
1057      84.6821
1058      82.398
1059      0
1060      94.1494
1061      89.7873
1062      0
1063      0
1064      0
1065      64.9882
1066      0
1067      0
1068      0
1069      0
1070      0
1071      33.338
1072      94.4714
1073      83.3969
1074      98.3461
1075      0
1076      96.4241
1077      64.0896
1078      89.9653
1079      0
1080      87.5913
1081      0
1082      76.141
1083      98.056
1084      0
1085      91.6782
1086      0
1087      88.337
1088      94.4217
1089      64.9176
1090      0
1091      41.0606
1092      0
1093      0
1094      86.4334
1095      77.5962
1096      0
1097      82.3148
1098      63.2968
1099      74.5684
1100      92.6224
1101      87.8789
1102      57.2858
1103      0
1104      88.2462
1105      81.9983
1106      0
1107      87.6093
1108      0
1109      0
1110      72.2278
1111      0
1112      0
1113      46.7361
1114      43.5664
1115      88.6093
1116      93.8569
1117      0
1118      0
1119      88.2876
1120      89.4276
1121      0
1122      0
1123      83.2276
1124      75.6301
1125      0
1126      76.4054
1127      0
1128      70.1239
1129      98.325
1130      74.3658
1131      70.4844
1132      63.7035
1133      95.5658
1134      0
1135      74.7588
1136      0
1137      60.6014
1138      79.361
1139      0
1140      0
1141      65.7665
1142      0
1143      99.9527
1144      0
1145      37.9205
1146      96.4819
1147      79.0733
1148      81.2518
1149      98.0668
1150      61.8309
1151      0
1152      71.4446
1153      59.9423
1154      0
1155      45.6879
1156      97.5955
1157      95.1449
1158      0
1159      48.6932
1160      73.9156
1161      59.2231
1162      0
1163      0
1164      88.2331
1165      87.0426
1166      82.7042
1167      83.6116
1168      49.284
1169      85.3962
1170      0
1171      0
1172      0
1173      81.4083
1174      0
1175      76.6645
1176      98.4549
1177      0
1178      79.989
1179      0
1180      82.6813
1181      0
1182      97.6078
1183      43.4268
1184      87.8723
1185      96.263
1186      98.5751
1187      64.5034
1188      95.98
1189      66.6555
1190      0
1191      86.4041
1192      69.3702
1193      67.353
1194      0
1195      0
1196      0
1197      0
1198      50.7925
1199      63.2532
1200      0
1201      30.1246
1202      80.1986
1203      90.5884
1204      74.3232
1205      98.9623
1206      90.3618
1207      82.1154
1208      0
1209      0
1210      96.3138
1211      99.8267
1212      98.4735
1213      0
1214      0
1215      97.3785
1216      71.7254
1217      0
1218      97.3785
1219      0
1220      96.5702
1221      96.7774
1222      63.4415
1223      62.43
1224      89.0652
1225      98.5751
1226      78.2803
1227      58.127
1228      0
1229      49.2985
1230      0
1231      0
1232      60.1966
1233      0
1234      84.5907
1235      65.6906
1236      91.9116
1237      65.6679
1238      0
1239      0
1240      83.2756
1241      0
1242      56.4717
1243      0
1244      97.5773
1245      92.1124
1246      77.8698
1247      0
1248      0
1249      0
1250      92.7047
1251      99.8013
1252      99.2865
1253      83.8323
1254      0
1255      84.3299
1256      66.2583
1257      0
1258      97.6418
1259      0
1260      0
1261      88.2053
1262      74.2844
1263      0
1264      67.7616
1265      99.0196
1266      96.4241
1267      0
1268      0
1269      61.3929
1270      93.11
1271      0
1272      0
1273      74.3658
1274      0
1275      73.5803
1276      96.8459
1277      0
1278      74.2115
1279      0
1280      79.0918
1281      48.8525
1282      65.8542
1283      90.6259
1284      53.0534
1285      0
1286      82.4957
1287      71.8068
1288      73.0138
1289      79.989
1290      0
1291      84.9057
1292      66.678
1293      0
1294      98.4549
1295      97.7913
1296      95.8313
1297      0
1298      68.326
1299      0
1300      0
1301      34.7145
1302      0
1303      90.5781
1304      37.2785
1305      0
1306      99.0982
1307      65.6462
1308      78.7499
1309      55.6593
1310      96.8459
1311      0
1312      94.9343
1313      51.9291
1314      0
1315      0
1316      30.1246
1317      0
1318      79.0044
1319      0
1320      0
1321      0
1322      71.6872
1323      68.3762
1324      73.4475
1325      0
1326      0
1327      43.4268
1328      81.6768
1329      90.169
1330      51.1871
1331      82.7438
1332      57.3152
1333      50.0604
1334      79.0733
1335      79.6924
1336      58.756
1337      90.6614
1338      0
1339      0
1340      71.0974
1341      0
1342      77.0518
1343      67.1354
1344      54.8087
1345      44.672
1346      0
1347      0
1348      0
1349      76.9658
1350      0
1351      53.5821
1352      95.98
1353      44.672
1354      0
1355      70.8953
1356      0
1357      0
1358      96.7774
1359      0
1360      73.2064
1361      90.2927
1362      97.2918
1363      75.9614
1364      78.8443
1365      99.2281
1366      46.855
1367      72.9401
1368      0
1369      0
1370      99.8013
1371      99.6417
1372      91.609
1373      51.752
1374      74.1817
1375      0
1376      0
1377      99.28
1378      68.9714
1379      0
1380      0
1381      49.0817
1382      70.1333
1383      79.0434
1384      0
1385      75.5144
1386      84.7989
1387      70.7077
1388      0
1389      63.2432
1390      0
1391      0
1392      93.9256
1393      67.4671
1394      76.6403
1395      97.8167
1396      78.2853
1397      72.6892
1398      0
1399      80.2219
1400      0
1401      98.5579
1402      62.3897
1403      0
1404      0
1405      55.8057
1406      78.3585
1407      76.499
1408      0
1409      89.0652
1410      0
1411      89.0615
1412      0
1413      60.1966
1414      60.2775
1415      92.6452
1416      0
1417      98.4194
1418      0
1419      91.313
1420      0
1421      97.5912
1422      0
1423      87.9176
1424      98.5845
1425      0
1426      88.7999
1427      0
1428      97.8167
1429      76.4862
1430      0
1431      90.3618
1432      0
1433      97.426
1434      59.2546
1435      0
1436      54.6038
1437      88.0843
1438      0
1439      99.2865
1440      0
1441      0
1442      0
1443      0
1444      72.3884
1445      86.9214
1446      96.4474
1447      0
1448      0
1449      0
1450      91.1196
1451      0
1452      0
1453      98.6094
1454      97.9389
1455      46.2571
1456      79.0434
1457      0
1458      83.0467
1459      93.3518
1460      0
1461      0
1462      0
1463      0
1464      94.4217
1465      99.2865
1466      0
1467      47.4335
1468      71.0974
1469      0
1470      0
1471      0
1472      80.483
1473      0
1474      97.1882
1475      0
1476      84.4661
1477      73.9725
1478      89.7289
1479      0
1480      0
1481      87.5348
1482      98.6096
1483      48.0459
1484      91.527
1485      0
1486      0
1487      80.5052
1488      74.932
1489      0
1490      0
1491      0
1492      70.0209
1493      50.19
1494      0
1495      57.8682
1496      77.8349
1497      96.521
1498      87.0426
1499      89.67
1500      0
1501      95.7929
1502      48.1998
1503      99.0657
1504      0
1505      94.6784
1506      70.5784
1507      92.7047
1508      82.0309
1509      0
1510      76.5692
1511      0
1512      0
1513      71.5082
1514      0
1515      85.2421
1516      47.4335
1517      43.7022
1518      0
1519      0
1520      45.1723
1521      77.8349
1522      63.5091
1523      0
1524      87.9278
1525      85.3579
1526      99.1953
1527      70.9778
1528      91.5314
1529      77.6303
1530      79.6135
1531      58.3378
1532      97.7773
1533      67.7616
1534      0
1535      91.5059
1536      70.3375
1537      80.3684
1538      0
1539      71.2104
1540      0
1541      0
1542      71.2
1543      0
1544      70.8497
1545      74.2844
1546      0
1547      97.7671
1548      42.1005
1549      84.9057
1550      75.7699
1551      98.8268
1552      89.077
1553      0
1554      0
1555      47.4993
1556      0
1557      98.4671
1558      0
1559      77.8349
1560      48.7302
1561      0
1562      72.7674
1563      0
1564      90.169
1565      80.5695
1566      76.343
1567      84.861
1568      71.6214
1569      84.1665
1570      0
1571      87.176
1572      48.1998
1573      44.9138
1574      60.744
1575      0
1576      72.5737
1577      0
1578      95.1814
1579      91.527
1580      95.0501
1581      0
1582      70.2185
1583      94.135
1584      0
1585      0
1586      59.8961
1587      0
1588      0
1589      75.0272
1590      93.5759
1591      84.1745
1592      78.8443
1593      74.3658
1594      65.5313
1595      97.2726
1596      64.8939
1597      54.4417
1598      94.4217
1599      0
1600      0
1601      62.8717
1602      97.8167
1603      99.4681
1604      0
1605      0
1606      76.4532
1607      99.9172
1608      98.5579
1609      68.6733
1610      0
1611      0
1612      91.5279
1613      0
1614      59.3662
1615      53.4858
1616      56.6978
1617      51.99
1618      0
1619      0
1620      0
1621      54.9601
1622      70.8497
1623      90.0894
1624      0
1625      67.0084
1626      98.5579
1627      95.573
1628      87.7028
1629      59.6645
1630      86.2458
1631      0
1632      0
1633      62.7164
1634      0
1635      41.4442
1636      61.0837
1637      0
1638      80.483
1639      88.337
1640      63.9109
1641      98.462
1642      0
1643      0
1644      95.5237
1645      90.1255
1646      0
1647      0
1648      52.0692
1649      41.8516
1650      0
1651      60.6718
1652      91.6401
1653      0
1654      95.5083
1655      59.5224
1656      80.483
1657      90.8774
1658      95.0501
1659      0
1660      0
1661      72.7674
1662      54.4417
1663      93.9132
1664      0
1665      56.1566
1666      56.9799
1667      0
1668      0
1669      42.2187
1670      87.5671
1671      0
1672      0
1673      71.3935
1674      98.5839
1675      0
1676      0
1677      62.9828
1678      0
1679      0
1680      0
1681      95.8576
1682      98.5845
1683      0
1684      0
1685      95.9831
1686      98.5579
1687      93.1648
1688      56.1398
1689      72.3368
1690      0
1691      79.0733
1692      0
1693      0
1694      0
1695      52.2215
1696      87.6357
1697      0
1698      57.4171
1699      67.7863
1700      92.0585
1701      42.1487
1702      0
1703      0
1704      50.3501
1705      91.7786
1706      46.217
1707      99.0657
1708      0
1709      53.4858
1710      96.9959
1711      0
1712      0
1713      99.1953
1714      0
1715      96.5027
1716      95.2931
1717      57.6599
1718      77.3634
1719      97.5955
1720      55.2877
1721      80.6379
1722      64.5068
1723      58.6352
1724      0
1725      96.6295
1726      58.6195
1727      50.6025
1728      91.4636
1729      76.5692
1730      2.55783
1731      86.037
1732      54.4812
1733      0
1734      96.7774
1735      0
1736      57.8682
1737      71.9639
1738      0
1739      98.8685
1740      0
1741      0
1742      60.5885
1743      0
1744      0
1745      0
1746      0
1747      0
1748      41.0617
1749      0
1750      55.8057
1751      53.006
1752      43.7022
1753      0
1754      65.6906
1755      0
1756      81.5689
1757      0
1758      91.1196
1759      0
1760      0
1761      38.7168
1762      66.3395
1763      61.5333
1764      79.0918
1765      92.0585
1766      99.6417
1767      92.1943
1768      0
1769      0
1770      0
1771      65.8542
1772      85.3962
1773      86.9214
1774      0
1775      0
1776      0
1777      0
1778      0
1779      0
1780      85.9776
1781      71.1067
1782      66.2638
1783      69.3702
1784      96.7464
1785      94.3167
1786      70.1239
1787      0
1788      78.2997
1789      94.3164
1790      85.3962
1791      36.9463
1792      68.1255
1793      0
1794      81.0083
1795      51.0247
1796      82.2841
1797      57.6599
1798      84.7989
1799      88.337
1800      54.7547
1801      65.6679
1802      95.0595
1803      83.6116
1804      0
1805      90.1255
1806      0
1807      91.5279
1808      51.752
1809      72.6352
1810      0
1811      70.8497
1812      53.23
1813      54.4579
1814      0
1815      92.6402
1816      72.3884
1817      80.9472
1818      75.8327
1819      98.9188
1820      52.987
1821      95.9131
1822      52.4021
1823      75.7699
1824      81.4818
1825      0
1826      82.3148
1827      53.006
1828      90.0513
1829      88.6286
1830      79.9071
1831      61.0837
1832      0
1833      0
1834      0
1835      90.864
1836      0
1837      53.5195
1838      42.7952
1839      0
1840      61.8309
1841      0
1842      68.6869
1843      42.3335
1844      0
1845      83.9897
1846      43.7702
1847      50.8641
1848      86.0926
1849      93.4447
1850      82.7623
1851      79.6135
1852      0
1853      0
1854      83.9897
1855      0
1856      98.325
1857      97.2918
1858      0
1859      94.9091
1860      99.0946
1861      75.9614
1862      0
1863      93.11
1864      53.23
1865      0
1866      93.1648
1867      0
1868      0
1869      93.6942
1870      93.5759
1871      75.0694
1872      0
1873      97.2918
1874      98.4194
1875      53.006
1876      0
1877      81.4387
1878      43.1047
1879      93.474
1880      65.5313
1881      75.5144
1882      0
1883      53.5195
1884      0
1885      0
1886      58.1515
1887      0
1888      86.5468
1889      54.7473
1890      57.4171
1891      87.2799
1892      0
1893      0
1894      0
1895      0
1896      57.6766
1897      84.2798
1898      0
1899      94.5314
1900      94.5166
1901      89.67
1902      99.5484
1903      0
1904      0
1905      71.6309
1906      85.443
1907      70.7077
1908      53.5821
1909      97.7184
1910      68.326
1911      0
1912      0
1913      99.9055
1914      63.092
1915      90.8629
1916      81.2416
1917      79.989
1918      0
1919      45.6392
1920      69.9799
1921      97.5773
1922      0
1923      84.7989
1924      0
1925      98.4952
1926      99.5484
1927      71.9388
1928      0
1929      70.6148
1930      86.4434
1931      0
1932      0
1933      0
1934      0
1935      0
1936      0
1937      86.4434
1938      0
1939      0
1940      0
1941      76.6403
1942      0
1943      0
1944      43.4502
1945      0
1946      85.8507
1947      85.9763
1948      99.5765
1949      74.932
1950      0
1951      86.8157
1952      97.8167
1953      89.0652
1954      0
1955      0
1956      0
1957      83.0467
1958      99.0657
1959      99.8731
1960      47.1029
1961      60.593
1962      98.6018
1963      96.5027
1964      97.6648
1965      0
1966      99.8616
1967      90.1588
1968      92.1943
1969      64.8396
1970      0
1971      59.358
1972      78.173
1973      0
1974      78.8443
1975      0
1976      95.5658
1977      0
1978      79.0187
1979      97.19
1980      0
1981      0
1982      98.4549
1983      84.7989
1984      0
1985      0
1986      0
1987      45.6879
1988      0
1989      0
1990      77.3634
1991      48.2516
1992      0
1993      80.9472
1994      99.6057
1995      59.2465
1996      52.6211
1997      0
1998      61.6927
1999      0
2000      0
2001      0
2002      87.8789
2003      0
2004      0
2005      0
2006      0
2007      0
2008      66.6215
2009      0
2010      70.2185
2011      0
2012      85.2421
2013      0
2014      0
2015      89.8623
2016      68.6926
2017      87.4323
2018      0
2019      48.0459
2020      47.5617
2021      0
2022      54.7769
2023      0
2024      53.23
2025      48.8507
2026      0
2027      85.1791
2028      78.7358
2029      0
2030      0
2031      73.8308
2032      0
2033      99.8731
2034      89.4733
2035      0
2036      91.609
2037      73.1297
2038      0
2039      0
2040      0
2041      0
2042      83.2804
2043      78.2997
2044      0
2045      0
2046      58.1562
2047      0
2048      85.9763
2049      0
2050      98.462
2051      0
2052      67.2389
2053      0
2054      34.7566
2055      0
2056      0
2057      80.2219
2058      47.8003
2059      0
2060      55.3729
2061      0
2062      0
2063      94.3555
2064      0
2065      99.0156
2066      78.724
2067      90.1255
2068      0
2069      85.775
2070      0
2071      80.9472
2072      92.2703
2073      87.5839
2074      0
2075      79.636
2076      0
2077      0
2078      55.2107
2079      76.6031
2080      41.8757
2081      0
2082      91.8414
2083      0
2084      0
2085      57.5355
2086      75.4696
2087      66.0031
2088      0
2089      90.4837
2090      38.2401
2091      0
2092      72.0163
2093      0
2094      0
2095      41.2518
2096      0
2097      0
2098      87.5839
2099      0
2100      84.9057
2101      0
2102      42.7952
2103      99.5765
2104      92.2703
2105      0
2106      74.2745
2107      82.7623
2108      0
2109      59.2231
2110      61.6295
2111      0
2112      45.9296
2113      91.651
2114      0
2115      93.3747
2116      59.8666
2117      33.1458
2118      79.0044
2119      84.3299
2120      85.3323
2121      0
2122      0
2123      95.5211
2124      85.5628
2125      50.7925
2126      64.9176
2127      57.3215
2128      71.8324
2129      0
2130      96.7929
2131      87.1078
2132      90.1424
2133      53.5195
2134      90.406
2135      0
2136      51.7472
2137      0
2138      97.4067
2139      85.0188
2140      89.0652
2141      92.039
2142      0
2143      87.176
2144      49.0998
2145      0
2146      60.1764
2147      58.1365
2148      87.176
2149      91.0781
2150      82.7438
2151      0
2152      83.8732
2153      44.5132
2154      99.8013
2155      82.7438
2156      0
2157      76.278
2158      0
2159      48.2601
2160      84.2798
2161      88.6875
2162      88.6604
2163      56.1566
2164      46.217
2165      86.5468
2166      78.547
2167      90.864
2168      97.6009
2169      65.9636
2170      86.1548
2171      59.358
2172      96.8459
2173      0
2174      75.8262
2175      0
2176      98.2651
2177      0
2178      0
2179      0
2180      95.3042
2181      70.7774
2182      0
2183      76.851
2184      82.6813
2185      64.8945
2186      77.6303
2187      86.4334
2188      95.3259
2189      0
2190      76.7131
2191      0
2192      63.4415
2193      83.1799
2194      76.9143
2195      0
2196      0
2197      0
2198      0
2199      0
2200      0
2201      91.0445
2202      78.8564
2203      43.7084
2204      98.5275
2205      0
2206      84.8965
2207      0
2208      0
2209      96.5027
2210      49.3395
2211      83.1799
2212      99.8639
2213      73.1561
2214      60.189
2215      0
2216      94.3378
2217      99.7149
2218      85.6546
2219      0
2220      0
2221      0
2222      93.6942
2223      99.8347
2224      60.1966
2225      57.45
2226      63.1841
2227      42.3072
2228      0
2229      81.1348
2230      0
2231      95.98
2232      57.4534
2233      62.8717
2234      0
2235      0
2236      96.0916
2237      0
2238      93.3208
2239      0
2240      99.0657
2241      0
2242      0
2243      0
2244      44.5132
2245      95.5658
2246      0
2247      0
2248      63.7035
2249      90.4258
2250      96.3138
2251      69.9683
2252      51.4688
2253      0
2254      0
2255      72.9401
2256      48.3254
2257      0
2258      85.9776
2259      48.3254
2260      73.2064
2261      0
2262      48.524
2263      96.8459
2264      92.7351
2265      56.4846
2266      62.6861
2267      55.6593
2268      66.2225
2269      88.337
2270      0
2271      36.7879
2272      98.3461
2273      79.3354
2274      97.3785
2275      0
2276      69.2955
2277      0
2278      0
2279      82.7623
2280      0
2281      71.0831
2282      0
2283      0
2284      97.8604
2285      77.8349
2286      0
2287      98.4549
2288      43.4502
2289      92.4932
2290      51.752
2291      0
2292      63.0936
2293      95.0549
2294      48.491
2295      58.6729
2296      0
2297      90.1255
2298      75.7699
2299      67.2389
2300      0
2301      0
2302      0
2303      70.1481
2304      47.5313
2305      0
2306      88.6207
2307      0
2308      0
2309      60.189
2310      0
2311      96.5379
2312      44.3192
2313      0
2314      93.3325
2315      0
2316      99.8267
2317      0
2318      88.8852
2319      59.078
2320      67.4215
2321      55.6593
2322      46.0641
2323      87.0297
2324      97.3785
2325      0
2326      0
2327      0
2328      0
2329      64.9176
2330      73.189
2331      95.4368
2332      0
2333      0
2334      98.85
2335      84.235
2336      0
2337      51.6499
2338      0
2339      0
2340      0
2341      0
2342      0
2343      0
2344      0
2345      0
2346      30.1246
2347      0
2348      0
2349      87.8303
2350      98.4549
2351      90.6229
2352      0
2353      0
2354      0
2355      48.018
2356      0
2357      0
2358      70.8953
2359      0
2360      92.9953
2361      78.8443
2362      98.5917
2363      86.3234
2364      0
2365      90.92
2366      0
2367      0
2368      73.9156
2369      0
2370      0.24722
2371      77.8349
2372      71.1104
2373      0
2374      81.2102
2375      96.9959
2376      0
2377      0
2378      98.4549
2379      48.018
2380      98.0898
2381      57.4681
2382      76.011
2383      0
2384      98.4549
2385      89.9653
2386      75.0694
2387      53.5195
2388      0
2389      69.5252
2390      0
2391      76.1725
2392      73.5328
2393      0
2394      70.1214
2395      91.7804
2396      99.0657
2397      95.982
2398      0
2399      48.0459
2400      0
2401      48.0292
2402      97.5773
2403      99.2524
2404      0
2405      0
2406      68.6869
2407      88.897
2408      89.7939
2409      0
2410      80.8471
2411      0
2412      40.9256
2413      76.6403
2414      89.4733
2415      60.593
2416      0
2417      0
2418      73.2064
2419      78.2301
2420      90.5213
2421      39.1665
2422      80.7928
2423      0
2424      68.8977
2425      0
2426      48.178
2427      95.3259
2428      0
2429      70.4
2430      85.2421
2431      78.2515
2432      73.2064
2433      0
2434      0
2435      96.8459
2436      70.1239
2437      90.4297
2438      0
2439      0
2440      99.1953
2441      0
2442      63.5842
2443      0
2444      85.9386
2445      57.4771
2446      0
2447      0
2448      87.117
2449      0
2450      61.3202
2451      90.397
2452      91.8527
2453      62.8717
2454      86.3889
2455      0
2456      84.6821
2457      89.9739
2458      94.6469
2459      75.8262
2460      96.8396
2461      90.2832
2462      49.824
2463      98.8268
2464      79.989
2465      0
2466      0
2467      87.0585
2468      0
2469      0
2470      0
2471      61.9626
2472      68.3762
2473      0
2474      0
2475      79.6135
2476      0
2477      75.7699
2478      0
2479      87.117
2480      0
2481      0
2482      0
2483      0
2484      0
2485      64.0956
2486      0
2487      93.3518
2488      0
2489      0
2490      69.9683
2491      0
2492      0
2493      0
2494      62.0203
2495      72.3368
2496      92.6402
2497      64.0956
2498      81.4387
2499      0
       79962.7
