0      97.8623
1      90.9882
2      91.6788
3      51.3644
4      0
5      99.6943
6      49.999
7      98.8436
8      87.4776
9      0
10      0
11      64.9444
12      99.868
13      0
14      0
15      0
16      89.7027
17      0
18      0
19      0
20      54.8116
21      99.667
22      0
23      0
24      0
25      50.1738
26      0
27      91.8028
28      0
29      0
30      74.0503
31      0
32      0
33      84.9546
34      99.8329
35      93.9024
36      95.1218
37      0
38      0
39      86.8567
40      89.7988
41      0
42      0
43      90.6007
44      96.7207
45      99.868
46      92.3783
47      0
48      0
49      81.6595
50      80.7111
51      0
52      97.4099
53      84.9546
54      58.2868
55      89.7337
56      81.1363
57      0
58      60.8343
59      0
60      75.2754
61      0
62      73.3306
63      0
64      0
65      0
66      90.968
67      61.1898
68      90.0133
69      79.3209
70      30.552
71      0
72      99.5834
73      0
74      0
75      99.868
76      98.0762
77      0
78      0
79      95.841
80      99.9687
81      78.7345
82      0
83      98.0278
84      99.9687
85      89.7027
86      94.9205
87      82.0367
88      0
89      0
90      0
91      71.0713
92      0
93      0
94      99.49
95      42.4593
96      0
97      0
98      91.8028
99      79.8681
100      0
101      0
102      0
103      80.6316
104      99.8421
105      98.8436
106      0
107      99.9687
108      0
109      0
110      35.8086
111      90.2905
112      99.5834
113      78.3186
114      57.3037
115      0
116      0
117      35.8086
118      0
119      0
120      99.5571
121      0
122      0
123      47.2487
124      70.146
125      58.8098
126      0
127      62.9398
128      85.1057
129      99.7486
130      77.0194
131      97.501
132      63.0527
133      99.667
134      99.667
135      99.5834
136      99.9687
137      0
138      98.1996
139      51.3644
140      88.2098
141      0
142      86.9879
143      0
144      80.2299
145      79.0169
146      65.4567
147      60.0044
148      93.9024
149      0
150      86.0672
151      91.6697
152      0
153      99.667
154      97.8623
155      71.0713
156      0
157      70.9522
158      99.9687
159      63.1144
160      0
161      84.8245
162      0
163      0
164      0
165      0
166      68.7126
167      42.3957
168      0
169      0
170      99.667
171      0
172      61.4543
173      0
174      71.7325
175      0
176      98.5758
177      40.7625
178      65.2884
179      98.8436
180      0
181      0
182      0
183      55.1551
184      0
185      93.9024
186      99.5834
187      99.868
188      99.5834
189      99.9687
190      73.3455
191      0
192      67.8195
193      99.2081
194      66.7123
195      0
196      88.7805
197      0
198      0
199      0
200      98.3011
201      63.769
202      93.5071
203      0
204      81.5778
205      99.4912
206      0
207      0
208      91.7142
209      0
210      79.3209
211      67.5676
212      0
213      0
214      74.3685
215      79.0627
216      30.552
217      98.8328
218      0
219      98.8892
220      99.8329
221      59.9142
222      99.9687
223      0
224      86.0288
225      0
226      0
227      0
228      0
229      0
230      99.8657
231      0
232      98.3011
233      53.9419
234      0
235      73.3306
236      93.5071
237      0
238      99.9687
239      57.0347
240      0
241      0
242      99.582
243      0
244      47.407
245      95.0905
246      77.8992
247      53.8162
248      0
249      0
250      0
251      99.667
252      50.0021
253      72.984
254      0
255      0
256      99.868
257      87.4776
258      0
259      0
260      73.3455
261      58.8282
262      0
263      0
264      99.5834
265      0
266      0
267      83.7316
268      0
269      53.8985
270      98.3011
271      99.8329
272      99.2081
273      99.582
274      0
275      51.3644
276      65.2884
277      99.868
278      99.9687
279      99.667
280      57.4899
281      0
282      0
283      0
284      0
285      99.667
286      56.6905
287      77.0559
288      89.7027
289      83.3186
290      78.2251
291      38.3684
292      0
293      0
294      0
295      98.8436
296      0
297      0
298      99.5834
299      0
300      99.868
301      62.5135
302      0
303      56.6905
304      78.0618
305      0
306      66.2641
307      98.1317
308      92.4952
309      0
310      0
311      88.7805
312      31.0583
313      0
314      0
315      99.667
316      58.8282
317      42.4593
318      58.0329
319      93.2934
320      98.9269
321      0
322      0
323      0
324      0
325      99.2698
326      0
327      91.8028
328      90.0349
329      41.7503
330      58.1474
331      0
332      0
333      0
334      98.3011
335      0
336      70.146
337      93.5746
338      0
339      99.582
340      93.2291
341      58.2364
342      0
343      64.2792
344      25.1268
345      75.2702
346      59.8573
347      0
348      52.5618
349      99.8329
350      0
351      78.5704
352      67.4958
353      71.4538
354      0
355      0
356      98.9158
357      0
358      40.7625
359      0
360      0
361      98.1996
362      41.5438
363      75.0944
364      0
365      0
366      0
367      51.987
368      0
369      0
370      98.3011
371      0
372      0
373      97.5961
374      65.4849
375      54.2599
376      93.5071
377      0
378      0
379      65.2884
380      0
381      80.3172
382      47.1036
383      55.1118
384      99.2734
385      87.8248
386      99.8329
387      0
388      0
389      58.1474
390      68.06
391      0
392      98.9269
393      82.5645
394      99.667
395      80.1832
396      63.8809
397      0
398      99.9687
399      84.4343
400      97.3764
401      0
402      97.3764
403      0
404      75.9035
405      0
406      52.8635
407      99.2698
408      90.6007
409      57.8927
410      41.7503
411      0
412      0
413      96.1876
414      83.4512
415      84.1543
416      67.2354
417      93.9024
418      54.8116
419      0
420      77.2202
421      0
422      99.8657
423      0
424      52.5202
425      93.5746
426      0
427      63.1144
428      0
429      39.2735
430      0
431      99.9687
432      95.841
433      98.1996
434      99.9687
435      0
436      0
437      83.4512
438      98.3011
439      67.6016
440      0
441      99.8989
442      90.5489
443      74.3685
444      84.4718
445      0
446      50.7553
447      99.8989
448      67.0739
449      99.868
450      0
451      73.1107
452      42.4593
453      91.3035
454      0
455      93.9024
456      0
457      89.7027
458      78.5704
459      93.5746
460      47.3271
461      67.801
462      0
463      0
464      81.3472
465      0
466      51.8356
467      53.7179
468      69.2301
469      62.4668
470      88.4325
471      0
472      70.0293
473      99.868
474      0
475      99.9687
476      0
477      67.0308
478      99.5834
479      69.096
480      99.667
481      0
482      0
483      89.9147
484      64.187
485      0
486      88.2875
487      78.3186
488      0
489      0
490      83.0091
491      0
492      0
493      76.4345
494      0
495      84.1004
496      0
497      0
498      83.5857
499      53.9419
500      0
501      0
502      0
503      87.5487
504      0
505      80.8666
506      46.8442
507      0
508      79.0749
509      98.3011
510      91.2733
511      75.2702
512      0
513      0
514      91.8028
515      99.667
516      0
517      86.8831
518      0
519      50.683
520      98.5758
521      81.3472
522      99.1513
523      33.7309
524      85.68
525      52.1883
526      97.8227
527      0
528      0
529      99.8329
530      76.7125
531      84.1409
532      0
533      0
534      0
535      0
536      0
537      0
538      0
539      83.0837
540      0
541      0
542      85.9173
543      71.5333
544      75.5093
545      40.7625
546      47.1036
547      0
548      0
549      98.5758
550      99.2081
551      67.6016
552      75.6841
553      73.1107
554      0
555      0
556      0
557      82.9622
558      0
559      79.8681
560      51.3849
561      46.381
562      0
563      0
564      0
565      85.0572
566      99.868
567      0
568      0
569      90.1525
570      48.7654
571      0
572      0
573      77.0966
574      99.5834
575      0
576      0
577      0
578      99.8657
579      0
580      0
581      89.0569
582      0
583      0
584      95.2849
585      42.4593
586      0
587      0
588      99.2081
589      0
590      0
591      0
592      0
593      61.2961
594      44.6502
595      79.1182
596      0
597      0
598      99.9687
599      79.8681
600      0
601      0
602      0
603      0
604      90.7692
605      0
606      80.6316
607      79.9109
608      0
609      86.1767
610      79.3209
611      78.648
612      0
613      0
614      0
615      0
616      71.8179
617      0
618      82.2013
619      0
620      81.3472
621      99.9409
622      90.0133
623      0
624      82.9622
625      0
626      93.2291
627      98.3011
628      0
629      0
630      0
631      90.1525
632      0
633      0
634      85.9173
635      99.9687
636      85.1665
637      0
638      60.6444
639      81.6595
640      0
641      0
642      0
643      0
644      99.6943
645      98.3011
646      47.3271
647      77.0194
648      0
649      93.0561
650      76.3134
651      97.0956
652      75.2702
653      59.3555
654      76.0728
655      98.5123
656      0
657      95.0568
658      48.9634
659      86.0152
660      0
661      0
662      0
663      0
664      0
665      83.0091
666      53.8985
667      99.9687
668      0
669      0
670      51.9878
671      80.8666
672      75.9035
673      85.7769
674      0
675      98.8436
676      0
677      79.3209
678      0
679      0
680      97.0956
681      0
682      98.3011
683      65.2884
684      0
685      99.7378
686      45.2408
687      0
688      0
689      47.3271
690      95.1218
691      75.2702
692      99.2081
693      82.9622
694      89.7027
695      0
696      0
697      0
698      99.582
699      98.0278
700      95.841
701      48.0759
702      98.8436
703      93.2841
704      81.9431
705      99.868
706      95.0905
707      99.8723
708      0
709      91.6788
710      0
711      49.999
712      0
713      91.6697
714      0
715      70.0293
716      80.8666
717      52.5202
718      99.4912
719      0
720      0
721      0
722      98.9269
723      0
724      71.0713
725      99.9687
726      0
727      0
728      99.9687
729      0
730      58.8282
731      90.0349
732      92.4952
733      0
734      60.1964
735      99.868
736      0
737      0
738      73.4097
739      79.1917
740      47.1928
741      0
742      0
743      75.8388
744      65.7867
745      0
746      0
747      75.8915
748      0
749      0
750      77.4547
751      98.3011
752      0
753      52.1883
754      0
755      82.2012
756      89.7027
757      0
758      0
759      0
760      98.3011
761      99.3042
762      99.9409
763      0
764      0
765      35.8086
766      58.1474
767      0
768      44.6502
769      55.1551
770      0
771      95.2849
772      98.3011
773      70.1877
774      55.1529
775      80.6567
776      57.3037
777      93.9024
778      0
779      0
780      0
781      81.1237
782      0
783      84.9546
784      99.8657
785      89.9147
786      52.8635
787      66.2641
788      0
789      99.667
790      81.2777
791      0
792      99.6943
793      69.8428
794      84.3374
795      70.0293
796      0
797      0
798      0
799      95.2083
800      95.3173
801      79.6106
802      54.7387
803      67.0243
804      0
805      0
806      70.4776
807      0
808      93.9024
809      99.9687
810      0
811      0
812      67.5676
813      0
814      71.0713
815      63.2134
816      0
817      96.5282
818      0
819      0
820      80.4639
821      82.0305
822      87.5721
823      0
824      77.4547
825      96.1876
826      77.4547
827      67.8207
828      98.4245
829      0
830      99.5356
831      98.8328
832      0
833      64.187
834      68.6885
835      98.0278
836      95.2849
837      71.8179
838      0
839      0
840      0
841      0
842      99.9687
843      0
844      86.1767
845      0
846      0
847      83.0837
848      0
849      40.045
850      0
851      0
852      0
853      62.5135
854      39.9654
855      46.6285
856      99.582
857      0
858      81.5778
859      53.9419
860      0
861      49.8269
862      62.645
863      81.9752
864      0
865      69.9011
866      90.0349
867      92.4952
868      99.2081
869      44.7866
870      97.0956
871      98.0278
872      67.801
873      64.2423
874      67.0308
875      0
876      0
877      0
878      51.4633
879      85.2367
880      55.55
881      0
882      45.2408
883      61.3503
884      0
885      71.3795
886      80.8666
887      73.1107
888      97.8227
889      0
890      0
891      0
892      68.3481
893      80.8666
894      93.9024
895      0
896      0
897      99.9687
898      56.9535
899      99.868
900      0
901      0
902      0
903      0
904      61.2961
905      66.2641
906      61.4543
907      0
908      0
909      99.8723
910      56.0604
911      0
912      60.8654
913      0
914      0
915      48.7654
916      0
917      0
918      0
919      54.8116
920      66.2641
921      0
922      81.2777
923      90.0133
924      98.9269
925      0
926      87.8248
927      0
928      99.9687
929      0
930      0
931      50.3031
932      66.9439
933      79.8514
934      0
935      0
936      79.1917
937      47.1036
938      0
939      0
940      53.8985
941      0
942      0
943      99.2081
944      0
945      0
946      0
947      70.0293
948      94.0772
949      98.3011
950      82.0367
951      37.8124
952      83.9786
953      98.8436
954      0
955      98.3011
956      0
957      0
958      98.3011
959      99.5356
960      94.0772
961      74.7999
962      0
963      91.4627
964      67.8207
965      0
966      99.2081
967      99.667
968      91.6788
969      75.6841
970      0
971      61.3503
972      99.9687
973      77.6067
974      71.7711
975      74.3685
976      98.3011
977      0
978      59.5934
979      86.5231
980      99.7378
981      0
982      98.9158
983      0
984      68.7126
985      0
986      0
987      39.5044
988      79.1182
989      99.2734
990      0
991      0
992      98.8436
993      99.9687
994      0
995      0
996      60.8654
997      89.4837
998      98.9269
999      0
       32853.6
