0      44.5445
1      0
2      99.2799
3      95.1795
4      0
5      86.9715
6      92.5324
7      55.2253
8      99.977
9      74.2391
10      0
11      0
12      0
13      57.3995
14      61.7893
15      83.3408
16      68.8292
17      0
18      0
19      0
20      79.2918
21      72.6142
22      96.7356
23      81.7286
24      75.5137
25      59.4763
26      0
27      74.9976
28      70.0992
29      0
30      47.068
31      85.3212
32      85.0108
33      95.5047
34      70.661
35      95.8237
36      0
37      0
38      99.675
39      77.3341
40      0
41      0
42      69.8668
43      69.9818
44      75.6891
45      72.5454
46      0
47      0
48      73.5298
49      0
50      0
51      99.9683
52      47.0913
53      96.5555
54      91.1686
55      0
56      57.2848
57      97.5265
58      89.8586
59      0
60      0
61      0
62      61.5391
63      74.8971
64      51.7485
65      59.9937
66      82.7714
67      97.1164
68      0
69      71.2577
70      0
71      98.3431
72      0
73      0
74      0
75      0
76      0
77      99.8822
78      90.43
79      94.1137
80      99.4503
81      0
82      0
83      91.5453
84      72.9107
85      0
86      0
87      0
88      0
89      92.0508
90      0
91      0
92      0
93      83.4933
94      95.8582
95      96.122
96      54.6829
97      0
98      64.1782
99      66.0141
100      0
101      0
102      89.8305
103      85.443
104      79.0546
105      0
106      65.3122
107      49.5001
108      78.1554
109      97.3374
110      98.2547
111      0
112      0
113      0
114      0
115      0
116      0
117      51.8813
118      46.2838
119      95.0062
120      96.6468
121      67.7273
122      95.3492
123      89.4689
124      81.072
125      49.2299
126      92.0259
127      98.7039
128      0
129      81.969
130      0
131      0
132      73.476
133      85.0325
134      0
135      0
136      0
137      73.4395
138      0
139      0
140      99.1693
141      98.0746
142      0
143      93.1109
144      0
145      0
146      0
147      91.7777
148      94.6566
149      97.0238
150      67.2264
151      0
152      39.4807
153      0
154      76.936
155      0
156      0
157      94.7294
158      63.2942
159      0
160      0
161      0
162      79.7249
163      0
164      0
165      68.0911
166      83.1195
167      89.6896
168      98.3979
169      0
170      52.5885
171      0
172      65.6937
173      0
174      0
175      0
176      0
177      86.7709
178      75.6891
179      0
180      64.2148
181      77.1308
182      95.8019
183      0
184      0
185      73.5034
186      69.9407
187      78.7139
188      91.606
189      0
190      78.8382
191      61.4089
192      0
193      0
194      0
195      82.8098
196      55.9246
197      93.6615
198      0
199      51.7485
200      93.4125
201      93.9422
202      91.5974
203      67.885
204      74.9976
205      45.7518
206      94.7336
207      36.0245
208      98.1725
209      97.9738
210      97.5213
211      0
212      0
213      0
214      0
215      77.8629
216      97.0081
217      99.1693
218      90.0912
219      72.4203
220      0
221      47.581
222      53.9224
223      66.4204
224      0
225      84.9709
226      92.0373
227      0
228      0
229      0
230      90.4169
231      0
232      55.9246
233      51.339
234      46.9752
235      0
236      57.908
237      91.0506
238      68.0911
239      0
240      0
241      0
242      0
243      71.3142
244      0
245      0
246      90.6594
247      0
248      97.5822
249      97.9738
250      79.179
251      79.179
252      0
253      71.7355
254      82.8098
255      97.0313
256      86.828
257      0
258      78.3697
259      0
260      97.5822
261      74.6176
262      0
263      94.7336
264      0
265      89.3883
266      0
267      56.7822
268      74.2391
269      0
270      92.5763
271      0
272      58.3336
273      71.9465
274      80.7492
275      86.061
276      0
277      81.4182
278      86.946
279      70.6623
280      61.5952
281      3.30582
282      83.1718
283      0
284      97.9226
285      95.8582
286      72.7003
287      0
288      0
289      0
290      0
291      50.1457
292      0
293      95.9787
294      0
295      0
296      37.4171
297      87.3159
298      0
299      0
300      0
301      0
302      0
303      0
304      0
305      0
306      0
307      0
308      0
309      74.2235
310      86.946
311      62.0648
312      0
313      0
314      73.7355
315      56.3853
316      0
317      60.3986
318      92.6104
319      0
320      0
321      0
322      55.9085
323      82.0907
324      0
325      97.3228
326      0
327      76.2828
328      92.1644
329      0
330      93.4277
331      0
332      62.7841
333      0
334      0
335      99.5995
336      86.5915
337      99.5995
338      92.0223
339      46.3525
340      0
341      45.7518
342      83.1298
343      0
344      0
345      78.0479
346      95.8094
347      67.0017
348      73.3118
349      69.8668
350      0
351      87.9623
352      83.4965
353      54.6829
354      0
355      72.2355
356      0
357      99.9008
358      65.2608
359      76.1842
360      0
361      0
362      0
363      0
364      82.2747
365      0
366      0
367      82.0559
368      0
369      99.9008
370      45.7415
371      0
372      0
373      0
374      0
375      0
376      0
377      80.9281
378      69.495
379      0
380      81.8536
381      52.5344
382      75.9154
383      75.8892
384      0
385      0
386      97.1164
387      99.2799
388      69.8492
389      84.0779
390      94.1139
391      88.2666
392      0
393      77.6042
394      37.4171
395      39.4152
396      89.2441
397      0
398      99.0588
399      98.5865
400      79.6914
401      0
402      92.0373
403      0
404      87.9623
405      0
406      0
407      99.1787
408      97.5822
409      74.2235
410      0
411      70.7911
412      65.5943
413      59.2603
414      46.3525
415      0
416      91.8605
417      0
418      0
419      72.5454
420      89.5659
421      97.5822
422      0
423      0
424      0
425      0
426      0
427      0
428      79.9228
429      74.3792
430      0
431      94.4035
432      98.9009
433      54.8679
434      0
435      0
436      52.8681
437      0
438      0
439      76.8714
440      94.6607
441      61.4089
442      0
443      0
444      0
445      0
446      84.4056
447      63.1436
448      85.5907
449      83.9661
450      84.476
451      45.7129
452      0
453      78.0499
454      0
455      0
456      0
457      98.4078
458      99.7248
459      88.5001
460      91.4028
461      0
462      0
463      83.8006
464      99.0787
465      61.4089
466      63.8106
467      0
468      86.8885
469      63.5689
470      49.4681
471      45.6996
472      40.3965
473      63.8733
474      53.8978
475      0
476      98.6387
477      42.7862
478      77.1094
479      98.8631
480      0
481      39.2223
482      92.4795
483      95.1795
484      51.1629
485      66.5424
486      65.9115
487      0
488      50.1457
489      91.138
490      82.7128
491      0
492      94.7294
493      0
494      0
495      0
496      50.2668
497      95.2583
498      0
499      65.2608
500      0
501      85.3212
502      57.5709
503      0
504      0
505      0
506      0
507      0
508      64.2406
509      0
510      0
511      99.9008
512      78.0472
513      99.8791
514      0
515      93.5909
516      0
517      51.664
518      64.8628
519      0
520      96.7356
521      0
522      60.9082
523      91.7774
524      0
525      99.2118
526      0
527      0
528      84.6203
529      93.8404
530      96.9543
531      79.2013
532      97.2984
533      94.218
534      74.0938
535      76.7184
536      60.4177
537      0
538      0
539      0
540      0
541      68.064
542      42.2356
543      93.94
544      0
545      62.9375
546      0
547      0
548      92.4795
549      0
550      0
551      95.1795
552      0
553      0
554      52.6982
555      0
556      97.459
557      82.2489
558      71.4398
559      0
560      72.8345
561      69.8668
562      49.2494
563      0
564      0
565      70.9955
566      90.0498
567      0
568      55.1308
569      0
570      0
571      0
572      0
573      95.6385
574      0
575      0
576      98.1725
577      0
578      0
579      0
580      49.9375
581      92.4795
582      98.0041
583      96.7501
584      0
585      57.2848
586      86.9721
587      84.4056
588      89.5659
589      99.0216
590      83.7173
591      0
592      68.858
593      82.2747
594      82.0121
595      0
596      0
597      84.9434
598      0
599      0
600      73.3896
601      53.8222
602      92.2918
603      37.8081
604      0
605      0
606      69.1903
607      99.9824
608      61.7204
609      78.1541
610      63.1436
611      0
612      55.9246
613      69.9522
614      97.6574
615      47.3112
616      66.9084
617      74.9552
618      0
619      66.8917
620      0
621      99.7434
622      91.1724
623      73.6019
624      38.9404
625      62.0648
626      83.1298
627      87.4122
628      90.7837
629      93.8283
630      0
631      0
632      60.2807
633      86.8885
634      0
635      69.974
636      0
637      67.8753
638      0
639      0
640      58.9493
641      96.5555
642      0
643      0
644      0
645      0
646      99.4503
647      0
648      0
649      0
650      54.1461
651      95.8345
652      49.6056
653      93.872
654      90.5719
655      95.3492
656      0
657      94.1169
658      95.8582
659      99.4503
660      0
661      49.2645
662      76.3152
663      47.1523
664      89.3792
665      0
666      0
667      0
668      0
669      0
670      64.9558
671      97.0605
672      0
673      86.5915
674      0
675      0
676      0
677      0
678      0
679      78.1554
680      99.5661
681      48.3645
682      0
683      0
684      0
685      72.0864
686      0
687      93.3521
688      91.0163
689      99.2659
690      0
691      68.6812
692      49.6056
693      89.4313
694      0
695      61.6084
696      0
697      53.5938
698      52.5309
699      39.4953
700      40.3965
701      52.4302
702      97.0238
703      0
704      98.0746
705      0
706      68.6736
707      89.8586
708      0
709      97.1544
710      99.0552
711      67.7036
712      0
713      83.5299
714      89.1562
715      98.9009
716      0
717      66.2416
718      68.5501
719      50.1919
720      0
721      95.6385
722      86.2489
723      0
724      0
725      85.0108
726      0
727      51.1361
728      43.829
729      0
730      0
731      0
732      0
733      95.8354
734      68.5501
735      0
736      0
737      0
738      86.5091
739      0
740      0
741      55.9525
742      43.3184
743      89.1969
744      63.0267
745      88.1628
746      91.8605
747      0
748      96.1831
749      0
750      40.786
751      0
752      90.8592
753      0
754      0
755      72.2331
756      0
757      72.3527
758      96.2697
759      94.1137
760      0
761      0
762      93.6389
763      0
764      0
765      0
766      92.1644
767      76.7349
768      79.0602
769      0
770      0
771      0
772      52.9952
773      0
774      0
775      70.7619
776      0
777      77.8629
778      0
779      76.2221
780      0
781      0
782      0
783      53.0283
784      99.5995
785      48.4446
786      60.9082
787      72.2747
788      0
789      0
790      95.1684
791      58.0509
792      0
793      0
794      98.6018
795      0
796      42.8184
797      0
798      99.4503
799      67.0443
800      0
801      78.2321
802      0
803      84.475
804      87.9604
805      89.8518
806      0
807      0
808      47.0913
809      88.4342
810      0
811      95.3492
812      97.0227
813      0
814      63.9689
815      98.1574
816      0
817      75.6891
818      0
819      92.6104
820      0
821      62.7108
822      44.0163
823      92.5748
824      0
825      90.1979
826      0
827      89.8712
828      72.4442
829      91.5002
830      56.63
831      0
832      47.341
833      49.9375
834      0
835      0
836      95.0536
837      39.2223
838      0
839      0
840      0
841      74.5176
842      71.2138
843      91.4028
844      93.872
845      0
846      0
847      0
848      96.2697
849      0
850      0
851      76.936
852      0
853      0
854      0
855      0
856      0
857      0
858      0
859      0
860      71.7355
861      59.4728
862      0
863      0
864      43.7071
865      0
866      95.9769
867      83.4298
868      96.2841
869      47.3112
870      0
871      0
872      81.9465
873      0
874      97.6876
875      0
876      91.5014
877      38.5563
878      87.906
879      0
880      79.5563
881      95.8354
882      0
883      47.1193
884      78.0472
885      0
886      98.7814
887      0
888      0
889      49.4681
890      0
891      67.1122
892      98.913
893      95.0536
894      93.872
895      88.3963
896      0
897      67.716
898      96.2571
899      77.3024
900      0
901      66.4204
902      0
903      99.1885
904      0
905      98.6661
906      96.7154
907      0
908      0
909      85.5353
910      0
911      0
912      0
913      0
914      0
915      47.3112
916      82.9734
917      0
918      0
919      0
920      45.1404
921      0
922      0
923      99.8791
924      92.5748
925      99.1693
926      0
927      0
928      92.1644
929      0
930      85.5581
931      94.3381
932      0
933      46.4985
934      99.0949
935      0
936      50.3642
937      82.3601
938      0
939      85.7496
940      99.0949
941      74.8971
942      97.6369
943      68.5593
944      98.6387
945      98.7492
946      0
947      0
948      93.5909
949      0
950      55.5816
951      78.7754
952      0
953      0
954      0
955      0
956      83.8594
957      0
958      0
959      0
960      69.1903
961      99.5995
962      0
963      0
964      0
965      62.5013
966      0
967      70.475
968      97.3058
969      59.9921
970      94.3381
971      91.4301
972      80.1652
973      94.2837
974      70.5572
975      0
976      44.615
977      93.9353
978      69.4733
979      57.1903
980      70.4927
981      0
982      73.5034
983      98.2547
984      96.1831
985      72.0837
986      95.1795
987      0
988      0
989      0
990      87.0557
991      0
992      0
993      0
994      83.1028
995      55.5013
996      0
997      99.5995
998      93.1109
999      0
1000      57.8092
1001      54.5533
1002      95.9379
1003      47.7041
1004      90.7524
1005      43.4569
1006      0
1007      0
1008      57.8505
1009      96.1831
1010      99.0949
1011      60.3427
1012      0
1013      0
1014      0
1015      0
1016      0
1017      63.9776
1018      0
1019      62.6725
1020      85.5761
1021      60.7048
1022      0
1023      69.974
1024      60.2526
1025      44.5255
1026      0
1027      0
1028      88.7098
1029      70.6623
1030      0
1031      94.45
1032      0
1033      36.6571
1034      0
1035      0
1036      96.2729
1037      0
1038      83.1592
1039      82.3208
1040      0
1041      0
1042      50.6559
1043      0
1044      91.6894
1045      0
1046      0
1047      0
1048      0
1049      0
1050      0
1051      0
1052      0
1053      0
1054      0
1055      93.872
1056      0
1057      60.0525
1058      95.9954
1059      0
1060      78.3772
1061      85.0325
1062      93.9422
1063      0
1064      95.7115
1065      0
1066      41.6565
1067      0
1068      85.5353
1069      39.2955
1070      87.3879
1071      96.7052
1072      0
1073      0
1074      69.7806
1075      0
1076      80.3611
1077      84.8164
1078      93.5909
1079      86.946
1080      0
1081      79.2013
1082      96.7356
1083      0
1084      85.3212
1085      0
1086      0
1087      0
1088      0
1089      99.2799
1090      50.8163
1091      0
1092      91.5002
1093      68.8264
1094      97.803
1095      0
1096      98.1435
1097      90.587
1098      49.1785
1099      84.6203
1100      79.3649
1101      0
1102      81.0867
1103      0
1104      0
1105      79.6914
1106      54.2546
1107      80.9318
1108      0
1109      0
1110      0
1111      0
1112      86.4714
1113      93.1255
1114      90.7365
1115      0
1116      54.1461
1117      38.615
1118      72.9107
1119      94.9406
1120      98.3979
1121      82.6993
1122      82.2747
1123      72.9107
1124      89.5659
1125      64.3051
1126      91.4808
1127      75.6837
1128      86.2489
1129      73.3118
1130      0
1131      41.2216
1132      0
1133      93.163
1134      0
1135      0
1136      80.1201
1137      45.2863
1138      60.6784
1139      99.0216
1140      64.2406
1141      84.6203
1142      64.2406
1143      83.5491
1144      0
1145      55.2555
1146      72.9897
1147      0
1148      0
1149      83.0803
1150      93.1255
1151      0
1152      49.2494
1153      0
1154      0
1155      0
1156      51.1469
1157      0
1158      89.6306
1159      99.2659
1160      0
1161      95.1684
1162      60.7423
1163      91.7828
1164      94.2495
1165      95.8094
1166      0
1167      72.6142
1168      0
1169      0
1170      86.1696
1171      0
1172      67.0443
1173      0
1174      72.2331
1175      0
1176      0
1177      0
1178      95.6385
1179      89.2067
1180      67.1066
1181      0
1182      44.615
1183      0
1184      0
1185      96.2841
1186      98.3146
1187      67.9698
1188      92.6747
1189      0
1190      0
1191      85.4123
1192      0
1193      98.9479
1194      0
1195      0
1196      0
1197      0
1198      0
1199      0
1200      86.5915
1201      0
1202      58.7679
1203      61.657
1204      0
1205      99.9337
1206      70.0199
1207      0
1208      62.5013
1209      68.0484
1210      98.7735
1211      70.4487
1212      65.5911
1213      0
1214      79.6886
1215      95.7484
1216      81.8536
1217      97.2018
1218      0
1219      91.5285
1220      93.9422
1221      0
1222      0
1223      0
1224      0
1225      0
1226      72.0837
1227      0
1228      0
1229      47.7198
1230      0
1231      0
1232      67.7916
1233      55.5816
1234      98.1574
1235      88.8423
1236      96.232
1237      86.5058
1238      0
1239      0
1240      81.1026
1241      62.6511
1242      0
1243      0
1244      0
1245      74.2235
1246      50.2668
1247      0
1248      70.0116
1249      0
1250      0
1251      59.1957
1252      86.5091
1253      74.5176
1254      0
1255      82.4615
1256      0
1257      0
1258      0
1259      75.6891
1260      0
1261      50.1457
1262      0
1263      56.2424
1264      97.8318
1265      0
1266      0
1267      0
1268      0
1269      54.4433
1270      0
1271      0
1272      71.8334
1273      71.8853
1274      44.2247
1275      98.861
1276      97.1839
1277      67.4944
1278      77.4596
1279      0
1280      44.9485
1281      78.4522
1282      47.2291
1283      0
1284      70.2991
1285      90.43
1286      85.6637
1287      0
1288      0
1289      0
1290      51.6238
1291      66.5424
1292      83.7996
1293      53.4448
1294      47.5071
1295      0
1296      77.9237
1297      49.6056
1298      74.1114
1299      81.3193
1300      0
1301      99.0588
1302      0
1303      0
1304      0
1305      0
1306      36.2214
1307      0
1308      0
1309      91.7774
1310      84.475
1311      0
1312      47.3354
1313      71.1015
1314      61.4089
1315      92.8915
1316      99.9729
1317      93.8213
1318      0
1319      78.0499
1320      0
1321      0
1322      94.5042
1323      79.4941
1324      0
1325      95.9787
1326      64.5835
1327      94.1642
1328      88.1628
1329      56.2362
1330      62.6511
1331      77.0419
1332      86.8885
1333      0
1334      79.179
1335      0
1336      95.6181
1337      92.8357
1338      63.6399
1339      0
1340      0
1341      44.2247
1342      91.7828
1343      90.282
1344      0
1345      72.8345
1346      98.0145
1347      96.5048
1348      0
1349      93.3452
1350      95.6413
1351      85.9009
1352      60.6784
1353      88.5001
1354      96.3912
1355      92.7665
1356      85.5907
1357      0
1358      88.5001
1359      0
1360      0
1361      0
1362      0
1363      56.7453
1364      56.3403
1365      92.2918
1366      0
1367      0
1368      86.0616
1369      0
1370      95.9954
1371      0
1372      90.8203
1373      86.8885
1374      0
1375      53.8978
1376      94.4035
1377      0
1378      0
1379      0
1380      99.977
1381      85.9965
1382      0
1383      0
1384      79.693
1385      99.1009
1386      0
1387      47.5
1388      61.4089
1389      45.7518
1390      0
1391      0
1392      76.9701
1393      90.0281
1394      98.4152
1395      0
1396      78.0479
1397      97.6574
1398      98.7039
1399      52.4302
1400      0
1401      97.9226
1402      83.7054
1403      60.3427
1404      94.7294
1405      55.0572
1406      67.6171
1407      78.4522
1408      69.9407
1409      0
1410      0
1411      0
1412      85.6637
1413      85.9965
1414      57.9666
1415      49.2867
1416      0
1417      82.0621
1418      47.5198
1419      0
1420      0
1421      0
1422      99.8233
1423      0
1424      83.3744
1425      39.1073
1426      0
1427      0
1428      95.0536
1429      83.2331
1430      0
1431      0
1432      0
1433      98.7039
1434      0
1435      97.3388
1436      98.6018
1437      49.1785
1438      0
1439      60.942
1440      98.5705
1441      90.133
1442      61.5391
1443      82.0121
1444      0
1445      57.1903
1446      0
1447      56.0852
1448      0
1449      0
1450      40.6466
1451      0
1452      0
1453      0
1454      43.829
1455      70.4487
1456      0
1457      0
1458      0
1459      0
1460      89.0957
1461      68.0484
1462      70.3976
1463      72.6262
1464      0
1465      0
1466      90.0819
1467      0
1468      99.8822
1469      0
1470      56.9589
1471      80.9281
1472      63.1336
1473      0
1474      0
1475      84.5377
1476      0
1477      77.5272
1478      0
1479      0
1480      89.3883
1481      99.1885
1482      0
1483      81.8536
1484      59.1493
1485      0
1486      98.7039
1487      0
1488      0
1489      94.068
1490      89.9816
1491      60.0697
1492      66.2416
1493      77.0419
1494      97.6418
1495      0
1496      0
1497      0
1498      79.6184
1499      79.2599
1500      62.044
1501      0
1502      0
1503      50.3642
1504      0
1505      92.0223
1506      0
1507      55.2708
1508      83.7996
1509      99.7906
1510      67.8753
1511      91.6064
1512      60.6784
1513      56.3403
1514      0
1515      0
1516      94.3381
1517      68.3218
1518      0
1519      63.2142
1520      99.3336
1521      0
1522      55.2708
1523      0
1524      61.4089
1525      90.4286
1526      99.5995
1527      0
1528      95.0536
1529      0
1530      0
1531      77.3058
1532      0
1533      88.8423
1534      78.2614
1535      75.2651
1536      0
1537      79.6184
1538      0
1539      84.5909
1540      81.575
1541      0
1542      99.7341
1543      78.8382
1544      85.7533
1545      0
1546      93.8404
1547      0
1548      60.9399
1549      0
1550      0
1551      89.8031
1552      67.7273
1553      98.7877
1554      52.2082
1555      95.0988
1556      82.2747
1557      0
1558      67.806
1559      0
1560      93.9224
1561      67.6025
1562      0
1563      97.2027
1564      55.9246
1565      0
1566      0
1567      98.5966
1568      83.9661
1569      94.1642
1570      99.4503
1571      0
1572      73.3896
1573      71.2577
1574      66.1111
1575      99.9824
1576      57.5178
1577      74.2235
1578      95.9769
1579      97.3362
1580      45.2863
1581      57.934
1582      0
1583      97.9226
1584      69.9522
1585      0
1586      0
1587      89.4613
1588      89.2895
1589      0
1590      0
1591      0
1592      0
1593      49.2494
1594      83.8594
1595      99.1236
1596      48.3645
1597      0
1598      0
1599      65.1559
1600      99.5995
1601      42.1957
1602      0
1603      62.4711
1604      57.934
1605      64.3497
1606      0
1607      0
1608      63.1336
1609      90.8335
1610      0
1611      0
1612      0
1613      98.2685
1614      86.946
1615      95.9171
1616      0
1617      0
1618      99.4503
1619      44.0391
1620      0
1621      95.9411
1622      0
1623      0
1624      0
1625      85.0108
1626      0
1627      0
1628      86.5915
1629      55.2948
1630      93.1255
1631      50.1457
1632      0
1633      0
1634      78.2701
1635      0
1636      89.0342
1637      92.6356
1638      79.2117
1639      69.5133
1640      0
1641      0
1642      0
1643      0
1644      90.4286
1645      0
1646      47.068
1647      95.8345
1648      61.5685
1649      0
1650      94.4035
1651      64.2091
1652      0
1653      51.5232
1654      74.6567
1655      44.7661
1656      93.4571
1657      0
1658      92.9827
1659      0
1660      95.8078
1661      0
1662      62.5013
1663      0
1664      0
1665      61.5999
1666      40.1301
1667      82.6993
1668      47.1523
1669      0
1670      81.3795
1671      94.2902
1672      0
1673      0
1674      0
1675      55.5621
1676      0
1677      85.3778
1678      85.5353
1679      0
1680      0
1681      95.6385
1682      0
1683      64.9744
1684      78.4522
1685      89.0599
1686      93.6389
1687      0
1688      72.5775
1689      43.7071
1690      0
1691      70.056
1692      0
1693      96.2853
1694      39.4152
1695      65.9115
1696      81.6308
1697      70.9389
1698      98.6387
1699      0
1700      82.0559
1701      0
1702      55.2253
1703      0
1704      58.6394
1705      99.7906
1706      91.6978
1707      0
1708      0
1709      77.5272
1710      51.0195
1711      51.3682
1712      97.2597
1713      64.3051
1714      73.1447
1715      0
1716      60.8748
1717      56.7822
1718      62.2359
1719      0
1720      97.2018
1721      0
1722      76.3386
1723      76.1093
1724      96.2729
1725      0
1726      63.0267
1727      0
1728      0
1729      90.43
1730      0
1731      80.9802
1732      0
1733      46.4507
1734      40.7889
1735      0
1736      79.6143
1737      0
1738      0
1739      48.7026
1740      72.5454
1741      0
1742      0
1743      85.9965
1744      97.9226
1745      63.2142
1746      72.6142
1747      96.0629
1748      85.0108
1749      81.1345
1750      73.3789
1751      0
1752      55.5621
1753      0
1754      0
1755      0
1756      97.3374
1757      82.0621
1758      82.7714
1759      49.7846
1760      93.6083
1761      61.4089
1762      85.4098
1763      82.2373
1764      80.9669
1765      0
1766      67.806
1767      90.5719
1768      57.3599
1769      0
1770      45.7415
1771      94.0739
1772      0
1773      40.3965
1774      72.0006
1775      0
1776      0
1777      0
1778      0
1779      0
1780      81.1345
1781      74.8971
1782      76.5446
1783      83.9661
1784      89.3027
1785      0
1786      83.3408
1787      76.3729
1788      69.8851
1789      0
1790      56.8299
1791      0
1792      87.6485
1793      97.0227
1794      64.3051
1795      66.7163
1796      47.341
1797      82.0559
1798      91.6699
1799      82.3601
1800      0
1801      91.635
1802      0
1803      0
1804      79.9785
1805      68.8963
1806      87.0557
1807      38.2094
1808      0
1809      79.0068
1810      84.701
1811      0
1812      75.9154
1813      76.9515
1814      53.6773
1815      89.5671
1816      92.4645
1817      0
1818      93.8404
1819      0
1820      0
1821      94.7294
1822      68.8676
1823      0
1824      69.8324
1825      0
1826      0
1827      0
1828      44.7661
1829      0
1830      0
1831      0
1832      89.6681
1833      96.266
1834      95.0536
1835      57.9811
1836      83.6616
1837      89.8305
1838      97.3388
1839      46.9752
1840      54.4433
1841      89.5986
1842      93.4125
1843      0
1844      85.5907
1845      86.6457
1846      0
1847      0
1848      58.7679
1849      0
1850      0
1851      0
1852      89.7215
1853      41.9843
1854      0
1855      0
1856      0
1857      0
1858      92.9827
1859      67.0443
1860      0
1861      0
1862      58.5149
1863      71.9465
1864      97.8318
1865      0
1866      83.1195
1867      0
1868      0
1869      83.4965
1870      92.6104
1871      95.9787
1872      58.3857
1873      99.2799
1874      85.882
1875      98.5865
1876      54.5554
1877      0
1878      0
1879      91.4301
1880      0
1881      66.1111
1882      87.7663
1883      87.8432
1884      90.6429
1885      82.2373
1886      72.7012
1887      67.0443
1888      0
1889      92.2918
1890      92.6747
1891      0
1892      0
1893      98.1574
1894      0
1895      84.475
1896      0
1897      0
1898      89.7015
1899      68.6812
1900      0
1901      51.9803
1902      0
1903      0
1904      0
1905      0
1906      88.3159
1907      97.2479
1908      52.1553
1909      0
1910      86.0478
1911      96.2729
1912      0
1913      91.1686
1914      52.4016
1915      0
1916      99.4503
1917      61.4089
1918      87.34
1919      82.5802
1920      98.6661
1921      91.1686
1922      82.3545
1923      0
1924      72.2355
1925      96.5555
1926      68.6129
1927      0
1928      86.2036
1929      0
1930      92.5671
1931      53.129
1932      95.3492
1933      94.6607
1934      0
1935      57.9666
1936      96.9543
1937      0
1938      92.603
1939      89.5986
1940      0
1941      99.8791
1942      97.6835
1943      37.8918
1944      52.5189
1945      0
1946      0
1947      0
1948      95.9769
1949      95.8582
1950      93.3521
1951      0
1952      0
1953      52.9952
1954      0
1955      0
1956      0
1957      89.3883
1958      71.21
1959      96.266
1960      0
1961      0
1962      95.9411
1963      98.6387
1964      64.2148
1965      0
1966      0
1967      61.7893
1968      0
1969      85.0108
1970      0
1971      0
1972      0
1973      99.1421
1974      61.161
1975      0
1976      0
1977      77.6694
1978      35.1765
1979      0
1980      0
1981      77.6694
1982      0
1983      80.7492
1984      98.2845
1985      0
1986      0
1987      71.3142
1988      0
1989      94.4527
1990      0
1991      49.2867
1992      57.908
1993      0
1994      0
1995      86.4714
1996      64.4515
1997      0
1998      64.4651
1999      76.3822
2000      98.2547
2001      0
2002      0
2003      89.0957
2004      0
2005      96.1831
2006      0
2007      0
2008      0
2009      67.0443
2010      0
2011      83.556
2012      96.2571
2013      86.6428
2014      64.5624
2015      78.5943
2016      64.3051
2017      72.2331
2018      0
2019      0
2020      79.9228
2021      75.0579
2022      89.8518
2023      67.6658
2024      0
2025      0
2026      0
2027      64.1186
2028      47.3112
2029      0
2030      88.5001
2031      0
2032      0
2033      0
2034      76.1093
2035      88.3159
2036      0
2037      0
2038      0
2039      0
2040      44.6455
2041      63.0267
2042      94.4527
2043      0
2044      83.7152
2045      0
2046      84.475
2047      88.1059
2048      94.1865
2049      0
2050      0
2051      99.9337
2052      55.2536
2053      0
2054      90.9624
2055      85.5907
2056      75.9154
2057      76.9662
2058      0
2059      64.3497
2060      90.7524
2061      98.8631
2062      0
2063      95.1795
2064      0
2065      0
2066      83.8735
2067      88.5054
2068      82.3545
2069      79.8245
2070      82.3208
2071      0
2072      59.776
2073      0
2074      60.1279
2075      69.105
2076      0
2077      97.6835
2078      96.7356
2079      0
2080      0
2081      0
2082      0
2083      90.7837
2084      0
2085      0
2086      47.1616
2087      0
2088      0
2089      96.1571
2090      0
2091      91.7777
2092      83.1718
2093      0
2094      0
2095      0
2096      93.6668
2097      0
2098      59.1433
2099      74.8971
2100      0
2101      0
2102      51.6238
2103      0
2104      0
2105      0
2106      0
2107      78.0499
2108      82.0559
2109      79.5959
2110      98.3146
2111      93.872
2112      57.934
2113      0
2114      99.5661
2115      79.9228
2116      0
2117      0
2118      92.5748
2119      0
2120      85.0325
2121      78.3249
2122      0
2123      99.5995
2124      99.2659
2125      95.8345
2126      89.7015
2127      90.7837
2128      0
2129      57.1903
2130      0
2131      55.9831
2132      0
2133      95.8345
2134      0
2135      85.0651
2136      88.9522
2137      0
2138      82.9734
2139      61.7893
2140      73.6364
2141      68.0484
2142      99.2892
2143      92.7797
2144      0
2145      75.4128
2146      78.2321
2147      89.6306
2148      0
2149      54.8494
2150      58.3857
2151      92.3308
2152      71.4398
2153      92.9827
2154      0
2155      94.6607
2156      65.1559
2157      95.5047
2158      0
2159      0
2160      0
2161      54.9919
2162      0
2163      90.8592
2164      89.2067
2165      96.348
2166      88.9714
2167      82.5429
2168      85.7912
2169      67.0443
2170      0
2171      0
2172      83.1298
2173      0
2174      73.3205
2175      65.5911
2176      65.9825
2177      0
2178      0
2179      0
2180      75.9154
2181      0
2182      45.2863
2183      67.0443
2184      95.6385
2185      95.9411
2186      86.5167
2187      0
2188      0
2189      92.9059
2190      0
2191      0
2192      0
2193      81.7387
2194      0
2195      79.2117
2196      97.3842
2197      92.5324
2198      80.9533
2199      63.1489
2200      76.3386
2201      48.5347
2202      0
2203      72.2331
2204      0
2205      78.666
2206      95.8345
2207      77.6064
2208      0
2209      0
2210      72.5677
2211      65.2608
2212      0
2213      0
2214      0
2215      0
2216      0
2217      0
2218      76.7184
2219      0
2220      0
2221      68.8292
2222      0
2223      73.5318
2224      99.5995
2225      0
2226      87.906
2227      80.3636
2228      84.475
2229      89.6306
2230      0
2231      72.8345
2232      89.5659
2233      56.9496
2234      85.2424
2235      0
2236      70.3529
2237      76.2828
2238      70.6677
2239      0
2240      97.2984
2241      79.0584
2242      0
2243      0
2244      0
2245      55.5816
2246      54.6829
2247      0
2248      0
2249      0
2250      75.8119
2251      95.1684
2252      0
2253      98.7492
2254      0
2255      41.4828
2256      0
2257      0
2258      72.139
2259      60.3328
2260      51.7485
2261      0
2262      53.8978
2263      59.4728
2264      0
2265      67.0443
2266      75.8043
2267      86.4515
2268      54.1461
2269      0
2270      0
2271      0
2272      86.0478
2273      0
2274      89.3883
2275      95.1795
2276      0
2277      84.2192
2278      98.913
2279      92.9842
2280      82.5429
2281      52.803
2282      0
2283      94.7336
2284      0
2285      96.7356
2286      55.9043
2287      95.3617
2288      83.8006
2289      82.3208
2290      0
2291      0
2292      77.097
2293      0
2294      0
2295      97.3388
2296      0
2297      98.0145
2298      44.7173
2299      0
2300      66.9519
2301      0
2302      84.6203
2303      0
2304      0
2305      90.3216
2306      54.9934
2307      95.1795
2308      75.6837
2309      86.8944
2310      84.475
2311      0
2312      0
2313      91.4028
2314      55.9831
2315      0
2316      82.8148
2317      72.3527
2318      0
2319      97.0081
2320      79.6597
2321      91.5453
2322      0
2323      53.2982
2324      66.8917
2325      0
2326      0
2327      58.7769
2328      83.8594
2329      93.9422
2330      39.7056
2331      0
2332      81.4167
2333      0
2334      79.4197
2335      37.8081
2336      95.5047
2337      89.6158
2338      0
2339      93.6668
2340      0
2341      61.5685
2342      0
2343      70.6623
2344      0
2345      0
2346      0
2347      86.2036
2348      72.5454
2349      42.8184
2350      0
2351      0
2352      0
2353      75.8641
2354      0
2355      0
2356      98.0746
2357      44.2247
2358      0
2359      91.8491
2360      74.1114
2361      0
2362      98.1574
2363      0
2364      0
2365      0
2366      44.7661
2367      72.2747
2368      96.7052
2369      58.6394
2370      60.3427
2371      98.7039
2372      0
2373      0
2374      0
2375      97.0199
2376      96.2729
2377      0
2378      74.7524
2379      0
2380      0
2381      0
2382      80.7178
2383      0
2384      0
2385      67.0443
2386      98.5931
2387      54.9934
2388      0
2389      86.4714
2390      58.3336
2391      72.8345
2392      77.0419
2393      72.2368
2394      0
2395      99.9683
2396      75.2651
2397      93.1494
2398      96.2571
2399      82.2489
2400      0
2401      99.0787
2402      89.8305
2403      98.8631
2404      80.9669
2405      63.1743
2406      0
2407      94.45
2408      82.3545
2409      99.675
2410      89.6896
2411      0
2412      98.7039
2413      0
2414      71.21
2415      0
2416      79.693
2417      0
2418      0
2419      55.4417
2420      0
2421      89.8518
2422      0
2423      73.1909
2424      90.7304
2425      99.4503
2426      49.5326
2427      90.6429
2428      63.1743
2429      63.9776
2430      85.26
2431      73.6364
2432      0
2433      37.8081
2434      0
2435      0
2436      41.2344
2437      99.2365
2438      76.9662
2439      93.4277
2440      89.3792
2441      72.5527
2442      71.9407
2443      78.666
2444      0
2445      0
2446      99.2118
2447      88.9869
2448      76.1093
2449      88.9522
2450      0
2451      91.6978
2452      79.1179
2453      75.5535
2454      0
2455      41.2216
2456      0
2457      86.5058
2458      75.1322
2459      83.9661
2460      0
2461      0
2462      0
2463      0
2464      83.5299
2465      0
2466      0
2467      96.5555
2468      88.7131
2469      0
2470      0
2471      0
2472      0
2473      72.5454
2474      0
2475      0
2476      59.4728
2477      93.9353
2478      94.45
2479      80.5079
2480      0
2481      0
2482      73.6364
2483      0
2484      43.8489
2485      91.4028
2486      54.6829
2487      57.8092
2488      75.8649
2489      79.6886
2490      85.0108
2491      78.0472
2492      71.1015
2493      0
2494      66.6218
2495      82.3208
2496      79.1891
2497      73.5318
2498      0
2499      73.1546
       82134.1
