0      74.7177
1      83.0817
2      0
3      53.4537
4      97.7805
5      99.9897
6      99.9926
7      0
8      0
9      99.4566
10      0
11      0
12      99.9897
13      79.184
14      0
15      0
16      76.6353
17      67.1983
18      0
19      67.375
20      0
21      75.4492
22      0
23      0
24      98.7573
25      0
26      87.5153
27      86.9866
28      0
29      0
30      75.1077
31      57.7936
32      99.9801
33      0
34      75.4492
35      0
36      0
37      89.2501
38      0
39      0
40      88.6399
41      99.9801
42      99.9801
43      99.9801
44      93.8469
45      17.0506
46      99.987
47      99.9028
48      0
49      0
50      0
51      0
52      0
53      0
54      0
55      62.118
56      0
57      0
58      81.4539
59      99.9801
60      57.7936
61      0
62      64.423
63      99.9966
64      0
65      76.6353
66      92.2358
67      0
68      0
69      0
70      83.237
71      99.9801
72      52.9423
73      98.9622
74      99.4325
75      41.9336
76      77.5887
77      0
78      0
79      99.9978
80      0
81      0
82      89.2501
83      78.3512
84      81.3007
85      83.2621
86      0
87      52.9423
88      81.0457
89      0
90      53.6288
91      87.0051
92      0
93      83.2621
94      0
95      98.7573
96      95.0546
97      0
98      0
99      0
100      99.4325
101      44.0317
102      0
103      94.3512
104      99.7056
105      67.1917
106      99.987
107      0
108      99.9801
109      99.8373
110      52.7572
111      53.6288
112      98.9156
113      0
114      81.5936
115      99.9801
116      0
117      0
118      0
119      0
120      99.9897
121      99.9897
122      0
123      0
124      99.818
125      99.9897
126      99.9107
127      99.8657
128      99.8657
129      99.9801
130      99.7111
131      99.9897
132      80.3902
133      71.7245
134      0
135      77.2223
136      0
137      79.2656
138      86.9866
139      0
140      0
141      70.5726
142      0
143      0
144      96.9828
145      98.9156
146      79.6448
147      92.2358
148      63.0844
149      70.4843
150      0
151      99.9822
152      99.8574
153      0
154      0
155      77.2223
156      98.9386
157      0
158      79.5191
159      0
160      0
161      84.7803
162      0
163      0
164      94.5054
165      57.8591
166      99.987
167      0
168      99.9801
169      99.9444
170      70.6379
171      99.9966
172      99.235
173      0
174      47.6538
175      0
176      0
177      98.6671
178      79.4416
179      0
180      0
181      0
182      0
183      99.9822
184      0
185      99.9966
186      0
187      0
188      0
189      99.987
190      0
191      99.9801
192      62.118
193      0
194      0
195      71.1602
196      0
197      39.8583
198      0
199      68.5434
       6357.32
