0      63.0205
1      0
2      65.3851
3      0
4      0
5      98.9909
6      99.9224
7      99.9224
8      0
9      0
10      0
11      0
12      99.9615
13      67.8258
14      0
15      87.2349
16      74.7215
17      96.554
18      49.1326
19      0
20      0
21      99.8819
22      0
23      84.2095
24      63.4275
25      79.7932
26      70.7102
27      69.962
28      55.566
29      0
30      74.7215
31      80.4446
32      59.0796
33      99.9344
34      86.1055
35      0
36      0
37      99.2946
38      79.2348
39      99.8786
40      63.3524
41      0
42      0
43      0
44      0
45      99.0834
46      0
47      0
48      99.9615
49      66.8294
50      97.1335
51      97.1757
52      87.6364
53      0
54      0
55      81.523
56      0
57      0
58      73.9334
59      74.7474
60      62.7279
61      81.4019
62      99.4078
63      0
64      78.1719
65      98.9909
66      99.9834
67      86.1724
68      52.4471
69      0
70      0
71      99.7517
72      0
73      0
74      0
75      0
76      0
77      0
78      0
79      52.4471
80      0
81      43.4838
82      0
83      99.9615
84      0
85      0
86      52.6723
87      99.9834
88      76.234
89      0
90      0
91      99.9834
92      42.6139
93      0
94      0
95      59.0517
96      0
97      72.2945
98      0
99      0
100      99.9615
101      0
102      63.0145
103      92.8791
104      0
105      99.9224
106      76.8719
107      0
108      99.8593
109      99.9615
110      0
111      0
112      99.8505
113      73.9334
114      83.2316
115      0
116      99.9716
117      0
118      94.9524
119      51.6179
120      98.6029
121      70.4658
122      97.1335
123      99.8786
124      96.554
125      95.9858
126      0
127      99.9847
128      59.1567
129      92.3377
130      78.9334
131      0
132      59.0865
133      0
134      52.8171
135      0
136      90.1925
137      0
138      0
139      0
140      67.5914
141      0
142      83.565
143      0
144      0
145      99.2946
146      0
147      0
148      99.9615
149      69.4449
150      99.7517
151      0
152      42.95
153      99.7517
154      86.5215
155      0
156      99.7528
157      0
158      83.826
159      56.5911
160      99.8786
161      68.6502
162      0
163      90.857
164      46.2613
165      86.3457
166      0
167      88.6496
168      58.891
169      99.9698
170      43.1291
171      72.7244
172      96.2582
173      0
174      99.9245
175      60.2617
176      96.5492
177      99.9615
178      0
179      0
180      89.8633
181      99.9224
182      0
183      0
184      0
185      0
186      99.4078
187      55.566
188      69.6797
189      0
190      0
191      0
192      35.4989
193      0
194      78.1719
195      56.0854
196      0
197      0
198      0
199      0
       6775.61
