0      98.4182
1      0
2      99.9994
3      70.2237
4      0
5      87.3133
6      54.0872
7      69.1749
8      87.1932
9      0
10      92.5734
11      57.4868
12      0
13      97.3906
14      82.6503
15      95.3037
16      68.2211
17      99.6852
18      99.9997
19      0
20      0
21      79.1276
22      88.5074
23      0
24      0
25      0
26      0
27      0
28      0
29      99.9994
30      88.9671
31      67.9989
32      33.0858
33      99.9997
34      86.0835
35      0
36      0
37      0
38      0
39      95.4515
40      76.8345
41      50.2311
42      99.9787
43      0
44      0
45      0
46      0
47      67.7754
48      99.5008
49      99.3986
50      0
51      99.9997
52      0
53      0
54      69.7912
55      0
56      66.7587
57      32.1304
58      87.0911
59      0
60      0
61      92.1003
62      0
63      99.5032
64      0
65      0
66      0
67      99.904
68      50.413
69      71.8768
70      70.2237
71      50.0009
72      0
73      99.9997
74      0
75      82.034
76      41.268
77      0
78      96.8841
79      99.6843
80      87.0911
81      0
82      82.6503
83      0
84      92.5734
85      0
86      99.924
87      0
88      99.9245
89      88.4698
90      63.6349
91      0
92      99.9994
93      0
94      99.9787
95      99.9994
96      76.3638
97      0
98      99.9994
99      69.1211
       3231.44
