0      58.872
1      99.957
2      99.8906
3      0.000397524
4      57.1033
5      96.3905
6      0
7      0
8      74.1772
9      97.7619
10      0
11      75.8883
12      99.957
13      0
14      0
15      99.9975
16      99.957
17      0
18      0
19      0
20      0
21      57.4265
22      0
23      0
24      99.9975
25      77.0368
26      84.6062
27      0
28      58.9738
29      99.9718
30      99.969
31      50.0909
32      99.9975
33      79.5824
34      0
35      99.4421
36      99.9694
37      99.997
38      0
39      0
40      99.8588
41      38.6984
42      0
43      81.2836
44      0
45      99.9818
46      49.9108
47      99.9967
48      0
49      0
       1329.13
