0      0
1      0
2      0
3      96.3765
4      53.2742
5      99.0197
6      45.2321
7      0
8      0
9      92.7317
10      0
11      0
12      46.4415
13      90.348
14      99.5124
15      94.4982
16      71.4237
17      84.3722
18      43.6353
19      0
20      90.348
21      78.2973
22      0
23      89.9145
24      99.0197
25      59.3671
26      99.8024
27      66.8409
28      66.5026
29      0
30      90.348
31      79.8865
32      77.7439
33      90.9644
34      98.2419
35      0
36      0
37      61.1748
38      0
39      96.4509
40      0
41      0
42      0
43      99.5435
44      82.5797
45      96.5572
46      74.5423
47      57.3318
48      71.2437
49      0
50      99.8682
51      99.8613
52      92.4362
53      0
54      0
55      0
56      0
57      42.3356
58      76.3928
59      76.3905
60      90.348
61      0
62      56.9799
63      99.5587
64      71.7361
65      0
66      60.4804
67      0
68      77.7439
69      0
70      96.6865
71      0
72      86.4158
73      54.6946
74      88.899
75      91.3095
76      0
77      82.1175
78      0
79      96.4956
80      0
81      64.4117
82      0
83      77.7384
84      92.5416
85      0
86      75.0243
87      42.5944
88      42.179
89      82.1175
90      84.9738
91      99.0197
92      0
93      0
94      99.4855
95      0
96      66.0171
97      99.5931
98      65.8516
99      0
100      56.3367
101      0
102      98.2938
103      99.8487
104      0
105      0
106      0
107      55.8684
108      0
109      64.0919
110      97.5201
111      99.4028
112      0
113      0
114      0
115      0
116      0
117      99.5587
118      56.7819
119      42.179
120      99.8682
121      84.501
122      94.4982
123      99.6648
124      79.3805
125      0
126      79.3303
127      86.4158
128      0
129      99.9169
130      84.9738
131      0
132      81.9428
133      0
134      69.4226
135      90.3283
136      50.8628
137      0
138      66.5058
139      84.8429
140      59.8105
141      76.3229
142      0
143      99.5587
144      77.7384
145      0
146      0
147      76.0674
148      59.2185
149      0
150      99.0197
151      99.4028
152      0
153      50.671
154      71.973
155      0
156      0
157      99.5931
158      64.4117
159      52.7483
160      0
161      88.7608
162      0
163      99.5931
164      64.0919
165      79.8865
166      0
167      0
168      77.7439
169      0
170      79.9623
171      0
172      0
173      99.0197
174      90.3283
175      77.7384
176      66.7306
177      0
178      73.0042
179      58.6015
180      54.6814
181      0
182      99.9485
183      0
184      78.0035
185      0
186      86.2019
187      99.5285
188      0
189      57.4533
190      0
191      0
192      65.2428
193      0
194      0
195      91.0172
196      0
197      84.8429
198      0
199      65.2545
200      42.179
201      0
202      0
203      88.899
204      0
205      0
206      73.0042
207      0
208      0
209      0
210      99.8682
211      72.4114
212      0
213      0
214      0
215      47.0889
216      47.5603
217      0
218      50.2991
219      0
220      33.2924
221      0
222      84.3831
223      0
224      99.5238
225      84.3831
226      69.4286
227      0
228      0
229      88.8798
230      0
231      0
232      96.5863
233      93.9682
234      98.2419
235      72.3287
236      0
237      0
238      99.5931
239      0
240      93.0067
241      0
242      99.9339
243      0
244      78.927
245      0
246      0
247      0
248      52.2444
249      0
250      0
251      40.0671
252      93.3685
253      0
254      0
255      0
256      71.0753
257      0
258      99.5124
259      99.5587
260      67.9586
261      0
262      44.9606
263      0
264      97.8649
265      44.2167
266      79.6108
267      46.8216
268      99.7834
269      81.0781
270      0
271      99.1599
272      96.5572
273      57.0881
274      48.2613
275      48.2613
276      92.9283
277      0
278      95.6307
279      93.7775
280      0
281      0
282      0
283      54.5597
284      70.3731
285      60.7177
286      0
287      88.899
288      0
289      81.128
290      84.1378
291      77.7439
292      97.5201
293      0
294      50.8015
295      91.9211
296      99.5931
297      0
298      71.0753
299      97.39
300      0
301      51.2671
302      99.8682
303      0
304      0
305      0
306      0
307      99.5124
308      0
309      0
310      0
311      0
312      83.3612
313      0
314      80.0142
315      76.3928
316      0
317      0
318      0
319      94.4982
320      0
321      97.8649
322      99.8682
323      99.8682
324      0
325      0
326      90.3102
327      46.1962
328      0
329      99.4028
330      0
331      0
332      0
333      66.0025
334      77.7439
335      0
336      0
337      99.8682
338      0
339      66.0025
340      0
341      0
342      61.898
343      0
344      91.0558
345      75.7512
346      96.5863
347      0
348      99.9485
349      0
350      89.9363
351      92.6459
352      0
353      64.731
354      0
355      67.4106
356      96.5572
357      95.7047
358      84.1649
359      0
360      84.1378
361      70.3987
362      0
363      97.4867
364      0
365      99.5587
366      0
367      66.7306
368      0
369      77.24
370      0
371      0
372      0
373      0
374      0
375      0
376      0
377      81.6019
378      84.501
379      99.8682
380      88.899
381      99.0197
382      90.348
383      0
384      0
385      92.9283
386      99.5285
387      52.5927
388      0
389      0
390      70.7644
391      98.2419
392      0
393      62.2183
394      69.4815
395      0
396      0
397      99.8682
398      0
399      58.9805
400      0
401      99.5931
402      76.5549
403      0
404      99.8682
405      99.0197
406      99.9286
407      56.4674
408      99.4486
409      99.7634
410      61.1874
411      96.5572
412      59.0772
413      77.7439
414      0
415      71.2437
416      51.074
417      55.314
418      48.7037
419      66.5535
420      66.0653
421      0
422      46.5188
423      99.0197
424      85.1465
425      0
426      53.7119
427      0
428      88.899
429      75.6345
430      99.9485
431      0
432      0
433      0
434      0
435      51.074
436      97.5201
437      96.4956
438      99.9485
439      0
440      99.8024
441      55.1629
442      99.0197
443      46.4415
444      99.6648
445      61.5848
446      76.9724
447      0
448      65.2545
449      90.3283
450      0
451      73.5812
452      76.9724
453      99.8682
454      0
455      0
456      82.565
457      97.807
458      0
459      0
460      84.501
461      0
462      0
463      92.348
464      0
465      52.2082
466      95.2433
467      97.6072
468      97.6072
469      99.5285
470      69.1802
471      0
472      0
473      0
474      0
475      0
476      0
477      59.3671
478      85.1655
479      99.0197
480      84.3924
481      84.501
482      52.7269
483      0
484      0
485      0
486      74.7336
487      0
488      0
489      0
490      0
491      0
492      71.9502
493      99.5587
494      51.0245
495      0
496      85.2164
497      99.4486
498      90.6046
499      96.5572
500      82.565
501      0
502      0
503      0
504      89.3766
505      0
506      99.7834
507      98.9982
508      0
509      67.8294
510      84.501
511      97.0604
512      65.2545
513      74.4577
514      0
515      51.6577
516      0
517      99.5124
518      0
519      99.8682
520      0
521      96.8523
522      79.7092
523      0
524      73.5812
525      0
526      65.2545
527      0
528      0
529      0
530      0
531      0
532      0
533      66.4169
534      99.5124
535      89.7671
536      0
537      45.3403
538      0
539      0
540      0
541      0
542      92.6761
543      82.6978
544      82.565
545      99.6648
546      0
547      0
548      99.0197
549      99.8024
550      0
551      99.5238
552      0
553      0
554      97.581
555      0
556      32.0986
557      97.6072
558      86.3612
559      0
560      0
561      0
562      60.4804
563      67.9427
564      73.6135
565      0
566      58.2827
567      0
568      0
569      0
570      85.9925
571      0
572      0
573      90.8863
574      74.5423
575      43.2963
576      0
577      0
578      0
579      96.6865
580      99.7634
581      99.5285
582      0
583      89.3766
584      96.4956
585      0
586      96.4956
587      0
588      59.6376
589      99.0197
590      0
591      99.4028
592      0
593      66.7306
594      0
595      99.9485
596      0
597      92.6761
598      99.2618
599      68.2677
600      95.3439
601      0
602      45.2321
603      0
604      92.9283
605      0
606      38.1238
607      0
608      75.2099
609      88.8155
610      43.7112
611      0
612      0
613      0
614      0
615      0
616      99.8487
617      82.1175
618      0
619      41.8259
620      0
621      57.4533
622      0
623      99.5124
624      0
625      63.6209
626      0
627      80.0142
628      73.5486
629      99.1355
630      65.4112
631      0
632      99.4855
633      99.7634
634      89.2783
635      43.7112
636      0
637      0
638      95.2298
639      0
640      59.6034
641      0
642      49.7816
643      69.2151
644      99.4486
645      0
646      69.2151
647      0
648      85.1655
649      0
650      99.9485
651      0
652      99.8682
653      68.1378
654      89.8611
655      70.2881
656      63.4684
657      0
658      73.683
659      84.5691
660      0
661      79.3805
662      0
663      0
664      75.7512
665      0
666      0
667      0
668      0
669      99.9286
670      73.683
671      99.9286
672      0
673      98.2419
674      99.5285
675      99.4028
676      59.6376
677      81.1066
678      0
679      79.8865
680      0
681      0
682      70.9687
683      0
684      92.6761
685      0
686      0
687      83.1522
688      99.0197
689      0
690      99.4028
691      99.8682
692      66.0025
693      0
694      0
695      0
696      51.074
697      0
698      99.8682
699      99.9485
700      0
701      86.4158
702      0
703      92.4682
704      45.3403
705      0
706      99.5285
707      0
708      0
709      99.6902
710      76.3229
711      0
712      0
713      84.8429
714      0
715      78.8419
716      78.927
717      0
718      50.9087
719      0
720      34.7684
721      50.741
722      0
723      96.6865
724      0
725      0
726      50.093
727      62.5417
728      92.9283
729      86.0651
730      0
731      0
732      73.1515
733      0
734      0
735      0
736      0
737      74.5423
738      0
739      89.9363
740      52.2444
741      0
742      94.4926
743      0
744      51.0245
745      73.3595
746      0
747      99.7834
748      0
749      99.4028
750      88.5235
751      96.4956
752      85.1655
753      0
754      0
755      84.9738
756      93.3685
757      0
758      70.4983
759      38.2235
760      0
761      0
762      52.8476
763      70.6619
764      89.3766
765      84.837
766      89.9363
767      78.8191
768      0
769      70.3731
770      0
771      0
772      66.5535
773      94.021
774      0
775      96.5572
776      99.0197
777      66.0171
778      0
779      0
780      0
781      76.3928
782      99.8682
783      99.8682
784      0
785      99.4486
786      99.8682
787      0
788      90.8407
789      0
790      45.1159
791      0
792      67.1865
793      0
794      50.494
795      0
796      99.7634
797      69.2151
798      88.8798
799      99.0197
800      0
801      91.9211
802      0
803      94.021
804      45.9787
805      41.6512
806      93.7775
807      0
808      0
809      0
810      99.9286
811      99.5587
812      99.5587
813      73.683
814      0
815      0
816      99.7634
817      84.501
818      0
819      53.5033
820      85.2251
821      0
822      0
823      87.3288
824      92.4415
825      67.4106
826      78.2973
827      80.0142
828      53.2742
829      86.7157
830      0
831      52.9835
832      0
833      62.023
834      81.2428
835      99.7634
836      0
837      99.5931
838      90.8863
839      0
840      0
841      99.1355
842      99.8024
843      99.7382
844      0
845      91.5494
846      0
847      0
848      0
849      0
850      68.2677
851      82.565
852      67.1865
853      0
854      71.2437
855      55.1629
856      0
857      52.4179
858      96.5572
859      74.0166
860      52.4815
861      65.2428
862      0
863      82.565
864      0
865      99.4855
866      0
867      55.9405
868      99.5285
869      59.8786
870      70.7969
871      59.5627
872      99.5285
873      93.7775
874      56.3421
875      99.5435
876      92.9283
877      81.6019
878      0
879      75.7853
880      0
881      43.7112
882      80.0142
883      0
884      0
885      0
886      0
887      68.1378
888      91.209
889      56.4674
890      0
891      0
892      89.2992
893      0
894      0
895      0
896      0
897      99.9485
898      49.0457
899      0
900      0
901      53.7119
902      99.8682
903      89.3766
904      54.1778
905      49.8325
906      99.1355
907      68.2192
908      99.9485
909      0
910      99.0197
911      0
912      0
913      0
914      47.1772
915      0
916      0
917      66.0653
918      99.9339
919      0
920      0
921      86.7157
922      99.5285
923      0
924      89.8207
925      99.0197
926      53.7484
927      0
928      76.4616
929      66.0025
930      99.8682
931      70.7969
932      0
933      0
934      0
935      99.5124
936      0
937      0
938      96.0817
939      0
940      0
941      70.7644
942      88.899
943      0
944      77.7439
945      99.9485
946      98.9982
947      0
948      0
949      96.4956
950      72.1361
951      90.3102
952      0
953      36.93
954      52.2082
955      0
956      99.5285
957      0
958      76.0674
959      0
960      99.5435
961      0
962      99.5743
963      93.9682
964      0
965      80.0142
966      0
967      91.0558
968      84.8429
969      66.0653
970      58.6015
971      84.837
972      0
973      99.8485
974      0
975      70.7969
976      85.1465
977      99.4951
978      0
979      93.7775
980      73.3595
981      99.5124
982      0
983      0
984      0
985      81.9428
986      62.023
987      97.807
988      0
989      61.1422
990      99.5587
991      89.7671
992      52.2082
993      85.6095
994      0
995      0
996      0
997      98.9982
998      96.4956
999      0
       33059.8
