0      84.4139
1      99.9998
2      0
3      58.3732
4      84.3995
5      88.6781
6      99.9998
7      0
8      0
9      50.3263
10      0
11      0
12      99.8906
13      89.2048
14      0
15      0
16      93.7715
17      86.5444
18      99.9275
19      99.9998
20      80.6681
21      99.9998
22      99.9998
23      0
24      99.9016
25      99.9998
26      0
27      80.2358
28      0
29      90.4224
30      0
31      69.5056
32      0
33      39.518
34      0
35      0
36      58.2399
37      63.8809
38      69.2422
39      0
40      99.9998
41      0
42      0
43      94.3495
44      0
45      0
46      0
47      99.9998
48      99.9971
49      63.1338
       1450.22
