0      72.361
1      0
2      95.6174
3      86.3931
4      0
5      0
6      99.9464
7      0
8      0
9      39.5053
10      95.6174
11      0
12      0
13      95.6174
14      64.4552
15      67.0058
16      0
17      99.6448
18      62.0541
19      0
20      99.6448
21      99.992
22      0
23      99.7976
24      0
25      57.2544
26      99.6581
27      79.8245
28      0
29      99.992
30      0
31      0
32      91.5696
33      73.2239
34      0
35      99.6581
36      0
37      81.9961
38      0
39      60.8359
40      0
41      99.9464
42      99.6581
43      70.7694
44      54.4128
45      89.5432
46      0
47      66.5644
48      0
49      0
50      93.881
51      89.218
52      55.9749
53      0
54      0
55      0
56      99.5884
57      77.73
58      0
59      65.5524
60      99.992
61      0
62      42.8143
63      99.9464
64      90.7946
65      0
66      65.6702
67      99.7976
68      53.4747
69      0
70      0
71      0
72      72.0407
73      0
74      83.7212
75      0
76      99.9464
77      70.6916
78      0
79      0
80      0
81      0
82      0
83      65.5524
84      0
85      0
86      99.6581
87      87.6483
88      99.992
89      58.4237
90      99.697
91      72.521
92      49.6094
93      99.6581
94      0
95      81.7637
96      0
97      99.9114
98      75.1061
99      53.6245
100      0
101      0
102      96.9341
103      73.6879
104      66.4431
105      0
106      0
107      0
108      90.7946
109      0
110      99.6581
111      0
112      99.9464
113      83.1485
114      0
115      0
116      0
117      0
118      0
119      0
120      87.6483
121      0
122      0
123      0
124      58.0859
125      56.3006
126      0
127      99.992
128      76.0222
129      0
130      0
131      0
132      0
133      99.992
134      0
135      0
136      0
137      72.9074
138      98.0549
139      32.4249
140      66.5644
141      0
142      69.1875
143      76.5254
144      0
145      44.6904
146      0
147      64.4552
148      90.7946
149      0
150      59.6449
151      51.9594
152      0
153      0
154      84.7138
155      99.992
156      0
157      0
158      84.1253
159      99.9464
160      0
161      0
162      0
163      99.7976
164      0
165      0
166      0
167      95.1826
168      79.8245
169      0
170      0
171      0
172      75.3579
173      68.4365
174      0
175      65.6702
176      85.014
177      99.7976
178      0
179      92.5417
180      0
181      51.4479
182      73.6879
183      83.9477
184      0
185      0
186      97.8178
187      72.9969
188      99.9464
189      0
190      79.8411
191      0
192      0
193      82.0031
194      87.8793
195      0
196      0
197      0
198      99.992
199      0
200      0
201      99.6581
202      82.7808
203      0
204      97.3344
205      86.3931
206      85.8301
207      68.0475
208      95.4502
209      0
210      59.394
211      99.9464
212      74.4823
213      56.6004
214      98.1293
215      0
216      0
217      99.9464
218      99.992
219      99.9464
220      95.1826
221      0
222      95.5979
223      0
224      95.6174
225      83.0378
226      0
227      0
228      66.7816
229      0
230      99.992
231      81.0018
232      99.6891
233      0
234      89.5432
235      59.3894
236      95.1826
237      0
238      95.5966
239      0
240      0
241      97.3344
242      86.306
243      0
244      99.5848
245      74.123
246      99.9313
247      99.992
248      80.5773
249      87.6483
250      68.4365
251      71.2474
252      53.238
253      99.6581
254      99.8084
255      89.218
256      76.7547
257      0
258      0
259      99.9464
260      0
261      56.0148
262      44.7974
263      83.0378
264      74.4823
265      0
266      82.9048
267      99.992
268      99.992
269      0
270      73.6009
271      98.1293
272      44.7974
273      0
274      52.905
275      79.3244
276      90.4587
277      83.5005
278      99.6581
279      0
280      0
281      97.3344
282      99.9464
283      0
284      0
285      99.9464
286      99.992
287      70.9268
288      0
289      0
290      59.1202
291      0
292      0
293      58.4237
294      0
295      0
296      0
297      77.4322
298      61.4977
299      99.9464
300      90.7946
301      0
302      0
303      0
304      99.7976
305      70.7985
306      97.898
307      0
308      0
309      77.0336
310      0
311      0
312      0
313      0
314      96.2606
315      0
316      74.5482
317      99.9464
318      0
319      93.881
320      40.8014
321      0
322      66.7816
323      0
324      0
325      97.1283
326      99.9464
327      75.3579
328      75.3892
329      99.992
330      0
331      98.0358
332      99.7976
333      70.7985
334      99.992
335      0
336      82.3559
337      77.0694
338      0
339      99.7976
340      70.6916
341      0
342      53.7134
343      77.7246
344      0
345      0
346      0
347      0
348      0
349      0
350      0
351      64.0057
352      0
353      0
354      99.7976
355      0
356      52.905
357      59.3894
358      84.4913
359      62.0541
360      0
361      0
362      99.6581
363      0
364      0
365      77.3889
366      58.4237
367      74.4823
368      99.6581
369      99.9114
370      85.1741
371      99.6979
372      0
373      99.5884
374      0
375      99.9568
376      99.992
377      78.3036
378      99.6702
379      97.3344
380      0
381      0
382      50.3401
383      0
384      99.7039
385      0
386      63.9204
387      0
388      0
389      0
390      77.73
391      67.6223
392      0
393      0
394      99.9464
395      69.1387
396      79.8411
397      53.5551
398      0
399      81.1812
400      99.992
401      96.9341
402      96.9341
403      0
404      99.9464
405      84.9786
406      74.5482
407      72.521
408      0
409      89.7855
410      0
411      99.6891
412      0
413      62.2937
414      66.7816
415      99.6581
416      90.7946
417      85.014
418      0
419      80.1659
420      84.6083
421      0
422      0
423      80.9332
424      99.6581
425      0
426      0
427      78.9489
428      98.0358
429      73.6009
430      99.992
431      99.5884
432      97.0784
433      99.992
434      99.6448
435      0
436      96.9341
437      0
438      96.2606
439      0
440      99.4647
441      99.6448
442      99.9464
443      95.6174
444      99.9464
445      0
446      83.7677
447      0
448      0
449      99.9464
450      62.2937
451      99.992
452      99.9464
453      0
454      82.7808
455      0
456      0
457      99.9464
458      0
459      97.3344
460      0
461      99.9464
462      99.992
463      86.306
464      0
465      65.0995
466      0
467      0
468      65.1126
469      0
470      98.1293
471      0
472      77.0336
473      99.6581
474      99.9806
475      99.992
476      0
477      0
478      70.7985
479      75.3579
480      0
481      44.6904
482      0
483      84.1253
484      0
485      0
486      0
487      68.0475
488      0
489      0
490      76.5112
491      98.1293
492      99.9464
493      0
494      99.992
495      0
496      28.6165
497      0
498      0
499      0
       15884.3
