0      0
1      99.9986
2      49.0367
3      0
4      83.2122
5      65.4365
6      0
7      6.05016e-05
8      0
9      99.9967
10      84.7937
11      6.05016e-05
12      99.9967
13      6.05016e-05
14      0
15      66.4095
16      6.05016e-05
17      94.9921
18      0
19      99.9255
20      99.919
21      99.982
22      99.8723
23      66.1972
24      97.2953
25      0
26      99.9967
27      99.9826
28      0
29      92.3448
30      0
31      89.4874
32      77.288
33      0
34      99.5241
35      0
36      99.9378
37      0
38      99.999
39      98.3251
40      99.9196
41      6.05016e-05
42      74.0727
43      62.941
44      0
45      0
46      0
47      0
48      89.0685
49      72.3534
       1549.94
