0      51.5873
1      95.1047
2      64.206
3      53.7718
4      98.7226
5      0
6      39.5949
7      63.8344
8      0
9      90.9648
10      82.4524
11      79.8846
12      70.8299
13      84.9455
14      0
15      98.0535
16      0
17      81.6139
18      49.5106
19      0
20      58.7262
21      0
22      0
23      47.3332
24      43.0414
25      0
26      73.1782
27      51.7809
28      50.3456
29      92.9408
30      49.4985
31      91.3905
32      86.343
33      48.0408
34      89.2738
35      77.0458
36      0
37      93.1658
38      67.4167
39      53.9912
40      0
41      0
42      73.8848
43      0
44      44.6041
45      0
46      0
47      0
48      68.7233
49      0
50      0
51      70.2012
52      57.4373
53      0
54      96.8544
55      0
56      0
57      95.9672
58      0
59      0
60      0
61      0
62      0
63      48.9071
64      0
65      77.7747
66      73.1568
67      0
68      0
69      82.1758
70      78.9596
71      79.1516
72      92.5063
73      0
74      0
75      81.2479
76      84.9207
77      59.6134
78      79.3444
79      0
80      97.2138
81      45.9525
82      84.5443
83      95.8738
84      99.9504
85      85.623
86      0
87      80.4483
88      95.0373
89      70.7953
90      0
91      0
92      35.1865
93      52.2886
94      61.4518
95      97.3388
96      94.6495
97      0
98      85.1153
99      61.7402
100      98.982
101      78.6152
102      0
103      0
104      89.9599
105      0
106      97.7387
107      0
108      90.8313
109      0
110      83.4894
111      99.2452
112      65.408
113      0
114      99.8035
115      0
116      0
117      0
118      0
119      76.7228
120      82.5565
121      0
122      55.3627
123      0
124      97.2076
125      98.635
126      99.5124
127      0
128      99.8398
129      98.5404
130      65.8875
131      0
132      0
133      96.642
134      64.807
135      0
136      96.4395
137      58.8746
138      0
139      0
140      98.0535
141      96.5278
142      0
143      80.8708
144      96.8476
145      0
146      93.081
147      0
148      96.7933
149      80.8618
150      0
151      95.107
152      85.0451
153      59.6134
154      95.5902
155      0
156      96.5507
157      37.2707
158      0
159      97.2076
160      48.1673
161      93.5775
162      0
163      0
164      59.2114
165      76.4324
166      59.0664
167      0
168      0
169      0
170      0
171      74.4356
172      82.9237
173      80.1839
174      77.3237
175      52.2455
176      0
177      75.5203
178      0
179      78.263
180      45.1019
181      86.03
182      0
183      89.9425
184      0
185      0
186      84.4436
187      78.3898
188      0
189      71.3216
190      0
191      0
192      0
193      57.1367
194      0
195      0
196      0
197      96.5278
198      0
199      88.4369
200      84.832
201      81.2479
202      44.8601
203      0
204      0
205      91.9525
206      76.8274
207      69.8678
208      0
209      0
210      0
211      73.1161
212      98.3373
213      79.5673
214      96.2845
215      0
216      81.5475
217      56.3426
218      0
219      80.2094
220      55.9665
221      0
222      0
223      92.2121
224      0
225      80.8618
226      0
227      76.5467
228      66.8893
229      94.2551
230      66.4328
231      0
232      0
233      49.3263
234      87.3593
235      47.5409
236      47.5973
237      73.1161
238      59.6578
239      76.6358
240      88.727
241      0
242      73.572
243      93.4243
244      88.3296
245      0
246      55.7256
247      74.7027
248      0
249      75.4654
250      93.8843
251      0
252      80.6216
253      76.9099
254      74.9731
255      0
256      0
257      0
258      0
259      0
260      90.97
261      65.4709
262      95.4221
263      95.3642
264      0
265      81.1473
266      0
267      39.9878
268      90.206
269      0
270      55.8668
271      74.9731
272      0
273      0
274      0
275      86.0563
276      0
277      0
278      67.4054
279      97.5377
280      0
281      0
282      37.287
283      41.9967
284      72.2836
285      90.8176
286      59.7171
287      0
288      78.7073
289      0
290      71.2196
291      79.3444
292      63.9212
293      74.2755
294      88.6511
295      0
296      85.8354
297      97.9348
298      46.2912
299      73.5338
300      97.5377
301      89.5734
302      94.373
303      72.9894
304      56.1441
305      86.2073
306      89.5485
307      84.9455
308      79.6013
309      55.0452
310      0
311      99.499
312      0
313      0
314      0
315      89.8529
316      0
317      0
318      84.8285
319      97.9093
320      97.3382
321      0
322      98.7956
323      48.9237
324      0
325      0
326      99.1602
327      97.4119
328      97.4063
329      0
330      59.7192
331      97.6186
332      90.4404
333      56.3571
334      0
335      81.6139
336      87.0936
337      99.1602
338      0
339      99.8035
340      0
341      0
342      0
343      89.7524
344      82.1357
345      0
346      97.4063
347      0
348      82.4333
349      75.8207
350      83.4457
351      0
352      0
353      37.2707
354      0
355      0
356      97.5417
357      0
358      91.492
359      67.9344
360      0
361      0
362      0
363      77.7017
364      99.5461
365      74.621
366      85.8536
367      88.4288
368      0
369      49.0623
370      0
371      0
372      59.3705
373      88.4369
374      72.7056
375      48.2946
376      60.5922
377      0
378      48.2833
379      0
380      98.7956
381      0
382      99.2452
383      0
384      81.7776
385      0
386      0
387      0
388      0
389      0
390      78.0253
391      85.283
392      0
393      62.9541
394      74.4356
395      95.3165
396      66.5643
397      81.2479
398      0
399      0
400      95.7454
401      0
402      0
403      47.3103
404      84.9455
405      93.5145
406      0
407      60.3958
408      66.0091
409      89.2076
410      59.6134
411      55.4216
412      0
413      0
414      47.4668
415      60.1206
416      93.9913
417      0
418      99.9044
419      0
420      0
421      0
422      73.8882
423      99.8035
424      99.728
425      94.8376
426      62.4226
427      38.6041
428      0
429      97.7488
430      97.7262
431      85.7859
432      67.9121
433      0
434      0
435      0
436      0
437      0
438      74.5233
439      64.8348
440      0
441      56.5194
442      51.2311
443      44.9309
444      0
445      39.1911
446      61.1893
447      71.2533
448      85.7988
449      0
450      0
451      90.7645
452      0
453      0
454      0
455      53.0232
456      0
457      0
458      0
459      69.8035
460      71.7552
461      0
462      0
463      0
464      91.975
465      94.4448
466      0
467      95.1023
468      0
469      0
470      74.5775
471      0
472      0
473      99.2963
474      60.5941
475      0
476      53.3716
477      0
478      98.0535
479      58.876
480      0
481      0
482      98.4788
483      65.1769
484      99.5659
485      0
486      0
487      97.4403
488      73.6102
489      0
490      56.7064
491      95.6048
492      79.3434
493      90.9013
494      78.3581
495      0
496      96.8544
497      92.6904
498      48.3459
499      82.4524
500      0
501      0
502      97.2893
503      97.3901
504      0
505      95.107
506      88.8577
507      0
508      55.7256
509      0
510      0
511      54.9103
512      0
513      85.8552
514      45.5891
515      94.6495
516      71.2068
517      0
518      0
519      96.7664
520      51.5972
521      0
522      0
523      0
524      0
525      0
526      96.5278
527      82.23
528      77.3237
529      73.3475
530      0
531      0
532      0
533      78.0043
534      0
535      0
536      88.727
537      0
538      60.1429
539      60.5941
540      0
541      84.8285
542      64.6658
543      97.3191
544      0
545      0
546      0
547      97.2343
548      99.8294
549      97.2138
550      0
551      0
552      85.8354
553      93.9563
554      0
555      56.2258
556      0
557      85.7604
558      0
559      71.3643
560      0
561      90.97
562      97.2893
563      0
564      99.5461
565      63.8386
566      80.772
567      0
568      0
569      78.0949
570      0
571      65.2834
572      0
573      98.8876
574      0
575      54.7702
576      93.2004
577      0
578      56.7835
579      85.8499
580      93.5145
581      52.8069
582      0
583      99.1602
584      98.7214
585      97.7488
586      0
587      59.0171
588      95.0817
589      0
590      78.3146
591      0
592      87.3593
593      82.2359
594      0
595      0
596      0
597      0
598      99.2452
599      72.7198
600      0
601      28.6271
602      70.6833
603      0
604      0
605      59.0393
606      0
607      95.0373
608      89.7383
609      0
610      84.1687
611      0
612      76.3914
613      85.7906
614      0
615      0
616      0
617      72.6808
618      96.4395
619      54.4876
620      87.7957
621      67.2014
622      0
623      0
624      76.724
625      0
626      70.293
627      77.7406
628      49.6295
629      97.7843
630      0
631      78.3581
632      0
633      0
634      84.9455
635      0
636      57.9847
637      0
638      66.3144
639      0
640      64.672
641      0
642      41.137
643      99.3337
644      0
645      99.0535
646      73.6349
647      80.4265
648      46.3044
649      80.1055
650      91.5471
651      99.881
652      0
653      88.5172
654      91.0653
655      88.4369
656      0
657      0
658      0
659      51.9022
660      0
661      0
662      88.0961
663      50.9564
664      0
665      0
666      61.9984
667      67.4167
668      94.9189
669      0
670      94.897
671      64.1815
672      0
673      0
674      91.8863
675      0
676      0
677      0
678      0
679      93.1551
680      97.5417
681      93.8335
682      99.9898
683      84.9455
684      96.4804
685      0
686      54.9585
687      93.5145
688      65.9793
689      82.1393
690      92.2121
691      99.6132
692      44.3689
693      0
694      93.7081
695      0
696      0
697      95.3165
698      0
699      53.1213
700      59.9771
701      45.792
702      74.2539
703      94.897
704      91.0653
705      0
706      0
707      0
708      0
709      60.5255
710      54.1064
711      90.6369
712      99.5659
713      77.7406
714      0
715      77.3785
716      69.8678
717      72.0688
718      0
719      0
720      0
721      43.3616
722      0
723      0
724      0
725      52.1974
726      0
727      63.7521
728      0
729      0
730      63.8386
731      0
732      0
733      0
734      82.4524
735      80.2885
736      0
737      92.2121
738      0
739      0
740      95.9881
741      88.3296
742      0
743      63.8171
744      56.7312
745      39.7746
746      99.8434
747      50.5131
748      89.1696
749      0
750      0
751      0
752      0
753      93.7836
754      53.127
755      96.0108
756      45.2058
757      0
758      0
759      90.9013
760      0
761      0
762      47.3103
763      89.4402
764      0
765      91.3861
766      70.3608
767      83.0783
768      45.0022
769      0
770      89.2076
771      76.3744
772      0
773      88.727
774      95.107
775      59.0393
776      98.0535
777      65.7793
778      64.6249
779      0
780      87.4632
781      78.0949
782      77.0458
783      90.6767
784      94.8746
785      0
786      0
787      62.6902
788      0
789      94.6617
790      0
791      0
792      80.0459
793      98.7956
794      82.1357
795      91.0653
796      70.4492
797      55.4661
798      70.6158
799      0
800      99.4183
801      0
802      87.4632
803      0
804      0
805      0
806      0
807      0
808      76.5467
809      75.8587
810      87.3593
811      0
812      56.2649
813      99.2249
814      70.4745
815      0
816      60.6254
817      98.7226
818      76.9099
819      0
820      92.1366
821      0
822      84.2694
823      55.1063
824      85.9982
825      90.5766
826      67.008
827      81.9011
828      80.1452
829      90.867
830      0
831      0
832      0
833      69.4032
834      90.9648
835      0
836      75.4319
837      41.137
838      45.1019
839      81.9623
840      82.7603
841      94.3055
842      0
843      0
844      95.0817
845      0
846      61.7364
847      0
848      67.3514
849      0
850      55.1063
851      0
852      94.4448
853      0
854      0
855      0
856      0
857      56.6361
858      0
859      62.5789
860      94.2693
861      95.7454
862      0
863      0
864      0
865      0
866      0
867      0.0368406
868      57.9707
869      45.1885
870      99.2963
871      81.5049
872      91.4587
873      98.4012
874      78.8847
875      0
876      78.7621
877      84.273
878      0
879      99.9647
880      83.1409
881      0
882      79.6169
883      0
884      68.7233
885      87.6447
886      51.1078
887      0
888      66.9079
889      83.2799
890      60.4905
891      76.1141
892      0
893      96.5278
894      71.2533
895      0
896      0
897      76.9099
898      55.7256
899      0
900      0
901      95.2728
902      0
903      48.8281
904      72.4894
905      0
906      0
907      96.9426
908      63.5887
909      0
910      0
911      86.7796
912      0
913      98.9524
914      59.7171
915      78.7621
916      92.6904
917      0
918      79.9686
919      0
920      79.8165
921      0
922      0
923      95.1023
924      91.1409
925      73.0779
926      66.6244
927      0
928      72.4894
929      58.8621
930      54.9585
931      0
932      0
933      0
934      76.6251
935      0
936      82.0635
937      98.0595
938      90.9648
939      58.5903
940      0
941      0
942      63.8171
943      0
944      0
945      89.66
946      0
947      81.7776
948      0
949      62.8544
950      41.0939
951      76.1141
952      0
953      83.9684
954      0
955      0
956      72.2836
957      0
958      0
959      0
960      0
961      71.2186
962      0
963      0
964      0
965      48.2833
966      47.5521
967      0
968      49.5545
969      0
970      38.2599
971      0
972      82.8474
973      0
974      97.9977
975      83.9684
976      69.4697
977      0
978      0
979      86.0563
980      0
981      0
982      90.206
983      88.6511
984      94.1796
985      68.1421
986      0
987      98.8415
988      0
989      0
990      90.7351
991      0
992      99.8294
993      0
994      80.0661
995      0
996      0
997      0
998      54.7755
999      0
1000      55.4661
1001      36.8476
1002      89.5504
1003      0
1004      0
1005      0
1006      69.8035
1007      0
1008      95.3642
1009      97.2529
1010      68.203
1011      0
1012      40.9048
1013      0
1014      93.0375
1015      44.6041
1016      77.9187
1017      44.9309
1018      99.1602
1019      79.0188
1020      0
1021      91.8921
1022      93.1658
1023      56.6305
1024      50.3147
1025      47.5769
1026      90.6767
1027      0
1028      92.1983
1029      90.475
1030      0
1031      0
1032      0
1033      53.7718
1034      68.3908
1035      60.0403
1036      0
1037      83.2208
1038      97.2343
1039      80.8581
1040      83.4457
1041      77.0122
1042      93.081
1043      0
1044      52.9055
1045      88.6136
1046      98.8388
1047      0
1048      69.7401
1049      92.3407
1050      0
1051      49.8894
1052      99.9504
1053      0
1054      0
1055      0
1056      0
1057      96.959
1058      0
1059      60.6506
1060      0
1061      0
1062      81.6139
1063      0
1064      80.9214
1065      77.4618
1066      0
1067      0
1068      0
1069      91.434
1070      0
1071      95.1047
1072      0
1073      98.3128
1074      0
1075      62.0249
1076      89.9599
1077      45.9579
1078      0
1079      0
1080      0
1081      0
1082      95.7745
1083      64.6215
1084      75.998
1085      0
1086      0
1087      99.6834
1088      0
1089      61.5209
1090      0
1091      0
1092      62.1542
1093      0
1094      83.7569
1095      75.0653
1096      91.4587
1097      0
1098      99.9504
1099      0
1100      85.8931
1101      90.562
1102      0
1103      65.0971
1104      0
1105      67.23
1106      92.6626
1107      90.8266
1108      77.3237
1109      0
1110      82.4524
1111      70.0468
1112      0
1113      94.9189
1114      0
1115      95.3038
1116      0
1117      66.5915
1118      0
1119      76.879
1120      0
1121      0
1122      0
1123      0
1124      0
1125      0
1126      0
1127      79.9686
1128      80.1439
1129      99.6834
1130      82.1467
1131      93.5145
1132      84.832
1133      0
1134      0
1135      89.8985
1136      97.4403
1137      51.2971
1138      0
1139      0
1140      71.3643
1141      96.1172
1142      0
1143      62.9541
1144      0
1145      0
1146      68.527
1147      99.2249
1148      0
1149      59.4414
1150      0
1151      98.5733
1152      74.9731
1153      0
1154      99.8035
1155      92.0091
1156      99.4098
1157      55.181
1158      96.7933
1159      98.3128
1160      61.1657
1161      92.9743
1162      56.6361
1163      78.7073
1164      0
1165      71.0103
1166      51.9022
1167      53.7718
1168      47.126
1169      65.8875
1170      64.7021
1171      0
1172      45.5108
1173      91.9635
1174      83.2368
1175      0
1176      53.7649
1177      0
1178      84.1687
1179      75.6764
1180      99.6779
1181      0
1182      0
1183      0
1184      0
1185      49.4883
1186      92.7593
1187      89.66
1188      99.881
1189      77.5933
1190      98.7226
1191      56.7242
1192      95.5866
1193      45.1726
1194      98.3424
1195      62.5789
1196      74.8971
1197      85.623
1198      63.3734
1199      88.6511
1200      0
1201      72.9894
1202      0
1203      99.2452
1204      84.7009
1205      0
1206      0
1207      0
1208      0
1209      0
1210      82.9237
1211      0
1212      99.2249
1213      91.3194
1214      0.195137
1215      50.8511
1216      89.4132
1217      93.2004
1218      91.8171
1219      96.642
1220      69.2303
1221      0
1222      0
1223      0
1224      0
1225      0
1226      0
1227      60.0506
1228      82.4073
1229      94.9189
1230      84.3491
1231      84.9333
1232      53.177
1233      0
1234      0
1235      0
1236      76.9099
1237      0
1238      0
1239      0
1240      0
1241      0
1242      69.8025
1243      96.9502
1244      49.0992
1245      0
1246      84.7758
1247      96.7933
1248      85.7604
1249      92.6904
1250      80.9055
1251      0
1252      0
1253      0
1254      84.5072
1255      0
1256      98.7214
1257      93.2454
1258      0
1259      69.6392
1260      82.7157
1261      91.6688
1262      65.5963
1263      74.3897
1264      0
1265      52.2455
1266      0
1267      96.5507
1268      0
1269      0
1270      0
1271      94.4562
1272      79.4977
1273      0
1274      72.4894
1275      56.3109
1276      65.9552
1277      0
1278      0
1279      0
1280      0
1281      0
1282      0
1283      67.2786
1284      96.1924
1285      87.3593
1286      0
1287      44.1635
1288      0
1289      0
1290      69.8035
1291      0
1292      89.66
1293      81.5049
1294      81.3324
1295      98.7226
1296      0
1297      0
1298      93.7836
1299      98.7092
1300      0
1301      96.1924
1302      0
1303      0
1304      93.8041
1305      0
1306      37.4881
1307      92.9518
1308      85.5041
1309      0
1310      0
1311      0
1312      60.6246
1313      66.7424
1314      71.4958
1315      0
1316      58.9525
1317      0
1318      0
1319      67.8779
1320      83.2422
1321      0
1322      0
1323      87.0936
1324      72.4894
1325      41.4059
1326      0
1327      0
1328      0
1329      92.2121
1330      98.7904
1331      98.0302
1332      0
1333      85.7906
1334      93.8335
1335      0
1336      92.0594
1337      0
1338      61.0005
1339      0
1340      0
1341      95.9033
1342      0
1343      66.9079
1344      0
1345      0
1346      70.8299
1347      90.475
1348      96.5996
1349      70.3972
1350      92.2121
1351      79.6264
1352      45.792
1353      0
1354      88.4369
1355      77.5933
1356      37.2707
1357      0
1358      74.7868
1359      0
1360      42.3982
1361      0
1362      0
1363      0
1364      0
1365      0
1366      99.3458
1367      81.7776
1368      0
1369      41.1879
1370      0
1371      57.1579
1372      0
1373      96.3002
1374      0
1375      63.6927
1376      0
1377      81.0896
1378      69.7401
1379      96.2845
1380      65.4451
1381      0
1382      89.5504
1383      98.8388
1384      87.9764
1385      43.9986
1386      0
1387      75.8587
1388      91.5142
1389      0
1390      58.7262
1391      0
1392      48.3997
1393      67.5854
1394      95.3004
1395      0
1396      67.4167
1397      0
1398      80.0459
1399      0
1400      99.881
1401      0
1402      99.6779
1403      68.2923
1404      88.7161
1405      73.1083
1406      63.0524
1407      0
1408      74.2082
1409      80.0661
1410      0
1411      77.7293
1412      0
1413      0
1414      77.0122
1415      0
1416      0
1417      0
1418      0
1419      99.7222
1420      73.1853
1421      99.8728
1422      0
1423      94.4562
1424      97.5037
1425      94.6617
1426      56.8379
1427      80.2468
1428      0
1429      79.3434
1430      0
1431      56.7318
1432      70.2177
1433      0
1434      88.2759
1435      49.3813
1436      0
1437      80.6686
1438      95.9703
1439      0
1440      96.3815
1441      99.2452
1442      67.2786
1443      0
1444      0
1445      99.6834
1446      50.8009
1447      0
1448      98.8415
1449      99.9044
1450      0
1451      86.03
1452      0
1453      90.4068
1454      45.9579
1455      0
1456      97.5377
1457      0
1458      0
1459      98.7214
1460      78.0621
1461      0
1462      0
1463      81.3324
1464      0
1465      74.4251
1466      79.1516
1467      0
1468      51.4568
1469      0
1470      37.2789
1471      49.8894
1472      64.4529
1473      94.0371
1474      0
1475      0
1476      50.1185
1477      61.7402
1478      87.9764
1479      85.0451
1480      0
1481      0
1482      74.4534
1483      0
1484      0
1485      0
1486      0
1487      74.4356
1488      0
1489      88.9853
1490      51.2971
1491      0
1492      91.4895
1493      0
1494      52.6476
1495      74.2755
1496      0
1497      98.7952
1498      0
1499      96.4059
1500      86.5571
1501      90.729
1502      83.3841
1503      0
1504      0
1505      83.0627
1506      90.4286
1507      0
1508      67.0745
1509      32.6095
1510      0
1511      0
1512      53.1213
1513      68.0243
1514      85.7988
1515      83.3015
1516      88.1774
1517      76.4324
1518      0
1519      69.4856
1520      0
1521      0
1522      66.1223
1523      85.2575
1524      0
1525      93.0375
1526      91.8863
1527      67.4167
1528      42.2503
1529      0
1530      0
1531      76.3914
1532      98.1687
1533      99.0535
1534      0
1535      97.4403
1536      0
1537      0
1538      89.3555
1539      0
1540      44.0001
1541      0
1542      66.1312
1543      0
1544      49.0681
1545      0
1546      0
1547      67.2553
1548      86.7305
1549      91.0653
1550      0
1551      89.66
1552      95.3004
1553      91.0653
1554      43.9986
1555      41.137
1556      90.7351
1557      0
1558      0
1559      52.2455
1560      99.8816
1561      97.6186
1562      0
1563      69.9627
1564      48.2833
1565      0
1566      98.3128
1567      71.3587
1568      38.4927
1569      52.9481
1570      84.5741
1571      0
1572      0
1573      87.0936
1574      91.5089
1575      62.0249
1576      76.724
1577      78.8847
1578      45.1979
1579      85.8499
1580      0
1581      53.3784
1582      0
1583      61.1657
1584      80.8618
1585      0
1586      0
1587      96.4804
1588      88.0961
1589      0
1590      0
1591      95.5544
1592      98.4012
1593      98.4788
1594      0
1595      89.6268
1596      0
1597      56.6361
1598      0
1599      0
1600      67.23
1601      0
1602      65.8875
1603      0
1604      68.754
1605      51.5873
1606      0
1607      0
1608      90.9591
1609      72.184
1610      52.0024
1611      60.5922
1612      69.8025
1613      81.5049
1614      0
1615      94.9125
1616      0
1617      57.9847
1618      98.7904
1619      61.9323
1620      69.4856
1621      60.6919
1622      96.3555
1623      90.1356
1624      55.4766
1625      97.3191
1626      91.5226
1627      80.8997
1628      0
1629      77.52
1630      0
1631      45.1726
1632      79.3613
1633      0
1634      0
1635      0
1636      0
1637      66.4328
1638      87.4347
1639      57.296
1640      0
1641      0
1642      87.4347
1643      0
1644      55.5993
1645      0
1646      0
1647      99.5461
1648      48.0408
1649      0
1650      0
1651      53.3716
1652      99.1268
1653      87.4721
1654      53.2423
1655      49.0992
1656      95.4843
1657      67.4054
1658      99.902
1659      0
1660      94.1654
1661      0
1662      0
1663      0
1664      46.8991
1665      0
1666      97.4063
1667      64.9573
1668      99.9504
1669      0
1670      0
1671      84.5565
1672      98.0993
1673      0
1674      87.9764
1675      95.5902
1676      55.3627
1677      0
1678      76.6251
1679      64.3307
1680      98.982
1681      70.3526
1682      64.0612
1683      0
1684      0
1685      97.5377
1686      0
1687      89.9425
1688      92.7956
1689      0
1690      0
1691      70.2791
1692      85.0451
1693      0
1694      77.5009
1695      99.9044
1696      94.6617
1697      0
1698      0
1699      90.4404
1700      68.0941
1701      85.7859
1702      0
1703      36.834
1704      50.1828
1705      0
1706      96.3053
1707      0
1708      75.0653
1709      0
1710      98.5404
1711      0
1712      98.389
1713      90.0745
1714      0
1715      78.6423
1716      0
1717      0
1718      82.1734
1719      66.1312
1720      60.4905
1721      82.4524
1722      0
1723      99.8294
1724      0
1725      69.7401
1726      85.3473
1727      96.8544
1728      0
1729      91.993
1730      70.2791
1731      97.5037
1732      81.765
1733      0
1734      0
1735      80.772
1736      60.6254
1737      90.9648
1738      0
1739      60.6506
1740      97.4024
1741      87.5722
1742      51.4568
1743      85.2575
1744      0
1745      0
1746      0
1747      95.0527
1748      90.6257
1749      0
1750      74.5841
1751      58.0943
1752      80.0584
1753      0
1754      0
1755      56.1441
1756      60.1125
1757      0
1758      67.0668
1759      97.3382
1760      0
1761      0
1762      0
1763      84.5072
1764      75.8906
1765      70.7645
1766      42.8353
1767      82.4524
1768      72.4894
1769      0
1770      0
1771      0
1772      69.4981
1773      0
1774      0
1775      78.0798
1776      0
1777      89.3555
1778      99.1127
1779      95.107
1780      0
1781      0
1782      98.3883
1783      84.2694
1784      0
1785      97.2095
1786      99.634
1787      94.2551
1788      0
1789      84.832
1790      0
1791      0
1792      85.8363
1793      0
1794      81.3324
1795      0
1796      60.5941
1797      90.4286
1798      99.8474
1799      0
1800      87.6802
1801      57.9707
1802      0
1803      0
1804      60.5255
1805      55.9665
1806      85.536
1807      67.5557
1808      0
1809      0
1810      0
1811      0
1812      0
1813      87.2383
1814      0
1815      0
1816      73.0779
1817      84.8285
1818      98.8911
1819      0
1820      34.6275
1821      75.8587
1822      58.4877
1823      0
1824      0
1825      93.1658
1826      98.6764
1827      72.0213
1828      0
1829      95.7483
1830      0
1831      97.6811
1832      0
1833      0
1834      94.9125
1835      72.199
1836      99.6132
1837      96.1924
1838      64.0612
1839      0
1840      0
1841      74.5676
1842      63.8529
1843      78.8847
1844      0
1845      0
1846      74.7868
1847      90.4068
1848      57.4753
1849      66.0185
1850      93.1658
1851      81.5884
1852      94.3904
1853      52.9055
1854      0
1855      87.3511
1856      0
1857      99.2567
1858      99.1147
1859      97.5037
1860      0
1861      0
1862      0
1863      0
1864      0
1865      0
1866      0
1867      98.0302
1868      0
1869      78.3338
1870      96.3514
1871      74.3897
1872      0
1873      92.6904
1874      0
1875      0
1876      58.9251
1877      92.9743
1878      0
1879      36.8944
1880      48.7904
1881      73.6916
1882      99.7222
1883      57.0727
1884      98.7226
1885      0
1886      67.0668
1887      73.536
1888      98.0993
1889      0
1890      71.8088
1891      80.0459
1892      0
1893      0
1894      0
1895      98.8911
1896      40.9048
1897      80.9999
1898      0
1899      0
1900      0
1901      49.7783
1902      98.4012
1903      97.2138
1904      0
1905      77.7293
1906      95.2486
1907      77.5933
1908      59.4414
1909      65.4709
1910      76.1085
1911      64.1815
1912      65.0971
1913      92.0581
1914      0
1915      0
1916      0
1917      0
1918      64.6225
1919      0
1920      91.4895
1921      0
1922      95.1239
1923      98.5404
1924      0
1925      0
1926      91.4552
1927      0
1928      87.6447
1929      92.9271
1930      0
1931      0
1932      0
1933      0
1934      0
1935      0
1936      0
1937      96.7933
1938      81.6139
1939      96.0108
1940      99.0807
1941      0
1942      50.8163
1943      71.3778
1944      98.0302
1945      0
1946      60.6648
1947      93.1658
1948      0
1949      67.8021
1950      0
1951      0
1952      94.5488
1953      56.4417
1954      98.7092
1955      77.8348
1956      96.3002
1957      0
1958      0
1959      42.0687
1960      93.5145
1961      88.101
1962      77.5319
1963      90.5721
1964      99.2249
1965      0
1966      0
1967      0
1968      0
1969      69.4856
1970      56.4481
1971      0
1972      41.0009
1973      0
1974      95.2589
1975      56.1201
1976      0
1977      67.5804
1978      49.8894
1979      0
1980      0
1981      0
1982      86.7796
1983      65.4451
1984      49.363
1985      97.6969
1986      85.0149
1987      0
1988      95.7483
1989      54.5416
1990      74.621
1991      71.3587
1992      98.9345
1993      79.7274
1994      73.8848
1995      84.5565
1996      0
1997      40.6944
1998      99.9504
1999      0
2000      0
2001      47.1096
2002      83.6908
2003      0
2004      0
2005      99.8474
2006      0
2007      0
2008      56.8379
2009      87.4347
2010      0
2011      42.0687
2012      0
2013      83.5155
2014      0
2015      0
2016      98.0535
2017      0
2018      87.3593
2019      63.1139
2020      0
2021      83.2799
2022      0
2023      0
2024      0
2025      43.6144
2026      81.5532
2027      0
2028      0
2029      85.4729
2030      72.0213
2031      0
2032      71.3643
2033      72.0213
2034      0
2035      66.1312
2036      43.6017
2037      0
2038      99.7842
2039      0
2040      0
2041      44.8059
2042      96.8544
2043      0
2044      0
2045      0
2046      90.7645
2047      84.2081
2048      72.4011
2049      83.2422
2050      0
2051      47.7005
2052      0
2053      89.9599
2054      92.9133
2055      0
2056      98.8174
2057      83.1064
2058      0
2059      82.23
2060      0
2061      0
2062      73.1634
2063      99.8474
2064      0
2065      0
2066      0
2067      90.8313
2068      70.9535
2069      91.5142
2070      55.1063
2071      0
2072      97.7273
2073      0
2074      0
2075      0
2076      0
2077      78.0621
2078      97.7262
2079      59.4535
2080      0
2081      0
2082      60.5922
2083      0
2084      51.4568
2085      56.7064
2086      79.221
2087      62.8544
2088      0
2089      0
2090      0
2091      73.1161
2092      85.7454
2093      72.7564
2094      81.2479
2095      0
2096      0
2097      99.3418
2098      99.6779
2099      0
2100      0
2101      0
2102      99.0824
2103      85.8499
2104      71.0039
2105      67.3376
2106      90.2787
2107      0
2108      72.0213
2109      99.728
2110      0
2111      0
2112      91.9525
2113      0
2114      67.9344
2115      82.7603
2116      76.933
2117      0
2118      99.4465
2119      0
2120      55.9665
2121      0
2122      0
2123      99.7624
2124      63.3734
2125      0
2126      71.9721
2127      0
2128      74.5098
2129      99.1268
2130      71.5384
2131      0
2132      0
2133      0
2134      49.1118
2135      0
2136      0
2137      51.0069
2138      84.5072
2139      0
2140      88.4833
2141      68.709
2142      0
2143      0
2144      65.9801
2145      97.7273
2146      0
2147      82.1393
2148      47.7005
2149      0
2150      74.5841
2151      62.9541
2152      0
2153      85.8552
2154      49.8894
2155      98.0993
2156      76.6243
2157      0
2158      59.6134
2159      0
2160      85.8363
2161      93.5145
2162      89.7383
2163      43.6144
2164      70.3608
2165      0
2166      0
2167      35.5716
2168      0
2169      80.1782
2170      0
2171      0
2172      44.3689
2173      91.308
2174      94.3055
2175      53.1201
2176      0
2177      85.69
2178      75.0573
2179      0
2180      87.6447
2181      0
2182      0
2183      81.0018
2184      47.3103
2185      96.642
2186      0
2187      94.897
2188      0
2189      68.3908
2190      97.6969
2191      96.2845
2192      62.1542
2193      98.0993
2194      81.5475
2195      0
2196      42.7987
2197      48.8967
2198      0
2199      63.8236
2200      0
2201      0
2202      0
2203      88.4833
2204      0
2205      0
2206      0
2207      79.8397
2208      0
2209      0
2210      0
2211      69.4856
2212      92.2121
2213      0
2214      0
2215      0
2216      0
2217      96.4059
2218      92.1802
2219      85.312
2220      87.6447
2221      0
2222      96.3816
2223      66.6489
2224      68.0941
2225      71.3216
2226      52.0024
2227      85.9409
2228      0
2229      84.7758
2230      84.9207
2231      82.7603
2232      0
2233      85.8315
2234      0
2235      0
2236      0
2237      0
2238      91.5089
2239      0
2240      0
2241      78.5887
2242      0
2243      91.3414
2244      99.6834
2245      97.1685
2246      91.9635
2247      94.1137
2248      95.3642
2249      0
2250      0
2251      97.7843
2252      87.0936
2253      73.8239
2254      69.7401
2255      0
2256      0
2257      70.3608
2258      94.5488
2259      94.7393
2260      79.8397
2261      0
2262      71.3778
2263      0
2264      86.03
2265      68.9954
2266      0
2267      85.312
2268      0
2269      78.541
2270      50.3147
2271      0
2272      53.3784
2273      86.6724
2274      79.6456
2275      59.5034
2276      70.0468
2277      96.887
2278      0
2279      87.3112
2280      50.3456
2281      91.3905
2282      60.3683
2283      84.1687
2284      60.5941
2285      0
2286      97.4063
2287      93.5775
2288      93.5145
2289      62.8544
2290      0
2291      84.8285
2292      75.6283
2293      0
2294      70.3608
2295      0
2296      97.7262
2297      0
2298      0
2299      81.3324
2300      71.6809
2301      91.1409
2302      84.7034
2303      96.4926
2304      0
2305      66.1223
2306      54.9231
2307      0
2308      36.9492
2309      0
2310      49.1118
2311      90.3283
2312      98.5324
2313      0
2314      59.4414
2315      0
2316      99.9489
2317      0
2318      43.153
2319      0
2320      47.126
2321      60.6506
2322      99.3337
2323      0
2324      0
2325      66.1537
2326      96.3002
2327      88.9853
2328      0
2329      89.0606
2330      0
2331      0
2332      0
2333      0
2334      76.1024
2335      65.5405
2336      0
2337      80.1839
2338      99.8035
2339      67.9121
2340      0
2341      79.4977
2342      71.6315
2343      63.9588
2344      0
2345      0
2346      0
2347      75.1805
2348      93.8041
2349      0
2350      64.4529
2351      65.9761
2352      99.8294
2353      57.4753
2354      0
2355      0
2356      98.1687
2357      81.5967
2358      0
2359      53.4929
2360      0
2361      90.1548
2362      0
2363      0
2364      0
2365      66.9542
2366      0
2367      0
2368      0
2369      40.528
2370      0
2371      91.4426
2372      0
2373      99.8434
2374      80.5962
2375      0
2376      0
2377      0
2378      0
2379      98.7904
2380      98.1687
2381      67.0668
2382      0
2383      0
2384      65.1999
2385      40.1137
2386      82.9996
2387      0
2388      70.2012
2389      89.8549
2390      89.9599
2391      76.8103
2392      0
2393      0
2394      0
2395      68.2923
2396      98.5404
2397      0
2398      98.982
2399      52.9055
2400      77.3785
2401      46.4759
2402      0
2403      86.7796
2404      0
2405      0
2406      75.8906
2407      61.5326
2408      0
2409      38.33
2410      0
2411      0
2412      90.7351
2413      63.7521
2414      99.1602
2415      0
2416      0
2417      0
2418      0
2419      82.8474
2420      86.5584
2421      0
2422      43.0414
2423      96.2871
2424      0
2425      0
2426      94.3055
2427      95.1047
2428      0
2429      0
2430      0
2431      89.6268
2432      97.8601
2433      66.0091
2434      0
2435      0
2436      60.3958
2437      52.565
2438      0
2439      0
2440      90.9648
2441      0
2442      0
2443      83.2373
2444      66.6489
2445      91.4426
2446      96.448
2447      54.9585
2448      0
2449      85.681
2450      68.1559
2451      0
2452      65.5405
2453      0
2454      64.8637
2455      68.5626
2456      0
2457      0
2458      44.3988
2459      49.3813
2460      82.7603
2461      80.8618
2462      71.3298
2463      0
2464      83.6412
2465      0
2466      0
2467      0
2468      0
2469      99.2249
2470      97.5037
2471      58.7262
2472      48.2833
2473      0
2474      94.8746
2475      0
2476      0
2477      89.4132
2478      0
2479      0
2480      89.8549
2481      0
2482      81.5532
2483      0
2484      0
2485      37.5009
2486      0
2487      0
2488      0
2489      0
2490      98.3373
2491      0
2492      87.7011
2493      71.2533
2494      0
2495      85.3473
2496      72.7359
2497      87.3112
2498      79.1516
2499      0
       79579.4
