0      83.8006
1      0
2      91.7777
3      0
4      67.8753
5      90.1989
6      93.6083
7      90.587
8      0
9      85.7912
10      0
11      0
12      97.1839
13      0
14      90.0326
15      67.6171
16      99.8233
17      0
18      0
19      50.8582
20      75.0276
21      0
22      0
23      0
24      66.7834
25      0
26      85.9054
27      0
28      70.5413
29      0
30      45.0186
31      58.2124
32      98.8701
33      0
34      92.7509
35      0
36      0
37      0
38      78.6347
39      79.4197
40      0
41      73.727
42      0
43      82.7041
44      0
45      0
46      98.8424
47      0
48      0
49      0
50      61.7893
51      0
52      82.7751
53      89.1562
54      78.1554
55      0
56      0
57      82.3208
58      0
59      79.9228
60      85.4123
61      0
62      0
63      96.8926
64      0
65      0
66      0
67      74.2235
68      0
69      0
70      0
71      0
72      88.674
73      81.9444
74      90.5913
75      0
76      0
77      0
78      47.3354
79      0
80      0
81      0
82      82.0386
83      36.8558
84      89.3679
85      0
86      0
87      96.1989
88      75.232
89      96.269
90      53.4815
91      75.5137
92      78.666
93      0
94      73.4395
95      0
96      98.5966
97      0
98      87.3879
99      0
100      0
101      73.2563
102      80.6923
103      92.4639
104      0
105      56.7453
106      53.2654
107      0
108      0
109      0
110      0
111      92.5748
112      97.3058
113      51.1361
114      74.9976
115      0
116      59.0242
117      81.3193
118      0
119      0
120      40.0548
121      70.7911
122      64.3303
123      0
124      99.9321
125      0
126      0
127      0
128      0
129      0
130      46.4985
131      65.9825
132      91.7777
133      0
134      62.086
135      0
136      91.8128
137      99.4158
138      0
139      0
140      99.1787
141      61.4089
142      0
143      0
144      0
145      89.6158
146      98.3431
147      82.6171
148      99.2365
149      99.8822
150      0
151      97.0227
152      0
153      0
154      0
155      99.9873
156      71.6674
157      73.4481
158      48.5993
159      84.4276
160      91.0163
161      0
162      58.2959
163      0
164      82.553
165      70.7619
166      90.866
167      99.9321
168      98.3902
169      73.196
170      83.9661
171      96.7431
172      52.9048
173      83.7054
174      84.4056
175      94.6607
176      52.9952
177      85.5761
178      94.3381
179      95.8471
180      89.1969
181      55.6313
182      95.8179
183      71.0259
184      0
185      95.9231
186      0
187      75.232
188      56.6209
189      0
190      54.555
191      69.23
192      0
193      0
194      0
195      49.6512
196      0
197      0
198      0
199      0
200      83.7054
201      0
202      45.8934
203      97.7486
204      0
205      92.3392
206      96.3394
207      69.23
208      53.9969
209      95.8471
210      91.5974
211      0
212      87.0557
213      0
214      0
215      0
216      0
217      0
218      80.3829
219      0
220      89.6896
221      0
222      66.9519
223      0
224      43.0674
225      0
226      92.4639
227      80.5369
228      96.348
229      78.4741
230      0
231      0
232      0
233      85.882
234      0
235      41.6565
236      48.5643
237      0
238      0
239      74.7605
240      92.2727
241      89.5659
242      59.3562
243      0
244      0
245      0
246      0
247      84.9434
248      83.9768
249      99.9008
250      83.9661
251      0
252      99.2365
253      37.9232
254      83.8735
255      0
256      67.3831
257      41.0302
258      0
259      61.4085
260      0
261      87.316
262      0
263      0
264      0
265      0
266      95.7484
267      75.1756
268      0
269      91.4738
270      94.068
271      0
272      69.7806
273      92.6747
274      58.2743
275      68.9793
276      55.5013
277      0
278      0
279      78.6065
280      0
281      90.5719
282      0
283      0
284      0
285      47.0057
286      71.0091
287      57.4141
288      57.8897
289      0
290      0
291      0
292      0
293      89.5986
294      0
295      83.2331
296      59.6557
297      0
298      93.738
299      0
300      75.3291
301      0
302      0
303      0
304      0
305      87.4122
306      92.4639
307      80.7178
308      65.9552
309      96.4365
310      93.6276
311      72.2331
312      76.3795
313      0
314      0
315      79.6597
316      58.7129
317      85.7496
318      0
319      89.9659
320      0
321      91.4808
322      0
323      0
324      68.3679
325      97.6599
326      77.5235
327      0
328      0
329      71.015
330      83.5472
331      90.43
332      96.122
333      83.8132
334      97.1839
335      0
336      49.4205
337      96.348
338      0
339      74.7605
340      72.5775
341      0
342      0
343      66.9156
344      79.6597
345      98.41
346      0
347      0
348      76.0556
349      0
350      96.232
351      0
352      83.6942
353      0
354      0
355      96.7509
356      74.1817
357      0
358      0
359      86.5915
360      72.8123
361      99.0552
362      89.6681
363      0
364      98.8631
365      89.5986
366      0
367      80.6779
368      72.585
369      0
370      98.6018
371      80.9808
372      0
373      96.7992
374      65.2546
375      97.1429
376      0
377      98.9168
378      96.5089
379      99.9824
380      40.5944
381      0
382      54.1461
383      0
384      0
385      62.5172
386      0
387      73.6072
388      85.8326
389      97.5328
390      0
391      79.9785
392      93.3632
393      87.7185
394      0
395      0
396      0
397      0
398      73.4481
399      0
400      0
401      0
402      90.0912
403      92.6725
404      97.3388
405      45.1404
406      72.0006
407      94.0813
408      76.6775
409      80.2175
410      0
411      0
412      85.3778
413      87.7846
414      87.3806
415      0
416      98.7814
417      0
418      84.6203
419      91.4738
420      98.3902
421      0
422      88.0198
423      0
424      0
425      82.3601
426      0
427      45.3425
428      0
429      66.9156
430      31.9559
431      0
432      54.0377
433      97.8432
434      98.4152
435      0
436      0
437      0
438      0
439      85.0325
440      0
441      72.5364
442      98.9168
443      0
444      89.3883
445      0
446      44.607
447      54.3774
448      89.3679
449      82.2373
450      80.7178
451      59.1493
452      0
453      68.6129
454      61.4089
455      58.6609
456      52.9952
457      88.5218
458      76.1093
459      80.7178
460      76.481
461      38.2094
462      84.7203
463      60.6653
464      68.8064
465      47.1523
466      0
467      43.0597
468      0
469      0
470      70.7991
471      98.6558
472      81.4408
473      61.7937
474      91.4808
475      90.4405
476      80.6923
477      0
478      0
479      64.2406
480      0
481      99.7541
482      98.5476
483      0
484      0
485      53.5138
486      0
487      0
488      89.7015
489      98.8701
490      0
491      99.4889
492      82.3545
493      0
494      0
495      98.6661
496      56.6209
497      79.5754
498      92.0373
499      85.4098
500      80.471
501      0
502      92.5728
503      78.4741
504      0
505      94.5083
506      0
507      0
508      68.6408
509      96.348
510      57.1903
511      0
512      0
513      49.3772
514      0
515      0
516      99.0844
517      83.7054
518      94.6566
519      82.3601
520      0
521      0
522      61.5952
523      0
524      82.7128
525      96.348
526      69.4558
527      0
528      65.6997
529      0
530      71.5438
531      84.6521
532      0
533      95.6385
534      0
535      0
536      0
537      77.3341
538      0
539      90.5913
540      74.4608
541      0
542      85.0325
543      40.8995
544      0
545      84.9744
546      0
547      53.7079
548      89.2067
549      56.5415
550      92.6876
551      51.7485
552      52.5309
553      73.1447
554      99.0062
555      0
556      80.3611
557      70.1821
558      66.4204
559      67.0011
560      95.5047
561      0
562      89.706
563      0
564      99.2659
565      40.1301
566      0
567      0
568      0
569      62.8429
570      0
571      0
572      59.4069
573      92.4639
574      98.41
575      0
576      0
577      92.0508
578      68.3679
579      78.6347
580      94.3998
581      0
582      0
583      89.1562
584      90.9532
585      97.2597
586      0
587      81.4408
588      48.7712
589      0
590      91.8243
591      0
592      74.5957
593      0
594      92.5748
595      0
596      0
597      49.3488
598      94.1139
599      57.1252
600      89.3817
601      74.6039
602      0
603      0
604      85.8326
605      41.8425
606      93.2481
607      93.1648
608      56.63
609      96.1986
610      75.8119
611      0
612      47.5198
613      82.2489
614      87.9213
615      0
616      0
617      59.6496
618      73.9756
619      92.9842
620      0
621      98.4497
622      53.5553
623      58.6609
624      92.6731
625      65.281
626      0
627      48.459
628      70.1821
629      85.9892
630      0
631      0
632      0
633      70.0992
634      0
635      0
636      46.4985
637      96.3357
638      98.0145
639      97.0081
640      48.5127
641      73.6019
642      0
643      0
644      0
645      75.7629
646      93.8434
647      0
648      93.6615
649      51.3682
650      0
651      42.7862
652      75.0256
653      92.4128
654      0
655      0
656      98.5966
657      0
658      66.0595
659      61.4085
660      51.339
661      55.2536
662      0
663      98.0145
664      0
665      48.459
666      92.6747
667      0
668      93.4898
669      90.9512
670      92.6762
671      99.9824
672      0
673      0
674      96.7356
675      70.2662
676      96.3394
677      79.7019
678      0
679      67.6593
680      0
681      41.8524
682      0
683      99.6916
684      0
685      89.2895
686      96.3357
687      0
688      99.0062
689      49.4681
690      0
691      79.1485
692      0
693      0
694      0
695      98.291
696      97.2678
697      0
698      97.0313
699      51.339
700      0
701      87.9213
702      0
703      0
704      0
705      0
706      78.7593
707      80.3636
708      52.5309
709      64.2095
710      60.942
711      99.0503
712      0
713      0
714      0
715      90.6594
716      89.1562
717      82.3208
718      42.9989
719      60.2102
720      70.7911
721      96.409
722      0
723      89.1562
724      0
725      0
726      0
727      0
728      84.7203
729      90.1989
730      53.2554
731      92.6104
732      0
733      67.6658
734      71.5438
735      0
736      0
737      80.5369
738      45.1404
739      78.7593
740      93.1494
741      73.2563
742      90.4577
743      74.3792
744      95.8345
745      69.7806
746      61.4085
747      99.4658
748      96.6468
749      95.3617
750      56.6973
751      54.5787
752      0
753      82.7128
754      0
755      52.4302
756      62.0254
757      0
758      0
759      98.527
760      0
761      0
762      0
763      0
764      61.5421
765      0
766      0
767      84.9913
768      0
769      0
770      62.2318
771      99.6916
772      0
773      0
774      44.9061
775      49.859
776      93.1648
777      0
778      71.9407
779      0
780      62.7841
781      80.3829
782      61.6084
783      82.6171
784      75.232
785      0
786      0
787      79.6597
788      76.0556
789      83.3408
790      84.7203
791      0
792      0
793      82.2063
794      77.6856
795      89.4827
796      0
797      0
798      0
799      0
800      78.1379
801      0
802      0
803      86.659
804      88.6946
805      0
806      84.0779
807      93.9506
808      0
809      71.6279
810      78.0342
811      86.946
812      0
813      0
814      0
815      98.8701
816      0
817      0
818      93.5543
819      0
820      67.2264
821      97.3374
822      0
823      96.554
824      97.1839
825      0
826      0
827      0
828      96.7105
829      0
830      81.7488
831      0
832      99.4889
833      0
834      87.3879
835      98.1574
836      95.8961
837      73.5298
838      58.2124
839      85.882
840      0
841      65.9825
842      75.2359
843      0
844      0
845      0
846      0
847      0
848      96.8628
849      77.3024
850      90.7034
851      0
852      45.0814
853      0
854      0
855      0
856      92.7888
857      0
858      0
859      54.5554
860      54.1862
861      0
862      82.0621
863      0
864      0
865      89.0261
866      91.0163
867      0
868      61.5421
869      93.6083
870      0
871      87.3159
872      98.8701
873      73.7962
874      95.1684
875      83.7054
876      56.2985
877      39.5877
878      0
879      65.3757
880      75.232
881      62.6213
882      61.5015
883      0
884      97.2597
885      0
886      99.0062
887      0
888      0
889      0
890      0
891      61.6664
892      77.8629
893      99.1853
894      0
895      78.3772
896      0
897      0
898      99.2365
899      0
900      0
901      0
902      58.8656
903      0
904      0
905      75.8043
906      0
907      46.4985
908      0
909      73.4626
910      73.3494
911      87.7094
912      0
913      0
914      78.7032
915      0
916      0
917      98.3146
918      0
919      98.3431
920      68.9793
921      0
922      99.5995
923      0
924      0
925      97.2984
926      0
927      0
928      99.4658
929      0
930      53.4448
931      71.2115
932      73.4481
933      0
934      0
935      0
936      85.7912
937      80.2175
938      0
939      54.9606
940      0
941      73.9391
942      83.8132
943      0
944      99.5995
945      89.4827
946      93.3486
947      0
948      65.1985
949      89.3817
950      86.0752
951      0
952      61.7657
953      87.316
954      45.8934
955      0
956      92.3308
957      89.076
958      0
959      93.4277
960      0
961      88.1079
962      70.7622
963      0
964      0
965      97.9748
966      77.0496
967      96.122
968      64.631
969      0
970      70.3976
971      0
972      73.2972
973      96.269
974      79.4197
975      0
976      94.1775
977      97.1839
978      86.5659
979      84.701
980      90.9739
981      0
982      0
983      0
984      93.1494
985      98.8631
986      0
987      84.6203
988      0
989      0
990      0
991      0
992      0
993      59.14
994      90.4286
995      0
996      59.2749
997      68.5501
998      56.7822
999      0
1000      0
1001      0
1002      79.6708
1003      0
1004      45.9046
1005      99.8822
1006      99.977
1007      45.7026
1008      64.9166
1009      0
1010      79.1485
1011      94.7538
1012      76.0061
1013      75.6837
1014      0
1015      0
1016      95.7102
1017      90.6237
1018      0
1019      0
1020      0
1021      97.6599
1022      0
1023      97.6599
1024      84.0572
1025      0
1026      92.8915
1027      0.13819
1028      0
1029      94.419
1030      0
1031      0
1032      50.8946
1033      0
1034      0
1035      0
1036      70.7619
1037      0
1038      97.556
1039      0
1040      0
1041      0
1042      50.8946
1043      70.8668
1044      71.2138
1045      0
1046      67.5717
1047      59.9208
1048      0
1049      0
1050      0
1051      99.0552
1052      54.0018
1053      0
1054      89.6306
1055      72.585
1056      88.1464
1057      66.9156
1058      86.1696
1059      0
1060      50.8582
1061      48.2722
1062      0
1063      0
1064      60.6653
1065      83.9695
1066      0
1067      64.747
1068      98.5966
1069      0
1070      0
1071      72.6996
1072      74.6718
1073      93.738
1074      96.122
1075      87.2547
1076      0
1077      0
1078      93.794
1079      75.9154
1080      0
1081      83.6815
1082      0
1083      89.7322
1084      69.4545
1085      96.9831
1086      0
1087      60.6653
1088      0
1089      0
1090      98.5966
1091      77.3024
1092      70.7619
1093      0
1094      0
1095      0
1096      0
1097      95.9769
1098      48.5643
1099      0
1100      0
1101      49.1667
1102      0
1103      0
1104      0
1105      97.6574
1106      0
1107      52.2082
1108      50.0868
1109      46.0197
1110      0
1111      38.4833
1112      0
1113      0
1114      92.4639
1115      62.565
1116      70.7911
1117      99.675
1118      66.4204
1119      84.8164
1120      83.0803
1121      0
1122      78.7754
1123      58.0509
1124      0
1125      79.7429
1126      92.7888
1127      0
1128      74.6718
1129      0
1130      88.6946
1131      0
1132      0
1133      99.4889
1134      0
1135      99.9683
1136      0
1137      43.7071
1138      76.2828
1139      0
1140      79.2816
1141      93.66
1142      89.0896
1143      0
1144      0
1145      62.8429
1146      91.1724
1147      99.1787
1148      72.9897
1149      86.6608
1150      58.9325
1151      67.4888
1152      44.7004
1153      86.5167
1154      0
1155      76.481
1156      0
1157      0
1158      0
1159      89.1562
1160      0
1161      0
1162      0
1163      85.769
1164      86.1781
1165      0
1166      0
1167      53.2554
1168      0
1169      0
1170      78.6349
1171      80.9533
1172      0
1173      0
1174      53.9224
1175      78.4741
1176      90.926
1177      0
1178      76.936
1179      44.615
1180      0
1181      0
1182      72.4203
1183      90.7034
1184      55.9046
1185      97.8471
1186      0
1187      0
1188      87.8432
1189      96.232
1190      65.1985
1191      0
1192      0
1193      92.7665
1194      86.1728
1195      76.6775
1196      0
1197      70.1821
1198      89.6813
1199      91.4808
1200      91.6771
1201      99.7541
1202      0
1203      0
1204      53.6874
1205      94.0015
1206      0
1207      0
1208      93.6276
1209      69.8492
1210      87.3806
1211      0
1212      0
1213      85.725
1214      0
1215      0
1216      63.8383
1217      88.2065
1218      0
1219      0
1220      0
1221      0
1222      0
1223      85.8009
1224      88.18
1225      0
1226      96.7509
1227      0
1228      79.0584
1229      0
1230      60.9399
1231      0
1232      94.1139
1233      99.9683
1234      95.3492
1235      79.132
1236      90.7837
1237      95.0062
1238      0
1239      0
1240      94.1865
1241      83.8901
1242      0
1243      0
1244      83.8688
1245      99.8822
1246      0
1247      82.9514
1248      73.2563
1249      97.1969
1250      0
1251      71.2115
1252      0
1253      79.5959
1254      86.6147
1255      0
1256      48.459
1257      0
1258      68.0911
1259      54.3774
1260      0
1261      58.1532
1262      0
1263      95.8471
1264      44.1095
1265      89.3817
1266      60.6653
1267      90.6237
1268      75.7039
1269      69.495
1270      97.8432
1271      98.7039
1272      56.7453
1273      0
1274      39.2955
1275      0
1276      0
1277      91.0555
1278      82.0621
1279      0
1280      62.565
1281      0
1282      0
1283      76.3386
1284      90.8203
1285      0
1286      0
1287      48.5643
1288      48.7712
1289      0
1290      79.0584
1291      0
1292      0
1293      0
1294      0
1295      99.7248
1296      0
1297      90.4577
1298      82.2383
1299      43.1218
1300      98.527
1301      0
1302      85.6235
1303      56.63
1304      81.4408
1305      86.7378
1306      0
1307      0
1308      78.1135
1309      90.7304
1310      82.9514
1311      0
1312      77.8174
1313      0
1314      0
1315      73.0257
1316      73.0123
1317      83.8735
1318      97.1429
1319      96.9539
1320      0
1321      0
1322      86.8944
1323      38.0586
1324      0
1325      0
1326      89.2895
1327      68.8064
1328      0
1329      39.524
1330      63.7433
1331      0
1332      73.9756
1333      93.8434
1334      89.0665
1335      58.9204
1336      54.5688
1337      78.666
1338      63.6399
1339      0
1340      66.0141
1341      0
1342      76.0556
1343      89.4924
1344      69.7299
1345      66.9209
1346      75.7461
1347      0
1348      0
1349      71.8334
1350      85.906
1351      95.7102
1352      83.3408
1353      85.6507
1354      0
1355      72.4203
1356      47.8984
1357      86.2484
1358      53.4448
1359      0
1360      91.8073
1361      0
1362      42.8988
1363      97.6574
1364      92.5728
1365      0
1366      0
1367      0
1368      91.2061
1369      66.9519
1370      59.9093
1371      63.1288
1372      0
1373      99.6645
1374      0
1375      0
1376      0
1377      0
1378      72.0837
1379      58.2743
1380      0
1381      82.6304
1382      0
1383      71.7878
1384      87.7094
1385      95.9231
1386      0
1387      0
1388      54.8494
1389      0
1390      66.3346
1391      84.7203
1392      84.8295
1393      0
1394      73.6484
1395      90.1923
1396      91.5411
1397      98.861
1398      0
1399      0
1400      90.8203
1401      78.0983
1402      0
1403      89.0957
1404      41.9563
1405      79.1179
1406      0
1407      0
1408      0
1409      0
1410      86.0064
1411      0
1412      0
1413      70.7149
1414      0
1415      0
1416      46.0197
1417      38.3169
1418      85.3649
1419      61.7893
1420      0
1421      84.3893
1422      57.3293
1423      0
1424      61.5391
1425      63.4995
1426      0
1427      0
1428      0
1429      89.3679
1430      0
1431      0
1432      66.3073
1433      88.0198
1434      43.7071
1435      0
1436      96.122
1437      0
1438      0
1439      0
1440      73.5298
1441      52.6941
1442      94.3998
1443      94.8751
1444      54.0018
1445      97.1426
1446      29.1152
1447      0
1448      99.2132
1449      0
1450      66.9519
1451      96.1986
1452      0
1453      94.9406
1454      94.1775
1455      46.5411
1456      89.3679
1457      51.1498
1458      92.9842
1459      84.6521
1460      95.9769
1461      0
1462      0
1463      0
1464      0
1465      36.007
1466      83.7173
1467      0
1468      0
1469      41.7166
1470      94.9729
1471      0
1472      43.7071
1473      87.9623
1474      90.4577
1475      0
1476      79.2816
1477      0
1478      0
1479      0
1480      55.2555
1481      44.7004
1482      60.3328
1483      95.6385
1484      0
1485      55.4417
1486      92.6104
1487      0
1488      0
1489      0
1490      0
1491      0
1492      0
1493      0
1494      99.977
1495      45.5411
1496      0
1497      0
1498      44.8878
1499      0
1500      0
1501      86.0616
1502      63.1524
1503      55.352
1504      0
1505      0
1506      0
1507      70.3976
1508      80.6048
1509      0
1510      63.1288
1511      85.9904
1512      0
1513      96.1989
1514      48.1955
1515      47.0913
1516      78.0342
1517      0
1518      56.3853
1519      0
1520      0
1521      97.6599
1522      81.4182
1523      83.3154
1524      0
1525      0
1526      83.6815
1527      0
1528      0
1529      89.8586
1530      0
1531      83.7919
1532      0
1533      62.565
1534      43.5826
1535      85.8326
1536      0
1537      0
1538      97.5536
1539      0
1540      97.6599
1541      0
1542      0
1543      83.9695
1544      0
1545      0
1546      42.7874
1547      0
1548      72.3527
1549      0
1550      0
1551      0
1552      87.8432
1553      99.1885
1554      0
1555      89.1969
1556      0
1557      0
1558      0
1559      0
1560      83.1028
1561      0
1562      0
1563      80.9318
1564      96.6468
1565      0
1566      57.6817
1567      54.3774
1568      0
1569      0
1570      82.3601
1571      83.8035
1572      80.5369
1573      47.6786
1574      54.8082
1575      94.6566
1576      47.5347
1577      0
1578      89.5986
1579      54.0018
1580      0
1581      94.9729
1582      79.9785
1583      73.0257
1584      94.5042
1585      85.3649
1586      0
1587      93.738
1588      58.3336
1589      0
1590      70.4927
1591      43.6416
1592      0
1593      0
1594      0
1595      80.1201
1596      51.7485
1597      0
1598      0
1599      0.0507348
1600      66.7834
1601      0
1602      91.0555
1603      0
1604      0
1605      77.097
1606      0
1607      0
1608      0
1609      0
1610      0
1611      0
1612      0
1613      0
1614      86.4515
1615      78.6347
1616      74.6718
1617      0
1618      75.5137
1619      72.0864
1620      49.9375
1621      82.2383
1622      66.3073
1623      93.6276
1624      73.1156
1625      85.7533
1626      43.3961
1627      0
1628      86.8797
1629      69.9818
1630      90.587
1631      52.4016
1632      80.6779
1633      0
1634      39.6912
1635      0
1636      66.9209
1637      94.6933
1638      80.3829
1639      93.645
1640      0
1641      71.7355
1642      89.8586
1643      80.9808
1644      86.5167
1645      61.4085
1646      0
1647      94.2902
1648      64.9596
1649      92.4128
1650      38.7228
1651      94.9332
1652      72.9423
1653      0
1654      90.7034
1655      60.2526
1656      80.3829
1657      0
1658      68.0911
1659      0
1660      79.9228
1661      89.3448
1662      0
1663      0
1664      0
1665      74.0671
1666      0
1667      0
1668      47.1523
1669      70.1359
1670      0
1671      67.0011
1672      92.2058
1673      0
1674      65.5911
1675      0
1676      72.7878
1677      78.6347
1678      0
1679      0
1680      76.1842
1681      94.1775
1682      92.0253
1683      52.0552
1684      94.196
1685      62.6511
1686      86.659
1687      98.2547
1688      83.4817
1689      42.5496
1690      0
1691      0
1692      0
1693      65.3122
1694      60.9082
1695      59.9208
1696      52.6467
1697      61.2383
1698      0
1699      0
1700      42.5027
1701      83.2331
1702      95.9231
1703      0
1704      0
1705      46.623
1706      0
1707      77.4596
1708      0
1709      67.6171
1710      82.3689
1711      41.9428
1712      0
1713      0
1714      0
1715      0
1716      89.6896
1717      0
1718      99.0062
1719      0
1720      78.1202
1721      0
1722      89.076
1723      0
1724      97.7968
1725      99.2118
1726      94.9406
1727      75.232
1728      0
1729      80.9281
1730      0
1731      47.0057
1732      66.8033
1733      73.196
1734      0
1735      53.5553
1736      0
1737      0
1738      45.4081
1739      97.3465
1740      0
1741      0
1742      0
1743      45.5575
1744      79.3107
1745      91.7777
1746      0
1747      0
1748      0
1749      83.7919
1750      80.7178
1751      86.6147
1752      0
1753      61.3804
1754      0
1755      64.2406
1756      78.3676
1757      0
1758      0
1759      0
1760      0
1761      0
1762      0
1763      96.7431
1764      0
1765      0
1766      0
1767      98.0145
1768      0
1769      89.1737
1770      63.7433
1771      0
1772      82.7128
1773      75.8489
1774      0
1775      0
1776      47.5347
1777      85.906
1778      60.6653
1779      92.2058
1780      0
1781      43.829
1782      0
1783      64.2091
1784      0
1785      71.6674
1786      82.7714
1787      56.7453
1788      55.9596
1789      0
1790      0
1791      0
1792      0
1793      99.4889
1794      99.7906
1795      40.0548
1796      85.7912
1797      87.7387
1798      80.4353
1799      52.8178
1800      0
1801      51.6078
1802      0
1803      0
1804      75.3178
1805      86.7826
1806      99.7541
1807      0
1808      74.0938
1809      81.9451
1810      89.2067
1811      78.4741
1812      70.8129
1813      77.5428
1814      44.5565
1815      0
1816      93.9562
1817      0
1818      75.9096
1819      69.7806
1820      45.2469
1821      70.8864
1822      99.5168
1823      0
1824      0
1825      0
1826      0
1827      80.9281
1828      64.2148
1829      75.2359
1830      0
1831      87.0557
1832      0
1833      70.6623
1834      72.2747
1835      89.1562
1836      59.4373
1837      79.0584
1838      0
1839      72.7711
1840      0
1841      44.712
1842      49.9375
1843      97.556
1844      80.03
1845      93.3847
1846      93.1392
1847      43.606
1848      95.7484
1849      70.0927
1850      44.7004
1851      76.3386
1852      79.9785
1853      91.1724
1854      0
1855      0
1856      0
1857      0
1858      0
1859      0
1860      78.4741
1861      0
1862      84.0572
1863      94.196
1864      75.9154
1865      0
1866      91.6146
1867      68.5501
1868      43.6416
1869      0
1870      0
1871      80.5079
1872      49.5001
1873      0
1874      91.9236
1875      0
1876      0
1877      0
1878      49.2299
1879      91.8605
1880      0
1881      0
1882      0
1883      0
1884      61.5952
1885      93.0207
1886      79.6597
1887      0
1888      97.0081
1889      0
1890      55.1434
1891      73.4265
1892      90.9739
1893      0
1894      65.3465
1895      0
1896      0
1897      90.8203
1898      85.6235
1899      0
1900      0
1901      0
1902      0
1903      95.1684
1904      0
1905      68.2373
1906      74.3935
1907      99.9321
1908      0
1909      73.4481
1910      89.5986
1911      99.7541
1912      68.5501
1913      93.5835
1914      84.5614
1915      91.76
1916      72.0837
1917      0
1918      99.0062
1919      57.6734
1920      0
1921      71.21
1922      0
1923      0
1924      0
1925      0
1926      59.5295
1927      57.5348
1928      0
1929      47.1523
1930      83.9661
1931      99.4503
1932      0
1933      76.8172
1934      98.9009
1935      0
1936      43.2786
1937      94.7455
1938      0
1939      67.0011
1940      36.0426
1941      99.7356
1942      0
1943      79.4197
1944      47.5347
1945      0
1946      97.459
1947      44.7464
1948      99.5995
1949      0
1950      0
1951      0
1952      0
1953      74.3792
1954      0
1955      73.9423
1956      0
1957      92.7888
1958      0
1959      62.0218
1960      86.2484
1961      36.8558
1962      0
1963      0
1964      93.8434
1965      0
1966      0
1967      97.2597
1968      0
1969      86.5598
1970      98.6558
1971      56.6209
1972      77.0419
1973      99.5995
1974      0
1975      63.1288
1976      84.701
1977      55.0786
1978      0
1979      0
1980      54.8082
1981      0
1982      0
1983      99.4658
1984      83.1195
1985      97.9226
1986      44.7004
1987      45.1389
1988      91.5974
1989      59.3562
1990      0
1991      0
1992      0
1993      71.0259
1994      94.3381
1995      0
1996      82.7128
1997      0
1998      96.5218
1999      82.3601
2000      85.9758
2001      93.1494
2002      99.6883
2003      0
2004      0
2005      73.2563
2006      0
2007      59.1957
2008      93.7848
2009      0
2010      0
2011      55.0572
2012      0
2013      97.1398
2014      0
2015      56.2985
2016      65.7555
2017      0
2018      54.6829
2019      80.5079
2020      0
2021      0.5912
2022      0
2023      0
2024      66.6218
2025      86.6608
2026      89.201
2027      0
2028      0
2029      0
2030      62.0994
2031      94.2737
2032      61.485
2033      93.8404
2034      0
2035      0
2036      51.3682
2037      0
2038      66.0154
2039      49.2243
2040      0
2041      97.6369
2042      0
2043      92.5324
2044      79.9228
2045      0
2046      76.1252
2047      98.4497
2048      0
2049      95.8354
2050      0
2051      93.8404
2052      0
2053      67.2264
2054      61.4444
2055      47.5198
2056      0
2057      41.9428
2058      0
2059      86.4515
2060      93.6276
2061      97.8471
2062      0
2063      76.2828
2064      63.9689
2065      83.8132
2066      66.4204
2067      0
2068      95.8345
2069      48.2722
2070      52.5309
2071      0
2072      60.6653
2073      0
2074      0
2075      81.3596
2076      0
2077      0
2078      62.5172
2079      74.4664
2080      91.5411
2081      90.4577
2082      0
2083      73.3789
2084      0
2085      67.3558
2086      52.9048
2087      0
2088      64.4651
2089      66.0197
2090      98.0997
2091      0
2092      83.3052
2093      63.1524
2094      68.8064
2095      94.1775
2096      0
2097      97.8432
2098      61.7937
2099      93.794
2100      79.0357
2101      0
2102      96.1565
2103      0
2104      0
2105      0
2106      0
2107      90.1979
2108      78.5683
2109      97.3374
2110      0
2111      0
2112      92.8438
2113      0
2114      86.2275
2115      68.0911
2116      46.6701
2117      0
2118      61.4085
2119      0
2120      69.7806
2121      98.3902
2122      0
2123      72.0837
2124      0
2125      59.6167
2126      90.8592
2127      98.8701
2128      98.0145
2129      0
2130      0
2131      98.3146
2132      57.7768
2133      43.5826
2134      70.8551
2135      0
2136      0
2137      0
2138      78.3772
2139      0
2140      0
2141      99.0062
2142      0
2143      0
2144      0
2145      85.3649
2146      0
2147      89.2895
2148      0
2149      94.7336
2150      42.8988
2151      0
2152      76.6775
2153      0
2154      56.7453
2155      0
2156      71.1015
2157      70.1821
2158      85.9904
2159      91.0555
2160      55.9831
2161      92.5748
2162      46.3525
2163      0
2164      84.7203
2165      96.7509
2166      70.1821
2167      0
2168      87.7846
2169      43.8284
2170      76.0061
2171      65.6997
2172      94.8751
2173      59.6496
2174      97.556
2175      90.4405
2176      80.2175
2177      0
2178      98.3431
2179      56.3853
2180      0
2181      85.0695
2182      93.3907
2183      96.7381
2184      0
2185      64.9755
2186      0
2187      0
2188      0
2189      98.4087
2190      99.0844
2191      0
2192      0
2193      56.2708
2194      0
2195      0
2196      91.0555
2197      98.7814
2198      89.3027
2199      93.8283
2200      63.1629
2201      85.9758
2202      63.9689
2203      69.23
2204      73.7151
2205      0
2206      0
2207      61.5685
2208      0
2209      95.8471
2210      0
2211      48.5127
2212      70.0992
2213      0
2214      0
2215      98.391
2216      49.9406
2217      64.2091
2218      0
2219      48.3106
2220      63.9689
2221      0
2222      83.4066
2223      0
2224      90.8592
2225      44.0332
2226      0
2227      0
2228      0
2229      60.0368
2230      64.9166
2231      90.7135
2232      0
2233      73.9756
2234      94.419
2235      98.5931
2236      0
2237      0
2238      96.3357
2239      0
2240      49.4681
2241      99.1787
2242      0
2243      0
2244      0
2245      0
2246      42.383
2247      0
2248      77.5235
2249      62.5172
2250      98.5931
2251      0
2252      78.9489
2253      60.6653
2254      77.9237
2255      56.63
2256      0
2257      65.2608
2258      0
2259      83.1718
2260      0
2261      76.9701
2262      59.6557
2263      66.0141
2264      0
2265      0
2266      62.2318
2267      85.3649
2268      57.6817
2269      94.9729
2270      79.2599
2271      42.4332
2272      0
2273      97.2027
2274      85.882
2275      0
2276      92.603
2277      0
2278      0
2279      89.6681
2280      0
2281      0
2282      0
2283      99.2659
2284      78.1068
2285      98.7814
2286      0
2287      91.0555
2288      83.9661
2289      0
2290      0
2291      82.3689
2292      0
2293      98.8424
2294      50.5134
2295      0
2296      0
2297      0
2298      0
2299      72.0837
2300      91.9836
2301      99.0552
2302      0
2303      0
2304      0
2305      83.7054
2306      90.4577
2307      55.3106
2308      86.2036
2309      94.6607
2310      45.6974
2311      72.9897
2312      94.4527
2313      94.8964
2314      0
2315      95.9231
2316      97.3058
2317      78.3249
2318      86.0752
2319      0
2320      0
2321      96.409
2322      0
2323      80.7178
2324      67.4944
2325      82.2489
2326      84.6203
2327      98.2547
2328      80.9318
2329      99.1174
2330      0
2331      85.2424
2332      54.8494
2333      90.43
2334      0
2335      93.8434
2336      0
2337      74.9976
2338      0
2339      0
2340      38.3169
2341      79.179
2342      0
2343      0
2344      94.1775
2345      0
2346      0
2347      66.8917
2348      0
2349      92.2058
2350      98.2547
2351      74.5176
2352      0
2353      57.9442
2354      98.3902
2355      0
2356      0
2357      53.2401
2358      0
2359      63.5689
2360      63.1288
2361      84.3858
2362      0
2363      53.5553
2364      98.6558
2365      0
2366      98.0746
2367      0
2368      97.3374
2369      69.9522
2370      0
2371      96.2205
2372      69.23
2373      0
2374      95.8471
2375      0
2376      94.3045
2377      0
2378      0
2379      55.4564
2380      0
2381      0
2382      56.7822
2383      0
2384      84.6849
2385      68.3907
2386      0
2387      0
2388      69.8744
2389      37.5716
2390      92.7888
2391      90.1923
2392      74.8971
2393      98.3146
2394      44.2247
2395      73.4626
2396      99.0844
2397      0
2398      41.7166
2399      0
2400      98.2205
2401      65.6997
2402      98.5931
2403      80.5079
2404      0
2405      78.7032
2406      54.5688
2407      0
2408      80.3829
2409      95.8961
2410      0
2411      57.7768
2412      89.0957
2413      87.3806
2414      81.391
2415      0
2416      0
2417      99.985
2418      0
2419      57.8897
2420      83.7152
2421      0
2422      0
2423      92.9842
2424      0
2425      0
2426      0
2427      0
2428      0
2429      45.5411
2430      81.8536
2431      51.7485
2432      0
2433      0
2434      65.1253
2435      97.556
2436      77.5428
2437      96.2571
2438      91.8605
2439      95.7484
2440      0
2441      0
2442      95.1561
2443      61.4085
2444      91.7777
2445      77.0419
2446      0
2447      92.4128
2448      83.3408
2449      91.6607
2450      93.3521
2451      85.5967
2452      0
2453      73.9391
2454      95.1684
2455      0
2456      0
2457      52.5885
2458      57.934
2459      90.5913
2460      95.9231
2461      0
2462      61.4085
2463      0
2464      0
2465      77.8174
2466      67.6025
2467      48.2861
2468      0
2469      43.1443
2470      96.8628
2471      96.6468
2472      0
2473      49.6512
2474      98.41
2475      0
2476      79.6983
2477      0
2478      78.9489
2479      86.659
2480      0
2481      0
2482      90.1979
2483      0
2484      67.8026
2485      0
2486      59.6557
2487      0
2488      0
2489      95.1684
2490      0
2491      85.7912
2492      0
2493      0
2494      94.9729
2495      0
2496      0
2497      69.495
2498      0
2499      0
       80632.3
