0      92.4031
1      0
2      0
3      54.9477
4      81.751
5      87.5021
6      99.998
7      0
8      0
9      43.5656
10      0
11      0
12      99.9668
13      86.9802
14      0
15      99.9668
16      92.3922
17      86.9802
18      99.981
19      0
20      77.7006
21      99.998
22      99.9668
23      0
24      99.8777
25      99.998
26      99.9255
27      81.9491
28      0
29      89.3371
30      0
31      58.5238
32      0
33      35.2973
34      0
35      0
36      57.0081
37      61.1151
38      66.4427
39      0
40      0
41      82.851
42      0
43      90.1911
44      0
45      83.7814
46      99.9695
47      99.8064
48      99.9842
49      65.0744
50      0
51      0
52      68.9059
53      99.9668
54      0
55      85.6922
56      99.9848
57      0
58      68.0468
59      0
60      0
61      0
62      0
63      0
64      0
65      0
66      0
67      0
68      0
69      99.9848
70      0
71      99.8237
72      81.8763
73      59.968
74      0
75      0
76      97.6183
77      96.5547
78      96.6011
79      0
80      0
81      96.5996
82      99.0178
83      0
84      0
85      0
86      77.1538
87      0
88      99.9668
89      0
90      86.1588
91      0
92      0
93      0
94      0
95      99.8237
96      0
97      79.4969
98      0
99      74.5419
100      0
101      0
102      0
103      0
104      38.2109
105      63.31
106      0
107      99.9695
108      0
109      60.8078
110      0
111      99.9712
112      0
113      62.2891
114      99.9443
115      49.4238
116      66.8704
117      0
118      99.9848
119      59.1814
120      99.2958
121      0
122      99.9668
123      0
124      75.0311
125      61.8914
126      0
127      78.998
128      50.9502
129      0
130      99.8609
131      0
132      0
133      99.2196
134      99.998
135      3.99038e-05
136      0
137      0
138      54.9477
139      0
140      61.4823
141      0
142      70.006
143      67.4334
144      99.998
145      99.8064
146      90.1911
147      0
148      0
149      99.9668
150      0
151      0
152      99.9668
153      83.5431
154      49.4238
155      74.7282
156      0
157      0
158      52.8892
159      0
160      0
161      99.9668
162      0
163      0
164      99.9848
165      99.9848
166      0
167      0
168      99.9668
169      99.7139
170      0
171      68.8984
172      99.8956
173      0
174      0
175      99.9668
176      58.5238
177      55.8226
178      50.4191
179      80.5427
180      99.9668
181      99.8237
182      0
183      93.7006
184      67.7171
185      69.8798
186      99.981
187      0
188      64.216
189      99.8237
190      99.9668
191      99.2196
192      65.1032
193      99.9848
194      0
195      89.3371
196      73.0987
197      63.7792
198      73.9929
199      99.9668
       5850.55
