0      98.1053
1      0
2      0
3      67.1866
4      0
5      80.7228
6      53.753
7      0
8      0
9      0
10      85.9836
11      0
12      0
13      92.3977
14      79.6829
15      87.0302
16      0
17      98.6403
18      99.964
19      0
20      0
21      77.2352
22      0
23      0
24      89.3586
25      0
26      0
27      0
28      0
29      0
30      81.166
31      66.8419
32      41.5334
33      99.8312
34      77.291
35      0
36      84.1859
37      0
38      0
39      88.4334
40      71.8217
41      43.5108
42      96.5038
43      0
44      0
45      0
46      0
47      65.2905
48      95.077
49      85.9836
50      0
51      99.9834
52      0
53      0
54      0
55      0
56      61.8434
57      35.1275
58      83.3434
59      63.0244
60      0
61      87.2177
62      0
63      96.3916
64      0
65      0
66      0
67      99.1986
68      48.6807
69      71.5627
70      66.3366
71      43.422
72      0
73      99.3399
74      0
75      77.3566
76      39.7284
77      0
78      90.7335
79      93.9065
80      79.3077
81      0
82      79.2107
83      0
84      94.2355
85      0
86      99.5721
87      0
88      99.3469
89      0
90      60.3989
91      0
92      0
93      0
94      99.3469
95      0
96      73.3554
97      0
98      99.8312
99      64.7756
100      56.6421
101      0
102      0
103      42.9919
104      0
105      0
106      74.8783
107      72.772
108      80.5298
109      98.1053
110      89.3586
111      0
112      74.416
113      82.8205
114      77.8298
115      99.7348
116      76.42
117      0
118      92.3977
119      0
120      72.5076
121      0
122      0
123      47.6148
124      80.0629
125      96.5038
126      0
127      95.7225
128      0
129      72.6817
130      0
131      0
132      50.342
133      85.0078
134      0
135      99.5224
136      38.4142
137      73.3449
138      95.8484
139      61.8115
140      50.7626
141      90.1494
142      0
143      81.3254
144      67.584
145      0
146      74.2138
147      94.2424
148      0
149      99.7755
150      66.3417
151      0
152      94.5041
153      46.6859
154      79.2107
155      95.6007
156      96.4608
157      99.2444
158      0
159      0
160      90.1784
161      0
162      87.0745
163      0
164      96.931
165      79.4635
166      95.8484
167      0
168      0
169      0
170      0
171      0
172      73.3449
173      99.8312
174      0
175      0
176      95.8484
177      97.9975
178      96.5038
179      0
180      61.4328
181      44.5282
182      0
183      99.8312
184      0
185      36.4306
186      51.1954
187      0
188      0
189      0
190      99.9485
191      99.3399
192      98.7679
193      82.6572
194      99.4862
195      64.164
196      54.8282
197      0
198      64.2028
199      41.6048
200      0
201      86.4801
202      0
203      99.4862
204      0
205      50.7626
206      0
207      0
208      61.5199
209      50.2435
210      0
211      89.5518
212      99.9485
213      0
214      52.51
215      0
216      94.54
217      87.2769
218      58.2853
219      0
220      0
221      0
222      0
223      0
224      93.0021
225      99.7755
226      0
227      0
228      87.006
229      82.6959
230      99.9485
231      96.3916
232      0
233      0
234      0
235      88.4334
236      0
237      75.5706
238      0
239      96.5038
240      75.2054
241      0
242      58.7687
243      0
244      0
245      0
246      0
247      0
248      58.4365
249      0
250      0
251      0
252      84.4012
253      74.8706
254      82.8205
255      99.9386
256      0
257      0
258      89.3586
259      76.8963
260      73.2674
261      95.7143
262      73.1231
263      99.9485
264      53.052
265      0
266      0
267      0
268      70.7469
269      50.3391
270      85.348
271      72.494
272      83.7114
273      76.42
274      90.7696
275      98.9684
276      70.0536
277      99.7348
278      99.9178
279      0
280      0
281      78.3461
282      83.2132
283      85.0078
284      0
285      48.166
286      72.772
287      0
288      0
289      95.8484
290      80.1619
291      0
292      0
293      86.4907
294      0
295      0
296      99.9485
297      60.138
298      70.2426
299      94.0226
300      67.6941
301      0
302      79.3981
303      99.3399
304      80.7228
305      69.8274
306      0
307      84.1859
308      0
309      99.2444
310      50.342
311      0
312      84.9681
313      61.9834
314      46.4556
315      96.5038
316      0
317      0
318      70.7469
319      97.9975
320      0
321      0
322      43.422
323      52.6297
324      0
325      0
326      99.9178
327      0
328      98.7765
329      68.2575
330      98.5611
331      0
332      93.9065
333      99.8994
334      62.5497
335      99.7755
336      99.964
337      78.8107
338      0
339      0
340      75.0713
341      0
342      79.6829
343      84.1859
344      92.4358
345      45.5948
346      0
347      50.3358
348      0
349      0
350      74.4685
351      87.2189
352      0
353      0
354      99.9834
355      0
356      42.894
357      92.4358
358      96.931
359      81.2733
360      0
361      0
362      0
363      0
364      0
365      99.964
366      82.9942
367      0
368      80.1619
369      61.8115
370      82.2115
371      99.9834
372      99.8312
373      85.7631
374      0
375      78.2349
376      0
377      0
378      69.2082
379      0
380      0
381      90.1784
382      0
383      0
384      99.9178
385      58.7073
386      68.67
387      0
388      0
389      0
390      93.5732
391      99.3469
392      99.9178
393      0
394      98.9684
395      0
396      0
397      0
398      80.7228
399      99.9485
400      0
401      70.0872
402      50.9934
403      44.7663
404      99.7348
405      0
406      44.1888
407      45.363
408      0
409      88.4129
410      76.159
411      47.8255
412      0
413      46.6979
414      99.9485
415      0
416      0
417      0
418      0
419      0
420      0
421      0
422      0
423      0
424      0
425      99.3399
426      64.7756
427      0
428      93.0021
429      99.3383
430      52.0051
431      0
432      99.9444
433      91.4709
434      91.4017
435      99.964
436      98.7679
437      0
438      98.525
439      0
440      58.1483
441      71.0323
442      87.006
443      68.5733
444      98.525
445      99.9444
446      0
447      35.2477
448      51.0739
449      99.3469
450      86.6809
451      0
452      93.6824
453      45.5948
454      0
455      83.5054
456      99.7582
457      74.2289
458      0
459      0
460      99.7348
461      0
462      99.9485
463      0
464      77.8298
465      66.399
466      79.4635
467      74.8706
468      0
469      0
470      53.9271
471      91.4709
472      68.3538
473      0
474      0
475      0
476      0
477      59.1096
478      97.9975
479      0
480      87.2177
481      0
482      93.4628
483      99.9485
484      70.6236
485      99.4862
486      98.7679
487      0
488      66.8419
489      63.4067
490      0
491      0
492      99.9485
493      82.6959
494      85.0078
495      93.6795
496      0
497      71.0323
498      84.2151
499      63.4644
500      0
501      99.9834
502      99.2006
503      0
504      0
505      99.2444
506      0
507      99.9834
508      99.7348
509      0
510      74.8839
511      0
512      0
513      0
514      0
515      65.6276
516      99.4321
517      69.68
518      73.9914
519      0
520      71.8217
521      96.3916
522      0
523      0
524      0
525      97.5091
526      76.1319
527      98.5611
528      0
529      89.5359
530      49.6277
531      0
532      0
533      84.7816
534      0
535      99.9485
536      0
537      66.5721
538      0
539      0
540      0
541      99.4321
542      68.4706
543      66.399
544      80.2685
545      98.525
546      55.0738
547      99.7755
548      0
549      94.54
550      0
551      75.2326
552      0
553      73.1231
554      0
555      0
556      0
557      0
558      95.8484
559      0
560      50.342
561      92.3977
562      84.0025
563      99.2444
564      0
565      58.7687
566      65.6384
567      77.3756
568      48.4446
569      79.5455
570      0
571      98.5611
572      0
573      84.1859
574      56.6421
575      98.5611
576      93.4949
577      97.7751
578      68.7275
579      0
580      0
581      81.3538
582      91.4709
583      57.4382
584      70.5503
585      0
586      99.3399
587      0
588      0
589      0
590      36.5665
591      92.051
592      96.6114
593      50.342
594      99.3469
595      99.2444
596      0
597      99.4862
598      77.2352
599      0
600      52.7907
601      77.9905
602      0
603      85.7631
604      70.7469
605      0
606      0
607      39.7284
608      0
609      99.3469
610      0
611      99.9485
612      65.6878
613      99.9834
614      88.4334
615      95.8484
616      77.2352
617      70.6236
618      0
619      0
620      0
621      0
622      97.4792
623      97.5091
624      0
625      0
626      0
627      96.3916
628      72.138
629      0
630      85.6391
631      0
632      45.5948
633      96.0645
634      0
635      0
636      0
637      0
638      56.8604
639      82.2017
640      0
641      99.9444
642      0
643      72.494
644      72.9464
645      85.7871
646      0
647      99.4862
648      99.2444
649      0
650      76.5703
651      77.0291
652      0
653      87.9926
654      57.6525
655      0
656      95.1861
657      96.6114
658      51.0739
659      85.2544
660      99.3469
661      0
662      0
663      65.6384
664      0
665      0
666      0
667      0
668      0
669      84.9681
670      97.7751
671      99.4321
672      0
673      0
674      99.4321
675      95.6377
676      99.3469
677      87.2177
678      87.9926
679      0
680      99.964
681      70.1126
682      0
683      49.0063
684      0
685      52.6697
686      79.2296
687      64.7756
688      89.5518
689      60.138
690      0
691      0
692      0
693      0
694      0
695      99.9485
696      0
697      0
698      96.7846
699      99.3399
700      0
701      50.342
702      0
703      92.4358
704      70.0872
705      75.0713
706      82.6572
707      91.2684
708      49.99
709      0
710      49.99
711      70.7035
712      96.5038
713      0
714      99.2444
715      77.8298
716      50.2435
717      0
718      81.1237
719      0
720      0
721      63.7468
722      0
723      0
724      48.166
725      92.4358
726      0
727      0
728      0
729      0
730      0
731      85.6518
732      88.3914
733      72.9005
734      79.6558
735      0
736      99.3469
737      0
738      47.8941
739      0
740      54.8282
741      48.166
742      96.234
743      99.9444
744      99.9485
745      0
746      0
747      99.3399
748      65.6276
749      0
750      46.7457
751      84.9681
752      99.1986
753      0
754      0
755      99.3399
756      63.7853
757      99.9834
758      68.498
759      0
760      99.9485
761      78.2349
762      99.5819
763      0
764      0
765      87.0772
766      0
767      0
768      0
769      96.5038
770      0
771      0
772      0
773      0
774      0
775      99.9386
776      0
777      52.7683
778      0
779      99.2006
780      74.2289
781      58.8116
782      0
783      92.4358
784      99.9485
785      0
786      0
787      91.4709
788      0
789      74.314
790      99.9178
791      0
792      96.3916
793      67.5739
794      78.0274
795      56.6421
796      96.1601
797      0
798      49.3831
799      0
800      99.7755
801      52.6297
802      88.3914
803      0
804      0
805      0
806      0
807      0
808      46.6192
809      98.5611
810      0
811      92.1258
812      87.0772
813      0
814      61.8434
815      70.3838
816      44.1888
817      77.3756
818      42.306
819      99.3399
820      71.5627
821      99.4862
822      70.4044
823      97.509
824      76.8905
825      79.1586
826      0
827      35.6407
828      98.2827
829      99.0823
830      94.2424
831      0
832      49.99
833      65.1784
834      61.8115
835      99.2006
836      0
837      99.9485
838      80.818
839      99.5721
840      63.2366
841      99.8312
842      0
843      0
844      92.4358
845      42.9375
846      67.3616
847      99.9834
848      0
849      64.7221
850      0
851      57.4382
852      69.7033
853      91.4709
854      74.8875
855      0
856      99.5456
857      0
858      93.6184
859      74.7068
860      0
861      0
862      0
863      99.4862
864      0
865      88.158
866      95.077
867      0
868      0
869      75.0713
870      58.9793
871      0
872      86.4801
873      47.2063
874      0
875      99.3469
876      99.7348
877      0
878      99.9485
879      99.4862
880      84.4749
881      72.2345
882      0
883      99.8655
884      99.4759
885      98.525
886      67.5508
887      0
888      0
889      0
890      93.6785
891      0
892      99.5224
893      95.7225
894      0
895      99.9485
896      99.9444
897      96.4608
898      0
899      99.7582
900      74.2289
901      0
902      41.2424
903      0
904      98.5611
905      0
906      87.7791
907      0
908      99.7348
909      76.0204
910      0
911      0
912      64.1666
913      77.8298
914      89.5359
915      99.8312
916      99.964
917      48.0986
918      63.3526
919      99.7755
920      82.4698
921      85.7631
922      72.8399
923      0
924      99.3469
925      56.6421
926      44.2718
927      77.8298
928      0
929      0
930      0
931      93.6785
932      71.8217
933      82.6572
934      99.7755
935      0
936      47.8331
937      0
938      92.4358
939      71.5627
940      0
941      0
942      49.3977
943      0
944      0
945      0
946      74.3357
947      60.138
948      93.6785
949      0
950      70.1281
951      0
952      89.4257
953      95.7143
954      0
955      0
956      58.7073
957      80.4183
958      56.6421
959      91.7254
960      0
961      50.342
962      58.7687
963      99.9386
964      0
965      99.9485
966      0
967      0
968      98.5611
969      0
970      92.4358
971      58.1483
972      99.9834
973      0
974      0
975      66.399
976      0
977      57.6525
978      68.3538
979      99.7755
980      99.8655
981      0
982      0
983      65.6878
984      0
985      0
986      80.6752
987      0
988      0
989      0
990      70.6259
991      94.54
992      0
993      0
994      0
995      98.1053
996      75.5425
997      53.2556
998      0
999      50.1744
       34597.3
