0      0
1      82.5752
2      0
3      71.0791
4      0
5      99.6835
6      0
7      64.2867
8      99.8527
9      0
10      79.8905
11      99.9845
12      99.9845
13      0
14      0
15      0
16      86.1715
17      99.9904
18      0
19      99.64
20      79.8905
21      57.686
22      0
23      0
24      0
25      99.937
26      64.0374
27      0
28      0
29      0
30      96.9924
31      0
32      58.2593
33      0
34      99.5311
35      97.3042
36      63.1832
37      47.7726
38      0
39      0
40      84.6227
41      94.4104
42      0
43      0
44      0
45      0
46      65.8402
47      58.9212
48      0
49      99.9855
50      48.9241
51      99.9845
52      47.7726
53      47.7726
54      74.84
55      87.0107
56      99.9327
57      96.9924
58      61.3796
59      0
60      0
61      64.2139
62      64.1591
63      65.6572
64      0
65      0
66      72.0384
67      0
68      0
69      41.853
70      0
71      0
72      0
73      99.9143
74      0
75      0
76      63.2091
77      99.9845
78      0
79      93.354
80      0
81      43.4443
82      54.0246
83      93.6751
84      0
85      86.2453
86      0
87      99.937
88      99.6701
89      91.4035
90      79.8905
91      0
92      72.8577
93      99.5863
94      99.9845
95      99.9845
96      0
97      61.606
98      0
99      0
100      62.2623
101      0
102      77.2521
103      0
104      97.0304
105      0
106      0
107      0
108      79.9948
109      54.0162
110      72.9295
111      77.9184
112      69.3794
113      0
114      0
115      56.4454
116      81.5986
117      0
118      99.9915
119      0
120      0
121      56.7916
122      74.1404
123      0
124      97.0008
125      55.8253
126      99.6701
127      99.9845
128      99.8527
129      43.5463
130      99.8553
131      59.5706
132      73.7478
133      0
134      72.8471
135      93.9378
136      0
137      0
138      99.9845
139      45.4411
140      0
141      0
142      80.6162
143      0
144      99.9845
145      99.9845
146      87.108
147      91.7811
148      39.4419
149      53.4087
150      71.1194
151      99.9421
152      99.937
153      54.9642
154      75.7231
155      0
156      97.0304
157      99.9845
158      0
159      0
160      0
161      0
162      78.7697
163      0
164      0
165      0
166      0
167      99.937
168      75.4795
169      99.9955
170      91.7811
171      84.7266
172      96.9924
173      71.2708
174      0
175      57.2759
176      87.0107
177      82.2511
178      0
179      99.9845
180      0
181      0
182      0
183      74.84
184      99.9845
185      66.7573
186      99.9562
187      99.5311
188      0.000423237
189      99.4514
190      99.9143
191      0
192      73.7478
193      0
194      56.4657
195      35.819
196      0
197      98.4672
198      72.0384
199      0
       7149.3
