0      98.2686
1      0
2      0
3      66.558
4      99.934
5      92.8126
6      53.1628
7      68.3057
8      0
9      0
10      94.0618
11      59.053
12      0
13      95.9713
14      82.4705
15      94.0941
16      0
17      99.934
18      99.9774
19      0
20      0
21      78.4113
22      85.1318
23      0
24      0
25      0
26      0
27      0
28      0
29      0
30      91.8179
31      69.1711
32      31.8349
33      0
34      79.4313
35      99.9555
36      0
37      0
38      0
39      98.678
40      73.5634
41      46.2482
42      99.0386
43      0
44      0
45      0
46      0
47      66.8936
48      98.678
49      96.3118
50      0
51      99.9774
52      0
53      0
54      61.1455
55      0
56      63.6417
57      31.8167
58      88.0566
59      0
60      0
61      94.0344
62      0
63      0
64      0
65      0
66      0
67      99.9783
68      48.525
69      79.5933
70      71.7108
71      46.2482
72      0
73      99.9195
74      0
75      78.4113
76      41.3979
77      0
78      95.9713
79      98.678
80      82.3031
81      0
82      85.1318
83      99.0386
84      94.0618
85      0
86      99.9774
87      0
88      99.9824
89      0
90      61.1094
91      0
92      0
93      0
94      99.934
95      0
96      78.4113
97      0
98      99.9195
99      68.3057
100      60.3079
101      0
102      0
103      43.0404
104      0
105      0
106      74.7596
107      79.4313
108      82.3031
109      0
110      98.481
111      0
112      74.2411
113      95.7621
114      81.718
115      0
116      81.718
117      0
118      97.2713
119      0
120      75.8445
121      0
122      0
123      55.7283
124      79.4313
125      99.041
126      0
127      98.384
128      0
129      74.8369
130      0
131      0
132      60.2455
133      88.8961
134      0
135      99.9845
136      43.8746
137      74.2674
138      99.2662
139      61.1094
140      57.3988
141      94.1798
142      0
143      86.4139
144      68.9884
145      0
146      73.7469
147      99.5093
148      0
149      0
150      66.558
151      0
152      98.6951
153      48.8969
154      88.8961
155      98.9248
156      99.5093
157      99.9774
158      0
159      0
160      91.8179
161      0
162      92.6809
163      0
164      99.9774
165      84.1662
166      99.4566
167      0
168      37.2851
169      0
170      0
171      0
172      70.5531
173      99.9824
174      0
175      99.9589
176      96.5759
177      99.9341
178      98.9495
179      0
180      59.053
181      48.5294
182      66.558
183      99.9774
184      0
185      38.9855
186      51.5878
187      0
188      0
189      99.9589
190      99.9879
191      99.9774
192      99.9774
193      88.0526
194      99.9774
195      65.6461
196      63.6417
197      0
198      66.558
199      41.9777
       6970.99
