0      73.114
1      0
2      60.9969
3      94.2681
4      99.381
5      0
6      0
7      0
8      0
9      99.7526
10      0
11      75.756
12      0
13      0
14      92.9066
15      0
16      82.8078
17      99.8236
18      0
19      74.2726
20      99.381
21      0
22      0
23      97.6777
24      0
25      0
26      0
27      62.114
28      96.1823
29      67.7406
30      99.381
31      70.7432
32      98.2467
33      0
34      61.4606
35      93.891
36      51.2577
37      99.7526
38      0
39      0
40      60.7592
41      99.8348
42      0
43      59.0713
44      0
45      81.4957
46      64.4296
47      90.0899
48      55.2435
49      34.8342
50      52.8471
51      78.0175
52      84.4516
53      96.3548
54      42.252
55      41.4575
56      0
57      88.06
58      0
59      99.0237
60      49.528
61      0
62      88.06
63      85.4945
64      39.7271
65      96.1527
66      74.5814
67      83.7817
68      98.3234
69      81.2348
70      0
71      0
72      0
73      99.0229
74      62.568
75      0
76      44.7473
77      70.0097
78      50.9674
79      74.6016
80      52.8849
81      0
82      0
83      0
84      0
85      0
86      55.4685
87      91.5401
88      98.7656
89      99.7526
90      0
91      69.7045
92      86.4013
93      55.8441
94      78.6318
95      0
96      99.8916
97      99.7317
98      62.74
99      69.6121
100      0
101      0
102      99.8553
103      0
104      0
105      47.9813
106      0
107      53.73
108      88.06
109      65.968
110      0
111      93.703
112      0
113      0
114      99.7526
115      0
116      0
117      0
118      79.668
119      99.381
120      75.1659
121      78.0878
122      93.703
123      80.237
124      0
125      35.0004
126      0
127      0
128      0
129      0
130      96.9216
131      55.9112
132      99.7526
133      65.9076
134      43.2634
135      0
136      0
137      49.7187
138      0
139      0
140      0
141      0
142      97.6229
143      0
144      99.381
145      0
146      99.381
147      47.4089
148      78.2508
149      99.9154
150      56.274
151      0
152      99.7992
153      0
154      99.8348
155      93.7802
156      0
157      0
158      0
159      76.3443
160      93.3012
161      81.6245
162      99.3056
163      0
164      0
165      45.9601
166      0
167      68.5099
168      61.7929
169      83.7817
170      96.2661
171      0
172      0
173      94.9891
174      0
175      0
176      93.703
177      99.0237
178      78.5312
179      49.4116
180      74.2039
181      0
182      93.703
183      0
184      95.0181
185      85.8084
186      0
187      99.0237
188      48.3528
189      0
190      0
191      64.4296
192      0
193      97.4237
194      99.8591
195      99.9063
196      80.0594
197      61.1657
198      92.9066
199      98.4775
200      86.5341
201      0
202      0
203      99.0891
204      97.8402
205      87.6157
206      0
207      98.507
208      0
209      0
210      0
211      98.5496
212      70.0549
213      0
214      99.8348
215      58.806
216      99.0891
217      0
218      0
219      0
220      86.5341
221      99.0891
222      0
223      99.9355
224      75.756
225      88.8234
226      61.9166
227      99.8029
228      99.7992
229      0
230      0
231      0
232      96.2661
233      99.7614
234      0
235      97.4237
236      0
237      0
238      65.9076
239      99.7614
240      91.3973
241      0
242      99.5072
243      0
244      0
245      0
246      59.4397
247      79.5201
248      73.5231
249      99.8591
250      0
251      53.3826
252      99.0237
253      99.8983
254      0
255      0
256      0
257      96.2661
258      99.4886
259      99.0229
260      92.9066
261      0
262      99.381
263      80.0594
264      99.7526
265      0
266      81.1232
267      99.381
268      0
269      62.1345
270      99.7526
271      99.7526
272      99.9063
273      0
274      96.2661
275      0
276      52.8471
277      90.0425
278      71.442
279      0
280      0
281      0
282      82.0622
283      98.2467
284      98.4775
285      53.1555
286      98.2467
287      52.845
288      99.8348
289      99.381
290      74.2504
291      0
292      99.0237
293      0
294      0
295      0
296      0
297      0
298      0
299      97.4237
300      0
301      0
302      0
303      0
304      0
305      92.9066
306      0
307      60.9969
308      0
309      0
310      0
311      0
312      0
313      0
314      0
315      0
316      0
317      99.0229
318      99.8983
319      82.9425
320      0
321      99.8348
322      91.673
323      98.507
324      88.8234
325      0
326      0
327      0
328      71.5784
329      0
330      96.3464
331      0
332      0
333      0
334      0
335      70.7934
336      97.3213
337      99.7526
338      0
339      96.2661
340      99.9154
341      64.7036
342      90.8421
343      0
344      99.877
345      72.817
346      84.2149
347      0
348      0
349      80.3139
350      0
351      0
352      96.3464
353      0
354      71.7919
355      53.043
356      0
357      48.6235
358      0
359      0
360      44.3195
361      0
362      85.8084
363      0
364      0
365      0
366      0
367      69.9091
368      92.9066
369      0
370      0
371      0
372      67.971
373      98.755
374      0
375      0
376      99.381
377      80.7107
378      78.6318
379      0
380      99.3056
381      0
382      0
383      0
384      98.4775
385      96.3548
386      0
387      0
388      99.0891
389      74.0208
390      0
391      99.9586
392      0
393      93.703
394      75.5682
395      67.3153
396      90.5777
397      0
398      97.4179
399      98.5544
400      38.8336
401      0
402      64.8165
403      85.4945
404      97.3213
405      92.9066
406      88.3025
407      82.8324
408      55.1923
409      85.8084
410      0
411      0
412      0
413      83.7453
414      0
415      41.9619
416      46.172
417      0
418      55.6727
419      0
420      66.7129
421      80.7107
422      99.0237
423      99.0891
424      0
425      67.1755
426      73.1927
427      99.0229
428      79.7973
429      55.9112
430      56.274
431      99.0237
432      0
433      68.4141
434      45.5676
435      0
436      0
437      79.6949
438      96.1538
439      0
440      60.9697
441      69.0545
442      88.8234
443      99.3056
444      0
445      0
446      97.5813
447      78.1941
448      0
449      93.703
450      0
451      0
452      45.9601
453      0
454      0
455      0
456      0
457      0
458      76.9254
459      99.9232
460      0
461      0
462      39.6326
463      0
464      0
465      64.0884
466      68.4141
467      0
468      0
469      0
470      46.9845
471      0
472      66.1608
473      0
474      0
475      62.9101
476      78.7203
477      0
478      0
479      0
480      0
481      56.2005
482      96.1527
483      0
484      0
485      98.5544
486      70.9541
487      0
488      64.7299
489      78.133
490      0
491      55.821
492      0
493      0
494      0
495      99.6581
496      0
497      0
498      99.381
499      68.4141
500      99.8348
501      52.9697
502      74.5814
503      0
504      79.8168
505      98.0044
506      0
507      62.2429
508      0
509      0
510      0
511      58.6269
512      85.4945
513      0
514      0
515      0
516      82.7699
517      0
518      0
519      99.8591
520      0
521      0
522      76.0999
523      99.7614
524      0
525      0
526      0
527      74.5814
528      75.5572
529      55.3381
530      39.2092
531      74.8584
532      98.5847
533      70.391
534      50.242
535      88.1968
536      0
537      0
538      81.6245
539      96.1527
540      62.1461
541      0
542      0
543      0
544      99.381
545      0
546      81.3783
547      65.9076
548      75.7025
549      0
550      86.5341
551      97.5813
552      99.7614
553      0
554      78.8173
555      88.4226
556      0
557      99.381
558      0
559      78.5479
560      0
561      0
562      97.5813
563      75.756
564      98.755
565      0
566      78.757
567      99.381
568      0
569      0
570      91.3973
571      0
572      99.6581
573      74.5709
574      0
575      67.215
576      71.5317
577      86.5341
578      0
579      0
580      0
581      0
582      0
583      79.7572
584      82.7409
585      42.252
586      0
587      99.0237
588      81.4957
589      96.9216
590      84.5731
591      0
592      0
593      0
594      0
595      46.5774
596      0
597      0
598      53.3826
599      70.7934
600      0
601      98.755
602      0
603      97.6777
604      99.6581
605      99.3056
606      0
607      99.8236
608      89.302
609      77.7474
610      0
611      98.3234
612      36.848
613      0
614      67.215
615      78.6318
616      98.4775
617      99.7526
618      0
619      0
620      0
621      0
622      86.7053
623      0
624      75.7025
625      0
626      36.848
627      0
628      0
629      75.1659
630      0
631      0
632      0
633      91.673
634      0
635      0
636      64.4296
637      46.5774
638      0
639      68.5503
640      99.8591
641      66.1608
642      0
643      43.2713
644      68.4141
645      79.7572
646      63.9557
647      99.8591
648      0
649      0
650      0
651      0
652      65.9076
653      79.9343
654      96.3464
655      71.2099
656      55.6727
657      84.0394
658      0
659      0
660      70.1329
661      99.5072
662      74.5709
663      0
664      0
665      0
666      72.9749
667      98.755
668      0
669      81.5128
670      0
671      99.8591
672      64.6961
673      99.7614
674      99.0237
675      0
676      74.5709
677      85.8084
678      0
679      0
680      97.1132
681      0
682      0
683      0
684      68.2915
685      0
686      0
687      0
688      95.7587
689      0
690      79.6073
691      0
692      92.9066
693      62.9101
694      99.7526
695      63.8905
696      51.9649
697      0
698      86.5341
699      86.5341
700      0
701      0
702      98.4968
703      81.1232
704      79.7572
705      99.8591
706      82.8324
707      93.703
708      99.8348
709      57.0311
710      99.7614
711      99.6676
712      0
713      0
714      99.8983
715      99.8983
716      95.8962
717      56.274
718      49.8814
719      0
720      99.9063
721      0
722      90.5323
723      96.2661
724      88.06
725      99.7211
726      62.938
727      0
728      99.8983
729      99.1209
730      83.7817
731      0
732      64.7299
733      90.0425
734      0
735      64.0884
736      0
737      0
738      0
739      49.3461
740      99.8632
741      64.4296
742      39.7513
743      97.5813
744      0
745      99.6581
746      52.0799
747      99.0229
748      99.0891
749      68.5503
750      76.0999
751      0
752      56.274
753      81.8428
754      99.381
755      0
756      99.6676
757      99.6581
758      0
759      98.6553
760      0
761      98.507
762      99.877
763      70.0097
764      0
765      85.4644
766      59.6321
767      99.7211
768      67.7406
769      87.9092
770      79.7572
771      78.2508
772      0
773      70.0097
774      72.1196
775      0
776      0
777      93.7802
778      67.9838
779      49.1661
780      0
781      99.381
782      0
783      0
784      0
785      58.8598
786      66.1608
787      50.1958
788      70.918
789      99.9935
790      0
791      99.8236
792      98.4775
793      84.5731
794      97.4237
795      83.7806
796      0
797      99.0891
798      99.8591
799      49.331
800      58.9589
801      0
802      0
803      84.0202
804      0
805      39.7271
806      0
807      0
808      0
809      0
810      99.8591
811      0
812      0
813      67.971
814      97.6777
815      0
816      0
817      0
818      0
819      42.252
820      75.7516
821      98.3234
822      99.9335
823      99.381
824      0
825      52.8471
826      0
827      93.703
828      0
829      60.126
830      93.7802
831      0
832      0
833      75.682
834      99.9584
835      49.8814
836      74.8584
837      0
838      53.73
839      99.8983
840      0
841      0
842      67.4884
843      98.2467
844      0
845      93.703
846      66.9247
847      0
848      89.302
849      0
850      96.3548
851      40.3678
852      50.1958
853      67.971
854      46.1253
855      99.3496
856      99.9335
857      0
858      0
859      61.4142
860      59.4397
861      0
862      54.2907
863      0
864      0
865      52.2607
866      0
867      99.9355
868      0
869      0
870      95.0181
871      73.6564
872      0
873      0
874      96.3464
875      52.8272
876      0
877      99.8983
878      0
879      99.381
880      0
881      99.7526
882      46.5774
883      80.7124
884      0
885      0
886      99.9063
887      84.0202
888      56.9351
889      0
890      97.6777
891      0
892      97.3213
893      0
894      0
895      94.5501
896      0
897      62.2429
898      97.6229
899      75.8406
900      68.1902
901      0
902      67.4884
903      0
904      98.0044
905      83.7817
906      86.5341
907      0
908      92.9066
909      97.6777
910      75.7516
911      0
912      67.7992
913      82.1301
914      98.6553
915      98.2467
916      0
917      68.1365
918      62.1345
919      99.7614
920      40.4379
921      80.0594
922      66.7129
923      0
924      99.91
925      64.4296
926      53.1318
927      70.918
928      71.8409
929      98.0044
930      99.0891
931      0
932      0
933      82.8324
934      75.756
935      98.2467
936      71.8409
937      45.3538
938      75.7025
939      65.9076
940      99.9063
941      88.3025
942      51.4384
943      0
944      0
945      96.3548
946      36.5382
947      55.9231
948      0
949      84.954
950      0
951      0
952      0
953      79.7853
954      99.5648
955      98.4775
956      0
957      0
958      0
959      0
960      0
961      0
962      97.8402
963      0
964      62.568
965      0
966      0
967      0
968      36.848
969      0
970      99.7614
971      0
972      94.9891
973      80.1158
974      0
975      92.891
976      78.2508
977      43.7222
978      95.7587
979      99.7526
980      99.7992
981      68.2915
982      85.2454
983      98.6553
984      62.3856
985      58.806
986      60.126
987      0
988      51.2577
989      57.4458
990      98.5544
991      72.817
992      67.971
993      36.5382
994      0
995      0
996      50.9278
997      77.2057
998      0
999      73.1927
       32466.8
