0      99.6763
1      0
2      82.285
3      60.663
4      77.1266
5      0
6      0
7      65.2145
8      0
9      83.6668
10      0
11      77.6323
12      58.1191
13      62.9438
14      0
15      0
16      62.5213
17      87.4802
18      57.8939
19      98.3186
20      79.7671
21      42.3963
22      0
23      99.3389
24      87.7949
25      81.9622
26      94.1162
27      0
28      0
29      91.4199
30      0
31      0
32      0
33      99.7939
34      78.937
35      99.7552
36      0
37      94.7697
38      85.1024
39      0
40      0
41      84.202
42      0
43      99.7473
44      0
45      0
46      0
47      0
48      0
49      73.4026
50      97.147
51      99.9704
52      0
53      0
54      0
55      84.9724
56      93.1512
57      56.2199
58      88.5019
59      98.2013
60      45.4835
61      73.4026
62      98.2305
63      98.9267
64      0
65      98.9033
66      99.6874
67      78.7199
68      87.6539
69      0
70      0
71      99.4845
72      0
73      79.1954
74      68.2259
75      87.4756
76      0
77      99.6874
78      84.4115
79      99.907
80      0
81      87.1204
82      54.2335
83      96.2084
84      0
85      98.9267
86      0
87      74.4146
88      0
89      99.7552
90      37.4765
91      81.9622
92      0
93      0
94      96.5378
95      0
96      0
97      65.0934
98      0
99      97.147
100      99.6763
101      76.7442
102      0
103      57.6803
104      99.4769
105      0
106      0
107      52.6227
108      0
109      64.3492
110      61.8673
111      85.2681
112      0
113      52.995
114      99.6296
115      0
116      99.6296
117      0
118      99.6296
119      72.8492
120      0
121      99.1147
122      68.9977
123      0
124      98.6217
125      0
126      98.9267
127      0
128      0
129      57.1017
130      0
131      0
132      55.2554
133      0
134      86.73
135      69.0487
136      0
137      0
138      70.8443
139      0
140      96.2584
141      97.7895
142      0
143      99.6763
144      42.1257
145      73.3345
146      99.844
147      0
148      42.3963
149      0
150      99.7552
151      68.3388
152      0
153      0
154      0
155      78.137
156      52.6227
157      0
158      83.2237
159      99.4845
160      0
161      57.0288
162      88.2403
163      87.8999
164      82.0248
165      99.6296
166      98.2305
167      99.9704
168      0
169      56.8577
170      82.7162
171      0
172      0
173      96.3864
174      0
175      0
176      0
177      0
178      0
179      42.9727
180      85.4161
181      52.1325
182      0
183      0
184      62.4175
185      99.5697
186      77.9703
187      98.7685
188      93.6011
189      98.329
190      0
191      99.6296
192      98.9267
193      59.9873
194      97.1502
195      77.5878
196      0
197      96.7413
198      85.2306
199      97.147
200      97.1502
201      87.4756
202      0
203      73.4026
204      98.7866
205      0
206      0
207      52.4254
208      57.0919
209      92.7449
210      98.9267
211      0
212      59.2807
213      0
214      0
215      77.9703
216      69.9738
217      49.3909
218      0
219      42.6322
220      99.3389
221      99.6296
222      99.6296
223      48.4739
224      99.6296
225      0
226      78.7199
227      0
228      81.9286
229      88.1202
230      0
231      0
232      91.7616
233      0
234      68.2259
235      0
236      58.5454
237      0
238      0
239      0
240      0
241      87.6048
242      0
243      0
244      98.9143
245      0
246      98.7866
247      67.6795
248      0
249      0
250      0
251      74.191
252      0
253      65.0491
254      99.907
255      0
256      99.907
257      63.6743
258      91.4425
259      0
260      0
261      82.3244
262      0
263      0
264      0
265      0
266      0
267      52.303
268      0
269      99.9704
270      56.4375
271      0
272      0
273      99.9704
274      97.9877
275      0
276      0
277      0
278      0
279      0
280      73.4026
281      63.7081
282      85.0288
283      89.3097
284      72.7916
285      61.7646
286      87.4756
287      99.907
288      0
289      98.8402
290      0
291      0
292      0
293      98.2305
294      0
295      40.2467
296      99.9287
297      98.9033
298      0
299      87.6048
300      68.2259
301      98.2002
302      60.3359
303      59.8424
304      0
305      0
306      87.4756
307      0
308      0
309      77.7631
310      70.9766
311      99.5697
312      0
313      0
314      50.2354
315      0
316      40.9898
317      0
318      99.8416
319      62.7648
320      98.329
321      78.6909
322      0
323      0
324      0
325      0
326      0
327      0
328      99.907
329      99.9704
330      0
331      0
332      43.8567
333      55.9938
334      71.0472
335      47.1711
336      0
337      97.9877
338      46.6083
339      0
340      59.2807
341      99.7951
342      0
343      99.6763
344      0
345      99.907
346      0
347      0
348      0
349      94.1162
350      58.1753
351      0
352      81.9622
353      68.2259
354      0
355      88.3096
356      97.7895
357      52.6227
358      0
359      0
360      76.6677
361      99.7951
362      0
363      65.1451
364      0
365      74.1338
366      73.4026
367      91.4425
368      71.1159
369      0
370      74.0993
371      0
372      98.2002
373      94.7725
374      0
375      74.6944
376      0
377      0
378      48.6019
379      0
380      0
381      0
382      70.9766
383      57.7029
384      61.7646
385      50.2354
386      84.4115
387      0
388      98.6217
389      58.1674
390      74.6604
391      99.6296
392      0
393      53.9716
394      99.7552
395      44.1019
396      0
397      0
398      0
399      79.6988
400      0
401      99.6763
402      65.1451
403      64.8913
404      0
405      0
406      72.9037
407      0
408      0
409      54.4663
410      99.9704
411      0
412      90.0736
413      77.7109
414      88.0083
415      0
416      0
417      0
418      65.2145
419      63.7224
420      79.1832
421      0
422      58.6132
423      0
424      0
425      0
426      96.9555
427      60.8913
428      0
429      0
430      0
431      73.3345
432      97.724
433      99.7552
434      0
435      75.5744
436      0
437      64.2673
438      0
439      99.3389
440      99.3389
441      48.7096
442      99.7473
443      96.3109
444      0
445      0
446      0
447      68.7414
448      58.7947
449      50.8589
450      86.8369
451      0
452      89.2861
453      96.3109
454      80.0617
455      0
456      98.2305
457      77.272
458      99.6296
459      0
460      0
461      82.4889
462      0
463      82.7544
464      71.2696
465      0
466      0
467      99.6296
468      98.4537
469      84.4115
470      99.6763
471      0
472      31.6412
473      0
474      0
475      95.9885
476      0
477      98.9033
478      0
479      0
480      60.4378
481      99.7987
482      0
483      99.6296
484      46.5541
485      0
486      0
487      0
488      0
489      91.4425
490      84.9719
491      0
492      0
493      37.5211
494      0
495      67.6656
496      0
497      0
498      96.2084
499      99.6763
500      94.8891
501      0
502      91.5979
503      67.2597
504      0
505      0
506      0
507      98.8402
508      0
509      98.9267
510      62.5213
511      0
512      99.1179
513      58.5454
514      99.7473
515      84.4115
516      70.8443
517      0
518      0
519      80.9931
520      0
521      67.2597
522      99.4845
523      82.1546
524      59.9204
525      0
526      0
527      0
528      99.9704
529      0
530      87.4802
531      0
532      45.4835
533      85.0486
534      99.7951
535      37.5211
536      0
537      97.724
538      98.6217
539      46.5541
540      99.6296
541      73.3345
542      99.7552
543      0
544      0
545      93.6912
546      77.2291
547      57.1017
548      79.1832
549      98.4537
550      57.7236
551      0
552      54.3369
553      96.7413
554      94.5855
555      71.0472
556      99.7939
557      0
558      0
559      83.8449
560      99.7552
561      23.2106
562      77.9532
563      99.175
564      88.3248
565      0
566      99.6296
567      84.202
568      84.5701
569      0
570      99.7473
571      0
572      93.6011
573      46.3617
574      96.3864
575      0
576      99.7939
577      90.4797
578      88.0414
579      0
580      91.2541
581      99.1147
582      63.3967
583      0
584      0
585      73.3345
586      74.191
587      60.3999
588      67.6728
589      0
590      0
591      55.4846
592      0
593      0
594      0
595      0
596      0
597      95.4059
598      0
599      73.4026
600      0
601      0
602      0
603      0
604      86.0014
605      0
606      0
607      58.1839
608      47.835
609      0
610      62.5213
611      63.3711
612      99.3333
613      0
614      56.3305
615      0
616      0
617      63.1481
618      0
619      67.8201
620      77.0992
621      0
622      0
623      0
624      0
625      74.5523
626      79.1643
627      48.7096
628      99.6296
629      0
630      0
631      99.9704
632      87.6048
633      0
634      73.3569
635      99.5697
636      99.907
637      67.6728
638      0
639      53.6793
640      96.3109
641      84.9791
642      0
643      0
644      63.8619
645      96.2084
646      0
647      99.9704
648      39.0617
649      87.0853
650      92.0901
651      99.7473
652      85.0486
653      0
654      0
655      0
656      0
657      0
658      82.3244
659      0
660      83.7117
661      0
662      94.1162
663      91.6719
664      0
665      0
666      0
667      0
668      0
669      63.4396
670      77.272
671      68.3388
672      68.3388
673      60.8913
674      87.6822
675      42.1257
676      52.995
677      83.1932
678      55.4831
679      91.4199
680      57.2105
681      99.6763
682      0
683      0
684      72.1855
685      99.6296
686      0
687      0
688      0
689      99.6296
690      0
691      69.9738
692      81.9622
693      0
694      98.9267
695      91.4425
696      87.4802
697      74.6944
698      86.4547
699      0
700      0
701      82.5945
702      84.5353
703      81.5577
704      98.2305
705      0
706      0
707      25.9203
708      86.0791
709      99.7473
710      0
711      0
712      99.8416
713      98.2013
714      71.5974
715      99.0759
716      99.6296
717      65.7742
718      0
719      0
720      37.5211
721      73.4381
722      0
723      99.1147
724      0
725      99.4112
726      0
727      88.3095
728      98.4764
729      79.1832
730      0
731      0
732      0
733      0
734      0
735      99.7473
736      99.6296
737      0
738      78.7199
739      56.6685
740      76.5871
741      0
742      0
743      0
744      0
745      68.9977
746      0
747      87.9061
748      0
749      91.4425
750      71.2696
751      0
752      99.6296
753      45.2665
754      0
755      0
756      99.7058
757      86.0791
758      0
759      0
760      46.3961
761      0
762      57.2105
763      72.3993
764      0
765      0
766      0
767      97.724
768      0
769      0
770      99.7473
771      63.1481
772      0
773      0
774      76.5871
775      0
776      0
777      43.7708
778      50.2884
779      99.907
780      69.0487
781      72.9037
782      0
783      0
784      0
785      56.9135
786      0
787      83.9089
788      0
789      0
790      0
791      0
792      67.3475
793      0
794      48.9863
795      0
796      74.4138
797      87.9964
798      0
799      99.907
800      71.6487
801      99.4845
802      79.7231
803      94.7725
804      0
805      74.8386
806      87.8514
807      98.7685
808      0
809      69.8484
810      67.0089
811      89.2861
812      0
813      91.7664
814      0
815      0
816      0
817      54.0616
818      98.4537
819      81.9286
820      99.6296
821      0
822      0
823      50.2884
824      69.7108
825      90.4364
826      99.9704
827      99.6296
828      82.1546
829      0
830      69.9738
831      75.5744
832      78.7645
833      82.1546
834      81.9286
835      0
836      0
837      52.995
838      31.6412
839      45.4835
840      58.5454
841      45.4835
842      72.7629
843      87.4756
844      90.0545
845      96.3109
846      0
847      0
848      0
849      99.1179
850      82.3244
851      66.4551
852      76.5232
853      0
854      0
855      0
856      99.7552
857      0
858      73.7536
859      0
860      96.3109
861      67.2597
862      99.5697
863      0
864      99.6296
865      99.7552
866      0
867      96.2584
868      0
869      0
870      0
871      53.928
872      58.6132
873      0
874      0
875      64.7273
876      99.0181
877      77.6323
878      0
879      0
880      0
881      85.0507
882      0
883      97.1502
884      65.8126
885      0
886      0
887      81.7938
888      93.7054
889      99.3389
890      0
891      76.5381
892      90.1688
893      0
894      78.937
895      0
896      99.4845
897      82.7544
898      84.8157
899      83.8449
900      92.7449
901      99.5697
902      0
903      0
904      52.303
905      0
906      99.8416
907      72.1956
908      0
909      0
910      78.7199
911      72.9037
912      98.2305
913      0
914      46.3961
915      69.1778
916      63.6959
917      97.1502
918      0
919      91.7616
920      0
921      0
922      99.3389
923      0
924      0
925      78.0547
926      49.4909
927      86.85
928      94.7697
929      63.1481
930      0
931      0
932      72.1956
933      75.3378
934      40.3343
935      45.6799
936      47.835
937      99.6296
938      91.9669
939      0
940      99.7939
941      91.4425
942      51.7166
943      99.5697
944      0
945      0
946      0
947      0
948      96.3864
949      99.6296
950      99.4845
951      77.9532
952      0
953      48.6019
954      51.7166
955      0
956      83.2669
957      0
958      99.907
959      90.4364
960      0
961      0
962      0
963      84.202
964      39.946
965      69.9738
966      84.5701
967      0
968      57.0288
969      0
970      0
971      0
972      0
973      86.85
974      0
975      0
976      0
977      0
978      99.6296
979      99.6763
980      81.5577
981      0
982      89.4186
983      92.4906
984      50.8585
985      0
986      61.8372
987      0
988      98.2305
989      50.2354
990      57.6217
991      64.6136
992      37.5211
993      87.7949
994      96.2084
995      0
996      96.3109
997      0
998      55.4846
999      0
       32947.2
