0      97.3
1      0
2      97.9704
3      45.1569
4      0
5      91.5435
6      0
7      78.6589
8      0
9      83.8205
10      99.9989
11      0
12      99.9831
13      0
14      82.606
15      68.4468
16      81.6238
17      78.7966
18      0
19      0
20      58.4706
21      98.6047
22      68.4468
23      0
24      0
25      0
26      0
27      58.4706
28      99.8746
29      51.9025
30      95.1072
31      0
32      99.7112
33      99.9831
34      0
35      0
36      99.937
37      0
38      78.5935
39      61.084
40      99.9989
41      0
42      99.9989
43      84.4584
44      89.1431
45      99.7505
46      0
47      78.3862
48      88.3372
49      61.8542
50      0
51      0
52      99.9394
53      0
54      0
55      99.937
56      0
57      99.9989
58      99.937
59      0
60      77.8357
61      0
62      0
63      0
64      0
65      0
66      99.9898
67      71.0923
68      79.4054
69      0
70      71.6691
71      99.5754
72      0
73      0
74      0
75      99.5307
76      78.6263
77      99.9394
78      0
79      90.8807
80      51.9025
81      0
82      0
83      90.8635
84      0
85      0
86      0
87      68.2199
88      0
89      0
90      0
91      99.9989
92      68.9941
93      66.1346
94      82.0699
95      0
96      59.0981
97      99.9914
98      0
99      99.5307
       3601.11
