0      0
1      99.8641
2      89.5494
3      74.1315
4      70.3054
5      0
6      0
7      73.0605
8      98.1798
9      98.1379
10      0
11      0
12      72.2073
13      0
14      89.7568
15      0
16      0
17      84.9215
18      0
19      77.7357
20      49.2922
21      0
22      0
23      87.3151
24      79.4137
25      58.9742
26      69.4539
27      99.5477
28      0
29      87.8657
30      52.0191
31      97.1576
32      59.0417
33      85.3896
34      58.5376
35      0
36      99.5477
37      97.7594
38      98.1798
39      0
40      0
41      86.1168
42      75.6468
43      0
44      70.8175
45      0
46      99.5477
47      0
48      0
49      80.9963
50      74.2637
51      90.6362
52      86.6243
53      99.5477
54      0
55      66.9421
56      52.4364
57      0
58      35.0727
59      0
60      45.5523
61      90.9665
62      99.7591
63      0
64      57.2645
65      0
66      99.8641
67      0
68      0
69      0
70      45.6818
71      59.4212
72      99.8522
73      0
74      0
75      59.7151
76      99.4406
77      90.2402
78      99.4406
79      89.7766
80      0
81      0
82      0
83      0
84      76.9517
85      67.2033
86      0
87      79.601
88      99.9732
89      71.1427
90      0
91      81.1425
92      72.8469
93      66.3077
94      0
95      0
96      0
97      74.9678
98      98.1798
99      0
100      63.3441
101      64.3459
102      99.9732
103      57.4163
104      0
105      0
106      0
107      80.237
108      0
109      54.1933
110      0
111      90.2402
112      0
113      0
114      0
115      66.3077
116      0
117      0
118      99.6507
119      41.0598
120      0
121      95.0686
122      0
123      99.9907
124      79.4183
125      0
126      0
127      0
128      0
129      99.9732
130      99.611
131      66.5817
132      0
133      0
134      66.6433
135      39.4355
136      0
137      0
138      73.4757
139      91.0428
140      89.9348
141      77.5097
142      0
143      0
144      0
145      68.8054
146      99.7403
147      0
148      99.8522
149      52.6317
150      79.601
151      45.7458
152      0
153      87.3151
154      0
155      0
156      74.9583
157      59.3367
158      0
159      0
160      0
161      0
162      90.883
163      65.3255
164      0
165      0
166      0
167      0
168      0
169      83.816
170      89.5494
171      0
172      45.9671
173      99.4009
174      0
175      0
176      97.6627
177      97.3101
178      0
179      0
180      0
181      89.7568
182      99.6375
183      69.7045
184      0
185      0
186      0
187      50.826
188      0
189      0
190      91.6154
191      0
192      0
193      0
194      65.9209
195      92.8092
196      0
197      54.2517
198      0
199      86.2758
200      70.1315
201      0
202      65.0532
203      0
204      68.8003
205      66.4997
206      0
207      0
208      44.2094
209      52.4108
210      85.8289
211      82.0077
212      72.1872
213      0
214      0
215      0
216      0
217      0
218      0
219      99.8506
220      99.5218
221      59.0417
222      49.6471
223      0
224      97.4929
225      0
226      99.4406
227      94.7169
228      0
229      0
230      0
231      0
232      82.3045
233      0
234      0
235      0
236      0
237      0
238      0
239      0
240      99.6116
241      0
242      89.7354
243      70.3618
244      0
245      88.7876
246      74.1315
247      89.5494
248      79.4137
249      0
250      99.8641
251      0
252      69.7045
253      66.4997
254      96.6859
255      0
256      79.4614
257      99.8522
258      99.7459
259      52.6317
260      93.2988
261      83.816
262      98.6503
263      45.6125
264      76.1857
265      0
266      80.8219
267      67.6555
268      84.9299
269      0
270      79.4614
271      78.0183
272      95.0686
273      93.2988
274      83.6642
275      89.4307
276      99.9732
277      56.9783
278      99.7171
279      0
280      0
281      0
282      49.1224
283      0
284      99.7385
285      0
286      77.5097
287      0
288      0
289      71.5849
290      83.5759
291      99.4406
292      77.4423
293      99.9732
294      0
295      88.7876
296      99.9732
297      0
298      63.1558
299      0
300      0
301      0
302      86.81
303      0
304      0
305      76.7952
306      0
307      87.7308
308      0
309      0
310      0
311      44.6264
312      0
313      63.3441
314      66.9421
315      57.4163
316      99.7385
317      99.7459
318      72.8469
319      91.2172
320      78.5514
321      0
322      69.6021
323      81.69
324      0
325      57.4173
326      0
327      75.2773
328      95.4861
329      99.7459
330      0
331      75.2773
332      81.69
333      90.6362
334      78.3044
335      35.0727
336      0
337      0
338      75.7699
339      79.3609
340      0
341      95.7239
342      0
343      0
344      55.4751
345      78.6583
346      88.7876
347      0
348      52.4108
349      74.1315
350      47.4378
351      63.7863
352      0
353      0
354      98.5696
355      0
356      99.6375
357      44.4681
358      0
359      0
360      92.4119
361      0
362      0
363      56.9783
364      0
365      53.137
366      0
367      98.6503
368      0
369      99.4012
370      86.1168
371      64.3532
372      83.4623
373      0
374      0
375      60.1735
376      0
377      59.7017
378      49.9848
379      0
380      92.8092
381      0
382      0
383      76.7952
384      91.2693
385      0
386      0
387      0
388      41.3649
389      96.4343
390      82.8164
391      0
392      76.4319
393      0
394      99.7385
395      97.6627
396      89.5494
397      77.2447
398      63.6046
399      0
400      99.7128
401      96.408
402      76.1857
403      0
404      82.0307
405      99.7591
406      0
407      99.8522
408      89.5494
409      85.8289
410      99.5477
411      0
412      0
413      80.237
414      54.1933
415      0
416      89.5494
417      0
418      25.5217
419      66.4861
420      81.7121
421      66.2826
422      99.8522
423      0
424      86.1502
425      99.9353
426      0
427      98.058
428      0
429      98.5696
430      0
431      0
432      89.3504
433      74.2637
434      29.1258
435      55.3007
436      99.8522
437      99.7459
438      0
439      0
440      75.1805
441      0
442      84.363
443      88.8232
444      0
445      91.0428
446      62.2968
447      0
448      82.0344
449      91.0428
450      0
451      93.9016
452      87.7308
453      0
454      0
455      80.237
456      51.995
457      81.5512
458      69.4539
459      69.7181
460      0
461      97.7594
462      47.7099
463      0
464      65.5543
465      0
466      62.587
467      89.5494
468      61.664
469      0
470      99.7417
471      0
472      98.0492
473      0
474      99.5609
475      85.5559
476      0
477      35.0727
478      99.5477
479      0
480      0
481      78.0183
482      0
483      78.1475
484      99.9732
485      48.4226
486      66.3077
487      0
488      67.469
489      76.4273
490      81.1425
491      59.7151
492      51.7818
493      99.4406
494      75.9654
495      99.8276
496      48.7217
497      48.7262
498      92.8092
499      99.5477
500      99.7591
501      85.6378
502      0
503      0
504      0
505      44.2094
506      0
507      53.6812
508      0
509      0
510      65.5543
511      0
512      58.179
513      56.7817
514      0
515      69.6021
516      69.7045
517      0
518      0
519      99.7459
520      59.0417
521      97.4929
522      43.39
523      99.5477
524      0
525      97.5291
526      0
527      0
528      0
529      94.7169
530      46.0009
531      82.0344
532      0
533      0
534      74.8809
535      97.7913
536      0
537      91.2014
538      0
539      99.7385
540      71.1427
541      0
542      0
543      0
544      77.2447
545      0
546      0
547      0
548      99.7385
549      92.1379
550      0
551      75.7855
552      87.1348
553      0
554      0
555      0
556      0
557      0
558      93.7993
559      0
560      0
561      67.8497
562      58.179
563      50.155
564      98.6503
565      65.0532
566      0
567      96.5685
568      99.9732
569      75.3219
570      70.915
571      91.3979
572      0
573      0
574      99.5609
575      0
576      0
577      97.7594
578      47.7099
579      99.5477
580      54.8571
581      82.3045
582      99.5519
583      0
584      0
585      65.3255
586      93.9445
587      69.4539
588      0
589      67.4614
590      79.852
591      85.5559
592      0
593      96.7212
594      0
595      0
596      39.1357
597      29.1258
598      99.5519
599      99.5609
600      99.1169
601      77.336
602      99.7385
603      0
604      0
605      93.2988
606      0
607      99.7385
608      0
609      0
610      85.4065
611      81.2049
612      0
613      45.0584
614      0
615      68.8003
616      0
617      0
618      99.7591
619      0
620      70.4971
621      78.0183
622      47.0196
623      74.8015
624      72.1536
625      57.4163
626      63.3441
627      0
628      0
629      98.6503
630      0
631      0
632      0
633      83.6642
634      52.0191
635      0
636      74.9678
637      0
638      65.6162
639      0
640      88.7876
641      96.868
642      72.8469
643      67.4614
644      99.611
645      0
646      59.7151
647      99.5477
648      83.5552
649      0
650      53.137
651      75.9445
652      0
653      0
654      0
655      99.7385
656      68.3015
657      87.8592
658      99.4406
659      0
660      96.6859
661      95.9386
662      96.408
663      72.5616
664      98.058
665      0
666      99.8522
667      0
668      0
669      59.4212
670      0
671      74.2282
672      0
673      99.5477
674      93.7993
675      0
676      61.1326
677      71.3898
678      99.7385
679      0
680      99.7385
681      0
682      99.6723
683      95.5274
684      0
685      0
686      89.7568
687      0
688      96.5685
689      99.4406
690      0
691      88.7876
692      99.8641
693      0
694      77.5097
695      61.1326
696      98.5696
697      0
698      0
699      99.8276
700      0
701      45.5523
702      89.5494
703      66.3077
704      63.6046
705      0
706      0
707      77.7357
708      0
709      66.9421
710      49.6665
711      0
712      99.8641
713      99.4406
714      0
715      0
716      73.3539
717      0
718      0
719      0
720      0
721      99.4406
722      99.8028
723      83.7366
724      55.5028
725      92.8092
726      75.7855
727      65.0532
728      99.4406
729      77.5097
730      99.8506
731      96.7212
732      73.8792
733      99.5477
734      99.8506
735      0
736      44.2094
737      0
738      0
739      0
740      97.5291
741      63.7427
742      0
743      0
744      63.6046
745      0
746      0
747      0
748      64.0221
749      0
750      99.8522
751      0
752      98.1379
753      89.5494
754      0
755      0
756      0
757      99.4406
758      0
759      99.8641
760      67.8497
761      81.5431
762      95.4861
763      48.5047
764      0
765      98.1798
766      92.1814
767      99.9732
768      0
769      97.5291
770      0
771      0
772      97.6627
773      86.2758
774      0
775      0
776      78.0183
777      93.0771
778      83.6642
779      0
780      90.0592
781      59.4212
782      99.7591
783      99.7385
784      0
785      86.81
786      0
787      0
788      64.0221
789      99.9555
790      96.408
791      97.5291
792      0
793      63.6046
794      89.3504
795      83.5552
796      97.6627
797      0
798      85.2429
799      99.1169
800      91.2693
801      0
802      99.7385
803      93.0771
804      0
805      77.8561
806      0
807      99.611
808      99.8276
809      0
810      65.5543
811      63.3441
812      81.1425
813      80.5498
814      71.3622
815      99.9907
816      71.5849
817      0
818      0
819      55.3007
820      43.39
821      75.2537
822      59.7151
823      0
824      96.5889
825      99.8522
826      0
827      0
828      0
829      70.3618
830      89.7568
831      42.5983
832      99.7385
833      74.8809
834      87.8592
835      96.408
836      86.81
837      98.6503
838      0
839      0
840      60.1735
841      99.7403
842      0
843      0
844      0
845      0
846      0
847      92.8092
848      0
849      99.8641
850      99.4406
851      0
852      89.7568
853      98.7391
854      0
855      63.6046
856      71.3622
857      82.0307
858      0
859      77.7357
860      0
861      0
862      0
863      53.4373
864      97.7594
865      0
866      0
867      0
868      62.2253
869      62.083
870      0
871      0
872      61
873      0
874      89.3504
875      98.1798
876      0
877      99.9353
878      96.5685
879      99.8641
880      0
881      65.0532
882      64.3459
883      0
884      87.8657
885      99.9907
886      99.5609
887      98.607
888      0
889      0
890      0
891      99.8641
892      73.0605
893      0
894      94.0225
895      0
896      0
897      46.0009
898      93.9016
899      99.4406
900      0
901      99.8522
902      98.1798
903      0
904      44.2094
905      90.0592
906      0
907      0
908      77.2776
909      0
910      91.3979
911      0
912      60.9255
913      78.7323
914      0
915      51.1769
916      0
917      0
918      45.6634
919      0
920      99.6723
921      53.137
922      87.614
923      98.058
924      0
925      52.9325
926      82.2362
927      99.7385
928      53.9196
929      92.5645
930      0
931      50.826
932      0
933      0
934      48.6788
935      0
936      98.5696
937      0
938      42.5983
939      55.1656
940      82.4266
941      0
942      99.4012
943      91.2693
944      77.2447
945      71.7061
946      98.1798
947      0
948      0
949      48.7262
950      0
951      99.6972
952      46.2979
953      99.4406
954      77.7357
955      0
956      81.1425
957      87.7094
958      53.8459
959      98.1798
960      0
961      0
962      99.7459
963      99.4406
964      0
965      0
966      99.1169
967      47.7099
968      83.5552
969      99.6972
970      91.0428
971      0
972      0
973      0
974      71.7061
975      87.4321
976      0
977      60.1735
978      0
979      99.8522
980      71.0981
981      0
982      99.8276
983      73.8792
984      0
985      0
986      0
987      0
988      90.2402
989      0
990      99.7591
991      68.8054
992      90.2402
993      0
994      96.7212
995      55.7207
996      96.408
997      0
998      0
999      93.9016
       33682.7
