0      99.3712
1      99.7855
2      0
3      0
4      56.4413
5      54.7925
6      84.0557
7      75.6871
8      46.3825
9      99.9826
10      99.9768
11      82.6669
12      46.3372
13      99.211
14      0
15      90.952
16      0
17      74.5944
18      0
19      0
20      99.9768
21      0
22      99.9768
23      0
24      0
25      0
26      82.8617
27      99.7855
28      99.9768
29      87.7109
30      0
31      97.2874
32      99.9948
33      99.9826
34      0
35      83.1379
36      0
37      90.9662
38      99.9768
39      0
40      61.0502
41      0
42      61.3015
43      71.2741
44      99.9826
45      99.9768
46      86.8833
47      71.2741
48      71.2923
49      0
50      99.9758
51      0
52      99.9758
53      66.6676
54      0
55      54.3937
56      62.7404
57      62.719
58      0
59      0
60      0
61      0
62      84.9785
63      99.979
64      99.2864
65      62.9143
66      0
67      87.9023
68      0
69      82.6669
70      0
71      0
72      62.719
73      74.5875
74      0
75      0
76      0
77      0
78      0
79      99.8513
80      0
81      61.3015
82      66.2877
83      0
84      71.9119
85      99.9768
86      92.0165
87      96.7455
88      75.6918
89      89.9019
90      0
91      99.3712
92      0
93      83.8051
94      99.501
95      0
96      99.9768
97      99.9768
98      59.6578
99      0
100      52.058
101      99.9768
102      94.493
103      99.9768
104      82.8617
105      0
106      99.9999
107      86.8833
108      99.9768
109      61.0098
110      99.9768
111      99.3698
112      0
113      99.9768
114      99.7855
115      0
116      0
117      0
118      0
119      0.038326
120      0
121      62.8869
122      0
123      86.005
124      0
125      67.6636
126      0
127      99.5329
128      0
129      48.2526
130      0
131      75.8167
132      0
133      99.9768
134      0
135      73.9631
136      68.0705
137      99.9768
138      62.719
139      67.5011
140      56.4411
141      0
142      0
143      92.0165
144      0
145      0
146      0
147      0
148      75.3171
149      74.5875
150      66.1862
151      0
152      0
153      0
154      99.7855
155      0
156      0
157      68.0705
158      50.321
159      0
160      87.9055
161      0
162      0
163      99.3314
164      54.4291
165      74.5875
166      0
167      99.3698
168      0
169      77.0375
170      99.542
171      0
172      0
173      0
174      56.2011
175      85.9311
176      71.135
177      87.7339
178      79.3118
179      0
180      0
181      47.3497
182      0
183      54.8772
184      54.5133
185      0
186      0
187      57.1195
188      0
189      66.8961
190      0
191      99.9768
192      0
193      99.9758
194      99.9758
195      0
196      0
197      66.2877
198      99.9768
199      79.3118
       6860.42
