0      78.287
1      75.7258
2      0
3      54.3216
4      91.2596
5      99.8448
6      99.6513
7      0
8      0
9      92.9077
10      0
11      44.8111
12      99.7286
13      74.431
14      0
15      0
16      71.7954
17      55.076
18      0
19      68.8122
20      0
21      78.3475
22      0
23      0
24      88.0408
25      0
26      88.124
27      84.9759
28      0
29      0
30      76.0581
31      50.709
32      99.8642
33      0
34      73.6381
35      92.1429
36      0
37      88.0232
38      0
39      0
40      88.2765
41      99.9533
42      0
43      99.9139
44      92.6878
45      25.8665
46      99.9976
47      91.3907
48      0
49      0
50      99.9043
51      0
52      0
53      0
54      0
55      63.2755
56      0
57      0
58      83.3271
59      99.9533
60      57.9089
61      0
62      64.6269
63      99.0668
64      0
65      86.0272
66      90.3802
67      0
68      0
69      0
70      83.1267
71      99.9976
72      49.0906
73      87.6156
74      0
75      38.681
76      79.6717
77      0
78      0
79      99.9976
80      0
81      99.8401
82      87.6156
83      78.287
84      76.0581
85      84.5147
86      0
87      52.9836
88      81.9214
89      0
90      47.6354
91      88.2496
92      0
93      78.9851
94      0
95      91.1961
96      83.0484
97      0
98      0
99      0
100      97.0053
101      39.0989
102      0
103      92.9561
104      92.9077
105      67.3826
106      99.699
107      0
108      99.4809
109      98.817
110      49.2634
111      47.9002
112      92.85
113      0
114      77.0212
115      99.9686
116      0
117      0
118      78.287
119      0
120      99.699
121      99.8448
122      0
123      0
124      98.817
125      99.7319
126      99.6513
127      99.4844
128      99.4844
129      99.9533
130      99.1563
131      0
132      77.821
133      68.8122
134      89.2057
135      72.5822
136      0
137      66.2213
138      0
139      0
140      0
141      71.2119
142      69.6407
143      0
144      92.7325
145      92.603
146      76.6146
147      84.1889
148      63.8251
149      68.9579
150      0
151      99.9139
152      99.5099
153      0
154      0
155      79.4337
156      97.3945
157      0
158      76.3782
159      0
160      0
161      84.4492
162      0
163      0
164      90.3802
165      57.8263
166      99.9139
167      0
168      99.8401
169      99.5099
170      68.9579
171      99.9976
172      92.1811
173      0
174      45.4389
175      0
176      0
177      96.8673
178      76.3219
179      0
180      0
181      0
182      0
183      99.4844
184      0
185      99.6721
186      0
187      0
188      0
189      0
190      0
191      99.1291
192      60.2218
193      0
194      0
195      71.4713
196      0
197      41.6027
198      0
199      63.2755
200      99.4099
201      49.7293
202      0
203      72.8048
204      84.9759
205      87.6156
206      86.4429
207      99.6513
208      99.6513
209      0
210      88.2765
211      92.6878
212      0
213      0
214      0
215      0
216      59.9966
217      64.9874
218      60.2567
219      0
220      0
221      0
222      99.6079
223      0
224      99.4844
225      99.4844
226      49.7293
227      99.9976
228      53.4422
229      0
230      99.699
231      0
232      45.7494
233      73.0775
234      99.4844
235      96.8673
236      99.6721
237      88.0408
238      76.3219
239      99.9533
240      66.792
241      99.9533
242      0
243      87.3673
244      0
245      99.6721
246      0
247      94.9401
248      74.8979
249      0
250      0
251      99.4844
252      71.4244
253      78.287
254      66.792
255      82.0513
256      90.8241
257      0
258      52.0077
259      0
260      92.7325
261      99.9976
262      99.9139
263      0
264      84.4492
265      91.134
266      97.5787
267      99.4844
268      99.9552
269      58.094
270      0
271      0
272      54.264
273      78.4177
274      64.9874
275      0
276      91.134
277      0
278      60.4481
279      89.862
280      80.7155
281      0
282      0
283      72.8896
284      0
285      99.9976
286      57.0953
287      99.4844
288      0
289      0
290      99.5754
291      0
292      67.3273
293      0
294      73.4943
295      0
296      88.0251
297      99.699
298      87.5214
299      0
300      81.0245
301      99.8617
302      0
303      60.4481
304      76.3219
305      86.3991
306      99.5099
307      0
308      0
309      43.8313
310      0
311      0
312      99.8169
313      82.8162
314      0
315      99.4844
316      91.8106
317      82.3327
318      99.6721
319      0
320      74.8182
321      99.8205
322      99.9686
323      0
324      99.4844
325      99.9976
326      0
327      79.5472
328      0
329      85.0637
330      0
331      58.3328
332      0
333      36.6016
334      0
335      0
336      49.284
337      57.9804
338      63.0108
339      0
340      0
341      74.8505
342      0
343      84.4448
344      0
345      0
346      0
347      99.4844
348      99.9139
349      60.2796
350      0
351      0
352      66.792
353      99.9533
354      0
355      80.9871
356      99.9976
357      0
358      60.2639
359      0
360      0
361      0
362      0
363      0
364      0
365      0
366      0
367      0
368      0
369      99.8169
370      0
371      99.0668
372      76.8421
373      57.2444
374      0
375      85.1586
376      91.1416
377      92.85
378      87.555
379      0
380      0
381      88.2765
382      96.986
383      0
384      0
385      0
386      74.7486
387      0
388      99.5099
389      0
390      82.6462
391      0
392      0
393      0
394      0
395      97.8569
396      0
397      75.1033
398      0
399      68.3813
400      0
401      0
402      96.5346
403      0
404      37.9932
405      61.9787
406      0
407      0
408      0
409      57.8263
410      61.1185
411      99.9976
412      0
413      48.4565
414      99.6721
415      42.478
416      61.9776
417      0
418      99.9657
419      54.3216
420      96.986
421      0
422      0
423      0
424      68.0461
425      61.3887
426      0
427      0
428      48.8996
429      0
430      99.4844
431      0
432      0
433      92.697
434      99.1291
435      0
436      0
437      0
438      54.3216
439      83.1267
440      60.2218
441      0
442      61.0847
443      57.8263
444      0
445      99.1291
446      83.1267
447      0
448      0
449      99.6721
450      0
451      0
452      99.9533
453      82.8162
454      45.7446
455      78.5432
456      0
457      0
458      49.9666
459      0
460      0
461      99.9552
462      0
463      0
464      99.4844
465      99.9139
466      88.0408
467      0
468      99.699
469      96.9182
470      0
471      65.1761
472      99.6852
473      0
474      0
475      0
476      53.0858
477      47.6354
478      45.8735
479      80.8874
480      99.6397
481      99.1291
482      0
483      86.9997
484      67.3112
485      65.1761
486      99.7286
487      38.8265
488      61.0847
489      99.4844
490      99.8448
491      99.0668
492      60.4481
493      99.9976
494      0
495      85.1586
496      69.5849
497      60.6443
498      71.7954
499      99.8205
       15763.2
