0      96.8583
1      0
2      91.5627
3      0
4      98.1862
5      93.6793
6      0
7      95.2544
8      76.0452
9      0
10      0
11      0
12      81.892
13      47.7582
14      0
15      84.8334
16      0
17      99.1842
18      0
19      76.4629
20      65.9322
21      99.0057
22      72.1162
23      0
24      44.7583
25      55.2711
26      97.9994
27      0
28      0
29      0
30      81.8944
31      93.2137
32      90.8071
33      0
34      97.0903
35      77.4569
36      89.6465
37      99.7301
38      90.2354
39      0
40      89.2647
41      68.8427
42      0
43      0
44      65.0991
45      99.0147
46      79.071
47      97.9518
48      0
49      0
50      77.1894
51      0
52      90.3236
53      0
54      68.8427
55      54.6346
56      0
57      92.3642
58      85.7601
59      94.8895
60      0
61      0
62      92.503
63      37.3856
64      0
65      0
66      0
67      98.7834
68      0
69      96.6512
70      0
71      0
72      52.0807
73      78.8963
74      0
75      0
76      45.0507
77      91.2088
78      70.8392
79      99.8779
80      0
81      0
82      0
83      57.5203
84      41.8562
85      89.0556
86      72.7109
87      73.1659
88      0
89      0
90      74.8329
91      62.9579
92      99.6895
93      70.8564
94      0
95      97.2634
96      95.5526
97      0
98      0
99      0
100      0
101      81.892
102      79.4603
103      95.2159
104      60.2264
105      0
106      0
107      43.5559
108      0
109      82.0565
110      0
111      87.3178
112      0
113      56.6752
114      0
115      0
116      98.2079
117      0
118      0
119      82.4382
120      96.6187
121      59.1668
122      45.503
123      96.6708
124      91.6353
125      96.9763
126      48.682
127      93.8255
128      0
129      0
130      71.5112
131      0
132      85.0632
133      0
134      60.9043
135      0
136      68.3094
137      0
138      0
139      42.6181
140      93.6375
141      83.0913
142      0
143      99.3926
144      0
145      74.2836
146      0
147      78.6437
148      91.6353
149      76.4615
150      0
151      92.745
152      97.373
153      96.956
154      0
155      98.5662
156      41.8562
157      91.7903
158      97.0797
159      68.8427
160      0
161      0
162      0
163      57.0667
164      78.6506
165      0
166      0
167      95.1177
168      87.7829
169      72.8904
170      95.8844
171      0
172      0
173      94.7734
174      0
175      55.7373
176      68.8427
177      85.768
178      0
179      50.8651
180      0
181      98.9283
182      95.2115
183      76.8068
184      96.6626
185      0
186      62.7763
187      0
188      92.8074
189      80.7842
190      0
191      76.7701
192      43.9671
193      97.9994
194      0
195      96.0193
196      76.1168
197      0
198      76.3384
199      53.5252
200      88.2106
201      0
202      46.4127
203      0
204      70.9808
205      47.5629
206      71.0314
207      98.7834
208      72.721
209      0
210      79.3803
211      0
212      78.6437
213      88.5665
214      46.842
215      69.9101
216      42.6181
217      98.9923
218      78.6437
219      82.1434
220      0
221      0
222      81.7785
223      87.9978
224      76.2066
225      0
226      85.1394
227      0
228      95.0027
229      66.8066
230      45.3682
231      0
232      0
233      41.7489
234      0
235      50.8183
236      0
237      95.1177
238      96.2542
239      79.5789
240      80.1343
241      48.8589
242      92.8074
243      61.1012
244      45.9366
245      0
246      0
247      0
248      85.3109
249      66.0121
250      62.098
251      0
252      0
253      78.8963
254      96.114
255      0
256      99.4998
257      0
258      59.5106
259      0
260      0
261      99.6441
262      98.9923
263      0
264      0
265      97.6493
266      71.5527
267      65.9322
268      75.09
269      0
270      0
271      84.667
272      0
273      0
274      0
275      0
276      47.2994
277      0
278      97.9207
279      90.7436
280      60.1412
281      0
282      84.1246
283      0
284      96.0421
285      71.1074
286      82.7972
287      0
288      83.5439
289      79.503
290      67.2669
291      0
292      0
293      0
294      48.1407
295      98.4321
296      65.3849
297      86.7535
298      68.7589
299      0
300      87.3491
301      74.6293
302      58.6085
303      0
304      0
305      0
306      0
307      95.2138
308      86.3655
309      0
310      99.4417
311      73.2333
312      0
313      91.9289
314      99.7301
315      92.9665
316      96.6512
317      0
318      0
319      63.855
320      38.9147
321      0
322      55.2338
323      64.2313
324      0
325      85.7601
326      0
327      76.0593
328      0
329      0
330      0
331      96.9511
332      81.2044
333      0
334      68.2652
335      66.9305
336      37.6737
337      80.8057
338      0
339      0
340      48.5323
341      83.9266
342      0
343      0
344      0
345      98.8676
346      0
347      0
348      0
349      91.8812
350      0
351      0
352      44.1031
353      0
354      0
355      65.374
356      92.3642
357      68.2776
358      76.9922
359      81.3258
360      79.0689
361      0
362      0
363      74.7402
364      0
365      0
366      98.2336
367      0
368      95.0027
369      74.0971
370      0
371      81.837
372      48.6729
373      99.6895
374      85.3109
375      83.954
376      0
377      92.3588
378      0
379      0
380      60.6375
381      84.1904
382      0
383      95.4877
384      0
385      98.0515
386      0
387      89.0142
388      0
389      0
390      64.2313
391      0
392      95.5601
393      90.2354
394      71.1788
395      0
396      68.539
397      96.4687
398      0
399      92.778
400      87.4755
401      65.454
402      50.5651
403      0
404      0
405      0
406      92.7901
407      0
408      0
409      0
410      96.1372
411      99.6441
412      90.2066
413      65.827
414      68.8465
415      0
416      0
417      80.9423
418      99.3408
419      0
420      0
421      70.1394
422      87.2388
423      0
424      0
425      89.7474
426      93.2378
427      51.674
428      60.2629
429      84.4648
430      79.7195
431      84.3973
432      0
433      93.38
434      0
435      0
436      93.2306
437      0
438      0
439      74.8527
440      0
441      0
442      83.6002
443      0
444      93.703
445      99.0709
446      94.1992
447      0
448      97.0797
449      51.9478
450      0
451      49.8774
452      0
453      97.3926
454      96.1866
455      0
456      0
457      78.8963
458      0
459      0
460      0
461      0
462      79.5362
463      69.9063
464      0
465      0
466      68.7202
467      61.3606
468      0
469      81.8944
470      36.2529
471      54.1872
472      62.6026
473      99.8779
474      0
475      54.8635
476      0
477      84.4567
478      81.5852
479      95.4246
480      0
481      69.0606
482      0
483      61.2287
484      91.0148
485      0
486      81.7091
487      0
488      0
489      93.7916
490      0
491      99.3926
492      0
493      53.2899
494      91.7462
495      0
496      0
497      96.1866
498      0
499      52.0807
500      0
501      98.9283
502      0
503      86.3655
504      0
505      81.7091
506      0
507      87.8562
508      80.737
509      97.7027
510      73.6125
511      0
512      49.781
513      93.102
514      89.582
515      0
516      0
517      0
518      86.6462
519      80.737
520      83.0794
521      0
522      54.4576
523      68.539
524      0
525      0
526      0
527      98.4042
528      0
529      0
530      91.0148
531      86.5594
532      41.7489
533      74.3329
534      73.2333
535      0
536      80.5855
537      0
538      0
539      74.2701
540      75.8772
541      88.2156
542      50.1282
543      47.5694
544      87.7829
545      84.2178
546      99.0308
547      0
548      0
549      0
550      74.241
551      0
552      83.0473
553      96.8225
554      72.9954
555      0
556      98.5662
557      90.3592
558      79.7713
559      97.635
560      53.1786
561      94.7734
562      68.4646
563      0
564      0
565      97.0797
566      0
567      0
568      0
569      59.8179
570      85.587
571      62.4471
572      0
573      0
574      86.5228
575      0
576      51.2686
577      55.5293
578      0
579      79.0689
580      43.5731
581      65.9743
582      50.8651
583      0
584      0
585      0
586      0
587      0
588      0
589      81.186
590      50.0005
591      0
592      77.2263
593      68.8427
594      0
595      0
596      0
597      43.5559
598      0
599      92.4281
600      0
601      0
602      81.7939
603      84.9143
604      41.8562
605      0
606      0
607      0
608      0
609      93.703
610      97.877
611      0
612      0
613      50.8651
614      0
615      0
616      0
617      93.3898
618      93.7091
619      0
620      0
621      60.2681
622      79.4968
623      0
624      98.0515
625      98.4321
626      0
627      69.9609
628      85.8946
629      59.297
630      44.1031
631      0
632      0
633      47.5629
634      52.0807
635      75.4318
636      95.4877
637      85.8607
638      93.5393
639      82.8494
640      95.1563
641      85.9047
642      96.9485
643      0
644      0
645      45.3126
646      84.9311
647      0
648      0
649      80.5855
650      79.3571
651      88.9304
652      86.3655
653      56.4496
654      85.3134
655      0
656      98.5608
657      0
658      54.1208
659      65.827
660      63.7515
661      90.8969
662      0
663      78.6803
664      0
665      80.2734
666      0
667      0
668      67.3237
669      0
670      95.335
671      0
672      99.0761
673      0
674      0
675      97.0396
676      0
677      57.6482
678      87.6658
679      0
680      68.4946
681      98.1342
682      0
683      94.972
684      40.2625
685      63.1185
686      63.1243
687      76.8297
688      76.9524
689      0
690      56.0873
691      0
692      0
693      0
694      67.3829
695      74.8329
696      73.1285
697      71.6123
698      0
699      45.1104
700      0
701      63.6567
702      99.0147
703      56.6808
704      0
705      0
706      54.1872
707      53.6291
708      0
709      0
710      82.0668
711      85.6565
712      87.5947
713      92.9764
714      0
715      0
716      88.6694
717      58.6085
718      95.1177
719      0
720      47.5182
721      83.995
722      99.5601
723      0
724      71.2538
725      42.9169
726      62.861
727      76.7701
728      80.0566
729      59.7545
730      0
731      0
732      0
733      0
734      70.2374
735      0
736      67.3829
737      97.2467
738      0
739      50.0163
740      0
741      71.8081
742      62.1981
743      95.5526
744      95.6652
745      95.2013
746      0
747      96.6708
748      74.2005
749      49.8774
750      42.9169
751      72.8634
752      0
753      0
754      0
755      93.7091
756      0
757      46.842
758      75.3692
759      0
760      0
761      76.6137
762      0
763      63.855
764      0
765      48.8589
766      0
767      0
768      88.1815
769      0
770      88.6336
771      52.6268
772      98.2874
773      50.1138
774      46.429
775      0
776      76.7102
777      0
778      98.728
779      72.721
780      38.071
781      93.7436
782      65.3729
783      0
784      54.165
785      0
786      65.8874
787      74.6293
788      92.778
789      0
790      0
791      87.3504
792      0
793      94.8888
794      78.4982
795      0
796      76.6629
797      74.5652
798      0
799      98.9283
800      56.6808
801      43.5559
802      0
803      96.6512
804      0
805      84.4545
806      0
807      58.9752
808      0
809      85.1964
810      64.454
811      0
812      62.6984
813      71.0314
814      58.435
815      64.5419
816      0
817      52.649
818      70.1397
819      94.0544
820      47.0207
821      86.0135
822      50.6605
823      0
824      0
825      99.8291
826      0
827      0
828      0
829      0
830      99.8779
831      91.2088
832      0
833      57.3684
834      93.8255
835      83.1527
836      0
837      87.242
838      97.635
839      87.4604
840      0
841      0
842      91.0148
843      0
844      90.2105
845      0
846      53.4834
847      83.9266
848      0
849      36.8369
850      81.7091
851      0
852      94.5563
853      0
854      47.5629
855      62.9958
856      0
857      0
858      88.2156
859      0
860      52.4851
861      83.0835
862      88.5665
863      68.3094
864      0
865      0
866      0
867      44.6187
868      97.2355
869      0
870      0
871      85.0188
872      97.7027
873      44.9447
874      0
875      0
876      60.2681
877      79.4604
878      0
879      0
880      84.1904
881      99.5729
882      41.3792
883      83.606
884      0
885      86.8052
886      99.0761
887      68.2652
888      90.2354
889      82.4382
890      0
891      71.1074
892      83.449
893      99.6895
894      87.9551
895      0
896      84.1904
897      95.0715
898      74.7402
899      0
900      0
901      0
902      63.9352
903      0
904      0
905      98.108
906      0
907      78.6437
908      72.5925
909      99.4037
910      0
911      60.5083
912      79.8853
913      0
914      52.6268
915      90.9899
916      86.5228
917      69.73
918      0
919      0
920      89.0142
921      63.1393
922      0
923      44.1031
924      64.7473
925      94.5233
926      56.5991
927      82.8731
928      0
929      83.6716
930      79.9014
931      82.5813
932      50.5651
933      39.1979
934      96.2234
935      50.5651
936      77.6836
937      0
938      93.2378
939      0
940      99.9899
941      0
942      99.6895
943      0
944      0
945      85.8946
946      78.8963
947      77.1894
948      62.6908
949      93.5393
950      76.7102
951      60.5083
952      84.7524
953      0
954      95.8844
955      97.9518
956      0
957      98.4375
958      0
959      90.351
960      64.5745
961      0
962      0
963      89.6465
964      0
965      0
966      85.9458
967      0
968      46.3695
969      0
970      92.6444
971      0
972      0
973      87.2388
974      77.1894
975      0
976      62.4803
977      0
978      62.8041
979      0
980      87.4888
981      60.1412
982      60.7399
983      83.6716
984      88.7578
985      40.2625
986      79.5014
987      0
988      80.2964
989      59.4732
990      0
991      99.0802
992      90.9139
993      92.1196
994      0
995      0
996      0
997      56.5991
998      0
999      60.5083
1000      86.2631
1001      0
1002      0
1003      0
1004      90.9701
1005      71.8081
1006      0
1007      0
1008      98.1647
1009      65.454
1010      78.2334
1011      58.4375
1012      89.0165
1013      89.0142
1014      60.2264
1015      0
1016      57.9379
1017      0
1018      0
1019      0
1020      71.3828
1021      0
1022      79.8853
1023      0
1024      96.6228
1025      0
1026      0
1027      56.0873
1028      95.8315
1029      93.2137
1030      73.6981
1031      59.7472
1032      69.0606
1033      0
1034      0
1035      0
1036      0
1037      98.0515
1038      0
1039      0
1040      83.449
1041      91.4773
1042      0
1043      85.1743
1044      0
1045      0
1046      68.3765
1047      93.2137
1048      46.8692
1049      0
1050      0
1051      98.7742
1052      0
1053      46.5989
1054      0
1055      98.1721
1056      0
1057      0
1058      0
1059      0
1060      0
1061      73.2853
1062      94.7666
1063      0
1064      85.0714
1065      94.97
1066      56.5991
1067      0
1068      54.3931
1069      0
1070      93.4757
1071      75.8201
1072      0
1073      65.7996
1074      95.4511
1075      65.8874
1076      98.219
1077      91.4773
1078      0
1079      93.0351
1080      45.0507
1081      59.297
1082      0
1083      79.7713
1084      0
1085      0
1086      46.5366
1087      83.4839
1088      0
1089      0
1090      0
1091      0
1092      0
1093      74.7486
1094      61.2287
1095      90.778
1096      56.3723
1097      65.0083
1098      95.9861
1099      75.09
1100      99.5971
1101      0
1102      0
1103      74.8329
1104      94.4464
1105      0
1106      79.9672
1107      53.7173
1108      0
1109      52.9498
1110      0
1111      80.2317
1112      87.9978
1113      0
1114      0
1115      81.8944
1116      0
1117      0
1118      47.9081
1119      91.2088
1120      99.7508
1121      98.6454
1122      0
1123      77.9954
1124      84.9207
1125      0
1126      0
1127      0
1128      0
1129      93.4237
1130      89.0325
1131      0
1132      70.5481
1133      75.4211
1134      39.6476
1135      0
1136      86.3655
1137      0
1138      0
1139      98.5934
1140      0
1141      71.2538
1142      94.4464
1143      0
1144      0
1145      0
1146      64.3694
1147      0
1148      0
1149      0
1150      56.6808
1151      49.5768
1152      0
1153      0
1154      0
1155      0
1156      71.2119
1157      0
1158      88.9304
1159      47.5182
1160      72.7107
1161      0
1162      0
1163      0
1164      59.7545
1165      92.1266
1166      0
1167      0
1168      36.2529
1169      52.579
1170      79.0587
1171      98.8676
1172      0
1173      46.5962
1174      0
1175      0
1176      42.8555
1177      0
1178      0
1179      77.7032
1180      0
1181      88.9913
1182      90.2354
1183      88.7578
1184      0
1185      54.7558
1186      0
1187      69.8688
1188      62.7348
1189      73.2151
1190      0
1191      70.1314
1192      81.7785
1193      96.2514
1194      98.1767
1195      0
1196      0
1197      79.3533
1198      0
1199      0
1200      95.1177
1201      95.8315
1202      77.7696
1203      56.792
1204      69.0606
1205      0
1206      0
1207      0
1208      98.9925
1209      0
1210      94.0544
1211      59.9777
1212      95.3947
1213      99.0761
1214      0
1215      70.2374
1216      0
1217      59.1668
1218      0
1219      84.4545
1220      0
1221      0
1222      0
1223      99.5729
1224      79.8595
1225      0
1226      79.7926
1227      0
1228      38.967
1229      0
1230      95.6652
1231      63.1065
1232      85.1956
1233      0
1234      95.882
1235      99.0841
1236      52.7873
1237      45.0507
1238      0
1239      78.6437
1240      96.2514
1241      89.7818
1242      52.0807
1243      0
1244      96.1478
1245      57.9379
1246      60.4691
1247      73.5925
1248      98.9923
1249      48.5624
1250      96.8011
1251      0
1252      90.351
1253      87.9978
1254      0
1255      90.7828
1256      99.3926
1257      0
1258      44.6187
1259      0
1260      85.1744
1261      97.2534
1262      0
1263      67.3829
1264      63.3017
1265      0
1266      91.0148
1267      87.3689
1268      97.0797
1269      77.2263
1270      84.0627
1271      0
1272      0
1273      81.5493
1274      87.2374
1275      0
1276      59.1668
1277      78.1176
1278      50.8651
1279      92.1196
1280      0
1281      0
1282      89.9047
1283      85.0714
1284      73.9559
1285      0
1286      0
1287      0
1288      46.7938
1289      0
1290      0
1291      0
1292      98.219
1293      87.2388
1294      76.4592
1295      98.5662
1296      62.9579
1297      0
1298      82.8396
1299      0
1300      82.7565
1301      99.8044
1302      0
1303      96.2234
1304      64.8335
1305      0
1306      0
1307      78.6437
1308      65.8836
1309      0
1310      66.9305
1311      0
1312      0
1313      87.3178
1314      0
1315      0
1316      0
1317      88.5665
1318      0
1319      82.7548
1320      0
1321      65.8836
1322      72.8904
1323      0
1324      95.1461
1325      55.1258
1326      87.8562
1327      0
1328      73.2333
1329      59.297
1330      92.778
1331      85.3134
1332      0
1333      56.5991
1334      62.4922
1335      52.1429
1336      90.3236
1337      0
1338      90.2354
1339      68.4946
1340      0
1341      0
1342      0
1343      42.9973
1344      79.0959
1345      99.3984
1346      86.5228
1347      0
1348      77.4569
1349      92.1196
1350      98.6454
1351      0
1352      0
1353      74.7402
1354      97.3207
1355      78.6506
1356      49.5434
1357      98.8676
1358      50.1138
1359      0
1360      87.4755
1361      0
1362      99.0057
1363      92.0083
1364      84.9311
1365      71.6129
1366      81.4506
1367      87.6658
1368      46.3467
1369      0
1370      67.2894
1371      0
1372      0
1373      0
1374      61.4131
1375      51.3675
1376      98.1876
1377      0
1378      96.8302
1379      0
1380      0
1381      79.7119
1382      85.7601
1383      0
1384      42.2321
1385      0
1386      98.4321
1387      61.9565
1388      0
1389      75.3767
1390      77.1661
1391      0
1392      0
1393      78.4165
1394      0
1395      0
1396      93.9195
1397      93.2176
1398      97.2266
1399      65.3849
1400      0
1401      0
1402      86.2093
1403      60.4691
1404      93.4237
1405      0
1406      89.7818
1407      97.2863
1408      0
1409      97.7143
1410      85.1394
1411      70.7895
1412      38.6829
1413      53.1786
1414      0
1415      86.8118
1416      92.1744
1417      0
1418      93.5393
1419      85.1964
1420      99.025
1421      71.1872
1422      42.3969
1423      73.1659
1424      93.0714
1425      68.3094
1426      0
1427      93.5393
1428      74.9662
1429      74.2701
1430      99.4162
1431      0
1432      0
1433      0
1434      0
1435      0
1436      44.8077
1437      0
1438      0
1439      0
1440      86.668
1441      57.6482
1442      0
1443      0
1444      52.6268
1445      0
1446      96.6626
1447      59.3835
1448      87.3504
1449      0
1450      40.1847
1451      83.1678
1452      95.8315
1453      42.3969
1454      0
1455      98.2388
1456      93.703
1457      93.0195
1458      0
1459      98.6454
1460      0
1461      29.9609
1462      0
1463      0
1464      44.3589
1465      0
1466      76.8068
1467      0
1468      85.1817
1469      65.3729
1470      74.8527
1471      66.4454
1472      97.9207
1473      68.2776
1474      78.5136
1475      93.5393
1476      84.4797
1477      0
1478      56.3595
1479      80.773
1480      59.297
1481      97.6011
1482      42.8137
1483      0
1484      53.4747
1485      56.9812
1486      74.9662
1487      68.8427
1488      64.5267
1489      71.6129
1490      0
1491      0
1492      67.458
1493      0
1494      0
1495      0
1496      0
1497      0
1498      0
1499      61.7127
1500      95.7709
1501      81.7785
1502      0
1503      0
1504      0
1505      0
1506      0
1507      0
1508      88.2156
1509      0
1510      86.5594
1511      98.4501
1512      0
1513      49.5768
1514      96.0639
1515      0
1516      0
1517      53.0769
1518      0
1519      71.8081
1520      82.8468
1521      42.9169
1522      0
1523      68.5659
1524      0
1525      0
1526      36.7365
1527      96.8225
1528      0
1529      0
1530      0
1531      52.8174
1532      81.8808
1533      98.7742
1534      0
1535      63.3017
1536      0
1537      0
1538      0
1539      0
1540      0
1541      99.0147
1542      56.37
1543      80.8493
1544      0
1545      0
1546      79.3324
1547      69.7794
1548      54.3598
1549      0
1550      71.5348
1551      83.0835
1552      0
1553      0
1554      76.2893
1555      0
1556      56.3032
1557      0
1558      0
1559      95.5526
1560      0
1561      69.73
1562      0
1563      70.7239
1564      60.5083
1565      0
1566      0
1567      87.9366
1568      0
1569      91.6544
1570      84.5497
1571      0
1572      0
1573      98.3013
1574      92.2282
1575      63.8003
1576      86.3655
1577      0
1578      0
1579      0
1580      0
1581      0
1582      50.8651
1583      97.2355
1584      0
1585      42.3969
1586      0
1587      54.3931
1588      92.4121
1589      83.3853
1590      75.4761
1591      0
1592      47.9081
1593      97.2467
1594      0
1595      71.5348
1596      0
1597      96.8583
1598      91.0148
1599      87.3491
1600      0
1601      70.8685
1602      77.8011
1603      65.3849
1604      0
1605      0
1606      88.7523
1607      0
1608      0
1609      96.3223
1610      0
1611      56.6808
1612      0
1613      96.2234
1614      67.3829
1615      97.3337
1616      0
1617      0
1618      97.9994
1619      0
1620      79.0689
1621      98.5662
1622      83.3801
1623      56.9475
1624      0
1625      92.1021
1626      62.1989
1627      53.6701
1628      60.0138
1629      73.6981
1630      0
1631      0
1632      67.7998
1633      0
1634      93.2137
1635      0
1636      92.6834
1637      85.4816
1638      0
1639      0
1640      0
1641      92.2282
1642      98.9457
1643      92.8946
1644      99.025
1645      57.1448
1646      0
1647      99.6441
1648      95.8844
1649      62.9579
1650      0
1651      0
1652      95.9861
1653      53.4119
1654      70.1314
1655      58.9752
1656      0
1657      0
1658      80.0566
1659      78.9712
1660      0
1661      97.4934
1662      0
1663      42.2774
1664      85.1394
1665      0
1666      0
1667      0
1668      85.0075
1669      62.861
1670      0
1671      0
1672      89.464
1673      89.2647
1674      81.7091
1675      82.0366
1676      48.7445
1677      97.9994
1678      0
1679      0
1680      94.9077
1681      96.4134
1682      64.5267
1683      0
1684      94.4464
1685      89.7818
1686      95.575
1687      50.9181
1688      88.6336
1689      80.0932
1690      73.107
1691      70.7887
1692      82.2644
1693      85.8607
1694      43.5559
1695      66.4947
1696      0
1697      76.7701
1698      91.8812
1699      93.7436
1700      0
1701      97.4934
1702      68.7619
1703      0
1704      84.1904
1705      0
1706      44.7583
1707      68.0738
1708      96.4563
1709      0
1710      50.6605
1711      0
1712      97.7745
1713      0
1714      0
1715      83.3801
1716      81.4439
1717      71.8081
1718      0
1719      76.9524
1720      0
1721      94.6254
1722      0
1723      0
1724      75.7062
1725      76.3368
1726      99.6441
1727      98.9985
1728      96.0977
1729      0
1730      0
1731      0
1732      91.4631
1733      43.7458
1734      0
1735      68.5659
1736      83.954
1737      53.8825
1738      0
1739      41.4185
1740      95.1177
1741      96.4503
1742      84.4545
1743      67.6967
1744      0
1745      0
1746      0
1747      0
1748      50.1138
1749      49.1321
1750      0
1751      94.196
1752      0
1753      0
1754      0
1755      96.9415
1756      70.1402
1757      91.4773
1758      59.3611
1759      0
1760      73.2333
1761      0
1762      0
1763      0
1764      0
1765      0
1766      54.3931
1767      63.7594
1768      0
1769      0
1770      0
1771      89.7818
1772      0
1773      79.7195
1774      0
1775      0
1776      0
1777      0
1778      93.0714
1779      86.8052
1780      0
1781      0
1782      0
1783      0
1784      0
1785      60.0138
1786      66.0096
1787      60.8624
1788      99.3984
1789      91.2773
1790      66.0121
1791      94.7734
1792      80.1598
1793      59.4233
1794      97.9174
1795      0
1796      0
1797      46.5406
1798      96.8225
1799      75.4546
1800      75.7832
1801      82.0918
1802      0
1803      59.4233
1804      0
1805      92.3642
1806      99.8779
1807      56.8601
1808      0
1809      98.1342
1810      96.615
1811      0
1812      99.6441
1813      94.5563
1814      75.7864
1815      0
1816      0
1817      0
1818      47.5629
1819      0
1820      88.7747
1821      81.186
1822      64.6325
1823      87.4755
1824      48.8589
1825      0
1826      59.5106
1827      0
1828      0
1829      96.0193
1830      69.3416
1831      0
1832      0
1833      47.5629
1834      99.5971
1835      74.457
1836      67.8982
1837      92.431
1838      0
1839      53.8192
1840      0
1841      0
1842      53.1786
1843      67.3942
1844      0
1845      74.7263
1846      95.0027
1847      60.5083
1848      0
1849      0
1850      0
1851      0
1852      94.1786
1853      63.1222
1854      0
1855      86.113
1856      99.025
1857      0
1858      98.5716
1859      0
1860      83.8898
1861      0
1862      0
1863      73.9028
1864      0
1865      93.3452
1866      0
1867      0
1868      98.2857
1869      60.5093
1870      93.0351
1871      87.4604
1872      98.9925
1873      67.2669
1874      99.8398
1875      67.8982
1876      0
1877      97.2863
1878      0
1879      0
1880      62.4471
1881      91.4631
1882      99.9899
1883      0
1884      0
1885      88.691
1886      99.7625
1887      91.5627
1888      0
1889      96.2234
1890      87.7698
1891      0
1892      59.1714
1893      78.4346
1894      99.5729
1895      0
1896      0
1897      79.4604
1898      0
1899      0
1900      0
1901      0
1902      0
1903      0
1904      0
1905      98.7526
1906      0
1907      0
1908      84.4567
1909      86.113
1910      95.4877
1911      91.2088
1912      91.0148
1913      0
1914      78.7102
1915      0
1916      99.8044
1917      97.7143
1918      74.8329
1919      0
1920      0
1921      69.8271
1922      87.9551
1923      95.2159
1924      74.8329
1925      0
1926      65.5179
1927      92.8074
1928      76.3966
1929      95.5601
1930      93.707
1931      92.5525
1932      75.7864
1933      0
1934      0
1935      0
1936      0
1937      0
1938      46.594
1939      98.1767
1940      0
1941      69.4367
1942      0
1943      0
1944      82.718
1945      0
1946      49.1226
1947      0
1948      78.8963
1949      0
1950      0
1951      87.4604
1952      65.3849
1953      0
1954      82.0904
1955      51.0543
1956      0
1957      0
1958      85.9983
1959      0
1960      88.9913
1961      96.4134
1962      0
1963      57.3684
1964      0
1965      85.0188
1966      0
1967      0
1968      0
1969      45.882
1970      0
1971      78.322
1972      0
1973      0
1974      0
1975      99.0617
1976      80.6512
1977      55.9043
1978      0
1979      99.8758
1980      94.1992
1981      72.98
1982      92.7055
1983      65.8836
1984      91.6544
1985      60.4662
1986      0
1987      96.0639
1988      49.0543
1989      88.2156
1990      0
1991      56.37
1992      0
1993      0
1994      80.7698
1995      93.2137
1996      96.3453
1997      99.3984
1998      71.0427
1999      37.6737
2000      0
2001      0
2002      0
2003      67.3829
2004      66.7056
2005      0
2006      0
2007      0
2008      98.8344
2009      98.1862
2010      93.2378
2011      52.7977
2012      0
2013      0
2014      47.9081
2015      95.4511
2016      53.4119
2017      65.1761
2018      86.668
2019      52.7977
2020      0
2021      0
2022      0
2023      0
2024      98.8087
2025      0
2026      73.4792
2027      93.2306
2028      0
2029      0
2030      0
2031      55.1258
2032      0
2033      0
2034      95.8045
2035      0
2036      0
2037      96.3453
2038      0
2039      98.9925
2040      92.7707
2041      53.14
2042      0
2043      94.4464
2044      0
2045      0
2046      74.3514
2047      0
2048      0
2049      0
2050      0
2051      0
2052      98.8676
2053      0
2054      0
2055      0
2056      0
2057      82.2127
2058      98.3013
2059      53.6701
2060      0
2061      86.987
2062      0
2063      0
2064      87.7829
2065      91.5294
2066      99.7625
2067      0
2068      71.5195
2069      91.0148
2070      54.4576
2071      0
2072      0
2073      70.8564
2074      0
2075      89.2647
2076      67.7998
2077      0
2078      89.0142
2079      63.1393
2080      36.8369
2081      91.5294
2082      46.3467
2083      70.2374
2084      0
2085      0
2086      94.4389
2087      67.4197
2088      67.5772
2089      55.0131
2090      51.3675
2091      57.8322
2092      94.1337
2093      0
2094      64.4935
2095      0
2096      0
2097      0
2098      0
2099      0
2100      0
2101      0
2102      67.497
2103      53.422
2104      47.9081
2105      0
2106      68.3765
2107      0
2108      77.5306
2109      50.6605
2110      85.0714
2111      95.2159
2112      0
2113      0
2114      66.7152
2115      79.5143
2116      82.8468
2117      0
2118      0
2119      0
2120      0
2121      0
2122      0
2123      69.7794
2124      87.5477
2125      55.6529
2126      74.3329
2127      74.3188
2128      0
2129      0
2130      0
2131      99.9143
2132      98.2857
2133      0
2134      55.0131
2135      0
2136      65.3542
2137      0
2138      56.5991
2139      0
2140      80.8493
2141      99.9143
2142      0
2143      69.6088
2144      0
2145      97.0396
2146      77.7038
2147      0
2148      0
2149      71.0314
2150      0
2151      69.8688
2152      0
2153      48.1693
2154      99.6441
2155      63.1243
2156      0
2157      54.9819
2158      0
2159      0
2160      56.1858
2161      88.6694
2162      99.8044
2163      0
2164      0
2165      0
2166      77.3043
2167      0
2168      0
2169      0
2170      0
2171      39.1979
2172      0
2173      0
2174      67.3829
2175      91.0724
2176      0
2177      99.8291
2178      87.8562
2179      0
2180      76.8297
2181      0
2182      38.0069
2183      0
2184      0
2185      83.4839
2186      84.9143
2187      0
2188      0
2189      0
2190      0
2191      0
2192      73.6489
2193      52.7873
2194      97.7541
2195      70.0717
2196      0
2197      94.97
2198      0
2199      83.0835
2200      0
2201      85.0188
2202      62.9579
2203      96.6187
2204      0
2205      70.788
2206      0
2207      87.9551
2208      0
2209      94.8226
2210      0
2211      50.4376
2212      84.4545
2213      76.0452
2214      42.3969
2215      56.1795
2216      40.8217
2217      0
2218      73.107
2219      91.5878
2220      50.6605
2221      92.1196
2222      92.3588
2223      0
2224      97.5858
2225      90.0083
2226      85.3863
2227      0
2228      48.1407
2229      80.737
2230      0
2231      83.606
2232      0
2233      76.312
2234      0
2235      84.3973
2236      93.6375
2237      38.8971
2238      78.4982
2239      0
2240      77.8011
2241      0
2242      0
2243      0
2244      98.8676
2245      53.4119
2246      52.5023
2247      0
2248      0
2249      0
2250      74.241
2251      0
2252      0
2253      0
2254      95.9226
2255      80.1598
2256      93.9695
2257      0
2258      94.4464
2259      0
2260      55.1258
2261      0
2262      83.3801
2263      76.7102
2264      60.9043
2265      0
2266      76.83
2267      0
2268      53.4834
2269      0
2270      93.0289
2271      0
2272      90.6137
2273      0
2274      0
2275      0
2276      99.979
2277      80.1749
2278      40.9703
2279      93.3976
2280      0
2281      0
2282      40.2625
2283      0
2284      0
2285      63.855
2286      65.8836
2287      0
2288      98.9248
2289      76.9524
2290      97.7541
2291      83.0794
2292      0
2293      0
2294      0
2295      93.3256
2296      0
2297      99.7006
2298      74.3514
2299      77.0361
2300      89.2647
2301      0
2302      0
2303      0
2304      0
2305      91.5647
2306      0
2307      0
2308      98.0515
2309      77.915
2310      96.8302
2311      0
2312      60.4691
2313      0
2314      98.9283
2315      87.8973
2316      91.7462
2317      47.5182
2318      0
2319      50.6605
2320      93.3898
2321      82.8468
2322      0
2323      87.6658
2324      69.1591
2325      79.4604
2326      73.0346
2327      0
2328      39.6476
2329      97.4992
2330      50.1138
2331      92.6476
2332      0
2333      98.264
2334      68.539
2335      0
2336      0
2337      0
2338      66.2749
2339      43.4078
2340      73.2333
2341      89.0325
2342      0
2343      0
2344      85.0075
2345      97.9994
2346      0
2347      81.0265
2348      0
2349      99.5971
2350      38.9147
2351      60.0138
2352      0
2353      0
2354      82.0012
2355      85.2214
2356      0
2357      60.0485
2358      92.4121
2359      0
2360      0
2361      28.8365
2362      56.9887
2363      0
2364      72.9043
2365      97.0407
2366      74.4839
2367      97.9207
2368      85.1964
2369      71.6909
2370      0
2371      0
2372      93.4292
2373      0
2374      85.2126
2375      95.1354
2376      77.7038
2377      0
2378      64.952
2379      52.5154
2380      45.3975
2381      0
2382      0
2383      67.3237
2384      67.7998
2385      90.3592
2386      70.9761
2387      0
2388      56.6808
2389      84.575
2390      99.7429
2391      0
2392      0
2393      96.2234
2394      0
2395      59.0971
2396      0
2397      0
2398      51.0088
2399      0
2400      86.8118
2401      48.682
2402      73.2853
2403      73.107
2404      0
2405      68.7537
2406      82.7565
2407      65.4299
2408      79.8889
2409      90.1968
2410      85.1956
2411      0
2412      0
2413      99.6895
2414      0
2415      0
2416      92.745
2417      0
2418      51.3675
2419      63.4064
2420      74.8032
2421      0
2422      0
2423      62.7273
2424      88.1815
2425      0
2426      0
2427      0
2428      99.4229
2429      72.1162
2430      79.9014
2431      0
2432      0
2433      0
2434      0
2435      79.3954
2436      98.5662
2437      0
2438      98.2857
2439      46.079
2440      0
2441      0
2442      0
2443      90.9619
2444      0
2445      98.2388
2446      89.1144
2447      95.6426
2448      0
2449      76.4592
2450      0
2451      63.2662
2452      44.0995
2453      41.8562
2454      0
2455      78.3653
2456      64.4699
2457      97.1007
2458      0
2459      90.9619
2460      60.6375
2461      0
2462      0
2463      62.7348
2464      0
2465      90.2066
2466      75.5253
2467      0
2468      98.8344
2469      0
2470      0
2471      0
2472      0
2473      0
2474      92.745
2475      67.6098
2476      0
2477      87.5947
2478      0
2479      93.6211
2480      77.2263
2481      92.5525
2482      0
2483      87.9551
2484      0
2485      0
2486      0
2487      87.2388
2488      0
2489      74.2455
2490      50.5651
2491      87.2374
2492      45.882
2493      0
2494      81.6099
2495      0
2496      73.6125
2497      0
2498      94.0668
2499      0
       79230.1
