0      0
1      0
2      99.9898
3      80.1544
4      42.5454
5      0
6      0
7      0
8      51.5912
9      0
10      0
11      99.9757
12      0
13      0
14      99.9695
15      99.9853
16      0
17      0
18      99.9898
19      97.9253
20      0
21      72.5625
22      99.8307
23      0
24      0
25      0
26      53.9296
27      54.5308
28      46.3174
29      81.1884
30      99.9898
31      99.9596
32      0
33      92.5585
34      67.6154
35      69.8396
36      99.816
37      0
38      0
39      99.9898
40      99.9898
41      99.816
42      69.5955
43      99.9898
44      0
45      86.0248
46      69.9766
47      62.3514
48      78.2281
49      99.9898
50      0
51      91.9936
52      0
53      99.9936
54      0
55      99.9898
56      0
57      64.5352
58      99.9898
59      0
60      0
61      86.7779
62      99.816
63      71.7145
64      99.7444
65      0
66      74.5476
67      99.9749
68      0
69      61.4198
70      98.0345
71      45.6318
72      0
73      0
74      99.816
75      0
76      60.5575
77      0
78      0
79      0
80      0
81      80.7606
82      0
83      58.7117
84      70.5908
85      99.9749
86      0
87      0
88      0
89      0
90      0
91      0
92      60.0382
93      0
94      99.9595
95      99.3756
96      99.3706
97      99.816
98      99.816
99      99.816
       3311.88
