0      0
1      0
2      95.5882
3      0
4      97.3723
5      79.0422
6      99.9725
7      0
8      0
9      61.9869
10      99.7623
11      99.2671
12      68.6918
13      43.4376
14      0
15      0
16      62.4024
17      73.6725
18      51.2555
19      86.0631
20      0
21      74.3182
22      77.298
23      96.6954
24      71.7593
25      82.9954
26      87.9076
27      0
28      0
29      0
30      73.2862
31      0
32      94.0889
33      0
34      0
35      93.2132
36      88.628
37      93.4791
38      88.6684
39      99.9715
40      99.9715
41      64.1316
42      99.1098
43      0
44      99.006
45      50.7131
46      98.6256
47      99.9725
48      0
49      99.9715
50      99.2671
51      66.098
52      97.8936
53      73.2862
54      63.7789
55      89.2661
56      98.1634
57      84.0437
58      0
59      99.3059
60      0
61      0
62      99.2671
63      0
64      0
65      99.1098
66      0
67      0
68      98.6256
69      55.9979
70      90.3526
71      68.1413
72      0
73      73.3529
74      0
75      0
76      0
77      0
78      0
79      94.0889
80      89.6544
81      99.9725
82      80.6076
83      68.0669
84      99.9506
85      65.5756
86      0
87      0
88      80.6076
89      72.0715
90      0
91      0
92      65.8613
93      99.9725
94      90.1593
95      0
96      99.9715
97      89.3727
98      0
99      99.9725
100      0
101      0
102      0
103      65.2587
104      0
105      99.9827
106      0
107      0
108      0
109      94.0889
110      70.3075
111      77.0845
112      99.9827
113      64.3594
114      99.9715
115      61.01
116      0
117      99.8171
118      0
119      65.5982
120      45.5525
121      85.9095
122      99.9862
123      0
124      0
125      36.8464
126      0
127      80.6264
128      53.4213
129      80.1766
130      99.9725
131      0
132      0
133      0
134      0
135      99.9715
136      0
137      0
138      65.2587
139      0
140      43.932
141      0
142      80.4069
143      99.9715
144      36.1941
145      0
146      99.9715
147      99.9725
148      48.1205
149      0
150      99.9715
151      99.9827
152      0
153      79.8144
154      0
155      0
156      0
157      78.0625
158      99.9725
159      0
160      98.452
161      0
162      0
163      63.5181
164      99.7623
165      0
166      99.2671
167      99.2671
168      0
169      93.2085
170      78.7059
171      81.6156
172      99.9725
173      0
174      99.9715
175      0
176      78.8212
177      99.7623
178      0
179      73.2862
180      0
181      0
182      0
183      61.2392
184      99.006
185      99.5696
186      0
187      36.1941
188      0
189      99.9715
190      97.7125
191      96.3429
192      0
193      0
194      0
195      99.7623
196      0
197      0
198      0
199      99.9715
200      0
201      30.5431
202      94.8402
203      0
204      0
205      58.4017
206      84.1672
207      0
208      0
209      65.2587
210      0
211      0
212      92.4287
213      99.9715
214      98.8059
215      0
216      99.7623
217      52.4428
218      0
219      0
220      99.2671
221      99.9725
222      77.298
223      45.5525
224      93.2132
225      96.6954
226      0
227      0
228      81.6156
229      43.1961
230      0
231      29.1758
232      99.5171
233      0
234      68.9357
235      36.1941
236      0
237      0
238      0
239      0
240      48.1205
241      0
242      68.1013
243      98.086
244      98.6402
245      0
246      86.4255
247      99.9725
248      0
249      60.069
250      74.7438
251      0
252      0
253      0
254      96.2792
255      99.9715
256      72.3141
257      0
258      99.9725
259      0
260      99.2671
261      64.4818
262      83.4053
263      99.9506
264      0
265      0
266      0
267      54.6325
268      0
269      56.4197
270      96.0798
271      78.7059
272      0
273      99.9725
274      56.4197
275      99.9725
276      91.9626
277      99.7623
278      97.8176
279      53.5239
280      97.8644
281      61.01
282      99.5171
283      0
284      83.1056
285      74.3964
286      0
287      68.2628
288      86.3363
289      99.9715
290      45.5525
291      0
292      0
293      75.4875
294      0
295      99.9862
296      0
297      79.9872
298      93.6693
299      79.9872
300      0
301      0
302      68.513
303      0
304      0
305      99.8373
306      0
307      99.0397
308      0
309      36.8464
310      89.3925
311      0
312      0
313      73.2813
314      0
315      57.365
316      0
317      0
318      99.8373
319      57.104
320      99.006
321      72.795
322      69.5291
323      99.9715
324      0
325      69.0972
326      0
327      0
328      0
329      0
330      77.298
331      99.9715
332      97.6533
333      0
334      0
335      86.6664
336      74.3182
337      77.298
338      99.6758
339      51.9581
340      72.9951
341      90.4855
342      0
343      99.9715
344      0
345      0
346      95.272
347      82.9954
348      57.2983
349      94.0889
350      68.513
351      90.4154
352      93.6693
353      99.7623
354      71.2276
355      0
356      0
357      86.6664
358      99.7623
359      0
360      56.1478
361      96.2792
362      0
363      96.6993
364      0
365      0
366      50.3326
367      0
368      99.7623
369      97.3723
370      99.8171
371      0
372      0
373      0
374      49.3372
375      0
376      0
377      65.1568
378      0
379      99.7623
380      76.0252
381      0
382      0
383      61.439
384      99.9715
385      0
386      0
387      0
388      74.2447
389      89.3925
390      0
391      0
392      0
393      96.2792
394      0
395      94.8402
396      78.358
397      0
398      99.2671
399      0
400      78.7059
401      0
402      0
403      99.3648
404      0
405      99.006
406      0
407      88.6684
408      99.7623
409      78.3174
410      66.9451
411      0
412      58.4899
413      0
414      0
415      99.9715
416      57.7576
417      87.9076
418      0
419      0
420      99.9715
421      0
422      0
423      74.8726
424      61.01
425      86.6664
426      89.6544
427      81.0246
428      56.4197
429      0
430      0
431      99.6758
432      99.093
433      0
434      99.2671
435      0
436      0
437      94.8402
438      99.9947
439      0
440      99.9725
441      99.9715
442      0
443      99.9725
444      65.2587
445      99.9725
446      0
447      0
448      69.6802
449      0
450      0
451      0
452      89.6544
453      87.0939
454      99.9715
455      99.5696
456      0
457      52.4428
458      0
459      0
460      0
461      58.7691
462      0
463      95.152
464      0
465      0
466      99.9715
467      82.6051
468      99.7623
469      0
470      92.4287
471      90.0692
472      77.2777
473      99.9715
474      78.3174
475      0
476      81.6156
477      0
478      85.9962
479      0
480      0
481      61.6678
482      99.7623
483      96.3429
484      0
485      99.8373
486      0
487      90.4154
488      89.9073
489      99.5696
490      74.3182
491      91.9626
492      94.8402
493      0
494      0
495      99.9725
496      0
497      57.6086
498      99.3648
499      0
       15433.5
