0      78.5629
1      96.3366
2      60.5276
3      99.9586
4      0
5      0
6      99.9586
7      97.2833
8      65.0866
9      96.3366
10      96.3366
11      0
12      94.5179
13      86.2011
14      0
15      0
16      0
17      0
18      0
19      59.7195
20      0
21      68.0307
22      0
23      49.6776
24      0
25      93.9021
26      75.7557
27      78.7693
28      78.0722
29      69.4382
30      98.7976
31      50.6067
32      99.2596
33      99.9536
34      65.1451
35      53.6631
36      0
37      0
38      67.8896
39      0
40      99.9903
41      96.4383
42      99.2596
43      78.4468
44      58.2128
45      99.9536
46      0
47      75.7557
48      99.9903
49      99.6893
50      99.7019
51      98.7976
52      60.5276
53      85.2261
54      0
55      42.4049
56      99.9722
57      81.3156
58      0
59      83.1508
60      85.6021
61      65.33
62      99.9903
63      0
64      85.3284
65      75.7557
66      92.5611
67      0
68      99.9586
69      0
70      99.0968
71      44.176
72      75.7557
73      99.6893
74      99.9586
75      0
76      61.6084
77      58.4501
78      0
79      0
80      0
81      64.5811
82      0
83      0
84      90.7544
85      0
86      99.3102
87      0
88      0
89      0
90      99.3102
91      0
92      99.9903
93      0
94      99.9903
95      60.5276
96      97.2886
97      0
98      99.9586
99      68.7369
100      0
101      0
102      99.5187
103      99.9586
104      99.6893
105      0
106      0
107      82.4149
108      75.3396
109      0
110      92.4779
111      0
112      75.7557
113      0
114      0
115      62.447
116      70.1621
117      0
118      99.3102
119      99.9586
120      99.2198
121      99.9722
122      96.3366
123      0
124      54.419
125      70.6088
126      0
127      99.5913
128      99.9903
129      0
130      99.9994
131      99.6893
132      0
133      53.0588
134      51.0128
135      43.4418
136      99.7019
137      91.2389
138      68.8834
139      98.9006
140      0
141      99.9536
142      67.4001
143      67.5588
144      0
145      99.9586
146      0
147      0
148      61.8083
149      57.784
150      0
151      0
152      63.7202
153      62.8035
154      83.5952
155      68.6314
156      0
157      75.0066
158      0
159      0
160      99.6893
161      99.9586
162      99.9903
163      0
164      0
165      67.8896
166      0
167      99.7019
168      0
169      44.176
170      39.8444
171      0
172      43.4418
173      0
174      88.3126
175      93.1184
176      99.6732
177      0
178      99.9586
179      96.3366
180      60.3149
181      99.6893
182      99.9586
183      96.3366
184      0
185      99.5187
186      78.3731
187      64.3367
188      99.9586
189      99.9722
190      40.9306
191      92.8305
192      93.5645
193      99.2198
194      81.3156
195      61.4255
196      0
197      72.425
198      0
199      98.2248
200      0
201      99.4669
202      0
203      0
204      91.5409
205      52.0439
206      0
207      62.8035
208      0
209      0
210      0
211      83.5952
212      99.9586
213      0
214      67.2171
215      56.2984
216      92.4779
217      0
218      0
219      96.3366
220      76.9964
221      64.6144
222      60.5005
223      71.9705
224      0
225      0
226      71.9705
227      93.9627
228      99.286
229      88.5634
230      96.4383
231      90.5116
232      0
233      67.4179
234      66.7088
235      98.4826
236      98.8664
237      82.4149
238      86.2011
239      97.872
240      98.54
241      65.7065
242      75.0066
243      0
244      99.9722
245      99.7257
246      99.7019
247      97.2833
248      75.7557
249      78.3731
250      0
251      0
252      0
253      0
254      60.5276
255      99.7019
256      99.9903
257      0
258      99.3102
259      83.1508
260      0
261      0
262      65.7965
263      54.8725
264      75.7557
265      99.6893
266      0
267      62.447
268      52.5777
269      94.1408
270      99.9536
271      0
272      76.9857
273      99.9722
274      0
275      98.4959
276      0
277      0
278      82.6743
279      0
280      94.1408
281      85.2134
282      0
283      0
284      0
285      98.0316
286      51.0128
287      81.6035
288      99.2198
289      98.0946
290      0
291      99.6893
292      58.4571
293      99.9903
294      43.4418
295      68.7259
296      99.9903
297      0
298      98.0946
299      62.447
300      50.6067
301      0
302      78.7693
303      59.5066
304      99.9586
305      99.9586
306      94.1408
307      99.9903
308      99.9586
309      0
310      0
311      0
312      94.1408
313      0
314      99.9586
315      88.0555
316      0
317      0
318      99.6893
319      0
320      99.9903
321      88.2347
322      93.9627
323      98.9191
324      74.8794
325      99.9903
326      0
327      76.1806
328      0
329      0
330      99.3102
331      84.9662
332      99.8576
333      61.6084
334      0
335      0
336      59.0873
337      81.6035
338      0
339      99.9903
340      99.9586
341      0
342      0
343      99.9586
344      0
345      0
346      0
347      50.6067
348      82.2076
349      99.9722
350      99.9586
351      53.009
352      71.9259
353      0
354      99.9722
355      0
356      73.0207
357      88.7048
358      0
359      98.4959
360      76.9857
361      0
362      0
363      68.7259
364      98.0946
365      0
366      0
367      0
368      99.9586
369      0
370      0
371      58.111
372      64.6259
373      54.6584
374      72.6435
375      83.1508
376      43.4418
377      99.9903
378      0
379      99.9903
380      0
381      0
382      0
383      96.435
384      0
385      0
386      0
387      99.9903
388      99.9586
389      99.9586
390      94.5179
391      96.3366
392      96.3366
393      80.3534
394      39.8444
395      73.2208
396      61.6475
397      52.1084
398      0
399      0
400      0
401      99.9586
402      69.5355
403      56.8381
404      87.0486
405      0
406      0
407      96.8802
408      98.0946
409      85.6489
410      0
411      83.8536
412      97.1092
413      0
414      0
415      0
416      99.9586
417      98.6584
418      66.7187
419      54.419
420      78.3731
421      0
422      0
423      99.6893
424      0
425      71.7542
426      0
427      0
428      0
429      99.9903
430      0
431      99.9586
432      99.9903
433      96.3366
434      99.9722
435      67.8779
436      83.1508
437      98.7768
438      93.1184
439      71.9705
440      59.7195
441      99.9722
442      99.3102
443      80.3534
444      99.9722
445      88.7048
446      96.435
447      91.2389
448      0
449      94.5264
450      0
451      60.9411
452      0
453      99.007
454      99.9903
455      99.9586
456      0
457      88.1751
458      0
459      92.8077
460      72.7207
461      72.081
462      99.9903
463      0
464      0
465      72.6435
466      54.8725
467      71.7727
468      0
469      76.4761
470      71.7542
471      0
472      99.9722
473      99.7019
474      99.2198
475      99.0357
476      89.6134
477      87.0486
478      0
479      98.8528
480      68.1134
481      99.2198
482      0
483      70.0925
484      99.9586
485      0
486      0
487      84.7109
488      99.6893
489      99.9586
490      85.3284
491      0
492      71.7542
493      70.7005
494      0
495      98.0946
496      99.286
497      99.286
498      89.4138
499      0
       16249.1
