0      97.715
1      77.575
2      59.4184
3      98.9125
4      55.4938
5      0
6      62.4553
7      0
8      0
9      99.8244
10      0
11      0
12      53.9936
13      63.1813
14      86.0875
15      98.9125
16      49.6914
17      98.9125
18      96.7312
19      0
20      76.0136
21      64.893
22      80.2507
23      48.1463
24      0
25      99.8244
26      99.8502
27      87.3807
28      99.9543
29      96.7312
30      0
31      99.3632
32      99.8502
33      52.8208
34      78.6209
35      72.0241
36      98.9125
37      0
38      97.1099
39      0
40      39.4411
41      75.5845
42      0
43      0
44      99.8244
45      0
46      98.4002
47      0
48      99.9543
49      0
50      65.0888
51      49.9486
52      64.893
53      61.6966
54      99.5309
55      59.7132
56      0
57      99.9543
58      57.954
59      99.8917
60      0
61      99.892
62      99.7451
63      0
64      75.0793
65      73.5478
66      90.162
67      0
68      85.7297
69      49.9486
70      96.3405
71      0
72      51.3534
73      72.7054
74      99.995
75      79.327
76      55.0843
77      99.9543
78      0
79      0
80      99.8244
81      67.6504
82      99.995
83      0
84      58.0394
85      0
86      64.893
87      99.995
88      83.8834
89      61.7638
90      93.3633
91      62.0436
92      0
93      99.995
94      99.9543
95      63.1888
96      99.9543
97      0
98      0
99      83.8834
100      0
101      96.3405
102      99.8502
103      90.377
104      0
105      0
106      0
107      83.9493
108      99.8502
109      99.9543
110      92.7334
111      61.2694
112      58.0394
113      75.8111
114      0
115      0
116      85.1651
117      99.8502
118      55.0843
119      0
120      0
121      53.9305
122      59.4604
123      0
124      99.4991
125      98.6828
126      51.752
127      0
128      0
129      0
130      99.8502
131      99.892
132      99.995
133      72.2668
134      96.3405
135      99.8244
136      79.7755
137      58.0394
138      70.704
139      99.8502
140      0
141      95.6667
142      67.9265
143      96.0981
144      99.8502
145      0
146      73.4756
147      91.4818
148      0
149      65.2546
150      67.1287
151      52.8208
152      0
153      0
154      66.6279
155      99.4991
156      0
157      72.7507
158      96.2415
159      0
160      90.733
161      99.3632
162      0
163      0
164      94.2124
165      0
166      31.8073
167      0
168      0
169      87.3413
170      99.892
171      0
172      0
173      50.3052
174      0
175      76.361
176      99.9543
177      0
178      50.1955
179      0
180      0
181      58.639
182      0
183      91.8882
184      99.995
185      0
186      61.7638
187      0
188      60.7491
189      67.6504
190      99.995
191      99.9777
192      55.592
193      99.995
194      0
195      56.5293
196      99.8502
197      0
198      99.892
199      88.9479
200      96.0981
201      96.7312
202      47.6549
203      62.4553
204      0
205      99.995
206      53.9936
207      0
208      0
209      81.0292
210      78.5946
211      96.0981
212      0
213      99.2629
214      76.6483
215      0
216      99.8502
217      99.9543
218      97.715
219      77.471
220      71.0951
221      0
222      51.752
223      89.1785
224      0
225      0
226      70.9158
227      0
228      51.3534
229      99.9543
230      99.9777
231      0
232      67.1689
233      99.2467
234      97.1099
235      0
236      51.752
237      71.2629
238      61.491
239      0
240      71.642
241      0
242      70.9158
243      66.2599
244      93.2175
245      62.3866
246      0
247      66.6279
248      0
249      0
250      99.892
251      88.9534
252      77.471
253      98.9125
254      99.9543
255      99.995
256      96.3405
257      0
258      97.715
259      0
260      73.4378
261      0
262      99.995
263      99.2629
264      66.1982
265      99.9543
266      0
267      77.575
268      83.9493
269      60.613
270      52.6441
271      0
272      0
273      96.7312
274      99.995
275      0
276      0
277      99.9543
278      0
279      62.6777
280      0
281      99.6939
282      67.6504
283      99.8502
284      99.995
285      0
286      0
287      0
288      0
289      0
290      0
291      0
292      72.8188
293      74.8754
294      49.4117
295      0
296      99.995
297      0
298      0
299      64.8886
300      90.4041
301      0
302      0
303      0
304      64.8575
305      99.7645
306      99.995
307      99.995
308      76.3661
309      45.18
310      0
311      52.8893
312      0
313      67.1689
314      83.7924
315      0
316      91.0038
317      92.7334
318      99.9543
319      99.995
320      90.733
321      64.9244
322      47.4398
323      0
324      0
325      61.2694
326      99.8502
327      99.7645
328      53.822
329      60.4495
330      0.00957549
331      99.8244
332      96.7312
333      60.2902
334      80.3954
335      83.5894
336      50.8891
337      99.9777
338      0
339      0
340      99.2629
341      54.4766
342      93.2175
343      87.2564
344      81.0292
345      0
346      0
347      96.3405
348      73.9069
349      0
350      99.8244
351      47.4698
352      0
353      77.1601
354      99.9543
355      0.0115308
356      0
357      0
358      72.1466
359      0
360      0
361      78.6141
362      0
363      99.2467
364      0
365      83.4046
366      54.4766
367      98.9125
368      99.3632
369      0
370      94.8427
371      99.8502
372      0
373      70.7697
374      78.3797
375      0
376      0
377      83.4024
378      0
379      0
380      99.6731
381      0
382      0
383      99.6939
384      99.8502
385      0
386      0
387      99.8244
388      75.6677
389      0
390      87.2564
391      87.3413
392      99.2629
393      97.7601
394      0
395      66.6279
396      75.8738
397      0
398      78.8532
399      99.6939
400      90.4041
401      85.1651
402      99.6939
403      0
404      0
405      82.7124
406      0
407      99.6939
408      99.995
409      0
410      62.4981
411      99.0935
412      99.8244
413      72.7507
414      90.377
415      73.8562
416      75.0793
417      0
418      99.9777
419      96.7312
420      67.6504
421      99.8502
422      0
423      0
424      67.1287
425      98.9125
426      32.3041
427      0
428      0
429      24.7191
430      70.9158
431      39.4411
432      55.0843
433      60.2902
434      45.5562
435      0
436      99.9543
437      99.892
438      0
439      60.7491
440      99.995
441      39.4411
442      0
443      0
444      0
445      0
446      98.9125
447      87.8893
448      0
449      99.8502
450      54.8138
451      54.1667
452      99.2629
453      99.995
454      50.2999
455      0
456      30.0394
457      98.8124
458      63.8357
459      0
460      76.6854
461      99.8502
462      83.6969
463      93.446
464      82.3164
465      85.1651
466      99.9543
467      67.1287
468      87.3413
469      0
470      99.995
471      0
472      0
473      97.1099
474      82.3164
475      99.9543
476      0
477      0
478      83.8834
479      0
480      98.9125
481      0
482      0
483      99.9543
484      99.8244
485      99.4991
486      99.9543
487      99.8244
488      60.1244
489      0
490      99.333
491      99.8502
492      0
493      56.5293
494      99.995
495      96.3405
496      0
497      0
498      0
499      87.2564
       17921.8
