0      0
1      51.7281
2      99.9976
3      0
4      78.7846
5      0
6      94.9209
7      99.6988
8      97.3157
9      0
10      99.9017
11      99.9559
12      99.1057
13      74.9266
14      0
15      99.7951
16      0
17      0
18      99.4962
19      0
20      0
21      72.6015
22      75.1329
23      48.6598
24      94.4753
25      0
26      99.9321
27      0
28      99.9559
29      73.1702
30      99.9559
31      0
32      0
33      99.9321
34      90.0867
35      43.0334
36      99.8873
37      67.1244
38      91.1107
39      99.9559
40      82.5197
41      99.6988
42      94.258
43      91.1151
44      84.083
45      0
46      99.4109
47      0
48      0
49      99.9321
50      99.1057
51      99.9976
52      0
53      0
54      99.4109
55      99.9976
56      75.9451
57      57.8902
58      43.3407
59      0
60      99.9976
61      70.4389
62      99.9976
63      95.8999
64      0
65      78.7846
66      0
67      0
68      0
69      90.3323
70      82.6931
71      99.4109
72      0
73      83.9607
74      0
75      84.2329
76      83.0197
77      0
78      56.9017
79      0
80      0
81      0
82      93.2913
83      97.9816
84      85.805
85      81.4779
86      99.4109
87      99.9559
88      35.6206
89      88.4453
90      93.3886
91      73.1855
92      0
93      80.4899
94      99.9559
95      52.1562
96      0
97      63.1014
98      74.2055
99      99.9585
100      0
101      68.179
102      76.1506
103      0
104      0
105      99.2294
106      59.2362
107      97.9333
108      0
109      0
110      61.093
111      99.9585
112      78.7846
113      0
114      91.1107
115      87.83
116      96.3861
117      59.7373
118      99.9976
119      99.9559
120      0.00850708
121      49.4297
122      0
123      0
124      59.7373
125      99.9976
126      85.805
127      0
128      64.3988
129      0
130      99.7951
131      68.4679
132      42.689
133      88.0401
134      68.4135
135      99.9321
136      99.8873
137      0
138      99.9559
139      0
140      58.3833
141      70.4693
142      99.8873
143      0
144      99.9427
145      0
146      0
147      99.5483
148      0
149      99.9559
150      89.8178
151      99.9585
152      58.3833
153      0
154      80.3379
155      89.2337
156      99.9321
157      99.9976
158      99.9976
159      99.4109
160      99.4081
161      0
162      0
163      0
164      0
165      74.2055
166      99.9321
167      0
168      0
169      95.8191
170      98.8683
171      0
172      99.9321
173      80.6125
174      98.0531
175      83.9607
176      0
177      0
178      67.2892
179      0
180      0
181      99.9459
182      88.437
183      67.1348
184      99.8937
185      91.2522
186      92.126
187      98.8197
188      54.398
189      50.9091
190      99.9559
191      99.9585
192      99.9559
193      73.129
194      95.9193
195      94.1803
196      89.5885
197      99.7217
198      80.5398
199      94.9212
       7412.35
