0      97.9909
1      63.3994
2      99.9709
3      98.5203
4      80.7077
5      56.1322
6      99.869
7      67.2245
8      85.7937
9      45.9452
10      63.8792
11      99.9709
12      93.817
13      79.2464
14      0
15      0
16      0
17      0
18      99.9709
19      95.4633
20      0
21      96.0344
22      93.3999
23      55.3808
24      81.4225
25      99.9849
26      0
27      82.7556
28      99.9709
29      99.8073
30      52.9503
31      98.5602
32      72.6599
33      99.2545
34      93.8199
35      99.8073
36      0
37      0
38      56.9395
39      84.8266
40      51.1577
41      0
42      0
43      0
44      0
45      96.4515
46      0
47      0
48      0
49      74.3802
50      99.8073
51      0
52      0
53      99.9709
54      69.6033
55      64.9886
56      69.3332
57      99.9733
58      0
59      86.2652
60      75.681
61      90.6041
62      28.6986
63      0
64      77.5905
65      61.6139
66      99.8798
67      99.9709
68      0
69      99.2545
70      56.8982
71      85.7937
72      62.7693
73      0
74      0
75      75.5861
76      0
77      0
78      0
79      0
80      56.1322
81      97.2826
82      99.9709
83      99.8406
84      0
85      0
86      88.4286
87      99.9709
88      96.0503
89      56.1322
90      77.4056
91      0
92      0
93      99.9815
94      77.3413
95      99.9726
96      74.3802
97      75.5861
98      0
99      0
       3655.95
