0      99.9825
1      56.7659
2      69.978
3      70.5711
4      0
5      98.9019
6      83.8906
7      95.1135
8      91.5195
9      99.9441
10      82.6153
11      49.9174
12      0
13      99.9825
14      95.3608
15      0
16      79.4331
17      0
18      79.3413
19      97.0604
20      92.2208
21      69.6894
22      95.8506
23      0
24      0
25      95.8506
26      91.4934
27      98.8294
28      0
29      99.9825
30      0
31      62.5461
32      83.0042
33      99.3898
34      99.0325
35      0
36      86.4293
37      0
38      75.4879
39      0
40      48.2586
41      44.7658
42      48.657
43      99.9452
44      80.8431
45      0
46      0
47      99.9441
48      0
49      83.766
50      99.8044
51      49.1685
52      55.0892
53      92.2208
54      0
55      51.0964
56      82.6153
57      50.6217
58      82.8528
59      51.4661
60      55.7307
61      0
62      75.0079
63      0
64      0
65      66.0766
66      0
67      0
68      45.2977
69      0
70      99.9441
71      0
72      99.672
73      72.2544
74      96.3762
75      99.3898
76      86.4293
77      99.9112
78      92.2208
79      89.1441
80      51.0343
81      0
82      99.9452
83      92.6566
84      0
85      74.9467
86      96.2594
87      0
88      97.4462
89      0
90      98.5119
91      94.1155
92      54.8355
93      97.6183
94      46.8518
95      98.6126
96      89.7896
97      84.4577
98      66.3729
99      99.9441
100      55.9742
101      72.8271
102      0
103      70.7554
104      92.7509
105      0
106      99.9441
107      68.8819
108      97.4462
109      0
110      0
111      44.5005
112      82.1632
113      0
114      45.4468
115      80.6404
116      96.3125
117      99.3898
118      99.0325
119      0
120      0
121      75.0942
122      87.8598
123      52.5859
124      99.9441
125      99.9621
126      57.0098
127      23.6168
128      99.3277
129      99.2343
130      0
131      69.978
132      0
133      0
134      0
135      71.4419
136      87.7786
137      86.8446
138      47.1037
139      98.5119
140      99.9441
141      0
142      99.6946
143      79.4331
144      0
145      96.3125
146      78.7048
147      0
148      54.6963
149      61.8162
150      92.2208
151      99.672
152      75.4879
153      0
154      86.9529
155      70.7554
156      90.156
157      99.9825
158      49.0777
159      70.5711
160      0
161      82.2307
162      99.9441
163      94.129
164      83.2857
165      95.8506
166      97.2389
167      96.447
168      92.2208
169      59.6179
170      0
171      74.8631
172      0
173      82.2307
174      74.1847
175      86.4455
176      0
177      0
178      0
179      80.6404
180      92.5712
181      74.6444
182      0
183      0
184      0
185      67.7982
186      49.3034
187      55.7661
188      49.1002
189      0
190      0
191      88.4163
192      82.6153
193      99.9452
194      0
195      99.9825
196      99.9452
197      61.4135
198      91.4934
199      94.1155
200      99.6946
201      80.8431
202      0
203      0
204      48.3396
205      75.6671
206      99.9441
207      99.9441
208      61.6352
209      39.6826
210      71.8107
211      99.6946
212      67.7982
213      0
214      99.8468
215      83.766
216      55.5946
217      89.7896
218      0
219      0
220      98.1809
221      0
222      89.5871
223      57.4942
224      46.6303
225      89.1891
226      78.1196
227      77.5692
228      97.2389
229      0
230      95.3903
231      90.148
232      0
233      0
234      50.6683
235      0
236      46.5013
237      50.5349
238      76.6559
239      0
240      0
241      67.358
242      99.9441
243      0
244      0
245      45.9751
246      99.2343
247      0
248      0
249      82.8528
250      88.7272
251      75.34
252      66.6591
253      96.3762
254      85.3068
255      62.5461
256      77.5496
257      99.9621
258      99.6946
259      98.5351
260      0
261      0
262      92.6566
263      59.6179
264      59.5094
265      55.5946
266      73.9827
267      96.3762
268      63.327
269      0
270      99.3087
271      0
272      78.7215
273      94.966
274      92.5712
275      89.7896
276      0
277      48.657
278      99.9441
279      23.6168
280      99.0325
281      0
282      68.3956
283      0
284      94.3131
285      0
286      70.5711
287      0
288      85.584
289      87.947
290      99.672
291      99.0325
292      68.3956
293      83.9905
294      99.9621
295      0
296      69.6133
297      80.3696
298      0
299      75.044
300      55.4457
301      0
302      99.9441
303      91.3078
304      0
305      67.7982
306      0
307      94.6296
308      0
309      83.7663
310      97.7599
311      99.9112
312      83.9835
313      54.1277
314      99.9441
315      92.2208
316      68.3956
317      0
318      66.4278
319      59.5094
320      50.6217
321      71.6758
322      0
323      79.3413
324      99.8382
325      98.5761
326      78.7215
327      0
328      98.5216
329      67.7982
330      0
331      66.0766
332      98.5119
333      0
334      86.4293
335      97.6183
336      0
337      93.6449
338      0
339      66.7151
340      0
341      63.5623
342      0
343      0
344      99.6799
345      0
346      51.9947
347      99.9825
348      0
349      98.8294
350      0
351      60.1547
352      99.9441
353      99.9621
354      61.6352
355      58.0306
356      68.8229
357      99.9441
358      88.054
359      58.6757
360      99.9452
361      0
362      0
363      99.9825
364      99.9441
365      99.6946
366      93.8171
367      97.2723
368      52.4135
369      0
370      84.9007
371      78.7175
372      0
373      83.8982
374      49.3258
375      46.86
376      0
377      0
378      54.1258
379      0
380      90.0192
381      72.1722
382      0
383      59.6179
384      99.9441
385      99.8382
386      99.9441
387      63.4214
388      73.3154
389      99.9441
390      97.4462
391      89.7896
392      97.6183
393      0
394      99.6946
395      97.6183
396      0
397      0
398      0
399      79.8237
400      99.9621
401      67.358
402      92.2208
403      66.4278
404      0
405      0
406      0
407      94.129
408      68.6334
409      83.9835
410      98.5427
411      0
412      97.6183
413      61.6352
414      92.6492
415      92.2208
416      99.9441
417      99.9441
418      0
419      0
420      0
421      99.9796
422      0
423      99.2343
424      89.6873
425      99.9621
426      0
427      0
428      86.3401
429      0
430      0
431      55.273
432      95.8301
433      0
434      83.2857
435      88.4163
436      82.3579
437      83.8982
438      30.4908
439      45.1823
440      92.2208
441      0
442      0
443      99.9825
444      76.6559
445      0
446      64.515
447      99.9452
448      64.1519
449      87.8858
450      0
451      0
452      99.9825
453      89.4858
454      87.7786
455      75.4756
456      47.2779
457      99.9825
458      99.9441
459      74.1847
460      99.9452
461      98.8294
462      99.9825
463      58.2658
464      87.8598
465      99.9825
466      92.2208
467      97.4462
468      97.4319
469      99.0325
470      99.0325
471      0
472      69.978
473      97.6183
474      0
475      0
476      0
477      0
478      0
479      91.8749
480      98.5427
481      0
482      96.4232
483      99.6946
484      61.6438
485      99.9441
486      99.522
487      57.3219
488      99.9441
489      69.978
490      68.3915
491      75.4879
492      0
493      0
494      89.402
495      0
496      0
497      55.7661
498      54.1277
499      58.9961
500      98.5427
501      0
502      52.5394
503      68.83
504      54.3164
505      0
506      0
507      98.5119
508      99.9825
509      92.6492
510      66.4278
511      0
512      0
513      52.0447
514      0
515      82.1632
516      0
517      69.6894
518      0
519      77.0763
520      0
521      91.4934
522      40.6281
523      0
524      89.5871
525      48.3396
526      65.7399
527      0
528      97.4319
529      78.7175
530      53.4684
531      0
532      52.5859
533      0
534      84.128
535      99.9825
536      99.9441
537      66.6591
538      77.8935
539      0
540      52.6605
541      0
542      95.8506
543      59.5994
544      0
545      94.9825
546      99.6946
547      0
548      52.5394
549      60.1547
550      0
551      77.5496
552      82.4507
553      0
554      99.9441
555      46.4895
556      68.402
557      0
558      64.5433
559      0
560      99.0325
561      48.2586
562      0
563      0
564      0
565      53.2106
566      77.0436
567      99.0325
568      96.3407
569      0
570      80.8422
571      54.8355
572      0
573      74.9467
574      99.9825
575      78.3345
576      92.6002
577      0
578      0
579      71.6725
580      97.6183
581      75.2913
582      91.8749
583      97.6183
584      68.3956
585      87.8598
586      80.8431
587      99.8382
588      0
589      98.5119
590      92.2447
591      99.9825
592      99.8382
593      78.7048
594      83.9905
595      99.0325
596      54.7979
597      74.8631
598      70.102
599      78.7661
600      47.2292
601      86.4318
602      99.9441
603      75.4756
604      49.3034
605      44.5005
606      99.8382
607      86.9529
608      0
609      0
610      0
611      81.0972
612      86.4293
613      0
614      78.7215
615      83.2857
616      0
617      99.9441
618      0
619      99.9621
620      68.3915
621      80.8431
622      91.3078
623      95.8009
624      88.2267
625      0
626      0
627      76.6559
628      73.3154
629      0
630      96.0224
631      0
632      94.129
633      99.9441
634      0
635      84.7602
636      67.5305
637      36.4456
638      0
639      0
640      73.3154
641      97.7321
642      0
643      48.6694
644      46.1917
645      0
646      99.9441
647      55.7661
648      99.9441
649      90.148
650      0
651      59.5994
652      72.8568
653      0
654      99.6946
655      78.3356
656      0
657      63.0931
658      0
659      92.784
660      73.8523
661      0
662      0
663      0
664      0
665      0
666      96.0224
667      95.402
668      0
669      0
670      99.8382
671      0
672      0
673      0
674      71.2925
675      0
676      61.6352
677      0
678      92.7509
679      0
680      0
681      95.152
682      62.0958
683      0
684      0
685      0
686      0
687      99.672
688      0
689      0
690      0
691      0
692      0
693      97.0682
694      62.2086
695      99.6946
696      62.2086
697      0
698      0
699      99.6946
700      0
701      96.4015
702      80.6404
703      0
704      0
705      99.9441
706      83.8906
707      0
708      67.7982
709      98.5119
710      99.6946
711      0
712      0
713      75.4879
714      0
715      0
716      0
717      79.4161
718      99.0325
719      0
720      0
721      51.336
722      86.9529
723      0
724      89.2054
725      99.9441
726      0
727      0
728      49.3034
729      99.9621
730      0
731      92.2208
732      0
733      0
734      0
735      72.6879
736      95.8009
737      78.7175
738      99.9441
739      48.2586
740      0
741      99.9441
742      0
743      81.9818
744      82.6153
745      70.4542
746      0
747      0
748      0
749      98.9019
750      86.4293
751      0
752      99.9441
753      78.3356
754      0
755      82.4507
756      0
757      78.3356
758      0
759      56.7659
760      94.129
761      0
762      86.8129
763      44.5005
764      59.6179
765      98.1809
766      0
767      52.5394
768      0
769      89.1891
770      0
771      92.2208
772      43.4829
773      83.8982
774      0
775      0
776      0
777      0
778      99.0325
779      0
780      0
781      83.9835
782      63.4214
783      96.3125
784      67.7982
785      0
786      0
787      99.8996
788      95.8506
789      50.6217
790      0
791      99.9441
792      64.7247
793      89.4925
794      96.3125
795      87.8858
796      51.9947
797      0
798      0
799      95.4007
800      68.3956
801      0
802      0
803      0
804      99.9825
805      82.9468
806      99.9452
807      0
808      99.9441
809      0
810      86.9529
811      0
812      99.8382
813      74.8631
814      97.38
815      0
816      0
817      0
818      0
819      89.5871
820      69.014
821      0
822      88.1743
823      0
824      0
825      99.9441
826      95.0159
827      0
828      0
829      62.378
830      99.6946
831      0
832      95.152
833      0
834      82.1632
835      66.754
836      0
837      69.978
838      0
839      98.5119
840      0
841      74.2238
842      0
843      0
844      90.148
845      98.5119
846      80.3696
847      62.3857
848      44.528
849      99.9441
850      74.8631
851      0
852      0
853      87.0901
854      0
855      0
856      49.1002
857      89.1891
858      92.6492
859      0
860      73.8868
861      95.8506
862      0
863      20.1073
864      99.9621
865      84.3916
866      99.9621
867      0
868      99.9441
869      49.1685
870      0
871      48.2586
872      76.6559
873      50.3435
874      0
875      97.6183
876      99.9441
877      0
878      0
879      68.3956
880      51.0964
881      0
882      0
883      99.9441
884      99.9621
885      99.8382
886      0
887      0
888      0
889      98.5119
890      55.7661
891      53.4684
892      99.2343
893      94.1155
894      86.1848
895      0
896      99.9452
897      0
898      0
899      0
900      50.9715
901      99.8382
902      0
903      0
904      69.6894
905      98.9773
906      83.766
907      78.5863
908      99.9441
909      86.4455
910      86.4293
911      89.1149
912      99.9441
913      94.1155
914      99.6946
915      91.3078
916      0
917      0
918      91.4934
919      99.9441
920      0
921      73.9827
922      0
923      0
924      0
925      75.34
926      99.9441
927      55.5947
928      0
929      74.4505
930      68.9092
931      0
932      0
933      78.2573
934      97.38
935      56.4514
936      84.7602
937      99.9452
938      0
939      83.2857
940      71.4667
941      99.9825
942      83.7344
943      91.8749
944      80.3696
945      0
946      94.1155
947      55.6079
948      0
949      83.8982
950      92.5712
951      0
952      0
953      62.0958
954      99.6946
955      0
956      99.9825
957      81.9818
958      98.5427
959      92.2208
960      89.5871
961      91.3078
962      0
963      82.9139
964      99.4211
965      72.1722
966      48.6694
967      49.4689
968      45.9751
969      64.5433
970      55.0892
971      91.4934
972      62.3857
973      85.4342
974      0
975      79.4331
976      88.5274
977      99.8382
978      0
979      68.5492
980      46.3632
981      91.4934
982      57.4301
983      58.9961
984      99.6946
985      94.2732
986      99.9549
987      94.129
988      99.9825
989      58.6757
990      0
991      99.9825
992      99.841
993      0
994      98.5216
995      83.7344
996      53.12
997      0
998      89.5024
999      0
       36249.6
