0      0
1      0
2      62.7092
3      0
4      82.667
5      99.9921
6      56.928
7      86.0224
8      93.2448
9      98.6339
10      0
11      60.5336
12      0
13      55.8947
14      63.0546
15      78.0262
16      0
17      99.9674
18      88.7091
19      75.4354
20      0
21      60.0495
22      0
23      94.6436
24      0
25      98.7163
26      0
27      0
28      67.2744
29      64.7292
30      98.7163
31      70.0578
32      55.061
33      78.2299
34      0
35      0
36      58.7681
37      0
38      0
39      46.5267
40      0
41      0
42      0
43      99.0954
44      87.481
45      69.1167
46      0
47      0
48      55.8947
49      89.6694
50      99.3753
51      78.1682
52      99.7537
53      64.8813
54      99.7265
55      62.9631
56      70.7045
57      0
58      82.5762
59      0
60      0
61      0
62      0
63      0
64      95.1522
65      54.2822
66      0
67      96.2618
68      48.1028
69      0
70      0
71      72.1531
72      0
73      0
74      0
75      0
76      99.9674
77      84.4754
78      0
79      78.2421
80      99.7849
81      0
82      97.9619
83      82.3946
84      0
85      79.929
86      63.7424
87      99.9921
88      0
89      49.8894
90      99.9921
91      99.7537
92      51.9179
93      84.5636
94      88.8354
95      81.981
96      61.9797
97      60.849
98      99.7265
99      99.9921
100      99.7849
101      99.9921
102      0
103      99.9921
104      99.9921
105      56.691
106      0
107      0
108      0
109      56.7039
110      0
111      0
112      0
113      0
114      77.8008
115      0
116      73.1096
117      89.5017
118      53.2658
119      99.9921
120      99.9921
121      0
122      84.5211
123      86.8734
124      99.7265
125      0
126      0
127      0
128      94.6436
129      77.8008
130      71.7219
131      99.7265
132      0
133      0
134      0
135      0
136      99.9674
137      99.7537
138      0
139      47.6412
140      99.7849
141      84.7035
142      0
143      93.6034
144      89.6694
145      96.2618
146      99.7307
147      0
148      86.0224
149      0
150      76.2414
151      99.7265
152      0
153      99.9674
154      46.5267
155      99.9464
156      67.6065
157      0
158      89.8674
159      0
160      99.9921
161      0
162      76.7346
163      0
164      99.9674
165      73.1048
166      0
167      99.9921
168      0
169      58.0067
170      0
171      99.9921
172      0
173      63.3657
174      99.7849
175      67.2744
176      46.5267
177      82.3558
178      0
179      72.3706
180      99.9674
181      99.7307
182      73.7826
183      0
184      73.4993
185      67.7196
186      78.2299
187      46.5267
188      44.6739
189      70.7045
190      81.1296
191      0
192      80.2502
193      55.436
194      60.5336
195      88.1885
196      73.7201
197      75.2873
198      0
199      99.7307
200      99.7849
201      0
202      75.9643
203      97.3211
204      80.4067
205      0
206      98.1469
207      0
208      0
209      70.8052
210      80.8348
211      99.9674
212      0
213      60.3384
214      83.7773
215      0
216      89.3073
217      99.7849
218      71.6296
219      87.5354
220      54.1196
221      0
222      64.0415
223      99.7307
224      99.9674
225      98.6339
226      96.0398
227      0
228      99.7849
229      0
230      0
231      62.5894
232      56.5506
233      81.6648
234      62.0483
235      69.087
236      99.9921
237      87.6885
238      97.0305
239      0
240      63.0541
241      70.7045
242      99.7307
243      94.6436
244      0
245      70.7045
246      88.9235
247      69.36
248      0
249      80.7851
250      99.9921
251      86.0224
252      82.8942
253      99.1169
254      0
255      95.1522
256      67.6929
257      85.7261
258      90.9819
259      0
260      77.5682
261      0
262      98.6339
263      72.1531
264      99.9674
265      99.7849
266      92.6914
267      59.4783
268      82.7301
269      74.1388
270      96.5918
271      93.2448
272      0
273      54.8814
274      0
275      89.6833
276      89.5885
277      97.0305
278      71.1203
279      51.5764
280      65.5109
281      0
282      0
283      71.6296
284      99.7265
285      50.3081
286      67.0399
287      47.2292
288      0
289      99.9674
290      0
291      0
292      84.4754
293      98.7163
294      70.3118
295      0
296      0
297      0
298      0
299      93.2448
300      0
301      0
302      46.3952
303      0
304      0
305      0
306      81.429
307      90.1695
308      0
309      0
310      79.5997
311      0
312      82.7022
313      89.5017
314      0
315      67.1953
316      0
317      60.135
318      64.8813
319      0
320      58.5048
321      68.6547
322      98.2524
323      61.7699
324      0
325      98.6339
326      0
327      90.85
328      44.5948
329      92.5809
330      95.1522
331      0
332      66.4337
333      0
334      75.9643
335      72.5869
336      99.9921
337      55.061
338      0
339      0
340      71.0642
341      99.9921
342      70.3118
343      85.6352
344      85.1462
345      77.5682
346      93.5851
347      68.1075
348      89.6931
349      68.3963
350      0
351      53.1859
352      0
353      77.0158
354      0
355      80.7749
356      0
357      64.3921
358      46.5267
359      0
360      52.2206
361      0
362      75.4354
363      99.9009
364      80.6778
365      66.0233
366      0
367      0
368      0
369      70.1321
370      60.9397
371      60.3384
372      70.4561
373      99.9674
374      70.5624
375      46.5267
376      0
377      43.9226
378      99.9674
379      0
380      99.0954
381      93.6034
382      44.6437
383      97.2175
384      53.0699
385      80.1634
386      86.8734
387      0
388      99.9921
389      99.9674
390      0
391      0
392      82.5762
393      0
394      89.6694
395      97.8669
396      0
397      69.7706
398      99.9921
399      47.6889
400      99.9674
401      98.2524
402      0
403      46.5267
404      0
405      61.2789
406      0
407      55.4742
408      93.6034
409      0
410      99.9921
411      99.9921
412      0
413      0
414      97.4935
415      0
416      99.7537
417      70.7045
418      99.9921
419      0
420      49.7725
421      78.2421
422      0
423      72.6523
424      44.0348
425      0
426      64.8813
427      0
428      0
429      99.7265
430      89.6931
431      77.5682
432      0
433      0
434      60.2794
435      81.981
436      99.7307
437      0
438      0
439      99.9674
440      99.9674
441      99.9921
442      53.2658
443      99.9921
444      0
445      99.9921
446      73.7201
447      99.7537
448      98.6339
449      0
450      60.2794
451      57.0994
452      98.7163
453      82.5762
454      0
455      70.0528
456      89.6694
457      75.3797
458      73.5491
459      0
460      89.6833
461      40.8953
462      67.4591
463      0
464      0
465      99.5746
466      95.1522
467      69.0376
468      91.3073
469      99.7849
470      67.1953
471      93.2448
472      75.0439
473      97.4935
474      58.6973
475      68.5171
476      0
477      0
478      80.7749
479      0
480      99.9674
481      68.3073
482      99.9674
483      69.36
484      99.9674
485      0
486      0
487      99.7849
488      0
489      96.5918
490      0
491      0
492      70.3118
493      87.5354
494      0
495      56.8071
496      99.9921
497      99.7307
498      99.9921
499      99.9674
500      99.9674
501      99.9674
502      73.0232
503      0
504      76.2414
505      0
506      52.3906
507      0
508      97.9695
509      0
510      0
511      0
512      0
513      78.9756
514      56.691
515      94.5158
516      79.5579
517      85.6887
518      0
519      68.6547
520      0
521      78.2421
522      99.7537
523      91.3041
524      0
525      64.951
526      47.6889
527      99.3837
528      85.2209
529      78.0262
530      0
531      93.2448
532      99.9674
533      99.7197
534      0
535      0
536      99.9921
537      44.6739
538      0
539      0
540      57.862
541      0
542      0
543      0
544      60.9397
545      58.1406
546      0
547      70.7045
548      99.9921
549      79.5579
550      99.9921
551      44.6739
552      61.2789
553      0
554      0
555      93.2448
556      99.9921
557      99.5746
558      80.7253
559      85.6353
560      73.254
561      89.8674
562      85.2209
563      0
564      87.7154
565      80.7253
566      99.9674
567      98.6339
568      0
569      54.7017
570      98.7163
571      0
572      0
573      77.5682
574      0
575      0
576      76.2414
577      99.9464
578      95.3026
579      0
580      99.9921
581      0
582      83.7773
583      0
584      80.2502
585      0
586      96.0398
587      72.1531
588      0
589      99.3753
590      88.4598
591      0
592      60.3384
593      79.5997
594      99.9921
595      78.0262
596      99.7307
597      93.375
598      99.9921
599      0
600      89.6931
601      84.7494
602      61.2789
603      0
604      70.4623
605      99.3837
606      99.3753
607      0
608      82.4233
609      86.8734
610      0
611      77.8008
612      99.9674
613      53.4583
614      64.7748
615      0
616      0
617      81.788
618      96.5918
619      64.7292
620      70.7045
621      97.3211
622      99.7849
623      0
624      0
625      0
626      64.5803
627      99.5746
628      0
629      0
630      0
631      88.4598
632      0
633      52.1424
634      0
635      99.9921
636      0
637      65.7346
638      78.0193
639      0
640      84.9079
641      68.5171
642      99.9921
643      50.1903
644      48.1028
645      54.7124
646      0
647      59.1561
648      0
649      0
650      0
651      82.3946
652      0
653      0
654      0
655      99.9921
656      0
657      66.7679
658      0
659      98.6339
660      84.6288
661      0
662      62.7515
663      98.9301
664      67.4556
665      99.9921
666      0
667      96.0398
668      96.2618
669      70.4623
670      0
671      56.928
672      0
673      98.7163
674      0
675      0
676      72.1531
677      0
678      0
679      99.9921
680      75.9643
681      0
682      99.9674
683      44.6739
684      0
685      84.5211
686      44.6739
687      46.5267
688      67.2744
689      99.9674
690      0
691      99.7265
692      99.7265
693      62.9631
694      47.6412
695      82.8257
696      0
697      84.4754
698      0
699      48.9516
700      82.8257
701      86.0133
702      0
703      82.5762
704      93.3434
705      61.7699
706      99.9464
707      59.6616
708      0
709      0
710      51.9478
711      0
712      85.2209
713      76.0492
714      91.5294
715      0
716      0
717      99.7849
718      0
719      76.7346
720      0
721      53.2227
722      0
723      51.5764
724      99.1169
725      67.6065
726      78.0522
727      72.034
728      99.9674
729      98.2524
730      92.9772
731      44.1571
732      62.7515
733      87.2266
734      48.9516
735      80.2502
736      99.7537
737      99.9921
738      99.9921
739      76.1945
740      99.7537
741      96.5918
742      0
743      0
744      99.7265
745      0
746      87.481
747      78.0522
748      74.21
749      0
750      0
751      0
752      0
753      88.8354
754      99.3753
755      0
756      0
757      43.9226
758      99.9921
759      0
760      0
761      0
762      95.1522
763      86.8734
764      99.9921
765      0
766      0
767      98.2524
768      96.9962
769      83.3538
770      67.6526
771      0
772      44.0348
773      69.0376
774      51.9478
775      0
776      89.6931
777      78.8762
778      0
779      0
780      86.8734
781      0
782      54.1196
783      73.5227
784      52.8913
785      80.2134
786      56.1593
787      72.3731
788      61.718
789      99.8188
790      0
791      99.5746
792      99.7537
793      42.4415
794      53.2227
795      89.5017
796      99.9674
797      95.1522
798      93.2448
799      0
800      47.6889
801      0
802      0
803      67.2744
804      89.7841
805      53.2227
806      98.6339
807      74.3639
808      79.367
809      51.4006
810      98.6339
811      99.9674
812      89.5885
813      0
814      62.7515
815      0
816      58.5048
817      0
818      0
819      0
820      0
821      73.7826
822      0
823      0
824      0
825      99.5746
826      0
827      99.7849
828      0
829      0
830      0
831      46.0237
832      88.5811
833      99.9921
834      99.9921
835      0
836      89.5017
837      58.5048
838      99.7849
839      0
840      99.7849
841      79.5997
842      99.1169
843      0
844      51.1903
845      94.5158
846      57.7101
847      0
848      72.0628
849      73.254
850      64.0048
851      0
852      0
853      0
854      64.1801
855      76.7346
856      99.9921
857      98.2524
858      99.9674
859      72.2893
860      69.3302
861      46.6599
862      62.7515
863      82.4997
864      94.5376
865      99.9674
866      0
867      99.9921
868      99.7849
869      0
870      77.5255
871      60.886
872      93.2448
873      0
874      57.0994
875      79.367
876      0
877      0
878      46.5267
879      73.5491
880      72.1531
881      89.6931
882      53.1859
883      0
884      89.8674
885      0
886      96.5918
887      0
888      59.3884
889      47.2292
890      99.7265
891      0
892      0
893      99.9674
894      0
895      99.9674
896      96.2618
897      70.5624
898      0
899      83.7773
900      92.6228
901      73.1096
902      0
903      0
904      0
905      71.6799
906      0
907      62.4061
908      0
909      77.6471
910      89.8674
911      99.7849
912      98.2524
913      58.6973
914      99.7849
915      59.0948
916      0
917      63.2898
918      40.8257
919      98.6339
920      91.5294
921      96.2618
922      0
923      51.1655
924      99.3753
925      86.8734
926      93.6034
927      46.5267
928      0
929      98.6339
930      67.9213
931      0
932      44.6739
933      54.8182
934      93.1809
935      95.1522
936      0
937      88.0244
938      39.8831
939      99.7265
940      0
941      60.5336
942      95.1522
943      72.2507
944      53.0021
945      0
946      99.9674
947      75.82
948      76.7736
949      51.1903
950      78.9756
951      0
952      75.3797
953      46.6045
954      46.5267
955      0
956      84.771
957      99.9674
958      0
959      75.9643
960      99.5746
961      47.4056
962      75.9643
963      82.5762
964      97.2175
965      66.4337
966      0
967      97.0305
968      99.7849
969      95.1522
970      0
971      68.5999
972      99.7849
973      70.7045
974      98.0029
975      99.7849
976      78.7037
977      99.0954
978      0
979      40.1921
980      90.4016
981      0
982      0
983      68.4042
984      98.6339
985      64.8813
986      0
987      99.7307
988      88.8354
989      0
990      63.2478
991      0
992      84.7035
993      0
994      99.9674
995      99.7537
996      82.8257
997      0
998      75.2873
999      0
       34172.7
