0      72.5117
1      98.2332
2      95.9434
3      84.9276
4      98.3424
5      94.3481
6      0
7      56.1799
8      0
9      75.4398
10      90.409
11      99.2751
12      0
13      98.062
14      69.9756
15      0
16      0
17      99.9868
18      98.3424
19      89.0386
20      0
21      69.2181
22      99.1173
23      0
24      74.6073
25      0
26      0
27      0
28      73.6741
29      0
30      48.7627
31      88.2086
32      82.6301
33      0
34      46.6107
35      90.2206
36      40.3753
37      0
38      0
39      73.6489
40      98.4823
41      0
42      54.8718
43      94.3192
44      60.304
45      72.5634
46      82.1853
47      43.316
48      56.9184
49      97.607
50      75.1002
51      92.6746
52      71.1961
53      94.8503
54      82.1534
55      0
56      78.3483
57      0
58      83.9063
59      97.1266
60      46.3361
61      62.1718
62      98.7359
63      0
64      0
65      0
66      0
67      0
68      76.2396
69      82.7109
70      88.1493
71      0
72      50.9273
73      90.92
74      0
75      99.3671
76      86.2033
77      98.7359
78      0
79      98.5065
80      93.101
81      74.2363
82      46.3361
83      89.3847
84      66.2426
85      72.3585
86      91.855
87      99.6
88      52.9944
89      93.7292
90      98.4823
91      80.0312
92      99.5007
93      0
94      99.753
95      95.5822
96      96.261
97      96.7756
98      96.9286
99      0
100      98.7815
101      92.234
102      0
103      64.7813
104      93.0075
105      0
106      0
107      0
108      68.6645
109      0
110      53.8395
111      0
112      0
113      61.2316
114      52.1912
115      69.0501
116      89.5563
117      99.1659
118      0
119      71.602
120      0
121      0
122      0
123      0
124      72.5634
125      64.0735
126      0
127      0
128      0
129      97.607
130      98.121
131      94.103
132      56.9184
133      80.9465
134      49.8792
135      64.9292
136      62.3938
137      78.1247
138      68.4606
139      0
140      73.544
141      0
142      54.182
143      0
144      0
145      0
146      0
147      94.8503
148      96.576
149      0
150      97.1266
151      0
152      97.112
153      93.8404
154      0
155      0
156      67.2595
157      36.0983
158      0
159      0
160      95.9434
161      85.6508
162      0
163      53.0347
164      77.669
165      0
166      0
167      97.1919
168      0
169      0
170      79.3298
171      0
172      0
173      86.3188
174      52.2534
175      82.417
176      0
177      0
178      0
179      50.4164
180      91.855
181      74.3498
182      97.1266
183      0
184      98.5065
185      64.843
186      98.7815
187      0
188      87.2748
189      52.7783
190      99.3153
191      61.0146
192      65.0776
193      47.8835
194      0
195      0
196      96.3869
197      0
198      99.6425
199      0
200      0
201      53.8609
202      98.661
203      0
204      74.6073
205      0
206      82.1534
207      95.3068
208      88.1344
209      0
210      97.1266
211      96.7713
212      88.7138
213      73.5506
214      0
215      96.0788
216      87.9696
217      0
218      94.8503
219      0
220      95.088
221      64.7813
222      71.9779
223      50.6735
224      77.4125
225      0
226      97.8275
227      0
228      99.6735
229      65.7962
230      0
231      0
232      96.2224
233      0
234      77.5383
235      51.0512
236      93.6791
237      63.4658
238      85.8454
239      0
240      75.5268
241      93.6829
242      89.6348
243      87.8877
244      75.1002
245      0
246      94.8503
247      0
248      0
249      96.9531
250      89.5114
251      99.6861
252      0
253      0
254      95.5822
255      99.8796
256      72.9277
257      58.9377
258      49.4808
259      0
260      99.9868
261      59.0462
262      0
263      90.838
264      0
265      78.6226
266      0
267      0
268      0
269      86.255
270      75.1002
271      80.583
272      0
273      77.0799
274      0
275      76.0836
276      75.1002
277      0
278      60.3569
279      0
280      0
281      0
282      89.307
283      82.1853
284      76.7331
285      78.8052
286      92.6746
287      0
288      44.2713
289      75.3772
290      72.5117
291      65.7962
292      0
293      71.707
294      99.5137
295      51.9044
296      0
297      61.8151
298      73.9042
299      99.8433
300      0
301      65.3356
302      73.8719
303      0
304      0
305      94.9117
306      60.9622
307      81.1368
308      0
309      0
310      66.6321
311      99.3766
312      77.585
313      57.43
314      78.6226
315      72.5634
316      92.0568
317      60.0835
318      99.0838
319      97.1919
320      52.1042
321      48.1117
322      0
323      0
324      61.723
325      98.3793
326      80.179
327      0
328      60.3498
329      0
330      94.3192
331      67.2562
332      46.8593
333      84.1897
334      67.0546
335      99.1659
336      93.6179
337      0
338      96.3869
339      0
340      59.9817
341      66.9111
342      98.1887
343      0
344      96.7713
345      0
346      99.2751
347      93.6791
348      0
349      99.2317
350      85.8457
351      99.9371
352      57.536
353      75.0823
354      69.4189
355      83.6331
356      95.157
357      99.1173
358      99.3766
359      89.6279
360      82.9004
361      0
362      0
363      0
364      0
365      72.2766
366      0
367      0
368      0
369      86.3188
370      0
371      0
372      99.1178
373      71.7108
374      90.7263
375      78.8029
376      0
377      0
378      57.4087
379      0
380      95.8456
381      96.7756
382      85.4918
383      66.7561
384      97.0615
385      86.5977
386      84.5597
387      94.1202
388      58.8151
389      53.002
390      96.1279
391      98.3424
392      98.3424
393      71.0221
394      91.5952
395      80.8865
396      77.8936
397      0
398      79.3648
399      87.9696
400      66.2426
401      68.8376
402      57.4554
403      99.3153
404      99.794
405      72.8176
406      99.1317
407      0
408      0
409      78.0725
410      94.2281
411      65.2835
412      0
413      97.1919
414      46.2225
415      0
416      85.2025
417      93.1297
418      0
419      50.6735
420      0
421      61.8875
422      92.0258
423      52.7724
424      0
425      87.8816
426      0
427      61.9519
428      98.062
429      86.4721
430      0
431      82.1534
432      0
433      0
434      76.7331
435      68.6597
436      92.0654
437      96.576
438      92.2976
439      89.0386
440      52.5493
441      0
442      0
443      82.4251
444      0
445      0
446      0
447      0
448      0
449      0
450      66.9111
451      0
452      94.8414
453      94.5511
454      0
455      49.3187
456      0
457      0
458      57.3908
459      92.5755
460      0
461      0
462      80.7949
463      0
464      66.6674
465      71.6605
466      99.6425
467      81.1831
468      93.4936
469      97.1919
470      75.1002
471      80.2871
472      99.3626
473      0
474      99.3671
475      85.0552
476      80.1851
477      0
478      84.1897
479      72.2766
480      90.7263
481      0
482      0
483      84.2646
484      54.5776
485      82.9004
486      66.9852
487      99.4193
488      96.576
489      54.7304
490      0
491      0
492      85.7158
493      88.0571
494      79.4347
495      88.0514
496      95.8555
497      0
498      0
499      0
500      0
501      0
502      70.3324
503      0
504      0
505      82.8074
506      0
507      0
508      78.8662
509      0
510      82.1972
511      0
512      61.1726
513      86.3456
514      77.0829
515      51.1527
516      98.4823
517      99.6861
518      0
519      0
520      98.1798
521      0
522      96.0854
523      58.3864
524      55.3578
525      75.0425
526      68.8359
527      99.3153
528      48.8384
529      57.4554
530      71.6605
531      0
532      62.2359
533      76.5279
534      0
535      95.9434
536      45.1644
537      68.6385
538      0
539      69.0566
540      0
541      0
542      46.7127
543      97.1919
544      59.9144
545      82.422
546      0
547      0
548      99.4193
549      97.8327
550      0
551      83.3572
552      0
553      99.2956
554      63.2046
555      91.6017
556      41.2283
557      80.4155
558      52.5493
559      99.8236
560      54.2908
561      0
562      46.2619
563      67.0939
564      0
565      95.9724
566      75.0703
567      87.0552
568      96.7713
569      85.5396
570      95.4714
571      93.6829
572      0
573      46.9801
574      55.431
575      0
576      0
577      99.9188
578      0
579      0
580      66.9111
581      0
582      62.1661
583      98.3424
584      0
585      0
586      0
587      99.3153
588      70.5961
589      75.1249
590      66.5073
591      95.5093
592      57.0088
593      60.2604
594      0
595      96.0024
596      0
597      0
598      0
599      71.9701
600      65.7666
601      0
602      46.0698
603      85.8441
604      97.1266
605      95.5822
606      63.9622
607      0
608      83.4738
609      67.0546
610      80.0312
611      69.0497
612      70.3184
613      0
614      75.8805
615      85.2025
616      89.1838
617      0
618      79.999
619      0
620      82.8241
621      99.1317
622      0
623      72.5117
624      0
625      99.3626
626      99.8236
627      85.7111
628      0
629      87.353
630      0
631      53.7297
632      0
633      0
634      63.2046
635      70.2332
636      0
637      0
638      51.3966
639      93.6791
640      0
641      97.1919
642      93.6791
643      61.1726
644      0
645      58.3643
646      98.9431
647      90.6193
648      52.5731
649      60.9356
650      55.5004
651      0
652      98.6694
653      91.2337
654      60.4174
655      98.3296
656      76.7193
657      85.5396
658      0
659      0
660      0
661      0
662      49.1356
663      85.5514
664      87.0552
665      0
666      49.9352
667      68.2876
668      99.7719
669      48.6217
670      0
671      90.6193
672      81.6119
673      80.8865
674      45.463
675      63.4658
676      95.2858
677      97.3935
678      89.4383
679      0
680      78.8425
681      60.4174
682      0
683      69.9247
684      0
685      0
686      0
687      91.855
688      80.8865
689      0
690      98.121
691      0
692      92.0373
693      99.5007
694      99.3671
695      98.4823
696      0
697      74.7182
698      55.431
699      59.4222
700      0
701      65.5527
702      55.1554
703      0
704      0
705      89.307
706      51.0908
707      46.7127
708      55.349
709      72.5634
710      0
711      81.3374
712      0
713      93.6826
714      0
715      57.145
716      86.6247
717      0
718      0
719      98.3296
720      56.1799
721      0
722      91.3221
723      96.0024
724      87.8816
725      0
726      86.1916
727      0
728      0
729      0
730      82.9004
731      0
732      89.0488
733      95.157
734      0
735      0
736      0
737      96.7756
738      93.6179
739      70.9464
740      64.0735
741      76.0836
742      69.0566
743      74.1733
744      98.062
745      84.0884
746      98.0119
747      0
748      89.8665
749      0
750      0
751      57.4554
752      87.9318
753      93.6179
754      0
755      98.5508
756      0
757      95.8456
758      94.5744
759      0
760      87.8877
761      54.2768
762      69.1548
763      64.0727
764      99.317
765      96.9574
766      99.4131
767      99.3766
768      93.8268
769      72.851
770      94.8503
771      88.1344
772      0
773      71.7801
774      0
775      98.0119
776      0
777      87.8816
778      0
779      81.1368
780      0
781      78.5292
782      0
783      0
784      90.409
785      99.753
786      44.6438
787      0
788      0
789      52.3824
790      0
791      0
792      96.576
793      0
794      46.0245
795      0
796      0
797      76.2936
798      96.03
799      0
800      87.7091
801      99.1659
802      0
803      58.3864
804      0
805      62.5342
806      56.4193
807      60.2141
808      96.576
809      97.3107
810      52.1618
811      85.7336
812      69.0497
813      65.7962
814      0
815      99.8236
816      0
817      58.1571
818      91.0168
819      99.9395
820      99.794
821      95.0947
822      67.0946
823      0
824      0
825      97.0859
826      78.5601
827      99.7701
828      0
829      96.9531
830      0
831      92.4498
832      99.6
833      0
834      98.8858
835      0
836      95.5093
837      92.0347
838      88.0836
839      52.7274
840      78.0596
841      85.1863
842      72.2766
843      84.7677
844      62.7647
845      0
846      68.8865
847      68.4426
848      81.0929
849      47.309
850      0
851      0
852      0
853      0
854      78.3483
855      0
856      0
857      95.8555
858      0
859      0
860      0
861      67.0946
862      0
863      97.3935
864      0
865      0
866      90.9099
867      48.4532
868      96.0788
869      99.3766
870      67.1306
871      60.0736
872      0
873      0
874      97.7429
875      90.838
876      0
877      67.7163
878      55.9335
879      69.4267
880      0
881      78.8052
882      46.5176
883      0
884      99.8236
885      86.8113
886      97.5911
887      96.9574
888      77.7644
889      69.0497
890      72.1849
891      0
892      62.6594
893      90.4318
894      0
895      93.0262
896      53.2809
897      97.8278
898      97.4978
899      61.1726
900      0
901      88.2086
902      0
903      96.9608
904      88.0727
905      0
906      0
907      49.4606
908      0
909      91.0931
910      0
911      48.5676
912      96.7534
913      0
914      99.1659
915      99.317
916      70.2314
917      0
918      93.2508
919      81.1831
920      82.1806
921      47.3404
922      86.1916
923      0
924      0
925      69.7516
926      0
927      0
928      60.8373
929      0
930      87.5677
931      0
932      51.3343
933      99.1173
934      96.0159
935      92.0258
936      79.3648
937      74.6073
938      94.8503
939      92.0373
940      99.6
941      97.1919
942      0
943      83.3371
944      97.4978
945      96.2198
946      51.3343
947      0
948      98.989
949      63.2038
950      55.431
951      0
952      0
953      59.4222
954      0
955      0
956      72.5463
957      93.5006
958      49.4561
959      48.954
960      0
961      0
962      0
963      0
964      0
965      0
966      0
967      52.1042
968      53.423
969      86.212
970      83.2417
971      78.1247
972      96.8572
973      61.2316
974      69.9497
975      0
976      88.2086
977      98.3424
978      69.4684
979      0
980      99.5007
981      0
982      91.855
983      99.8796
984      0
985      92.0373
986      69.4267
987      47.8835
988      96.3871
989      91.3221
990      98.3793
991      0
992      99.8342
993      0
994      56.971
995      96.5355
996      97.4978
997      99.9868
998      81.4209
999      56.4193
1000      92.0258
1001      51.7787
1002      72.3585
1003      74.9064
1004      0
1005      99.1599
1006      0
1007      94.0794
1008      0
1009      75.3772
1010      0
1011      73.8298
1012      51.0908
1013      99.1854
1014      0
1015      99.1173
1016      0
1017      71.9701
1018      73.6489
1019      70.9464
1020      59.8999
1021      0
1022      66.5073
1023      58.3643
1024      52.3824
1025      83.6331
1026      81.4931
1027      98.7028
1028      90.409
1029      0
1030      0
1031      52.4765
1032      98.5508
1033      0
1034      0
1035      0
1036      0
1037      93.4936
1038      0
1039      56.2547
1040      0
1041      93.4936
1042      89.5807
1043      60.6676
1044      63.608
1045      60.9902
1046      87.5621
1047      77.9982
1048      93.6829
1049      0
1050      53.8384
1051      88.1344
1052      94.1405
1053      72.0072
1054      0
1055      0
1056      98.3424
1057      99.5137
1058      0
1059      36.0983
1060      0
1061      72.8952
1062      72.0072
1063      98.7815
1064      99.6629
1065      52.5731
1066      45.2102
1067      94.1405
1068      52.3824
1069      0
1070      47.9641
1071      94.7464
1072      0
1073      63.2626
1074      71.0221
1075      84.1897
1076      96.1143
1077      0
1078      97.8278
1079      0
1080      0
1081      0
1082      0
1083      84.018
1084      0
1085      55.0373
1086      99.2956
1087      0
1088      99.1317
1089      0
1090      0
1091      97.1266
1092      92.7698
1093      0
1094      99.1659
1095      0
1096      65.2393
1097      0
1098      63.7472
1099      96.3869
1100      0
1101      62.5551
1102      0
1103      0
1104      0
1105      90.409
1106      0
1107      0
1108      0
1109      94.5511
1110      85.7158
1111      98.5508
1112      72.0072
1113      0
1114      48.1117
1115      69.0566
1116      76.6444
1117      0
1118      72.0802
1119      0
1120      61.2316
1121      0
1122      0
1123      93.4856
1124      93.0262
1125      75.6204
1126      70.9464
1127      64.843
1128      98.5065
1129      83.4738
1130      0
1131      96.9608
1132      54.2359
1133      82.7109
1134      62.8313
1135      99.5007
1136      95.4714
1137      61.8875
1138      50.4854
1139      0
1140      0
1141      81.6119
1142      0
1143      84.3019
1144      61.2316
1145      91.6017
1146      88.0727
1147      98.5508
1148      80.8516
1149      76.2936
1150      99.1164
1151      0
1152      54.4613
1153      64.0735
1154      0
1155      85.0552
1156      91.2337
1157      63.2626
1158      99.6861
1159      81.1368
1160      97.3935
1161      94.9117
1162      93.6179
1163      55.392
1164      0
1165      72.0802
1166      82.9004
1167      97.3935
1168      0
1169      0
1170      93.2508
1171      46.1691
1172      96.0024
1173      56.512
1174      65.5177
1175      90.9993
1176      0
1177      80.7363
1178      97.1266
1179      0
1180      97.1919
1181      86.1916
1182      0
1183      89.3847
1184      70.7613
1185      0
1186      78.0839
1187      95.4365
1188      0
1189      0
1190      98.1235
1191      96.7713
1192      0
1193      0
1194      66.5912
1195      75.3772
1196      99.0045
1197      0
1198      56.2541
1199      98.9431
1200      93.6791
1201      64.2038
1202      98.121
1203      92.4848
1204      77.9063
1205      58.178
1206      92.4498
1207      53.8985
1208      84.9276
1209      49.4606
1210      64.1891
1211      93.6179
1212      84.1897
1213      79.2591
1214      98.661
1215      0
1216      0
1217      0
1218      95.8456
1219      90.409
1220      47.388
1221      77.5383
1222      85.0072
1223      56.0072
1224      80.0312
1225      98.5508
1226      0
1227      81.2844
1228      0
1229      96.1279
1230      53.7612
1231      90.838
1232      70.2314
1233      94.3047
1234      89.1838
1235      95.157
1236      0
1237      0
1238      60.0835
1239      82.8074
1240      56.8956
1241      94.3481
1242      0
1243      0
1244      0
1245      77.3255
1246      68.6597
1247      0
1248      0
1249      73.8427
1250      96.9566
1251      0
1252      0
1253      98.7359
1254      68.6261
1255      65.9119
1256      68.5997
1257      99.8433
1258      0
1259      73.7112
1260      74.2363
1261      75.3165
1262      43.1831
1263      61.2316
1264      75.5037
1265      60.9152
1266      96.576
1267      97.8275
1268      0
1269      91.3353
1270      58.3307
1271      83.2417
1272      62.1719
1273      92.7374
1274      0
1275      73.0068
1276      0
1277      82.3682
1278      0
1279      60.1315
1280      58.1868
1281      91.5952
1282      97.8278
1283      96.7534
1284      0
1285      0
1286      86.7194
1287      99.794
1288      89.6279
1289      58.7339
1290      76.2869
1291      0
1292      98.1798
1293      0
1294      70.9464
1295      99.8342
1296      71.9779
1297      62.8931
1298      0
1299      67.9344
1300      94.5511
1301      65.202
1302      65.755
1303      66.4177
1304      0
1305      0
1306      94.3702
1307      99.5137
1308      96.9286
1309      83.3572
1310      45.1644
1311      66.9722
1312      56.0162
1313      0
1314      59.9144
1315      86.9341
1316      0
1317      0
1318      67.1306
1319      78.8078
1320      65.3365
1321      91.3221
1322      96.576
1323      62.4204
1324      92.6408
1325      0
1326      99.5137
1327      99.2956
1328      86.2958
1329      0
1330      99.9868
1331      93.0122
1332      76.3666
1333      97.8275
1334      0
1335      54.5776
1336      0
1337      60.9622
1338      0
1339      0
1340      99.1173
1341      99.1173
1342      85.5514
1343      87.5677
1344      61.2316
1345      55.3733
1346      76.0836
1347      0
1348      45.0504
1349      56.512
1350      68.2876
1351      0
1352      99.6425
1353      0
1354      92.0243
1355      94.6776
1356      63.6808
1357      99.3766
1358      0
1359      0
1360      98.3296
1361      91.3221
1362      0
1363      0
1364      56.1487
1365      0
1366      86.6247
1367      72.5634
1368      0
1369      0
1370      0
1371      0
1372      0
1373      68.6385
1374      86.255
1375      99.6861
1376      0
1377      42.7582
1378      0
1379      72.6566
1380      99.0045
1381      71.1961
1382      92.234
1383      62.6793
1384      99.753
1385      94.5511
1386      72.0072
1387      0
1388      85.9762
1389      87.0552
1390      92.7374
1391      99.1173
1392      75.1002
1393      0
1394      95.088
1395      97.1266
1396      0
1397      0
1398      54.6762
1399      99.794
1400      98.7359
1401      94.9117
1402      0
1403      56.14
1404      99.8034
1405      96.9608
1406      79.2591
1407      52.2534
1408      69.6433
1409      65.466
1410      76.2936
1411      0
1412      0
1413      88.0668
1414      0
1415      0
1416      84.4471
1417      0
1418      80.583
1419      49.4808
1420      96.9574
1421      78.9099
1422      0
1423      98.7359
1424      0
1425      95.5643
1426      0
1427      0
1428      49.6128
1429      59.0462
1430      0
1431      0
1432      78.0206
1433      99.3153
1434      81.5589
1435      0
1436      99.753
1437      0
1438      94.8503
1439      89.307
1440      66.6321
1441      66.9722
1442      0
1443      85.5514
1444      68.5768
1445      69.4771
1446      0
1447      81.4931
1448      53.002
1449      91.0931
1450      0
1451      0
1452      93.4936
1453      0
1454      82.1806
1455      85.6216
1456      76.2396
1457      61.9337
1458      81.4209
1459      0
1460      0
1461      0
1462      96.9286
1463      0
1464      93.4318
1465      0
1466      0
1467      92.0347
1468      98.5508
1469      83.9063
1470      96.7756
1471      99.3766
1472      78.8662
1473      75.3772
1474      0
1475      57.591
1476      52.3824
1477      89.2858
1478      69.4822
1479      73.8719
1480      71.9779
1481      48.8834
1482      0
1483      73.7112
1484      95.8555
1485      81.5062
1486      64.3826
1487      60.2604
1488      0
1489      0
1490      82.1534
1491      0
1492      99.4131
1493      76.8903
1494      0
1495      63.4658
1496      79.3065
1497      0
1498      74.7182
1499      0
1500      73.9042
1501      87.353
1502      60.1315
1503      98.3424
1504      0
1505      0
1506      98.989
1507      88.1101
1508      60.1437
1509      87.0883
1510      81.0929
1511      0
1512      91.0931
1513      78.0725
1514      0
1515      0
1516      0
1517      0
1518      0
1519      57.8951
1520      0
1521      65.202
1522      0
1523      48.8384
1524      0
1525      89.307
1526      64.2716
1527      76.1464
1528      73.2044
1529      64.7813
1530      94.1202
1531      49.4808
1532      94.5511
1533      99.5022
1534      57.8849
1535      52.2534
1536      0
1537      0
1538      63.168
1539      0
1540      96.5961
1541      89.5807
1542      94.1202
1543      76.0836
1544      54.4012
1545      99.794
1546      0
1547      72.8692
1548      99.8796
1549      94.103
1550      96.147
1551      94.4773
1552      59.525
1553      74.2512
1554      0
1555      43.316
1556      99.9868
1557      53.871
1558      0
1559      80.7786
1560      85.6508
1561      55.0398
1562      99.0889
1563      0
1564      82.1534
1565      68.8507
1566      83.8443
1567      0
1568      98.7359
1569      0
1570      96.5961
1571      49.4561
1572      67.0946
1573      0
1574      99.1659
1575      0
1576      58.3307
1577      53.9869
1578      0
1579      0
1580      0
1581      56.8956
1582      0
1583      0
1584      85.4918
1585      0
1586      95.4714
1587      99.3766
1588      97.1919
1589      0
1590      93.6179
1591      0
1592      0
1593      0
1594      99.6
1595      57.7432
1596      91.6233
1597      49.4561
1598      97.607
1599      67.5149
1600      0
1601      0
1602      96.7534
1603      98.6613
1604      96.2198
1605      0
1606      0
1607      76.5279
1608      70.3916
1609      0
1610      80.7949
1611      0
1612      66.0645
1613      93.4318
1614      0
1615      47.4357
1616      68.0163
1617      0
1618      94.7317
1619      99.753
1620      95.157
1621      99.4193
1622      88.0727
1623      0
1624      51.1527
1625      64.1891
1626      0
1627      95.0947
1628      98.989
1629      0
1630      98.7028
1631      96.9608
1632      0
1633      48.9796
1634      50.5115
1635      48.6217
1636      95.2858
1637      88.2961
1638      65.7962
1639      93.4176
1640      0
1641      99.4912
1642      63.6808
1643      61.7593
1644      0
1645      98.7815
1646      0
1647      0
1648      52.6651
1649      56.212
1650      0
1651      0
1652      57.8849
1653      60.3569
1654      80.7363
1655      66.9461
1656      0
1657      72.5423
1658      0
1659      0
1660      95.7244
1661      95.9434
1662      99.8034
1663      0
1664      0
1665      64.3535
1666      0
1667      95.0947
1668      0
1669      48.8281
1670      42.7574
1671      0
1672      44.5392
1673      0
1674      85.6508
1675      88.0727
1676      95.9724
1677      0
1678      97.0615
1679      83.4833
1680      55.5538
1681      95.4365
1682      99.5007
1683      92.0568
1684      0
1685      93.8404
1686      75.3595
1687      61.4721
1688      97.0615
1689      98.1235
1690      46.2196
1691      87.5462
1692      89.0977
1693      94.8503
1694      70.3324
1695      57.1662
1696      0
1697      66.2426
1698      0
1699      93.6872
1700      0
1701      96.7534
1702      0
1703      0
1704      84.1897
1705      51.9775
1706      0
1707      53.8395
1708      0
1709      0
1710      0
1711      80.2022
1712      98.121
1713      0
1714      61.723
1715      53.3036
1716      87.2748
1717      48.8053
1718      0
1719      85.7158
1720      74.0622
1721      61.723
1722      56.8233
1723      70.4596
1724      0
1725      0
1726      69.0566
1727      89.5563
1728      95.8456
1729      86.3908
1730      88.8057
1731      85.7158
1732      0
1733      61.2316
1734      64.7423
1735      91.5623
1736      95.157
1737      75.1249
1738      83.641
1739      93.4936
1740      93.4243
1741      61.1479
1742      71.7647
1743      0
1744      99.7719
1745      97.0615
1746      96.7713
1747      92.0347
1748      56.1799
1749      72.1339
1750      0
1751      0
1752      0
1753      0
1754      60.9638
1755      0
1756      99.6
1757      0
1758      93.4936
1759      78.5601
1760      0
1761      0
1762      60.5706
1763      54.2359
1764      73.9685
1765      95.8456
1766      0
1767      53.002
1768      53.5389
1769      90.409
1770      99.5137
1771      0
1772      74.4595
1773      99.7879
1774      0
1775      93.4318
1776      0
1777      0
1778      76.5279
1779      0
1780      89.981
1781      81.1368
1782      0
1783      0
1784      0
1785      91.2337
1786      52.3575
1787      78.9099
1788      0
1789      94.103
1790      0
1791      96.3869
1792      57.8208
1793      99.9286
1794      46.0245
1795      66.0645
1796      98.3793
1797      0
1798      93.6791
1799      53.871
1800      48.6653
1801      0
1802      77.8936
1803      49.8792
1804      98.4877
1805      96.9574
1806      89.7659
1807      0
1808      98.7359
1809      0
1810      0
1811      0
1812      86.3188
1813      0
1814      97.1266
1815      83.6072
1816      0
1817      0
1818      0
1819      0
1820      99.6861
1821      61.723
1822      91.3662
1823      93.6179
1824      70.3324
1825      98.3296
1826      0
1827      70.6472
1828      0
1829      0
1830      94.1405
1831      81.2844
1832      98.7028
1833      57.6156
1834      0
1835      0
1836      57.3908
1837      77.5383
1838      0
1839      98.3296
1840      98.7028
1841      0
1842      0
1843      98.2332
1844      0
1845      0
1846      0
1847      50.857
1848      69.4822
1849      99.6
1850      0
1851      51.5514
1852      68.6261
1853      0
1854      99.3671
1855      0
1856      71.6605
1857      85.7158
1858      0
1859      93.7433
1860      76.2396
1861      0
1862      0
1863      65.755
1864      91.2337
1865      0
1866      0
1867      0
1868      98.0119
1869      0
1870      0
1871      54.796
1872      61.2316
1873      51.8598
1874      68.8164
1875      80.0014
1876      47.388
1877      0
1878      0
1879      97.7429
1880      0
1881      0
1882      0
1883      93.5006
1884      69.9082
1885      0
1886      0
1887      99.1164
1888      98.989
1889      97.8275
1890      89.6579
1891      82.8063
1892      88.9608
1893      71.6605
1894      46.308
1895      71.707
1896      59.0462
1897      49.9467
1898      0
1899      0
1900      95.8456
1901      97.4978
1902      67.1944
1903      53.2636
1904      82.7109
1905      0
1906      0
1907      87.3363
1908      92.438
1909      82.1972
1910      0
1911      72.3585
1912      92.4848
1913      0
1914      0
1915      0
1916      99.2956
1917      94.3481
1918      0
1919      53.5538
1920      71.3887
1921      0
1922      0
1923      93.4936
1924      0
1925      69.0497
1926      0
1927      0
1928      0
1929      98.4823
1930      0
1931      98.0119
1932      98.3424
1933      88.4484
1934      99.6
1935      63.2046
1936      82.4364
1937      91.077
1938      87.0883
1939      67.3941
1940      56.1573
1941      99.794
1942      95.0947
1943      73.6489
1944      98.5065
1945      80.7786
1946      92.4408
1947      84.1897
1948      0
1949      85.8441
1950      0
1951      59.9817
1952      0
1953      0
1954      99.7719
1955      98.7824
1956      0
1957      82.9004
1958      0
1959      75.3772
1960      68.5988
1961      69.1548
1962      99.2317
1963      0
1964      0
1965      69.7516
1966      54.057
1967      68.5787
1968      0
1969      55.583
1970      67.5149
1971      0
1972      99.5007
1973      95.157
1974      94.5744
1975      96.2224
1976      86.1052
1977      84.4461
1978      0
1979      83.0137
1980      65.2835
1981      94.8503
1982      0
1983      66.5467
1984      99.3245
1985      0
1986      0
1987      80.7949
1988      95.4365
1989      99.753
1990      81.5589
1991      0
1992      68.6342
1993      66.5161
1994      0
1995      93.8404
1996      95.4714
1997      94.4773
1998      84.1998
1999      0
2000      0
2001      98.5065
2002      55.3578
2003      98.3296
2004      0
2005      0
2006      0
2007      0
2008      73.2199
2009      0
2010      79.8762
2011      46.2196
2012      73.4357
2013      0
2014      93.6179
2015      86.7194
2016      0
2017      73.9042
2018      98.1887
2019      73.4357
2020      0
2021      0
2022      75.1377
2023      99.3153
2024      0
2025      0
2026      0
2027      61.2316
2028      0
2029      90.409
2030      0
2031      60.9053
2032      0
2033      0
2034      93.1297
2035      0
2036      96.8572
2037      0
2038      62.2359
2039      0
2040      53.0791
2041      0
2042      92.2897
2043      0
2044      0
2045      0
2046      75.5777
2047      93.4936
2048      68.9243
2049      0
2050      0
2051      97.0886
2052      77.7644
2053      91.5485
2054      0
2055      97.1919
2056      98.6613
2057      50.5184
2058      62.8637
2059      40.9472
2060      60.5706
2061      93.6791
2062      63.2046
2063      54.5547
2064      0
2065      96.7713
2066      69.8848
2067      99.8034
2068      65.202
2069      0
2070      64.2704
2071      99.1659
2072      99.794
2073      63.3303
2074      99.5137
2075      90.9099
2076      99.3908
2077      64.2704
2078      46.2226
2079      0
2080      87.9604
2081      99.3766
2082      71.7647
2083      63.8394
2084      0
2085      86.8113
2086      0
2087      75.5777
2088      99.317
2089      73.4119
2090      0
2091      0
2092      0
2093      77.0799
2094      77.3255
2095      62.5402
2096      75.5777
2097      75.1792
2098      78.0839
2099      0
2100      0
2101      0
2102      61.5081
2103      0
2104      97.0615
2105      71.7647
2106      0
2107      0
2108      61.2252
2109      65.202
2110      99.1659
2111      87.353
2112      0
2113      85.5396
2114      0
2115      97.8275
2116      61.7517
2117      0
2118      76.9579
2119      69.9497
2120      99.1659
2121      57.7345
2122      59.0462
2123      82.8074
2124      66.5912
2125      85.7509
2126      55.431
2127      78.7453
2128      86.3908
2129      76.6444
2130      96.5961
2131      0
2132      76.9579
2133      72.1339
2134      0
2135      87.1168
2136      99.9868
2137      62.6594
2138      85.9762
2139      95.157
2140      83.7709
2141      99.1599
2142      48.266
2143      47.9641
2144      0
2145      0
2146      0
2147      60.9356
2148      75.7628
2149      0
2150      0
2151      52.1618
2152      0
2153      86.6247
2154      90.409
2155      46.2225
2156      0
2157      98.121
2158      0
2159      60.1437
2160      0
2161      78.8029
2162      0
2163      96.2224
2164      57.4234
2165      99.618
2166      0
2167      66.9461
2168      0
2169      0
2170      0
2171      0
2172      53.871
2173      0
2174      49.1922
2175      0
2176      86.255
2177      88.7138
2178      48.8053
2179      0
2180      0
2181      73.4801
2182      72.3585
2183      93.4318
2184      61.2252
2185      45.5999
2186      85.6508
2187      78.5292
2188      93.6791
2189      92.6746
2190      0
2191      0
2192      60.5706
2193      96.3871
2194      0
2195      0
2196      0
2197      0
2198      0
2199      0
2200      77.2213
2201      0
2202      99.0537
2203      0
2204      93.4856
2205      0
2206      99.2751
2207      75.0823
2208      46.5972
2209      0
2210      98.4877
2211      0
2212      62.9542
2213      0
2214      99.6
2215      0
2216      0
2217      19.1127
2218      93.4243
2219      49.0897
2220      58.5594
2221      93.4243
2222      0
2223      0
2224      94.9042
2225      95.157
2226      0
2227      77.669
2228      91.3991
2229      80.7949
2230      0
2231      86.7194
2232      44.8494
2233      47.9075
2234      72.2766
2235      61.4721
2236      0
2237      99.1173
2238      0
2239      65.0608
2240      58.3307
2241      69.2181
2242      0
2243      0
2244      0
2245      81.3702
2246      96.9286
2247      66.2426
2248      70.9464
2249      94.1202
2250      69.9247
2251      53.2276
2252      57.43
2253      98.121
2254      88.0727
2255      98.5508
2256      0
2257      95.2543
2258      60.0736
2259      0
2260      0
2261      57.7345
2262      87.497
2263      61.5207
2264      0
2265      87.353
2266      0
2267      91.4601
2268      92.0258
2269      98.1887
2270      98.3424
2271      0
2272      89.4832
2273      93.4243
2274      99.5137
2275      54.6786
2276      88.0668
2277      71.1622
2278      73.5686
2279      0
2280      99.794
2281      0
2282      93.6179
2283      81.6119
2284      96.9574
2285      49.3187
2286      68.4606
2287      0
2288      75.4704
2289      69.3318
2290      97.607
2291      97.0615
2292      69.9082
2293      0
2294      0
2295      90.5121
2296      79.2591
2297      86.5977
2298      0
2299      65.9119
2300      67.1565
2301      0
2302      81.4957
2303      52.9007
2304      92.5755
2305      0
2306      93.4856
2307      76.7331
2308      98.4877
2309      95.0947
2310      99.6
2311      74.4487
2312      98.1887
2313      60.2827
2314      99.6861
2315      90.409
2316      0
2317      64.3826
2318      98.5508
2319      71.602
2320      0
2321      99.1164
2322      73.6741
2323      0
2324      51.5225
2325      90.409
2326      0
2327      68.8164
2328      76.3666
2329      69.4822
2330      0
2331      0
2332      78.1247
2333      0
2334      87.353
2335      0
2336      99.9868
2337      0
2338      94.0794
2339      53.8985
2340      0
2341      0
2342      0
2343      44.3142
2344      0
2345      59.5213
2346      47.3591
2347      0
2348      96.9608
2349      47.5418
2350      52.6913
2351      70.9464
2352      0
2353      51.9775
2354      48.1117
2355      89.3847
2356      68.6645
2357      0
2358      95.8716
2359      75.7628
2360      0
2361      0
2362      99.8034
2363      70.9464
2364      95.0947
2365      52.2534
2366      0
2367      64.7098
2368      59.0462
2369      88.1493
2370      0
2371      95.5093
2372      82.1853
2373      97.3935
2374      0
2375      93.3198
2376      51.9775
2377      0
2378      0
2379      96.7534
2380      0
2381      48.5422
2382      86.8113
2383      0
2384      49.4606
2385      99.3671
2386      65.1933
2387      61.1726
2388      86.1916
2389      65.059
2390      57.0041
2391      95.5093
2392      0
2393      72.851
2394      99.4484
2395      95.9626
2396      66.6321
2397      0
2398      48.8053
2399      0
2400      0
2401      89.1838
2402      59.4222
2403      98.2332
2404      95.9434
2405      99.1178
2406      0
2407      98.062
2408      73.2199
2409      68.6455
2410      0
2411      0
2412      0
2413      99.3671
2414      99.3671
2415      96.3869
2416      78.4091
2417      0
2418      61.723
2419      0
2420      99.3671
2421      83.2417
2422      0
2423      99.6861
2424      91.8995
2425      0
2426      93.6791
2427      77.585
2428      89.4383
2429      80.8865
2430      0
2431      0
2432      75.8256
2433      73.8719
2434      0
2435      64.7211
2436      99.0889
2437      0
2438      85.7158
2439      75.1529
2440      54.5776
2441      53.8395
2442      92.6746
2443      69.6551
2444      82.1853
2445      87.0552
2446      92.7374
2447      98.1887
2448      88.7138
2449      57.1662
2450      95.0947
2451      0
2452      0
2453      99.4193
2454      0
2455      99.6861
2456      96.3871
2457      0
2458      64.0735
2459      99.6861
2460      0
2461      99.4042
2462      92.0568
2463      78.8662
2464      73.8427
2465      92.7698
2466      97.0615
2467      97.0615
2468      78.1247
2469      0
2470      49.4606
2471      82.8063
2472      74.7182
2473      0
2474      87.7091
2475      69.9247
2476      96.0857
2477      73.7112
2478      82.1534
2479      0
2480      62.1718
2481      41.0497
2482      0
2483      98.2332
2484      0
2485      0
2486      98.7028
2487      83.4738
2488      70.8025
2489      82.8074
2490      0
2491      0
2492      57.4831
2493      93.1297
2494      0
2495      0
2496      90.0343
2497      98.3424
2498      83.1185
2499      73.2199
       83522.1
