0      0
1      71.238
2      57.857
3      99.9107
4      99.9926
5      78.2611
6      99.9926
7      99.7003
8      0
9      82.6479
10      99.0932
11      67.3787
12      0
13      99.8246
14      43.4203
15      0
16      89.9216
17      99.3596
18      0
19      50.6852
20      0
21      70.8531
22      98.1219
23      84.5558
24      0
25      97.4397
26      0
27      64.2793
28      99.9222
29      97.599
30      0
31      97.5007
32      0
33      0
34      85.8851
35      73.1652
36      99.7003
37      99.7003
38      98.6861
39      95.4268
40      61.3475
41      0
42      0
43      89.6092
44      0
45      0
46      0
47      0
48      0
49      99.7788
50      80.1387
51      99.9867
52      99.7003
53      99.0932
54      0
55      49.5249
56      0
57      0
58      86.3433
59      98.1219
60      0
61      0
62      81.4546
63      0
64      74.6295
65      81.4715
66      99.9863
67      85.5971
68      99.0932
69      99.8741
70      82.8221
71      89.6152
72      99.9867
73      0
74      99.9222
75      88.0044
76      95.4934
77      0
78      91.3921
79      79.6347
80      94.5713
81      0
82      0
83      91.5542
84      54.5266
85      97.5007
86      76.591
87      99.9867
88      99.698
89      56.1767
90      0
91      0
92      97.8927
93      93.5958
94      84.5171
95      99.3343
96      99.702
97      0
98      0
99      0
100      0
101      99.9867
102      70.8989
103      0
104      0
105      97.2895
106      0
107      0
108      82.6479
109      0
110      83.7761
111      0
112      61.0981
113      98.1219
114      80.7232
115      52.1164
116      99.9107
117      99.9926
118      0
119      0
120      99.8246
121      0
122      99.3343
123      64.7791
124      56.9762
125      77.0636
126      72.8129
127      99.9863
128      0
129      58.8988
130      77.4686
131      0
132      57.2756
133      82.2568
134      0
135      99.7003
136      35.3906
137      70.8531
138      0
139      81.088
140      0
141      0
142      50.3245
143      99.9515
144      64.3728
145      93.8434
146      0
147      0
148      99.9867
149      99.9107
150      0
151      93.5714
152      0
153      99.9107
154      73.1652
155      99.0932
156      23.3489
157      97.7663
158      52.1164
159      99.9867
160      61.3688
161      0
162      0
163      68.8972
164      0
165      0
166      81.5926
167      0
168      99.8246
169      93.5714
170      99.7003
171      99.7003
172      0
173      42.581
174      62.5507
175      0
176      0
177      99.9867
178      0
179      0
180      80.4551
181      0
182      79.6119
183      99.9867
184      0
185      0
186      0
187      99.9107
188      71.2017
189      78.4781
190      76.074
191      99.0932
192      56.1767
193      61.8622
194      0
195      99.7003
196      0
197      0
198      0
199      72.8129
       6505.1
