0      0
1      0
2      0
3      99.9452
4      99.3407
5      0
6      99.9589
7      45.0477
8      0
9      96.4262
10      0
11      49.4805
12      99.9721
13      0
14      99.9721
15      99.9721
16      69.4778
17      0
18      99.4152
19      0
20      89.2018
21      49.5104
22      96.4262
23      0
24      0
25      76.3744
26      0
27      0
28      66.2923
29      0
30      96.5239
31      0
32      52.8389
33      99.9157
34      99.7653
35      99.0526
36      0
37      84.078
38      99.9452
39      99.2517
40      99.9157
41      99.9607
42      0
43      89.6177
44      99.9452
45      99.7573
46      56.0268
47      0
48      99.999
49      64.1741
       1791.12
