0      99.8276
1      99.291
2      99.7824
3      76.4954
4      99.8112
5      0
6      99.9787
7      0
8      79.0491
9      99.8501
10      65.7354
11      0
12      0
13      99.4705
14      80.076
15      80.076
16      99.7667
17      99.9787
18      0
19      77.4471
20      0
21      0
22      0
23      0
24      81.1737
25      75.3786
26      0
27      0
28      0
29      99.9429
30      99.8675
31      99.8112
32      61.1082
33      87.2493
34      55.735
35      77.8023
36      66.4507
37      90.1173
38      75.3786
39      0
40      89.9116
41      0
42      65.574
43      0
44      0
45      0
46      0
47      99.4754
48      99.9787
49      78.5519
50      99.872
51      0
52      99.8665
53      99.835
54      99.8345
55      99.8345
56      79.0491
57      31.3084
58      0
59      0
60      99.8345
61      97.8648
62      0
63      54.7355
64      91.351
65      0
66      0
67      99.8665
68      0
69      0
70      98.5376
71      0
72      0
73      94.3794
74      57.963
75      96.6487
76      0
77      0
78      0
79      54.7355
80      99.2237
81      83.7168
82      99.8345
83      0
84      99.8959
85      94.5464
86      99.9787
87      98.0941
88      99.2237
89      57.963
90      99.9787
91      68.4282
92      84.7766
93      49.6908
94      92.3248
95      99.775
96      99.8945
97      0
98      99.9787
99      0
       2903.03
