0      0
1      64.8644
2      99.7827
3      95.4822
4      0
5      0
6      54.3717
7      56.3499
8      73.6044
9      54.8013
10      43.8997
11      99.9839
12      0
13      0
14      0
15      0
16      99.5892
17      95.4822
18      0
19      97.8376
20      53.6903
21      99.9558
22      0
23      99.5285
24      61.2891
25      0
26      0
27      99.8233
28      99.8233
29      0
30      61.2891
31      0
32      86.4564
33      99.2517
34      99.5285
35      0
36      99.3365
37      73.907
38      0
39      99.9839
40      99.9839
41      45.3013
42      68.7301
43      0
44      0
45      67.3802
46      0
47      0
48      68.6755
49      60.5221
50      99.6546
51      99.0923
52      99.6489
53      76.6757
54      76.3133
55      74.285
56      97.7963
57      99.9839
58      88.2749
59      0
60      99.8233
61      0
62      0
63      0
64      62.2975
65      64.2614
66      70.199
67      0
68      0
69      53.3453
70      99.4327
71      99.7827
72      95.3571
73      0
74      99.9839
75      0
76      74.233
77      99.8233
78      99.6489
79      45.3013
80      0
81      0
82      70.6633
83      72.9344
84      0
85      53.842
86      99.8233
87      96.6223
88      0
89      54.3717
90      99.3365
91      99.9839
92      98.2242
93      99.8233
94      74.1054
95      0
96      98.272
97      0
98      0
99      77.5006
100      59.1013
101      92.9286
102      99.8233
103      54.6254
104      99.9839
105      76.1967
106      0
107      96.2386
108      87.2196
109      99.5285
110      48.8864
111      89.4742
112      65.2717
113      85.8488
114      99.7827
115      46.9615
116      77.4734
117      72.2373
118      71.7693
119      99.9839
120      99.0669
121      37.7009
122      97.158
123      76.6295
124      0
125      85.6285
126      0
127      70.3208
128      56.228
129      0
130      0
131      0
132      85.6285
133      90.7228
134      56.3477
135      0
136      75.5004
137      0
138      78.8271
139      86.6408
140      97.8376
141      88.2377
142      75.3464
143      0
144      0
145      71.0347
146      87.2196
147      54.6254
148      0
149      84.1369
150      74.777
151      74.285
152      0
153      0
154      98.2266
155      99.8233
156      0
157      99.8233
158      0
159      56.3477
160      0
161      95.4822
162      64.9011
163      0
164      87.7069
165      0
166      0
167      99.8233
168      46.1851
169      64.8644
170      97.8376
171      0
172      0
173      74.4757
174      92.5345
175      0
176      90.8345
177      51.2083
178      52.7447
179      99.7827
180      99.9839
181      0
182      0
183      99.4507
184      99.7827
185      0
186      0
187      94.2187
188      0
189      85.6576
190      0
191      75.2179
192      80.6823
193      96.8478
194      0
195      99.9839
196      85.3187
197      89.9658
198      49.7929
199      0
200      0
201      0
202      0
203      0
204      85.8488
205      85.3187
206      37.7009
207      49.7929
208      98.9313
209      99.8233
210      99.4507
211      74.285
212      99.6489
213      0
214      99.86
215      0
216      99.5053
217      0
218      0
219      43.8804
220      54.6
221      76.6295
222      0
223      40.0353
224      77.5006
225      88.7707
226      74.3051
227      92.9286
228      0
229      47.4434
230      95.77
231      68.6755
232      0
233      96.6223
234      99.7827
235      57.3629
236      41.1349
237      76.6295
238      56.1264
239      86.4711
240      99.3365
241      84.5131
242      52.7447
243      74.777
244      86.4172
245      49.3417
246      97.8093
247      0
248      52.5594
249      99.7827
250      99.8233
251      0
252      95.4822
253      0
254      99.9839
255      60.0345
256      51.6527
257      0
258      0
259      68.3713
260      0
261      99.9839
262      47.4737
263      95.77
264      54.3717
265      85.3187
266      95.77
267      97.8093
268      49.7929
269      0
270      0
271      0
272      0
273      0
274      93.6761
275      67.3802
276      82.5511
277      63.4651
278      0
279      0
280      99.9839
281      72.1192
282      84.7935
283      0
284      0
285      96.6223
286      99.9839
287      0
288      80.3872
289      90.5255
290      0
291      0
292      0
293      94.2187
294      81.9126
295      95.4822
296      84.1369
297      46.3255
298      54.3717
299      56.3477
300      0
301      99.6489
302      0
303      43.8997
304      0
305      92.529
306      70.7144
307      99.9558
308      99.9839
309      0
310      83.5022
311      79.7343
312      0
313      0
314      0
315      99.1118
316      99.4507
317      99.8233
318      99.9839
319      79.7343
320      77.9006
321      0
322      99.3365
323      77.42
324      99.4507
325      56.3477
326      0
327      0
328      0
329      0
330      85.1472
331      0
332      83.5022
333      79.5245
334      0
335      99.6489
336      56.3477
337      97.8093
338      72.2373
339      0
340      99.5285
341      0
342      95.77
343      99.9059
344      86.337
345      88.2749
346      59.608
347      0
348      99.9839
349      0
350      0
351      0
352      94.2013
353      97.8093
354      0
355      0
356      0
357      99.0202
358      79.8994
359      65.3391
360      97.158
361      96.1119
362      99.9839
363      76.6295
364      99.7827
365      0
366      83.9542
367      46.3179
368      0
369      0
370      90.355
371      85.2495
372      67.3746
373      83.9542
374      99.8233
375      98.8034
376      77.4734
377      72.9344
378      97.8376
379      99.9839
380      99.9839
381      0
382      88.7707
383      99.9839
384      61.3501
385      57.6583
386      0
387      0
388      0
389      0
390      95.3571
391      0
392      0
393      91.3818
394      0
395      61.3501
396      0
397      0
398      61.2891
399      99.5285
400      75.6099
401      0
402      0
403      99.9839
404      81.1506
405      0
406      99.3365
407      88.7707
408      98.272
409      54.3717
410      99.7827
411      91.7219
412      46.1851
413      0
414      87.3694
415      99.6489
416      61.9641
417      0
418      99.9839
419      97.8093
420      77.4734
421      99.9839
422      54.3717
423      83.5022
424      0
425      99.8233
426      93.1525
427      97.7963
428      90.5255
429      86.4711
430      76.366
431      61.705
432      79.4855
433      57.3629
434      56.3477
435      68.24
436      68.3713
437      0
438      0
439      95.5224
440      96.2386
441      88.7707
442      0
443      0
444      0
445      0
446      0
447      81.4171
448      0
449      99.8233
450      99.9839
451      92.9286
452      63.4651
453      70.0112
454      63.4651
455      75.8493
456      90.3982
457      99.8233
458      58.8616
459      99.7827
460      95.4822
461      0
462      77.9006
463      0
464      99.8233
465      0
466      0
467      99.5285
468      99.1523
469      99.3365
470      99.8233
471      99.1118
472      92.5345
473      0
474      80.6823
475      93.6113
476      0
477      49.9556
478      65.2717
479      0
480      0
481      0
482      71.2102
483      95.77
484      51.1397
485      83.5374
486      96.8958
487      78.1315
488      40.3467
489      76.1967
490      0
491      0
492      66.8996
493      95.77
494      92.0737
495      0
496      90.5255
497      94.2013
498      64.8644
499      0
       18298.2
