0      94.0989
1      51.2656
2      85.6951
3      0
4      0
5      99.9301
6      0
7      98.6666
8      0
9      77.8607
10      0
11      76.8724
12      49.1267
13      99.8358
14      0
15      99.7532
16      99.4178
17      74.7606
18      75.99
19      73.7687
20      59.3256
21      0
22      67.4665
23      57.8822
24      49.0487
25      84.7132
26      87.0937
27      99.8135
28      91.216
29      0
30      0
31      51.5551
32      99.7179
33      0
34      0
35      0
36      0
37      93.9677
38      0
39      56.1785
40      0
41      96.7956
42      88.9107
43      57.8716
44      70.0073
45      64.0925
46      98.3092
47      79.1246
48      94.8264
49      0
50      54.847
51      91.4148
52      99.4178
53      77.6188
54      0
55      0
56      99.8135
57      99.9301
58      0
59      31.2379
60      0
61      76.5668
62      75.1696
63      99.8135
64      99.9301
65      50.5588
66      45.2705
67      97.5379
68      59.4803
69      0
70      48.553
71      97.3127
72      0
73      73.0509
74      73.7839
75      88.5346
76      0
77      0
78      99.7179
79      0
80      0
81      0
82      0
83      85.5187
84      0
85      61.0446
86      99.8358
87      0
88      99.9301
89      0
90      0
91      99.2448
92      96.1014
93      0
94      99.8135
95      0
96      65.494
97      0
98      65.0344
99      99.1244
100      0
101      64.3464
102      0
103      0
104      0
105      94.6989
106      0
107      0
108      0
109      98.2809
110      90.8523
111      99.7179
112      74.7699
113      0
114      47.9206
115      69.437
116      79.0667
117      0
118      74.9538
119      0
120      62.1422
121      0
122      0
123      94.3459
124      95.1729
125      79.3833
126      80.154
127      69.437
128      99.8135
129      85.9849
130      0
131      99.7179
132      56.2926
133      0
134      64.3937
135      99.8967
136      99.2448
137      60.6568
138      51.0883
139      0
140      0
141      86.2201
142      0
143      86.4193
144      63.7246
145      95.4601
146      94.8264
147      99.7532
148      87.618
149      78.57
150      99.7532
151      0
152      51.607
153      64.0925
154      0
155      88.4453
156      94.0989
157      63.564
158      99.9934
159      81.5025
160      99.4178
161      98.6666
162      96.6126
163      54.3796
164      0
165      75.1007
166      84.6237
167      99.9301
168      0
169      0
170      96.5363
171      44.6329
172      98.6666
173      57.2403
174      65.494
175      94.6989
176      0
177      85.6951
178      99.3756
179      0
180      99.2448
181      88.1923
182      99.2448
183      88.8239
184      70.91
185      0
186      85.0861
187      98.6666
188      0
189      0
190      99.7179
191      99.4178
192      0
193      0
194      72.3843
195      78.8866
196      99.8358
197      0
198      57.7246
199      99.7532
200      94.3459
201      64.8495
202      99.7179
203      96.6126
204      80.7304
205      58.0874
206      96.7956
207      53.3291
208      84.9112
209      48.476
210      66.188
211      96.1014
212      88.6462
213      82.0614
214      0
215      0
216      0
217      0
218      98.6666
219      94.1999
220      47.7524
221      88.7451
222      91.4148
223      55.2726
224      81.4964
225      99.3999
226      0
227      81.8466
228      0
229      99.3999
230      53.3163
231      91.912
232      75.2641
233      97.5379
234      90.77
235      98.3092
236      0
237      0
238      58.7302
239      84.1045
240      55.4879
241      98.2809
242      0
243      0
244      0
245      85.3234
246      0
247      0
248      0
249      76.7779
250      99.4178
251      0
252      0
253      99.8135
254      70.111
255      67.2061
256      70.8237
257      99.9997
258      0
259      80.154
260      79.0667
261      85.5187
262      39.721
263      0
264      77.6861
265      59.9413
266      99.0454
267      99.7179
268      99.8358
269      92.5
270      56.7328
271      84.0984
272      61.9345
273      0
274      0
275      74.7606
276      0
277      83.5818
278      0
279      0
280      57.8716
281      92.1938
282      99.2448
283      99.2448
284      0
285      0
286      87.5537
287      99.9997
288      91.9874
289      59.3589
290      77.6199
291      0
292      99.8358
293      0
294      75.2641
295      99.9997
296      75.0216
297      69.6673
298      0
299      68.2604
300      98.2809
301      65.0679
302      68.2604
303      65.494
304      0
305      0
306      98.6666
307      99.8937
308      99.4178
309      84.6237
310      0
311      68.968
312      51.607
313      0
314      60.0792
315      89.1935
316      0
317      0
318      67.9693
319      83.5156
320      69.2569
321      94.6989
322      98.945
323      63.6563
324      95.8209
325      0
326      99.9934
327      99.8967
328      88.1747
329      0
330      99.9854
331      96.6306
332      80.2048
333      99.7179
334      0
335      57.0687
336      0
337      0
338      0
339      0
340      99.8358
341      99.8135
342      85.4845
343      94.6989
344      60.3479
345      56.7328
346      78.8866
347      0
348      43.4992
349      57.8716
350      70.5141
351      0
352      99.8967
353      0
354      95.7424
355      98.3092
356      66.8257
357      99.9301
358      0
359      0
360      99.8135
361      92.1905
362      0
363      0
364      56.152
365      0
366      90.77
367      70.91
368      0
369      0
370      0
371      0
372      0
373      73.9523
374      86.9088
375      99.9301
376      0
377      31.2379
378      0
379      77.6199
380      99.7179
381      73.7386
382      94.232
383      62.7608
384      99.9301
385      96.9848
386      76.4121
387      0
388      86.6902
389      88.1747
390      94.6989
391      99.8135
392      77.0977
393      0
394      97.5379
395      99.4178
396      0
397      0
398      54.5286
399      99.9934
400      99.8135
401      98.6666
402      0
403      55.4879
404      99.9934
405      99.1244
406      80.154
407      51.607
408      73.9774
409      70.5141
410      78.7709
411      0
412      0
413      91.2998
414      0
415      0
416      88.5346
417      0
418      80.2048
419      49.3304
420      99.2448
421      81.3658
422      0
423      99.8135
424      0
425      98.5052
426      0
427      0
428      49.0487
429      58.1657
430      0
431      0
432      85.7831
433      99.9301
434      83.0082
435      0
436      99.9301
437      0
438      96.9848
439      92.5
440      69.299
441      68.8309
442      0
443      86.9088
444      69.437
445      85.4845
446      0
447      86.8922
448      54.1625
449      91.7128
450      0
451      0
452      96.6126
453      0
454      83.4331
455      87.0197
456      88.7451
457      71.4919
458      85.0861
459      0
460      99.3999
461      0
462      99.7179
463      0
464      95.4601
465      0
466      0
467      92.6959
468      99.7179
469      85.5476
470      99.4178
471      99.9301
472      88.7451
473      77.7894
474      98.3092
475      57.1963
476      51.5641
477      92.1172
478      67.8964
479      83.1264
480      74.305
481      47.0232
482      0
483      76.9063
484      99.1244
485      81.4964
486      65.9082
487      61.4731
488      0
489      0
490      86.4835
491      0
492      99.9301
493      78.7881
494      0
495      65.7836
496      81.7853
497      0
498      77.6199
499      0
500      77.0977
501      94.6989
502      54.3796
503      99.8135
504      0
505      0
506      99.8135
507      91.912
508      58.5379
509      92.2031
510      88.4453
511      0
512      92.3503
513      81.5025
514      0
515      0
516      0
517      0
518      0
519      58.1657
520      0
521      67.8964
522      0
523      47.5484
524      0
525      92.1938
526      71.4919
527      79.1506
528      78.6233
529      65.6748
530      97.3127
531      49.0487
532      98.7136
533      99.9301
534      61.4731
535      50.4277
536      0
537      0
538      63.3343
539      0
540      99.4178
541      92.3503
542      98.1429
543      79.5175
544      53.3291
545      99.9438
546      0
547      77.182
548      99.8967
549      99.2448
550      98.6666
551      98.2809
552      59.3589
553      81.3789
554      0
555      41.5715
556      99.8967
557      81.3789
558      0
559      81.5428
560      85.8366
561      65.9082
562      99.8135
563      0
564      83.4331
565      74.3606
566      88.7451
567      0
568      99.7179
569      0
570      99.3999
571      48.2146
572      73.1932
573      99.679
574      99.8135
575      0
576      57.7632
577      54.1141
578      0
579      0
580      0
581      61.1325
582      0
583      0
584      86.4193
585      0
586      98.2545
587      0
588      99.4178
589      0
590      96.6126
591      0
592      99.8358
593      0
594      99.9301
595      58.6552
596      93.2401
597      0
598      0
599      69.6673
600      0
601      0
602      98.7136
603      99.8358
604      99.0454
605      0
606      0
607      79.922
608      75.7593
609      0
610      91.4148
611      0
612      71.3159
613      0
614      0
615      53.3291
616      65.494
617      0
618      96.6126
619      99.9301
620      98.2809
621      99.9301
622      92.9661
623      0
624      52.6374
625      67.8964
626      0
627      98.3092
628      99.9301
629      0
630      99.8135
631      99.4178
632      0
633      54.1141
634      49.5172
635      45.5678
636      98.2809
637      88.6462
638      69.1635
639      98.6666
640      0
641      99.9301
642      63.9512
643      65.9082
644      0
645      99.7179
646      0
647      0
648      54.097
649      57.0687
650      0
651      0
652      58.1657
653      60.1384
654      82.3202
655      67.8964
656      0
657      76.3864
658      0
659      0
660      98.6666
661      99.2448
662      99.9301
663      0
664      0
665      66.8396
666      0
667      98.5052
668      0
669      47.5484
670      37.0991
671      0
672      39.3639
673      0
674      88.0153
675      90.2834
676      99.4178
677      0
678      99.679
679      89.8573
680      57.0687
681      98.6666
682      99.9301
683      93.3867
684      0
685      99.1244
686      78.57
687      58.5379
688      0
689      99.7179
690      37.0395
691      90.841
692      90.4019
693      96.9848
694      76.4741
695      59.4803
696      0
697      70.0073
698      0
699      96.1014
700      0
701      99.1244
702      0
703      0
704      86.6902
705      48.8161
706      0
707      53.4917
708      0
709      0
710      0
711      81.4484
712      99.8135
713      0
714      63.3343
715      51.607
716      90.77
717      0
718      0
719      98.3092
720      78.5805
721      64.3937
722      57.8822
723      71.1069
724      0
725      0
726      71.4919
727      91.4148
728      98.4261
729      87.3666
730      91.3947
731      88.4453
732      0
733      62.1422
734      66.4647
735      94.3459
736      98.6666
737      78.3894
738      85.7831
739      96.6126
740      96.7784
741      62.113
742      75.2206
743      0
744      99.9934
745      99.4178
746      99.4178
747      94.6989
748      71.4919
749      75.0749
750      0
751      0
752      0
753      0
754      62.7608
755      0
756      99.8135
757      0
758      96.6126
759      81.6919
760      0
761      0
762      63.7246
763      51.607
764      76.4741
765      98.6666
766      0
767      54.7908
768      51.607
769      91.216
770      99.9301
771      0
772      77.6188
773      99.9616
774      0
775      94.8264
776      0
777      0
778      81.3789
779      0
780      91.9451
781      83.4331
782      0
783      0
784      0
785      94.0989
786      50.4277
787      81.0502
788      98.3092
789      95.4601
790      0
791      98.7136
792      58.4644
793      99.9301
794      46.6163
795      68.7516
796      99.8135
797      0
798      0
799      53.3291
800      47.7524
801      0
802      80.2457
803      59.4803
804      99.2746
805      99.4178
806      91.3947
807      99.8135
808      99.8358
809      0
810      0
811      0
812      91.2998
813      0
814      99.4178
815      85.4845
816      0
817      0
818      99.4815
819      0
820      99.9997
821      73.9774
822      91.9874
823      96.7784
824      74.8593
825      99.7532
826      0
827      73.9506
828      0
829      0
830      98.6666
831      80.7304
832      99.7532
833      59.1321
834      0
835      0
836      58.0874
837      78.9706
838      0
839      99.7179
840      99.8135
841      0
842      0
843      99.7179
844      0
845      0
846      0
847      50.2597
848      73.9774
849      99.9301
850      99.8135
851      49.9286
852      69.3264
853      0
854      99.9301
855      0
856      73.0509
857      87.1472
858      0
859      95.4601
860      79.0203
861      0
862      0
863      66.5649
864      96.1014
865      0
866      0
867      0
868      99.4178
869      0
870      0
871      50.9673
872      59.7203
873      51.6631
874      68.7516
875      81.0502
876      46.8638
877      99.7179
878      0
879      99.7179
880      0
881      0
882      0
883      94.6989
884      0
885      0
886      0
887      99.8135
888      99.7179
889      99.4178
890      90.841
891      91.4148
892      94.6989
893      75.9814
894      43.9483
895      74.7634
896      58.5379
897      51.3415
898      0
899      0
900      0
901      0
902      68.8309
903      51.5551
904      84.1399
905      0
906      0
907      92.1172
908      94.1105
909      82.366
910      0
911      80.154
912      92.3503
913      0
914      0
915      0
916      99.9301
917      96.6126
918      0
919      53.4917
920      76.3864
921      0
922      0
923      96.6306
924      0
925      72.388
926      0
927      0
928      0
929      99.7179
930      0
931      99.3756
932      99.7179
933      94.6989
934      99.8937
935      63.7246
936      82.1546
937      91.216
938      92.2031
939      70.8237
940      57.9161
941      99.9934
942      98.1378
943      75.1696
944      99.8358
945      83.5818
946      92.8935
947      89.5202
948      0
949      91.2998
950      0
951      60.0792
952      0
953      97.3127
954      99.9934
955      99.9997
956      0
957      85.4845
958      0
959      86.2201
960      71.3748
961      70.5141
962      99.9301
963      0
964      0
965      73.5044
966      52.639
967      71.3005
968      0
969      56.2926
970      70.2314
971      0
972      99.9301
973      99.0454
974      98.6666
975      99.3999
976      87.6727
977      84.8395
978      0
979      91.912
980      64.9584
981      97.0379
982      0
983      69.6673
984      99.8135
985      0
986      0
987      81.6458
988      99.2448
989      99.9934
990      82.3202
991      0
992      69.7577
993      65.4312
994      0
995      98.3092
996      97.5379
997      98.6666
998      84.0984
999      0
       33684.4
