0      58.0487
1      51.6996
2      0
3      99.5342
4      99.1523
5      99.9538
6      99.8033
7      99.9538
8      92.0519
9      0
10      64.5714
11      0
12      99.9538
13      99.5569
14      0
15      64.3317
16      97.4504
17      91.9394
18      0
19      54.0468
20      79.6741
21      99.1346
22      99.1523
23      98.8698
24      0
25      85.9993
26      98.8698
27      0
28      86.4743
29      0
30      73.4078
31      98.8698
32      67.5056
33      0
34      0
35      70.5146
36      82.3914
37      0
38      0
39      98.832
40      58.1416
41      98.198
42      51.6996
43      87.8017
44      75.6357
45      76.6141
46      0
47      99.1523
48      70.1927
49      0
50      0
51      99.5064
52      99.2263
53      0
54      94.1577
55      0
56      43.2678
57      0
58      0
59      0
60      69.9521
61      0
62      87.4045
63      0
64      0
65      99.1523
66      94.432
67      0
68      65.1336
69      0
70      99.9538
71      98.8698
72      99.9559
73      0
74      99.5348
75      66.2066
76      89.4097
77      82.4327
78      46.7812
79      60.966
80      99.4014
81      64.5714
82      0
83      74.1104
84      71.7538
85      98.8698
86      87.8017
87      99.5064
88      75.594
89      99.1523
90      99.1346
91      96.5453
92      69.0235
93      89.4201
94      0
95      99.9538
96      99.9538
97      0
98      0
99      45.8832
100      55.9685
101      64.3317
102      78.9954
103      99.8033
104      97.2903
105      93.1047
106      79.975
107      99.5342
108      0
109      75.6978
110      0
111      0
112      69.8414
113      70.5146
114      0
115      97.7295
116      76.7289
117      51.1547
118      74.1805
119      0
120      99.5064
121      55.5556
122      74.1805
123      98.832
124      97.1642
125      82.8653
126      67.5056
127      99.5569
128      66.2575
129      63.7717
130      76.6141
131      99.9559
132      0
133      99.9538
134      65.1336
135      0
136      93.1047
137      0
138      99.1523
139      42.0903
140      0
141      99.9538
142      99.9538
143      99.5064
144      0
145      80.0436
146      44.2053
147      56.9673
148      82.5103
149      84.9721
150      98.832
151      0
152      0
153      85.5745
154      83.3169
155      78.5524
156      0
157      88.1224
158      57.4206
159      0
160      86.4185
161      0
162      0
163      0
164      48.6704
165      0
166      99.4014
167      88.1538
168      99.9559
169      75.9349
170      0
171      83.0416
172      0
173      92.6277
174      99.9538
175      99.9559
176      0
177      51.1547
178      87.8017
179      97.5325
180      82.4327
181      67.5056
182      78.2078
183      89.4201
184      99.1523
185      0
186      0
187      82.7771
188      97.528
189      0
190      99.1523
191      99.1346
192      0
193      60.966
194      0
195      76.0341
196      92.1508
197      71.5038
198      83.3169
199      93.7909
200      0
201      48.877
202      99.5064
203      99.5342
204      0
205      99.598
206      0
207      81.6049
208      51.6996
209      58.0487
210      71.7538
211      64.2647
212      82.4411
213      53.8044
214      99.5569
215      99.4014
216      99.5064
217      0
218      92.6277
219      0
220      58.1416
221      0
222      54.6063
223      0
224      76.081
225      82.2749
226      0
227      98.832
228      0
229      49.6294
230      0
231      69.6528
232      72.4526
233      45.1002
234      0
235      0
236      99.4014
237      97.7295
238      0
239      0
240      97.4504
241      85.2115
242      99.9538
243      60.6635
244      82.103
245      0
246      99.5064
247      0
248      96.5453
249      99.9538
250      54.0468
251      57.5952
252      0
253      94.432
254      58.2085
255      94.1577
256      0
257      98.8698
258      0
259      87.8017
260      52.5052
261      0
262      0
263      0
264      0
265      44.54
266      0
267      99.4014
268      0
269      99.9559
270      68.3632
271      93.4081
272      0
273      0
274      0
275      99.9538
276      0
277      0
278      0
279      54.3929
280      73.1311
281      99.5064
282      92.1508
283      0
284      99.9538
285      99.9559
286      0
287      75.6357
288      0
289      0
290      76.081
291      97.1642
292      88.2086
293      94.432
294      47.1633
295      73.0244
296      89.042
297      92.0519
298      91.2693
299      50.441
300      0
301      0
302      61.0846
303      91.9095
304      99.1523
305      99.9559
306      0
307      65.5275
308      99.9538
309      99.5064
310      99.9559
311      51.0293
312      88.3424
313      0
314      97.1642
315      0
316      0
317      48.877
318      99.9538
319      0
320      89.0543
321      52.5052
322      0
323      68.0078
324      0
325      78.0802
326      91.9394
327      99.5064
328      85.8522
329      71.8366
330      54.2383
331      0
332      76.6141
333      0
334      92.6277
335      0
336      67.447
337      66.0767
338      49.3476
339      93.1527
340      0
341      99.9559
342      0
343      0
344      66.6734
345      82.3914
346      45.3052
347      74.6606
348      0
349      76.0351
350      0
351      0
352      0
353      99.9538
354      55.9685
355      0
356      58.2607
357      88.2086
358      99.5569
359      99.1523
360      0
361      74.0023
362      0
363      0
364      75.6978
365      54.0468
366      58.1416
367      0
368      0
369      0
370      99.9538
371      99.9538
372      0
373      85.942
374      0
375      0
376      99.9559
377      97.5325
378      99.9559
379      0
380      54.0468
381      99.4014
382      97.7295
383      99.5569
384      0
385      99.1523
386      64.3317
387      0
388      60.966
389      75.9349
390      69.0235
391      99.9538
392      82.6497
393      0
394      46.7812
395      0
396      0
397      89.3072
398      0
399      79.975
400      77.3071
401      78.3343
402      0
403      99.9538
404      83.7938
405      0
406      0
407      0
408      0
409      99.9538
410      70.9943
411      91.3699
412      63.3865
413      0
414      97.0357
415      0
416      98.832
417      56.0895
418      99.5064
419      0
420      99.1523
421      75.594
422      99.9538
423      0
424      79.4955
425      69.8414
426      50.0623
427      72.8519
428      59.9983
429      80.6754
430      99.9538
431      96.5453
432      94.432
433      63.7351
434      73.1767
435      82.1619
436      0
437      99.9559
438      92.1508
439      99.9538
440      0
441      66.6734
442      99.1523
443      78.5918
444      0
445      82.4411
446      85.0205
447      99.9538
448      0
449      99.9538
450      0
451      57.2215
452      0
453      85.5745
454      97.1947
455      86.8651
456      58.8501
457      0
458      74.2439
459      99.9559
460      99.9559
461      0
462      0
463      98.9126
464      99.598
465      50.0991
466      0
467      93.0162
468      74.8087
469      75.273
470      64.5714
471      73.8166
472      99.9538
473      99.1523
474      79.3191
475      99.4014
476      0
477      99.1523
478      50.441
479      0
480      84.9924
481      0
482      82.4327
483      81.3156
484      75.9349
485      0
486      0
487      99.4014
488      98.3358
489      65.6181
490      74.2439
491      63.7717
492      64.2279
493      99.1523
494      67.5895
495      99.1523
496      92.7637
497      0
498      0
499      82.3079
       18709.7
