0      99.9599
1      0
2      99.9606
3      99.9606
4      99.9563
5      99.9563
6      71.8152
7      23.6751
8      0
9      0
10      99.9804
11      89.8024
12      0
13      53.4151
14      87.18
15      0
16      0
17      99.9699
18      0
19      0
20      99.988
21      0
22      0
23      88.0488
24      51.0739
25      97.815
26      0
27      0
28      0
29      47.2552
30      99.9606
31      78.625
32      99.9616
33      0
34      99.9804
35      75.0511
36      99.9616
37      0
38      96.671
39      54.6555
40      99.9872
41      62.2393
42      78.7352
43      44.3441
44      0
45      99.9563
46      99.9699
47      0
48      99.9699
49      0
       1616.28
