0      98.6973
1      99.2566
2      67.0278
3      96.637
4      82.545
5      99.762
6      76.9236
7      47.8747
8      99.762
9      99.9687
10      0
11      99.762
12      85.4419
13      74.7603
14      65.6059
15      55.4652
16      48.8025
17      99.4455
18      99.9889
19      55.0103
20      60.8017
21      98.8601
22      83.3701
23      0
24      92.8045
25      54.6697
26      66.4648
27      99.7663
28      0
29      68.8936
30      99.762
31      91.598
32      0
33      18.3203
34      99.8829
35      63.0554
36      57.629
37      0
38      99.8277
39      0
40      0
41      0
42      0
43      41.8491
44      0
45      71.9963
46      0
47      93.339
48      0
49      98.5802
50      61.8438
51      75.7899
52      66.6118
53      65.6059
54      86.85
55      0
56      0
57      60.8017
58      98.5802
59      82.545
60      0
61      99.8277
62      68.8572
63      0
64      0
65      99.7663
66      0
67      99.767
68      79.7624
69      99.3165
70      95.954
71      64.6352
72      77.627
73      0
74      99.8691
75      0
76      99.9687
77      37.4827
78      77.627
79      0
80      89.8841
81      85.6753
82      92.8045
83      58.4586
84      99.8277
85      89.8841
86      99.5085
87      0
88      0
89      72.3886
90      77.627
91      65.1382
92      76.4382
93      77.9547
94      60.2686
95      0
96      57.9059
97      93.5091
98      0
99      99.7663
100      99.8277
101      45.1835
102      96.3971
103      85.8737
104      98.5802
105      86.2798
106      33.8553
107      54.2479
108      72.6031
109      0
110      0
111      0
112      77.9088
113      79.1114
114      0
115      99.7663
116      0
117      99.2566
118      73.0963
119      0
120      92.8045
121      57.1912
122      49.8751
123      97.9697
124      0
125      99.762
126      71.59
127      99.2566
128      88.617
129      99.9413
130      94.4717
131      0
132      99.9889
133      58.2854
134      0
135      62.7738
136      48.0723
137      55.2605
138      0
139      0
140      74.7603
141      99.2566
142      69.393
143      86.2798
144      0
145      99.7663
146      67.5833
147      0
148      0
149      53.4937
150      59.2472
151      71.59
152      89.0832
153      76.7215
154      0
155      0
156      98.6973
157      0
158      0
159      0
160      99.7663
161      0
162      99.7663
163      99.5085
164      0
165      92.7143
166      0
167      0
168      0
169      0
170      99.9163
171      0
172      0
173      0
174      95.7532
175      94.932
176      66.3604
177      0
178      91.0243
179      99.767
180      53.5493
181      96.1706
182      0
183      99.7663
184      94.4717
185      89.3717
186      0
187      0
188      0
189      57.2873
190      76.4382
191      47.8747
192      0
193      57.9059
194      99.9521
195      99.9687
196      55.784
197      0
198      65.6059
199      0
200      67.5944
201      0
202      99.9687
203      95.954
204      99.9889
205      45.1125
206      49.489
207      0
208      0
209      90.7053
210      0
211      99.8277
212      99.9889
213      99.2566
214      99.9473
215      88.1446
216      86.0462
217      79.426
218      86.2798
219      92.2331
220      99.9889
221      99.9687
222      45.1125
223      96.3971
224      68.8572
225      60.87
226      0
227      95.954
228      96.3971
229      91.6821
230      0
231      0
232      0
233      0
234      87.3215
235      59.2472
236      46.2346
237      99.762
238      98.5802
239      88.8451
240      37.4827
241      0
242      72.7545
243      66.1372
244      99.762
245      0
246      95.954
247      72.33
248      99.9889
249      0
250      59.4652
251      0
252      94.8003
253      92.5633
254      92.7143
255      95.954
256      0
257      76.4382
258      97.4316
259      99.9473
260      0
261      64.6151
262      61.4244
263      98.5198
264      99.9473
265      78.2518
266      77.6931
267      98.6973
268      0
269      0
270      79.7219
271      92.2331
272      99.5085
273      0
274      46.2716
275      42.0362
276      0
277      73.9935
278      99.7663
279      76.4382
280      0
281      57.2873
282      98.8601
283      79.426
284      0
285      0
286      56.0203
287      0
288      80.7198
289      61.3442
290      99.9889
291      62.4347
292      77.627
293      99.7663
294      86.3862
295      97.5432
296      61.9685
297      0
298      0
299      86.85
300      82.3272
301      0
302      69.5849
303      0
304      99.3165
305      99.762
306      95.954
307      87.0364
308      0
309      97.6799
310      95.9449
311      88.115
312      0
313      91.0243
314      77.9088
315      0
316      99.8829
317      0
318      0
319      0
320      99.5085
321      0
322      0
323      0
324      92.2588
325      0
326      99.9687
327      0
328      86.0717
329      76.7664
330      76.7215
331      0
332      95.44
333      0
334      61.9685
335      55.843
336      0
337      99.767
338      0
339      91.598
340      99.1993
341      67.5944
342      99.762
343      0
344      50.172
345      0
346      0
347      66.6118
348      0
349      69.6793
350      99.762
351      98.802
352      79.1114
353      0
354      0
355      99.767
356      99.9889
357      71.3955
358      0
359      99.9687
360      65.2334
361      0
362      99.9473
363      0
364      89.6354
365      0
366      0
367      0
368      0
369      99.8277
370      0
371      67.5502
372      74.9286
373      0
374      58.4586
375      86.4406
376      0
377      0
378      55.8131
379      94.3456
380      99.8691
381      64.4283
382      46.7944
383      0
384      0
385      58.5561
386      60.8853
387      0
388      99.9687
389      67.5833
390      0
391      99.9889
392      46.3732
393      82.545
394      99.7663
395      56.481
396      60.87
397      99.9889
398      66.9669
399      0
400      0
401      79.426
402      83.6355
403      0
404      0
405      82.3272
406      0
407      0
408      99.9163
409      0
410      0
411      63.2529
412      0
413      0
414      0
415      0
416      53.4937
417      0
418      45.9358
419      99.9889
420      69.6175
421      45.0891
422      0
423      54.6697
424      99.9687
425      93.339
426      0
427      0
428      76.9236
429      77.5751
430      89.3717
431      0
432      99.9889
433      60.2962
434      97.6799
435      72.33
436      55.9139
437      0
438      98.6973
439      0
440      0
441      78.957
442      0
443      0
444      94.4717
445      56.1828
446      99.5085
447      92.8045
448      99.9889
449      0
450      53.4377
451      99.4834
452      99.7663
453      78.2518
454      92.8045
455      99.9889
456      69.9353
457      98.5802
458      89.8841
459      68.1589
460      65.6059
461      99.9889
462      99.9687
463      72.7545
464      69.8435
465      0
466      99.9473
467      99.9687
468      0
469      99.9687
470      55.784
471      99.767
472      99.9889
473      0
474      0
475      99.9889
476      0
477      82.3272
478      99.2566
479      0
480      45.1125
481      0
482      99.9473
483      63.2808
484      61.0926
485      56.323
486      0
487      0
488      0
489      0
490      99.9889
491      93.5091
492      0
493      0
494      55.7574
495      0
496      99.9521
497      96.687
498      91.598
499      98.8601
500      52.3572
501      71.4146
502      60.3857
503      59.9413
504      0
505      0
506      0
507      0
508      83.7592
509      0
510      74.2196
511      99.2566
512      76.4382
513      33.8553
514      98.5802
515      0
516      0
517      66.4648
518      99.7663
519      0
520      99.7663
521      99.7663
522      99.2566
523      91.4215
524      0
525      0
526      74.7603
527      0
528      56.7169
529      68.8572
530      59.3024
531      0
532      99.9521
533      66.6118
534      96.6661
535      0
536      58.6593
537      0
538      76.7215
539      62.8371
540      0
541      0
542      95.3529
543      0
544      0
545      65.2609
546      0
547      85.6467
548      59.8805
549      99.7663
550      99.9889
551      0
552      98.5198
553      60.2017
554      88.1206
555      0
556      0
557      0
558      94.932
559      0
560      91.6821
561      63.51
562      0
563      99.2448
564      82.3379
565      71.9963
566      0
567      55.8131
568      66.4648
569      59.4743
570      0
571      73.7173
572      0
573      83.1059
574      60.87
575      85.8737
576      0
577      52.5119
578      0
579      64.1052
580      0
581      94.932
582      0
583      68.1589
584      0
585      0
586      94.8706
587      66.6118
588      0
589      49.5318
590      99.7663
591      85.6404
592      0
593      92.2588
594      97.9697
595      99.9163
596      0
597      84.2575
598      83.3155
599      87.3378
600      0
601      0
602      98.8601
603      68.8572
604      0
605      52.9
606      52.02
607      46.4737
608      99.762
609      95.0787
610      77.627
611      99.9889
612      92.8045
613      84.9076
614      63.9948
615      99.9687
616      96.687
617      62.8639
618      61.0316
619      99.762
620      85.4419
621      0
622      0
623      92.8045
624      99.9889
625      76.0864
626      0
627      99.9889
628      62.0648
629      36.5177
630      99.8277
631      75.7899
632      0
633      54.3515
634      0
635      0
636      0
637      0
638      0
639      64.6151
640      0
641      55.843
642      0
643      0
644      0
645      99.9889
646      56.323
647      0
648      50.5811
649      0
650      0
651      0
652      0
653      79.426
654      51.9061
655      0
656      86.3862
657      48.0723
658      96.687
659      99.9889
660      63.9313
661      0
662      69.5849
663      99.2566
664      0
665      0
666      93.5091
667      0
668      95.9449
669      0
670      0
671      0
672      96.637
673      0
674      78.4792
675      0
676      99.7663
677      84.092
678      66.3045
679      0
680      54.3515
681      79.426
682      48.1478
683      98.6973
684      73.1849
685      0
686      0
687      0
688      83.6355
689      78.1217
690      0
691      0
692      0
693      0
694      98.6973
695      62.8562
696      57.7624
697      85.6467
698      0
699      60.5123
700      54.2993
701      0
702      0
703      0
704      74.9286
705      99.7663
706      99.9687
707      99.9521
708      83.6355
709      76.7286
710      86.0777
711      79.5837
712      99.9889
713      96.687
714      0
715      0
716      79.7624
717      0
718      67.5833
719      0
720      0
721      89.8841
722      96.3971
723      97.6799
724      0
725      0
726      99.9889
727      0
728      55.7191
729      99.9889
730      85.9529
731      0
732      95.954
733      50.0763
734      99.9889
735      99.2566
736      0
737      99.9687
738      65.6807
739      0
740      0
741      99.9687
742      99.7663
743      88.5749
744      82.3272
745      91.598
746      0
747      83.3701
748      99.9163
749      0
750      73.1795
751      67.5833
752      73.0963
753      0
754      0
755      0
756      98.5802
757      0
758      94.932
759      68.1589
760      0
761      99.2448
762      86.3862
763      51.8151
764      0
765      70.1029
766      0
767      0
768      73.1585
769      0
770      94.932
771      80.9795
772      0
773      99.9687
774      0
775      0
776      96.687
777      49.5318
778      0
779      52.0073
780      99.9687
781      86.2798
782      0
783      99.7663
784      0
785      83.9664
786      98.5802
787      76.6497
788      41.5998
789      92.2588
790      49.0344
791      83.1059
792      96.1326
793      99.2448
794      94.1043
795      0
796      88.1873
797      95.3017
798      0
799      0
800      63.3134
801      68.8572
802      99.9521
803      94.8003
804      79.426
805      0
806      66.1372
807      53.4937
808      75.4805
809      99.8277
810      88.1446
811      71.59
812      0
813      45.1125
814      76.7286
815      99.8829
816      0
817      60.9694
818      97.6799
819      54.9732
820      0
821      95.8123
822      57.9059
823      69.8823
824      82.4142
825      90.9886
826      99.9889
827      0
828      0
829      89.0832
830      0
831      0
832      0
833      55.4677
834      0
835      71.59
836      83.1059
837      99.9687
838      99.9889
839      0
840      76.4382
841      60.9611
842      99.9889
843      98.5802
844      77.627
845      84.7013
846      0
847      99.7663
848      55.8485
849      99.9687
850      72.8176
851      96.8465
852      87.3215
853      63.8299
854      0
855      93.9596
856      99.7663
857      0
858      99.322
859      87.3215
860      99.5085
861      0
862      0
863      99.9889
864      71.59
865      59.4743
866      89.8841
867      54.9899
868      74.5063
869      68.7662
870      71.59
871      99.9889
872      0
873      82.4142
874      0
875      0
876      0
877      0
878      62.7777
879      52.4187
880      0
881      0
882      0
883      54.9732
884      81.7753
885      0
886      82.4555
887      69.6175
888      99.9889
889      82.2032
890      98.5802
891      0
892      0
893      78.4792
894      0
895      0
896      83.9664
897      60.9074
898      99.7663
899      0
900      0
901      84.7013
902      0
903      94.1043
904      99.2566
905      99.9889
906      93.8219
907      60.3857
908      89.0832
909      74.5503
910      0
911      99.9687
912      93.8219
913      85.8737
914      92.2588
915      54.7372
916      98.5802
917      0
918      78.4792
919      80.337
920      78.6085
921      85.8737
922      0
923      99.2566
924      84.2895
925      99.9687
926      95.9449
927      86.3862
928      72.33
929      0
930      99.7663
931      57.9059
932      66.3604
933      99.8829
934      72.8847
935      99.8829
936      0
937      99.2566
938      99.5085
939      0
940      73.7173
941      60.2962
942      99.2566
943      0
944      95.7532
945      94.5483
946      73.9935
947      64.6151
948      0
949      0
950      67.5833
951      45.1125
952      71.9785
953      0
954      99.2566
955      97.6799
956      0
957      99.8277
958      87.3199
959      81.0467
960      0
961      0
962      77.627
963      79.1114
964      99.9687
965      46.2346
966      91.6821
967      0
968      0
969      0
970      97.5432
971      0
972      99.8829
973      77.627
974      0
975      74.931
976      87.3199
977      99.9889
978      46.8307
979      99.7663
980      89.0832
981      0
982      0
983      75.1532
984      52.02
985      99.9521
986      55.843
987      61.3527
988      0
989      74.2397
990      66.4648
991      75.7899
992      99.9521
993      99.9687
994      95.44
995      0
996      0
997      91.808
998      65.5822
999      0
       33999.8
