0      87.1222
1      0
2      0
3      82.4127
4      99.9051
5      70.8346
6      69.0707
7      56.3684
8      48.1888
9      84.4566
10      0
11      99.9325
12      99.9637
13      36.17
14      48.8991
15      99.5249
16      71.1611
17      72.8459
18      59.0516
19      99.1741
20      40.2038
21      90.9081
22      52.3614
23      93.6563
24      49.2417
25      0
26      98.588
27      0
28      97.591
29      65.5126
30      0
31      91.5375
32      0
33      99.9637
34      99.7805
35      98.8833
36      0
37      0
38      37.5235
39      99.9051
40      0
41      59.0516
42      99.9051
43      95.0366
44      0
45      99.9051
46      62.1574
47      97.5684
48      99.9781
49      0
50      0
51      90.0409
52      84.4566
53      97.9255
54      0
55      99.9637
56      0
57      0
58      84.9629
59      0
60      65.5126
61      69.0707
62      0
63      82.5044
64      50.51
65      99.9051
66      99.9051
67      99.9051
68      93.6563
69      99.9051
70      0
71      0
72      80.1453
73      54.3465
74      0
75      95.4478
76      69.6834
77      0
78      0
79      91.0217
80      99.8872
81      99.0851
82      0
83      81.4498
84      0
85      96.2028
86      99.9051
87      0
88      40.6517
89      49.1963
90      0
91      0
92      69.6834
93      88.3345
94      0
95      0
96      91.5375
97      99.9051
98      61.8297
99      96.6616
100      99.5249
101      75.4842
102      93.9027
103      99.1741
104      99.9051
105      76.6341
106      0
107      82.9109
108      40.1144
109      99.9051
110      99.9051
111      94.5283
112      98.8833
113      89.5832
114      84.5872
115      99.8426
116      93.5377
117      84.5872
118      0
119      99.7805
120      0
121      0
122      0
123      99.9637
124      0
125      0
126      0
127      0
128      82.3023
129      70.8346
130      97.591
131      89.4758
132      0
133      72.8459
134      87.4919
135      0
136      75.4848
137      0
138      0
139      0
140      0
141      0
142      0
143      46.5202
144      0
145      99.9051
146      49.2417
147      0
148      99.9637
149      0
150      56.3684
151      0
152      0
153      0
154      0
155      85.1095
156      99.7805
157      0
158      99.9637
159      0
160      72.0661
161      99.8426
162      97.9255
163      0
164      0
165      58.8956
166      98.9807
167      68.5932
168      99.9574
169      0
170      88.2875
171      0
172      0
173      98.8833
174      98.0604
175      99.9051
176      99.9907
177      59.2206
178      99.9051
179      64.0535
180      68.9283
181      86.3873
182      0
183      94.5283
184      99.7805
185      0
186      99.1741
187      99.9907
188      99.9637
189      74.4374
190      50.892
191      99.6343
192      99.9051
193      0
194      66.1662
195      99.8426
196      50.892
197      73.9355
198      99.9051
199      0
200      69.1709
201      0
202      88.3327
203      75.0598
204      0
205      87.1222
206      0
207      0
208      98.3304
209      66.3384
210      0
211      75.4275
212      74.121
213      74.121
214      81.731
215      83.1696
216      97.9255
217      0
218      77.1886
219      95.4478
220      58.3799
221      65.8336
222      49.9233
223      55.9512
224      0
225      80.9873
226      83.5967
227      0
228      99.1741
229      99.9051
230      72.7978
231      0
232      0
233      51.4382
234      59.0516
235      0
236      89.9213
237      0
238      99.8872
239      97.4953
240      89.5511
241      94.5283
242      81.1817
243      0
244      0
245      58.8956
246      0
247      0
248      99.9574
249      83.1696
250      58.7141
251      58.8956
252      0
253      91.9063
254      97.2139
255      0
256      99.9051
257      0
258      58.1185
259      89.4758
260      65.9514
261      75.2999
262      0
263      97.0736
264      0
265      97.9255
266      0
267      0
268      0
269      89.5511
270      91.2744
271      0
272      98.588
273      45.4581
274      80.8238
275      99.9359
276      87.3553
277      99.9051
278      47.716
279      69.5376
280      0
281      0
282      98.588
283      96.2028
284      0
285      98.9807
286      99.9051
287      48.1888
288      99.9051
289      99.9637
290      0
291      0
292      0
293      0
294      39.8325
295      0
296      83.809
297      74.4374
298      58.7141
299      99.9051
300      58.3799
301      45.2703
302      0
303      0
304      0
305      0
306      36.4952
307      77.3305
308      0
309      99.7159
310      87.3553
311      0
312      65.8276
313      74.4109
314      54.4827
315      99.9907
316      47.716
317      80.492
318      0
319      0
320      64.271
321      99.9574
322      94.1758
323      97.6615
324      99.9051
325      84.265
326      0
327      53.8444
328      0
329      0
330      97.8777
331      95.7123
332      0
333      91.5375
334      0
335      67.266
336      98.9575
337      57.5254
338      37.9446
339      99.4054
340      63.59
341      0
342      65.8336
343      49.1542
344      0
345      63.59
346      92.6794
347      0
348      0
349      56.3684
350      0
351      58.1185
352      80.6833
353      91.0905
354      54.4073
355      99.9051
356      99.9051
357      99.9051
358      99.9637
359      0
360      81.9581
361      0
362      0
363      99.9051
364      83.9754
365      99.9203
366      0
367      99.9907
368      68.9283
369      72.0489
370      94.9439
371      0
372      0
373      0
374      49.1542
375      75.4931
376      97.4953
377      0
378      99.8426
379      0
380      80.219
381      0
382      80.219
383      54.0627
384      99.9051
385      59.7374
386      99.9051
387      98.8281
388      60.1624
389      98.9575
390      99.9574
391      0
392      0
393      99.9051
394      78.7819
395      74.4334
396      74.5127
397      0
398      29.3222
399      0
400      66.7627
401      51.7346
402      59.2206
403      72.8211
404      89.5832
405      0
406      99.8932
407      99.1741
408      0
409      89.4758
410      80.219
411      0
412      71.1291
413      99.9907
414      0
415      0
416      84.6525
417      72.0489
418      99.922
419      68.4876
420      75.2502
421      0
422      69.168
423      0
424      0
425      65.097
426      80.3855
427      0
428      99.9637
429      56.8973
430      74.4109
431      92.4918
432      58.5992
433      0
434      99.8426
435      99.9574
436      0
437      62.1574
438      63.59
439      49.1963
440      91.2744
441      0
442      99.9051
443      74.2776
444      63.59
445      99.9051
446      96.6616
447      64.7468
448      0
449      0
450      66.7627
451      91.9063
452      0
453      0
454      97.6615
455      0
456      37.1344
457      97.591
458      72.0489
459      69.0707
460      94.202
461      87.1222
462      99.9907
463      74.121
464      0
465      99.9051
466      99.9907
467      50.3799
468      0
469      0
470      60.2884
471      98.8281
472      69.6834
473      0
474      0
475      71.9571
476      0
477      0
478      74.9553
479      0
480      0
481      84.6525
482      0
483      99.9907
484      0
485      62.9009
486      72.8459
487      97.0736
488      0
489      48.4249
490      85.4379
491      99.9051
492      75.2502
493      82.6183
494      37.9446
495      99.285
496      84.9847
497      99.9325
498      97.4953
499      0
       16875.5
