0      99.9729
1      99.0132
2      0
3      54.3521
4      99.9729
5      99.7115
6      81.7851
7      49.972
8      67.6265
9      70.9949
10      78.0204
11      0
12      0
13      97.1517
14      0
15      0
16      90.16
17      0
18      81.7841
19      44.1135
20      99.7788
21      81.4622
22      0
23      99.8805
24      0
25      99.248
26      0
27      0
28      50.3697
29      56.002
30      0
31      0
32      84.9813
33      99.9729
34      85.08
35      0
36      0
37      0
38      98.5327
39      94.1606
40      65.7124
41      65.8209
42      0
43      88.3424
44      67.7959
45      94.1606
46      0
47      90.0692
48      54.7349
49      95.2715
50      0
51      0
52      97.564
53      0
54      83.016
55      89.9967
56      94.2023
57      71.2247
58      88.9979
59      0
60      99.977
61      0
62      0
63      0
64      99.248
65      0
66      0
67      96.3444
68      99.8805
69      88.6924
70      99.7788
71      99.9729
72      93.8284
73      77.321
74      0
75      56.8654
76      54.7763
77      96.4501
78      66.0791
79      85.2278
80      72.876
81      45.5852
82      0
83      80.2118
84      99.337
85      85.2278
86      65.2752
87      60.3664
88      0
89      0
90      88.578
91      0
92      99.9729
93      83.016
94      0
95      62.7784
96      80.7011
97      0
98      77.321
99      0
       3743.57
