0      99.2511
1      99.6377
2      71.6756
3      99.6377
4      85.8561
5      99.9863
6      77.2767
7      46.5682
8      99.9863
9      99.9709
10      0
11      99.9863
12      87.7135
13      72.5487
14      65.898
15      53.9054
16      48.7286
17      99.6377
18      99.9863
19      52.7209
20      61.5732
21      99.9863
22      85.5227
23      0
24      95.4386
25      55.3401
26      67.5606
27      99.6951
28      0
29      72.7264
30      99.9863
31      97.0111
32      0
33      26.5531
34      99.9863
35      63.7865
36      56.1562
37      0
38      99.9863
39      0
40      0
41      0
42      0
43      38.3157
44      0
45      70.4936
46      0
47      96.3833
48      0
49      98.8935
50      60.7514
51      85.0295
52      77.6197
53      67.0534
54      91.7162
55      0
56      0
57      62.8672
58      99.1761
59      85.7556
60      0
61      99.9709
62      71.6756
63      0
64      0
65      99.9863
66      0
67      99.9863
68      78.5704
69      99.6377
70      97.679
71      65.967
72      78.1226
73      0
74      99.9863
75      99.9863
76      99.9863
77      39.3058
78      95.1617
79      0
80      96.0007
81      91.7162
82      97.4284
83      61.6906
84      99.9863
85      91.7162
86      99.6736
87      0
88      0
89      74.0689
90      86.1423
91      67.2779
92      81.7362
93      91.7162
94      64.1349
95      0
96      64.3803
97      96.4467
98      0
99      99.9863
100      99.9863
101      42.5797
102      97.3523
103      87.7135
104      98.9262
105      91.7162
106      41.7163
107      51.9096
108      74.5873
109      0
110      0
111      96.4133
112      85.0613
113      80.2031
114      0
115      99.9709
116      0
117      99.9863
118      74.4522
119      0.000199997
120      99.3119
121      58.8272
122      51.9096
123      99.6377
124      0
125      99.9709
126      72.1477
127      99.9863
128      91.7162
129      99.9863
130      97.5662
131      0
132      99.9863
133      67.5606
134      0
135      63.6327
136      48.7286
137      56.5464
138      0
139      0
140      74.8888
141      99.9863
142      69.1569
143      91.7162
144      0
145      99.9863
146      67.7367
147      0
148      0
149      53.1616
150      59.7007
151      70.0471
152      92.4437
153      82.0704
154      0
155      0
156      99.2397
157      0
158      0
159      0
160      99.9863
161      0
162      99.6377
163      99.9863
164      0
165      96.1496
166      0
167      0
168      99.9863
169      0
170      99.9863
171      0
172      0
173      0
174      98.5889
175      99.6535
176      69.5114
177      0
178      96.1721
179      99.9863
180      51.7195
181      98.7244
182      0
183      99.9863
184      98.6985
185      95.6618
186      0
187      0
188      0
189      59.9086
190      76.9015
191      47.2706
192      0
193      56.8642
194      99.9709
195      99.9863
196      56.0734
197      0
198      69.5621
199      0
       7046.84
