0      84.8384
1      0
2      99.9782
3      0
4      99.5857
5      0
6      99.9886
7      79.0276
8      0
9      0
10      99.9756
11      0
12      66.3923
13      0
14      99.9782
15      0
16      0
17      18.9811
18      99.2416
19      46.6134
20      59.8014
21      97.4836
22      0
23      0
24      99.9122
25      99.2416
26      0
27      82.1573
28      96.8528
29      0
30      0
31      97.2652
32      44.4762
33      46.9057
34      88.9896
35      71.5132
36      0
37      99.8829
38      0
39      68.8719
40      55.8984
41      76.2676
42      0
43      0
44      0
45      85.2234
46      99.9122
47      68.2043
48      75.929
49      99.2893
50      72.6924
51      55.8984
52      0
53      99.9122
54      91.2653
55      99.8829
56      0
57      99.2416
58      60.4434
59      0
60      0
61      55.8984
62      96.9443
63      64.5325
64      0
65      90.9169
66      0
67      99.3458
68      99.2416
69      99.9122
70      99.9389
71      0
72      0
73      98.9443
74      99.9756
75      52.6533
76      95.2413
77      75.6966
78      77.141
79      0
80      99.9782
81      0
82      99.6523
83      86.9048
84      99.6523
85      47.4542
86      71.3067
87      0
88      78.6235
89      74.2593
90      99.9122
91      99.9168
92      86.433
93      99.9886
94      0
95      97.2545
96      86.0377
97      94.5802
98      0
99      69.1105
100      68.9139
101      0
102      87.3165
103      52.6147
104      96.79
105      0
106      99.0291
107      77.4105
108      99.9122
109      99.6523
110      99.9528
111      82.7044
112      99.9389
113      60.5685
114      99.9756
115      98.0449
116      0
117      69.569
118      99.9886
119      74.6515
120      0
121      99.9528
122      77.7568
123      0
124      55.8984
125      95.1165
126      0
127      69.7867
128      86.9048
129      72.8684
130      99.2416
131      0
132      82.7044
133      0
134      92.3266
135      0
136      99.9886
137      0
138      99.2093
139      66.7002
140      0
141      99.3458
142      0
143      45.3692
144      0
145      56.6368
146      46.6116
147      0
148      99.9122
149      44.4762
150      58.6456
151      77.9022
152      0
153      52.6533
154      45.8775
155      93.5405
156      77.4105
157      0
158      99.6523
159      79.2905
160      0
161      0
162      99.9756
163      87.2966
164      99.6523
165      59.8014
166      0
167      66.2314
168      0
169      92.331
170      0
171      99.713
172      86.8824
173      99.9389
174      0
175      99.2093
176      51.4642
177      0
178      0
179      99.9122
180      0
181      50.4045
182      90.4639
183      99.9122
184      54.6243
185      99.9528
186      65.596
187      62.4299
188      91.4977
189      68.0776
190      58.2354
191      99.6523
192      0
193      77.9022
194      99.9792
195      99.6523
196      71.797
197      0
198      60.5342
199      0
       6858.64
