0      99.9253
1      99.9253
2      82.2251
3      71.724
4      93.2619
5      0
6      71.1734
7      76.5983
8      0
9      90.39
10      79.964
11      0
12      97.88
13      70.9682
14      0
15      98.0631
16      0
17      0
18      0
19      0
20      99.9253
21      99.9253
22      0
23      86.2789
24      48.4221
25      88.4618
26      94.3658
27      71.1734
28      94.174
29      99.4836
30      99.9798
31      0
32      55.1959
33      91.9443
34      99.9253
35      97.2382
36      0
37      98.3218
38      94.1234
39      64.0997
40      0
41      68.7495
42      0
43      0
44      0
45      99.9798
46      99.9798
47      0
48      86.6666
49      0
50      99.9253
51      69.1839
52      94.5928
53      0
54      99.9798
55      0
56      99.9798
57      58.873
58      0
59      0
60      98.9149
61      0
62      61.1931
63      99.9798
64      64.4419
65      0
66      0
67      74.5144
68      0
69      0
70      75.3569
71      64.7407
72      0
73      83.2728
74      52.8005
75      0
76      80.2375
77      98.9149
78      88.1431
79      80.2375
80      99.1035
81      84.9565
82      85.072
83      57.2793
84      99.3145
85      0
86      0
87      0
88      66.1466
89      96.6765
90      90.1254
91      0
92      91.3197
93      82.0143
94      36.1133
95      0
96      99.9253
97      0
98      75.5548
99      0
100      55.9055
101      84.3861
102      49.8864
103      99.9798
104      99.9798
105      99.171
106      99.171
107      99.1035
108      99.9798
109      0
110      0
111      0
112      93.2619
113      0
114      94.3658
115      59.862
116      69.2063
117      94.174
118      70.6857
119      0
120      0
121      0
122      84.9565
123      73.4819
124      52.423
125      99.9798
126      56.0978
127      99.9798
128      0
129      0
130      0
131      85.7103
132      57.1659
133      0
134      68.7089
135      98.3218
136      95.3565
137      0
138      80.2375
139      0
140      36.1133
141      0
142      65.9496
143      84.4291
144      0
145      0
146      65.1954
147      94.8714
148      99.9253
149      69.3669
150      59.9176
151      0
152      99.9253
153      91.9443
154      0
155      0
156      58.1135
157      44.1505
158      71.724
159      99.9253
160      46.2009
161      0
162      0
163      0
164      69.7574
165      0
166      53.3023
167      99.9798
168      98.3218
169      99.9798
170      0
171      94.8714
172      0
173      55.1323
174      99.9798
175      0
176      56.4252
177      99.9253
178      85.0501
179      86.0757
180      84.4291
181      0
182      85.2394
183      86.2789
184      98.8783
185      84.8524
186      52.4667
187      51.2936
188      99.9253
189      0
190      99.9798
191      95.4865
192      88.9517
193      82.0143
194      0
195      0
196      94.8714
197      70.2765
198      0
199      71.751
200      65.8682
201      79.964
202      80.0964
203      0
204      98.2623
205      99.9253
206      0
207      62.1546
208      83.2728
209      99.4836
210      0
211      0
212      0
213      52.8542
214      0
215      0
216      99.9798
217      99.9253
218      80.2375
219      0
220      90.1325
221      47.3418
222      89.3636
223      99.8946
224      0
225      75.3221
226      74.6819
227      62.7861
228      74.463
229      90.39
230      76.9172
231      98.9151
232      83.4758
233      96.585
234      0
235      0
236      0
237      0
238      68.3381
239      99.9798
240      0
241      99.8946
242      50.9585
243      72.0785
244      0
245      99.8946
246      99.9798
247      0
248      94.8714
249      0
250      0
251      0
252      0
253      0
254      65.9496
255      96.6765
256      99.9798
257      62.0104
258      89.3527
259      0
260      99.9798
261      68.6158
262      0
263      71.724
264      0
265      80.2375
266      99.9253
267      90.8597
268      0
269      69.1839
270      74.4366
271      0
272      99.9253
273      0
274      93.2619
275      99.9798
276      99.9798
277      99.9798
278      0
279      0
280      99.9798
281      99.1035
282      99.1035
283      54.9852
284      63.5073
285      99.171
286      0
287      72.456
288      0
289      0
290      25.8518
291      40.6685
292      99.9798
293      0
294      0
295      0
296      0
297      49.0185
298      98.3218
299      98.9149
300      85.2767
301      0
302      0
303      53.3023
304      93.2619
305      55.2881
306      0
307      86.6666
308      0
309      88.4532
310      0
311      0
312      0
313      0
314      89.9499
315      59.5103
316      0
317      99.9253
318      68.3863
319      55.1959
320      96.6765
321      99.1444
322      99.3145
323      74.1866
324      45.4842
325      99.3145
326      52.4667
327      0
328      97.3984
329      72.3942
330      0
331      99.9253
332      62.7861
333      99.9798
334      99.9253
335      0
336      82.5278
337      78.6346
338      43.9346
339      0
340      54.9852
341      0
342      73.3314
343      0
344      99.9253
345      0
346      71.1734
347      44.9002
348      92.6656
349      46.423
350      48.6964
351      99.9582
352      0
353      96.585
354      46.904
355      0
356      73.3246
357      83.1723
358      48.3539
359      0
360      80.7069
361      72.628
362      94.5928
363      0
364      99.9798
365      88.4618
366      70.6857
367      95.8349
368      54.7938
369      99.9253
370      77.9658
371      82.9855
372      0
373      80.2375
374      0
375      58.4926
376      99.9253
377      93.2619
378      99.9253
379      99.3145
380      0
381      0
382      74.4661
383      99.782
384      80.838
385      99.956
386      0
387      51.4849
388      0
389      0
390      99.9253
391      77.6658
392      85.2767
393      0
394      0
395      57.5044
396      66.1466
397      99.9798
398      95.8349
399      83.4758
400      73.215
401      0
402      0
403      0
404      0
405      80.89
406      64.3017
407      61.8834
408      94.5928
409      99.9253
410      0
411      0
412      0
413      58.4353
414      99.171
415      68.0288
416      49.0417
417      0
418      99.9253
419      84.4836
420      0
421      0
422      98.9149
423      68.2443
424      77.9658
425      99.9798
426      0
427      75.052
428      0
429      86.2789
430      99.9253
431      99.8946
432      70.9682
433      0
434      61.0188
435      0
436      61.8834
437      0
438      0
439      70.6857
440      97.0669
441      0
442      99.9798
443      90.1254
444      80.2375
445      99.9253
446      99.9253
447      0
448      85.7037
449      85.072
450      99.9253
451      99.9798
452      89.7357
453      99.956
454      53.9618
455      94.0929
456      0
457      99.6574
458      0
459      0
460      99.9798
461      0
462      0
463      99.9798
464      0
465      45.2539
466      0
467      68.7495
468      57.6876
469      0
470      0
471      98.0659
472      57.9931
473      99.6574
474      0
475      99.9253
476      90.1254
477      59.862
478      99.9123
479      99.9798
480      0
481      61.4013
482      99.9253
483      0
484      0
485      0
486      99.9253
487      82.6162
488      0
489      0
490      92.6656
491      51.7585
492      0
493      83.2728
494      99.8946
495      0
496      95.8238
497      83.1723
498      0
499      57.2836
500      99.9253
501      59.862
502      52.4667
503      0
504      0
505      84.9641
506      56.7189
507      69.7535
508      89.5888
509      99.9253
510      99.8946
511      99.9798
512      94.8714
513      46.2009
514      0
515      99.9253
516      82.9855
517      80.542
518      0
519      91.3197
520      0
521      99.9798
522      56.0978
523      86.6666
524      0
525      98.9151
526      98.9149
527      44.1505
528      85.2767
529      60.2808
530      60.1355
531      0
532      0
533      92.7685
534      72.3942
535      52.8542
536      99.9798
537      0
538      0
539      88.9517
540      98.9149
541      99.6574
542      57.6746
543      99.9253
544      94.8714
545      0
546      87.9746
547      0
548      58.4353
549      0
550      0
551      99.9253
552      0
553      72.628
554      99.9798
555      99.9253
556      0
557      0
558      0
559      61.0188
560      94.3219
561      0
562      0
563      0
564      0
565      65.4762
566      0
567      42.3097
568      99.9253
569      99.9253
570      99.9798
571      0
572      0
573      73.3246
574      99.1035
575      75.0863
576      73.3246
577      60.0364
578      0
579      0
580      0
581      58.4353
582      0
583      0
584      92.6656
585      0
586      98.7596
587      63.5073
588      0
589      91.3197
590      0
591      94.0929
592      0
593      99.9798
594      99.9123
595      98.3218
596      88.845
597      0
598      0
599      59.5103
600      99.9253
601      0
602      0
603      99.8946
604      98.9149
605      0
606      98.9149
607      98.3218
608      0
609      99.9253
610      91.1728
611      92.6656
612      75.6583
613      99.9048
614      85.7499
615      99.9253
616      83.4758
617      0
618      91.9443
619      78.6346
620      0
621      56.2772
622      0
623      0
624      92.2393
625      0
626      99.9798
627      0
628      96.585
629      0
630      99.9253
631      99.9253
632      45.3049
633      99.9798
634      99.9253
635      44.9002
636      0
637      88.4467
638      0
639      0
640      0
641      0
642      69.7574
643      67.1828
644      89.3527
645      0
646      80.2375
647      0
648      96.7737
649      0
650      0
651      99.9798
652      0
653      99.171
654      73.3246
655      0
656      87.7134
657      0
658      99.9253
659      86.6666
660      69.7574
661      0
662      90.2963
663      66.7841
664      0
665      53.3533
666      36.1133
667      61.0188
668      0
669      82.2382
670      0
671      88.1431
672      99.9798
673      72.9766
674      0
675      0
676      0
677      0
678      98.9149
679      0
680      0
681      99.171
682      95.8349
683      73.6452
684      0
685      62.1546
686      99.9253
687      99.9253
688      99.9798
689      99.8946
690      58.1135
691      54.2
692      80.838
693      99.9798
694      0
695      75.3569
696      84.0253
697      98.9149
698      74.6819
699      57.6746
700      99.9253
701      80.2375
702      0
703      84.4664
704      0
705      59.8917
706      0
707      0
708      86.2789
709      84.7612
710      45.7804
711      0
712      73.3246
713      92.2393
714      55.8354
715      99.9253
716      75.3221
717      68.2235
718      0
719      51.4849
720      59.7488
721      0
722      83.4758
723      0
724      96.9954
725      59.9176
726      0
727      98.9151
728      0
729      67.0233
730      44.9002
731      88.2409
732      99.9253
733      70.9682
734      0
735      98.9151
736      0
737      84.9781
738      93.2619
739      74.5144
740      65.1954
741      99.9253
742      0
743      0
744      75.5548
745      51.7585
746      99.9798
747      82.0143
748      99.9253
749      0
750      83.2728
751      95.8238
752      0
753      89.2189
754      64.7407
755      99.9123
756      77.6658
757      53.694
758      99.9798
759      99.6574
760      75.0863
761      88.4618
762      61.5015
763      0
764      88.4467
765      95.8238
766      63.1648
767      0
768      73.3246
769      0
770      99.9253
771      0
772      0
773      86.6666
774      83.4758
775      64.4419
776      99.9253
777      0
778      0
779      74.4366
780      0
781      81.1204
782      0
783      97.0669
784      0
785      0
786      93.2619
787      87.7134
788      94.5928
789      83.2728
790      0
791      62.1546
792      99.9253
793      99.9798
794      0
795      0
796      0
797      99.9798
798      0
799      90.1254
800      73.0755
801      99.9253
802      96.585
803      0
804      46.0026
805      0
806      0
807      95.8349
808      53.3533
809      0
810      98.9151
811      99.9798
812      68.2235
813      85.2767
814      94.0929
815      99.9253
816      99.6574
817      61.5015
818      99.9798
819      0
820      99.8946
821      0
822      0
823      0
824      83.1723
825      0
826      0
827      88.1431
828      99.9253
829      86.6666
830      0
831      79.4898
832      71.1734
833      93.2619
834      0
835      0
836      99.6574
837      0
838      0
839      99.9253
840      67.8657
841      87.6345
842      98.9149
843      44.1675
844      89.4213
845      99.9253
846      0
847      94.3219
848      83.3309
849      92.6333
850      76.5983
851      0
852      93.2619
853      54.8162
854      99.9123
855      98.3218
856      75.5036
857      99.6574
858      0
859      88.845
860      0
861      72.456
862      66.1466
863      49.0417
864      45.7867
865      0
866      98.9151
867      93.2619
868      29.9363
869      65.1954
870      99.9798
871      0
872      0
873      0
874      0
875      99.9798
876      95.3565
877      0
878      61.8834
879      0
880      0
881      87.259
882      93.2619
883      0
884      0
885      61.0084
886      99.9798
887      0
888      77.4488
889      66.7841
890      79.4898
891      99.9798
892      0
893      99.9798
894      0
895      0
896      59.8917
897      0
898      0
899      90.1254
900      99.9253
901      99.9253
902      59.5103
903      0
904      99.9798
905      99.9798
906      99.6574
907      99.9253
908      68.7495
909      66.5285
910      99.9253
911      49.0417
912      61.5015
913      70.9682
914      62.3786
915      0
916      99.9798
917      0
918      0
919      0
920      0
921      79.304
922      99.171
923      0
924      59.5103
925      0
926      0
927      69.6361
928      93.2619
929      0
930      0
931      0
932      99.8946
933      99.9798
934      88.4467
935      99.9253
936      0
937      93.2619
938      99.9253
939      0
940      99.9798
941      91.9443
942      0
943      99.9798
944      84.4291
945      99.9253
946      0
947      68.0288
948      0
949      88.728
950      52.8542
951      74.4366
952      89.3517
953      74.4366
954      0
955      93.9508
956      0
957      99.171
958      0
959      80.2746
960      0
961      74.4366
962      50.3925
963      0
964      45.2539
965      0
966      92.6656
967      99.9253
968      0
969      0
970      43.7898
971      99.9253
972      93.2619
973      91.3197
974      0
975      99.9253
976      99.9123
977      0
978      99.9253
979      0
980      0
981      99.9253
982      0
983      97.0669
984      0
985      0
986      0
987      84.9781
988      93.2619
989      99.9253
990      78.6346
991      56.6566
992      82.5278
993      99.9253
994      82.0143
995      99.9253
996      80.6931
997      0
998      99.9253
999      83.3309
       32598.5
