0      0.0014966
1      54.969
2      99.9944
3      0
4      85.3618
5      0
6      97.1641
7      99.9944
8      96.553
9      0
10      99.8513
11      99.8559
12      98.6454
13      75.4599
14      0
15      99.8513
16      0
17      0
18      99.8519
19      0
20      0
21      78.916
22      79.7129
23      52.2226
24      97.4367
25      0
26      99.9944
27      0
28      99.9944
29      74.0554
30      99.8518
31      0
32      99.8513
33      99.9944
34      93.4936
35      49.5516
36      98.8526
37      67.9946
38      93.4936
39      99.856
40      85.8247
41      99.5234
42      97.6051
43      93.45
44      84.3233
45      0
46      99.8513
47      0
48      0
49      99.8513
50      97.2625
51      99.9944
52      0
53      0
54      99.8513
55      99.9944
56      81.4105
57      60.3647
58      50.1818
59      0
60      99.9944
61      78.6104
62      99.9994
63      98.0107
64      0
65      81.563
66      0
67      0
68      0
69      93.4936
70      83.8011
71      95.7059
72      0
73      87.4069
74      0
75      83.5728
76      87.4206
77      0
78      58.257
79      0
80      0
81      0
82      97.0335
83      98.3528
84      85.0371
85      81.0898
86      98.8526
87      99.9944
88      37.6408
89      87.4554
90      97.0335
91      75.6023
92      0
93      81.0219
94      99.9944
95      54.969
96      0
97      65.6806
98      74.8336
99      99.9944
       3578.5
