0      71.0538
1      71.6608
2      55.9203
3      99.9475
4      99.9791
5      76.9658
6      99.9791
7      99.9079
8      0
9      82.3665
10      99.595
11      67.0861
12      0
13      99.9475
14      42.3596
15      0
16      93.3873
17      99.2253
18      0
19      47.3035
20      0
21      74.3276
22      98.8201
23      89.4231
24      0
25      97.9861
26      0
27      61.4427
28      99.9079
29      99.6222
30      0
31      98.6598
32      0
33      0
34      83.8038
35      71.959
36      99.7255
37      99.9534
38      99.4248
39      98.5731
40      63.1049
41      0
42      0
43      91.0612
44      0
45      0
46      0
47      0
48      0
49      99.9475
       1524.78
