0      67.7049
1      44.6387
2      93.0369
3      0
4      83.6492
5      0
6      99.9362
7      46.6899
8      0
9      54.0143
10      59.2577
11      0
12      99.991
13      0
14      0
15      99.3192
16      46.6899
17      99.8391
18      0
19      99.8391
20      61.6261
21      88.0973
22      99.9362
23      98.7357
24      0
25      46.6899
26      0
27      0
28      67.2353
29      0
30      96.3411
31      99.8391
32      99.0876
33      0
34      95.9451
35      0
36      73.9949
37      99.6597
38      99.0903
39      91.5896
40      0
41      0
42      67.5138
43      0
44      60.5836
45      96.9209
46      88.4467
47      97.5407
48      99.5339
49      99.2997
50      0
51      0
52      97.5407
53      99.9362
54      0
55      90.0182
56      73.948
57      97.5407
58      98.5712
59      0
60      45.7357
61      0
62      98.6728
63      0
64      99.0903
65      0
66      70.5061
67      99.8391
68      60.8919
69      64.3137
70      0
71      0
72      86.9879
73      92.6718
74      84.9108
75      94.6979
76      0
77      0
78      54.4153
79      70.5387
80      99.4557
81      0
82      59.3322
83      99.769
84      86.6587
85      99.4557
86      49.6358
87      48.605
88      75.3077
89      99.991
90      99.8391
91      96.843
92      99.3162
93      82.882
94      0
95      99.8391
96      54.8236
97      66.6094
98      99.8391
99      99.4557
100      89.2804
101      69.2863
102      62.7391
103      99.4557
104      0
105      99.8892
106      69.7666
107      0
108      75.0031
109      50.987
110      0
111      66.0647
112      99.991
113      98.8434
114      70.0188
115      0
116      64.915
117      93.2055
118      63.1029
119      49.5816
120      82.3471
121      0
122      0
123      0
124      87.2193
125      0
126      81.3506
127      0
128      62.4411
129      85.5846
130      55.4333
131      98.7357
132      0
133      56.6273
134      98.6728
135      96.753
136      95.649
137      99.8391
138      99.5339
139      94.6979
140      30.9165
141      70.6417
142      99.9362
143      0
144      54.8066
145      90.9513
146      99.8391
147      0
148      0
149      0
150      60.6716
151      71.0638
152      73.948
153      84.9108
154      62.9324
155      49.8722
156      0
157      0
158      98.4406
159      0
160      75.8219
161      80.0332
162      96.843
163      59.9366
164      99.2997
165      0
166      96.9209
167      0
168      99.991
169      0
170      99.4284
171      0
172      96.3727
173      99.991
174      54.4476
175      0
176      0
177      46.6899
178      99.6597
179      86.9467
180      59.0903
181      57.0902
182      0
183      0
184      86.3178
185      78.2437
186      46.6899
187      0
188      84.9108
189      94.9256
190      0
191      99.9362
192      91.2794
193      60.8919
194      0
195      80.2046
196      96.9209
197      98.8434
198      0
199      99.8892
200      72.1109
201      0
202      0
203      47.812
204      0
205      73.7218
206      61.4298
207      94.1962
208      46.3479
209      98.6728
210      0
211      80.0332
212      0
213      99.9362
214      52.1903
215      71.9259
216      99.0876
217      65.9441
218      0
219      0
220      0
221      82.2482
222      0
223      99.9362
224      99.4557
225      99.6597
226      0
227      0
228      98.8434
229      99.8391
230      81.4085
231      86.9879
232      62.3066
233      0
234      99.0903
235      72.1428
236      87.0717
237      86.8856
238      0
239      0
240      55.928
241      0
242      0
243      0
244      47.4979
245      0
246      86.0286
247      65.8429
248      54.4476
249      64.915
250      0
251      75.6352
252      98.1414
253      74.1222
254      0
255      96.753
256      0
257      0
258      0
259      99.3162
260      0
261      99.9362
262      0
263      57.4767
264      57.4367
265      0
266      99.6597
267      99.9362
268      57.4767
269      98.7357
270      83.4081
271      81.9496
272      0
273      67.8376
274      56.2197
275      69.8221
276      0
277      89.9394
278      0
279      81.2998
280      0
281      98.8434
282      0
283      99.6597
284      53.2802
285      0
286      0
287      80.0332
288      0
289      0
290      99.9362
291      65.6071
292      99.1944
293      54.0143
294      0
295      99.0903
296      81.8625
297      99.9362
298      0
299      0
300      33.8991
301      58.7382
302      0
303      58.0572
304      88.9574
305      96.6099
306      99.9362
307      0
308      99.3162
309      72.1428
310      99.0903
311      0
312      70.3533
313      0
314      59.7549
315      99.8391
316      98.8434
317      80.2046
318      0
319      65.6071
320      54.4153
321      98.4406
322      46.6899
323      66.3239
324      91.5896
325      0
326      0
327      0
328      89.3478
329      83.5903
330      46.6899
331      0
332      54.0143
333      97.8369
334      99.991
335      0
336      96.843
337      0
338      99.6597
339      99.991
340      98.5379
341      98.7357
342      0
343      0
344      75.1289
345      44.6387
346      0
347      77.8291
348      87.7012
349      0
350      86.3267
351      0
352      0
353      99.9362
354      0
355      95.9188
356      99.9362
357      99.9362
358      98.5379
359      99.0876
360      83.4765
361      87.7012
362      94.9256
363      99.8391
364      91.5896
365      60.5836
366      75.6028
367      0
368      99.9362
369      67.7049
370      99.8391
371      62.2388
372      62.5001
373      60.8445
374      75.6028
375      99.0538
376      84.9108
377      98.6728
378      0
379      98.7357
380      86.8856
381      67.2353
382      65.7288
383      94.1962
384      99.5339
385      0
386      0
387      0
388      93.0369
389      46.6899
390      55.158
391      63.7272
392      91.2794
393      0
394      99.8391
395      0
396      0
397      86.6715
398      54.0234
399      45.2574
400      99.6597
401      76.9259
402      60.0179
403      0
404      0
405      0
406      56.7324
407      99.8981
408      96.2451
409      0
410      99.9362
411      79.3432
412      0
413      73.5394
414      0
415      0
416      99.6597
417      80.2046
418      56.7525
419      0
420      0
421      99.8391
422      0
423      0
424      0
425      96.843
426      88.5395
427      99.8391
428      56.2197
429      99.5339
430      0
431      82.2482
432      70.0188
433      0
434      63.7272
435      96.9209
436      0
437      0
438      58.7382
439      80.2046
440      48.2787
441      98.7357
442      0
443      99.0903
444      86.3178
445      74.5135
446      0
447      0
448      79.3432
449      0
450      0
451      99.4557
452      0
453      73.4144
454      67.2479
455      99.0876
456      0
457      98.1414
458      99.5339
459      64.7221
460      0
461      94.8111
462      0
463      0
464      92.4441
465      79.0896
466      62.7391
467      90.9278
468      78.3296
469      99.3799
470      0
471      46.6484
472      99.991
473      82.1292
474      82.8573
475      67.7049
476      72.1109
477      0
478      56.5204
479      67.2518
480      0
481      71.3104
482      71.9259
483      74.5166
484      63.1029
485      46.6899
486      99.4557
487      98.8236
488      46.6899
489      99.6597
490      0
491      99.8391
492      0
493      98.7357
494      0
495      0
496      0
497      0
498      0
499      0
500      0
501      81.5622
502      87.7012
503      78.2437
504      99.0903
505      0
506      67.7049
507      0
508      96.9209
509      0
510      0
511      0
512      0
513      86.9879
514      0
515      78.7573
516      66.9934
517      0
518      99.6597
519      86.9879
520      48.1706
521      54.9268
522      0
523      99.8391
524      87.1796
525      74.8649
526      99.0876
527      0
528      0
529      72.8428
530      82.2482
531      99.8981
532      44.6387
533      0
534      80.9847
535      86.9879
536      67.3638
537      0
538      99.9362
539      99.4557
540      67.5138
541      99.991
542      99.1944
543      0
544      61.6131
545      99.991
546      0
547      0
548      0
549      0
550      0
551      99.8391
552      64.0466
553      84.7364
554      99.9362
555      99.0903
556      0
557      0
558      89.9394
559      82.6737
560      0
561      99.8391
562      99.0903
563      86.9879
564      0
565      50.987
566      0
567      67.2835
568      0
569      70.7985
570      99.991
571      96.9209
572      62.6947
573      0
574      99.4557
575      98.8434
576      47.8549
577      0
578      65.9847
579      0
580      63.7272
581      99.991
582      98.8434
583      0
584      0
585      91.5896
586      99.6597
587      93.0369
588      96.5822
589      0
590      0
591      0
592      65.8429
593      61.4604
594      88.4109
595      73.4512
596      99.8892
597      86.9879
598      99.0903
599      0
600      99.8892
601      86.9879
602      73.4512
603      55.2209
604      98.8434
605      0
606      86.9879
607      99.6597
608      0
609      0
610      87.1551
611      99.8391
612      0
613      87.0601
614      88.4804
615      69.9403
616      59.4972
617      99.8391
618      0
619      0
620      46.6899
621      0
622      94.4202
623      99.4557
624      39.9638
625      69.5152
626      99.8391
627      0
628      86.4287
629      0
630      99.769
631      0
632      62.3459
633      0
634      48.1362
635      98.5379
636      0
637      67.4284
638      0
639      0
640      88.4804
641      66.3239
642      91.2794
643      86.3576
644      87.4788
645      0
646      75.0031
647      81.2998
648      0
649      0
650      99.3799
651      66.3239
652      80.0185
653      0
654      96.843
655      85.6491
656      89.9394
657      0
658      78.2437
659      88.2571
660      67.7652
661      99.991
662      99.0903
663      99.8391
664      0.00780649
665      71.1796
666      46.6899
667      94.6979
668      44.5321
669      0
670      0
671      46.6899
672      88.2571
673      63.7787
674      99.8391
675      0
676      52.5602
677      0
678      73.9949
679      99.0876
680      0
681      93.2055
682      96.9209
683      98.8434
684      0
685      0
686      0
687      78.1107
688      0
689      99.6597
690      0
691      94.6979
692      76.5711
693      71.3857
694      86.9879
695      99.0903
696      99.3192
697      71.3104
698      99.9362
699      68.9415
700      0
701      99.9362
702      65.9847
703      99.2997
704      0
705      98.6146
706      99.3992
707      98.7357
708      0
709      96.9209
710      0
711      63.807
712      99.8391
713      91.4844
714      0
715      60.8015
716      82.3471
717      96.9209
718      75.6352
719      0
720      99.8892
721      54.193
722      0
723      82.1292
724      71.3104
725      75.8955
726      0
727      96.753
728      73.4512
729      80.0185
730      59.4972
731      99.0903
732      0
733      0
734      88.4804
735      99.8391
736      98.6728
737      73.2962
738      0
739      62.2388
740      61.4298
741      98.8434
742      78.2437
743      99.991
744      97.2793
745      0
746      86.9879
747      0
748      56.2404
749      0
750      0
751      99.9362
752      82.1292
753      86.886
754      0
755      58.755
756      65.303
757      82.3471
758      0
759      66.3915
760      0
761      0
762      93.2055
763      88.7322
764      99.8391
765      98.1414
766      71.0638
767      99.8391
768      99.5731
769      98.7357
770      0
771      91.2794
772      99.991
773      99.0903
774      0
775      0
776      99.9362
777      70.5707
778      82.882
779      98.7357
780      99.0903
781      0
782      86.6587
783      76.399
784      82.8685
785      65.1289
786      98.8434
787      99.991
788      70.0472
789      46.6899
790      55.158
791      0
792      99.6597
793      94.4202
794      0
795      0
796      99.6597
797      75.8955
798      0
799      99.0903
800      73.7218
801      94.6979
802      61.3169
803      0
804      0
805      86.6514
806      84.6912
807      0
808      99.991
809      99.8391
810      99.8391
811      0
812      85.6726
813      99.9362
814      53.0387
815      93.2055
816      82.6737
817      99.8391
818      98.6728
819      70.0188
820      0
821      97.5078
822      98.8236
823      86.567
824      0
825      99.0538
826      99.6597
827      0
828      61.4604
829      86.9879
830      0
831      67.7049
832      0
833      0
834      98.6728
835      85.6726
836      82.6737
837      86.9879
838      71.1796
839      0
840      63.5897
841      0
842      62.3459
843      99.991
844      44.6387
845      99.8391
846      63.7787
847      0
848      99.991
849      0
850      0
851      99.0903
852      0
853      62.3137
854      96.753
855      0
856      71.7526
857      75.6028
858      82.8573
859      73.7218
860      54.9268
861      0
862      76.352
863      0
864      88.4467
865      0
866      0
867      67.7049
868      51.0787
869      0
870      99.8391
871      55.8844
872      84.9108
873      29.1042
874      64.3983
875      0
876      88.2571
877      0
878      0
879      79.3432
880      92.4441
881      99.6597
882      96.3411
883      80.864
884      99.6597
885      0
886      67.2835
887      0
888      65.6056
889      0
890      60.0243
891      0
892      55.3458
893      72.1428
894      98.8434
895      0
896      89.4449
897      79.3432
898      99.2997
899      98.6728
900      55.6879
901      70.7764
902      0
903      0
904      0
905      52.5602
906      90.9513
907      52.6373
908      56.2404
909      69.2921
910      0
911      0
912      98.8434
913      86.9467
914      86.9879
915      88.7322
916      96.9209
917      99.1944
918      0
919      79.6293
920      67.3594
921      0
922      76.5711
923      54.9268
924      83.8038
925      99.3192
926      60.0243
927      69.5004
928      72.424
929      0
930      0
931      99.0903
932      96.2304
933      0
934      99.9362
935      44.6387
936      39.9638
937      99.5339
938      0
939      59.4972
940      0
941      67.2518
942      0
943      74.1222
944      99.3799
945      65.6071
946      0
947      97.8369
948      99.0876
949      99.9362
950      99.8391
951      76.1104
952      99.9362
953      84.9108
954      0
955      98.8434
956      94.9256
957      97.5407
958      57.9848
959      0
960      0
961      0
962      47.8549
963      54.9268
964      99.2997
965      64.1715
966      50.474
967      0
968      0
969      0
970      99.8391
971      0
972      0
973      0
974      0
975      99.8391
976      99.8892
977      0
978      75.3077
979      0
980      94.9256
981      58.0572
982      91.4844
983      73.948
984      99.8892
985      52.6373
986      0
987      0
988      60.6024
989      85.6491
990      0
991      67.2065
992      94.8111
993      99.8391
994      0
995      51.1145
996      0
997      91.2794
998      0
999      72.8868
       33626.7
