0      29.3323
1      0
2      59.2936
3      0
4      0
5      99.9787
6      80.9973
7      85.3645
8      99.1192
9      99.9765
10      77.5464
11      93.1821
12      99.9765
13      94.9699
14      99.926
15      87.4399
16      70.8233
17      99.926
18      82.8618
19      99.9606
20      48.2322
21      0
22      68.9201
23      0
24      0
25      0
26      0
27      0
28      52.751
29      39.0493
30      76.5322
31      53.6003
32      79.9939
33      77.4322
34      99.7652
35      64.6091
36      98.8088
37      99.9765
38      0
39      87.9583
40      99.2491
41      79.8111
42      0
43      67.71
44      0
45      0
46      0
47      0
48      99.9765
49      0
50      99.926
51      99.9787
52      99.9787
53      0
54      99.9787
55      99.9787
56      99.793
57      75.0205
58      97.8917
59      0
60      49.1954
61      0
62      81.358
63      0
64      92.4877
65      99.9765
66      0
67      82.8071
68      0
69      98.7968
70      99.926
71      52.949
72      90.4203
73      0
74      99.1192
75      66.3022
76      0
77      77.1858
78      50.5437
79      47.8319
80      0
81      84.0682
82      0
83      0
84      91.7474
85      0
86      64.2646
87      0
88      0
89      0
90      0
91      84.0682
92      88.0735
93      90.7539
94      97.6106
95      0
96      82.3324
97      79.6334
98      0
99      91.7474
100      77.5464
101      88.3466
102      92.3077
103      60.3215
104      91.3069
105      99.6391
106      0
107      52.0081
108      77.0819
109      68.5128
110      0
111      54.6246
112      0
113      68.3107
114      73.2272
115      0
116      86.7908
117      0
118      73.2272
119      0
120      0
121      99.926
122      99.9787
123      43.1239
124      55.6451
125      45.687
126      93.6621
127      61.045
128      91.4711
129      53.8923
130      0
131      0
132      75.0205
133      64.7389
134      92.8401
135      86.6843
136      99.9765
137      0
138      57.876
139      99.0752
140      0
141      99.3471
142      86.3432
143      98.7543
144      98.8088
145      53.5184
146      99.926
147      94.9699
148      0
149      43.1239
150      99.1192
151      0
152      84.3655
153      79.8111
154      99.7652
155      99.9765
156      57.3759
157      0
158      99.793
159      0
160      63.4748
161      0
162      99.7652
163      0
164      51.3039
165      47.3396
166      0
167      96.5412
168      99.0942
169      87.6845
170      74.3618
171      0
172      92.7667
173      49.5272
174      0
175      84.7032
176      52.5332
177      49.796
178      99.1192
179      71.1004
180      0
181      0
182      0
183      0
184      0
185      76.3282
186      93.4045
187      50.7508
188      99.926
189      75.9508
190      55.6451
191      0
192      61.0385
193      0
194      71.0224
195      68.9201
196      0
197      96.8421
198      0
199      0
200      0
201      0
202      0
203      99.9787
204      98.9851
205      0
206      86.3103
207      99.9787
208      0
209      0
210      99.9606
211      93.7293
212      39.1145
213      99.9606
214      64.6091
215      0
216      0
217      76.7737
218      0
219      79.4015
220      93.2699
221      53.5184
222      99.9765
223      0
224      0
225      68.3604
226      75.9508
227      0
228      71.5334
229      45.427
230      85.823
231      95.3378
232      89.135
233      56.5371
234      99.9765
235      68.1665
236      65.0642
237      99.9787
238      46.761
239      99.0752
240      69.3464
241      77.2916
242      86.3103
243      99.9765
244      75.0205
245      77.2016
246      0
247      58.5894
248      0
249      75.9149
250      91.6756
251      0
252      0
253      98.8088
254      70.8233
255      99.926
256      99.3471
257      98.8088
258      99.926
259      79.8111
260      0
261      88.658
262      0
263      0
264      92.4968
265      0
266      0
267      0
268      81.1258
269      99.0752
270      0
271      82.254
272      61.4562
273      0
274      0
275      0
276      63.0782
277      57.3759
278      99.9787
279      0
280      74.5028
281      99.9606
282      91.8313
283      85.9621
284      66.393
285      91.7234
286      99.7652
287      55.5313
288      0
289      0
290      98.8088
291      99.9787
292      60.1462
293      61.5004
294      0
295      51.7669
296      57.3759
297      64.9062
298      76.653
299      87.6845
300      91.5414
301      69.3464
302      99.9787
303      83.1853
304      95.1326
305      0
306      59.3673
307      99.9787
308      99.9787
309      99.816
310      76.8124
311      0
312      54.5479
313      64.2646
314      0
315      70.084
316      0
317      71.7039
318      45.7571
319      84.0682
320      52.0626
321      99.9787
322      0
323      99.524
324      43.0801
325      59.7022
326      0
327      0
328      61.8453
329      88.6267
330      75.2786
331      56.5371
332      99.0752
333      0
334      82.9474
335      98.9202
336      0
337      0
338      0
339      91.8205
340      0
341      65.9995
342      79.4015
343      85.9621
344      99.2755
345      82.6969
346      97.2398
347      0
348      92.575
349      61.1552
350      89.6604
351      90.4203
352      59.8471
353      0
354      99.0752
355      91.5997
356      76.8124
357      68.6341
358      56.9917
359      69.3005
360      0
361      0
362      60.0293
363      0
364      0
365      51.4546
366      99.926
367      56.9917
368      59.3716
369      60.8374
370      99.1192
371      77.3401
372      63.0782
373      0
374      0
375      99.9787
376      57.0756
377      84.0682
378      80.4372
379      99.9702
380      0
381      99.1192
382      99.793
383      0
384      56.8281
385      53.5786
386      34.8393
387      94.9699
388      0
389      48.129
390      99.2755
391      0
392      99.9787
393      0
394      85.9621
395      99.0752
396      91.1904
397      62.8784
398      99.926
399      0
400      96.8425
401      0
402      0
403      0
404      52.3607
405      99.9787
406      0
407      63.0782
408      83.5279
409      99.7652
410      70.6651
411      0
412      60.8059
413      71.7039
414      88.658
415      0
416      86.7908
417      0
418      82.583
419      76.3744
420      63.4338
421      0
422      99.9787
423      0
424      77.4873
425      99.9606
426      68.9064
427      0
428      88.658
429      0
430      99.9787
431      0
432      97.7187
433      0
434      92.575
435      0
436      50.7503
437      96.8421
438      55.1691
439      99.0942
440      91.4504
441      39.1145
442      69.7727
443      64.0627
444      0
445      0
446      89.6604
447      0
448      88.6811
449      0
450      0
451      84.0682
452      75.2786
453      0
454      0
455      86.9138
456      94.2335
457      99.926
458      99.926
459      75.9149
460      0
461      99.9765
462      76.9351
463      77.9203
464      99.9787
465      68.3453
466      44.2848
467      91.7959
468      73.2272
469      86.6976
470      94.9699
471      82.3242
472      0
473      0
474      0
475      64.0627
476      70.2445
477      99.4521
478      99.926
479      0
480      99.9787
481      99.9765
482      0
483      99.9765
484      98.7968
485      0
486      92.3077
487      98.4312
488      0
489      0
490      0
491      53.5786
492      53.7303
493      0
494      48.6622
495      0
496      68.9201
497      0
498      83.0078
499      98.4312
500      0
501      99.9765
502      0
503      70.033
504      0
505      96.8421
506      76.3744
507      77.3401
508      0
509      75.4945
510      99.1192
511      60.0293
512      99.9765
513      69.3005
514      72.5044
515      39.1145
516      0
517      99.2755
518      68.5413
519      0
520      0
521      0
522      53.2051
523      0
524      0
525      74.7975
526      0
527      52.3607
528      0
529      62.0236
530      0
531      66.2964
532      0
533      99.9787
534      72.9684
535      0
536      0
537      79.9939
538      82.254
539      44.4816
540      80.0388
541      99.816
542      0
543      99.816
544      93.8706
545      0
546      0
547      95.5013
548      0
549      91.7474
550      0
551      0
552      39.9985
553      98.8088
554      0
555      99.9765
556      0
557      0
558      0
559      0
560      0
561      0
562      99.9765
563      49.3793
564      0
565      73.5611
566      94.9557
567      0
568      0
569      0
570      0
571      63.0782
572      0
573      60.8374
574      0
575      0
576      49.6264
577      75.4719
578      80.8708
579      0
580      72.4144
581      79.8843
582      64.75
583      99.926
584      65.8311
585      0
586      94.2335
587      92.9655
588      0
589      89.0262
590      99.926
591      67.342
592      0
593      69.9296
594      99.9765
595      0
596      91.5414
597      56.5935
598      99.9765
599      99.793
600      0
601      59.1069
602      0
603      0
604      99.9765
605      98.7543
606      0
607      71.0224
608      99.9787
609      53.9706
610      99.9787
611      0
612      80.8708
613      77.7775
614      99.9765
615      99.9787
616      88.9487
617      99.2755
618      99.9787
619      86.7908
620      0
621      0
622      96.8421
623      86.364
624      88.3703
625      0
626      71.7039
627      99.926
628      95.6501
629      0
630      63.0782
631      86.6976
632      0
633      99.926
634      75.4719
635      40.1136
636      99.816
637      91.8313
638      99.9787
639      85.8854
640      0
641      0
642      89.135
643      39.1145
644      47.8129
645      0
646      75.9149
647      99.2755
648      63.0062
649      97.2398
650      98.4312
651      99.9787
652      0
653      85.6137
654      86.3103
655      88.0735
656      0
657      93.1821
658      99.9765
659      91.8205
660      53.8923
661      0
662      0
663      99.9787
664      0
665      56.5935
666      48.4348
667      48.1935
668      59.3673
669      0
670      56.5935
671      0
672      62.9981
673      77.5785
674      0
675      0
676      99.6391
677      79.9207
678      99.9787
679      99.2755
680      99.7652
681      0
682      99.2755
683      39.1145
684      72.944
685      0
686      99.926
687      51.2899
688      0
689      97.6106
690      99.9765
691      63.7175
692      99.4863
693      0
694      0
695      61.4464
696      68.9201
697      62.8033
698      77.5785
699      0
700      63.4338
701      0
702      83.0078
703      0
704      0
705      60.3036
706      99.9787
707      66.3022
708      63.7175
709      0
710      97.1289
711      63.0782
712      83.1853
713      85.6137
714      81.2824
715      72.2335
716      65.1577
717      0
718      99.1192
719      61.8162
720      0
721      99.9787
722      94.5289
723      73.2272
724      99.9606
725      99.1192
726      54.9703
727      0
728      49.6264
729      70.8233
730      99.2755
731      91.1904
732      99.9765
733      0
734      99.9787
735      0
736      99.1192
737      99.926
738      84.0682
739      99.6391
740      0
741      0
742      98.8088
743      99.9787
744      55.5313
745      77.6382
746      0
747      59.8471
748      77.4322
749      0
750      0
751      0
752      0
753      98.7968
754      66.3022
755      57.387
756      59.3911
757      93.6188
758      77.8137
759      78.4872
760      99.1192
761      87.5248
762      77.9533
763      0
764      49.5519
765      91.6756
766      56.1712
767      59.0763
768      99.9787
769      0
770      80.0388
771      90.2931
772      99.9765
773      71.1004
774      53.9474
775      0
776      69.0474
777      39.1145
778      99.9765
779      99.1192
780      97.0734
781      99.1192
782      99.1173
783      99.9702
784      79.9939
785      99.9765
786      71.7039
787      47.7403
788      77.431
789      94.9699
790      0
791      52.0081
792      87.9424
793      0
794      0
795      99.816
796      85.9621
797      85.9621
798      0
799      0
800      59.447
801      99.793
802      98.8088
803      99.9787
804      53.9706
805      99.926
806      66.3022
807      64.9062
808      72.5044
809      99.9787
810      34.9156
811      72.944
812      0
813      51.2743
814      0
815      73.5722
816      60.1462
817      99.9787
818      0
819      0
820      91.4711
821      92.575
822      0
823      0
824      99.9765
825      77.2016
826      84.7503
827      0
828      0
829      92.3263
830      59.0763
831      78.6965
832      0
833      61.0561
834      0
835      99.9765
836      97.6106
837      89.0262
838      57.142
839      99.9787
840      0
841      68.9064
842      53.2051
843      0
844      96.5412
845      99.926
846      0
847      48.0957
848      99.4521
849      76.5232
850      98.3066
851      99.6391
852      79.5972
853      99.9765
854      99.9765
855      99.9765
856      97.6106
857      89.135
858      99.4863
859      99.816
860      91.6756
861      79.8843
862      56.7474
863      99.9702
864      69.2782
865      0
866      98.7968
867      39.1145
868      0
869      0
870      89.135
871      99.9787
872      99.3471
873      52.5332
874      0
875      51.1447
876      99.926
877      50.6679
878      0
879      91.956
880      97.8763
881      92.575
882      99.9765
883      79.2564
884      0
885      85.6137
886      0
887      52.6916
888      0
889      99.9606
890      99.9765
891      99.926
892      0
893      91.4711
894      0
895      77.9533
896      94.9557
897      92.575
898      0
899      0
900      99.9606
901      0
902      0
903      91.5414
904      75.5552
905      0
906      0
907      45.5776
908      59.7022
909      93.3371
910      97.2311
911      99.793
912      0
913      0
914      0
915      91.8313
916      99.1192
917      0
918      99.9765
919      0
920      0
921      99.9787
922      83.419
923      99.816
924      0
925      0
926      42.5934
927      0
928      99.2755
929      54.0739
930      56.5738
931      0
932      66.2964
933      64.2646
934      65.8311
935      0
936      67.671
937      88.0735
938      48.3958
939      49.796
940      99.9787
941      0
942      0
943      80.8708
944      66.2964
945      0
946      98.9202
947      0
948      97.2729
949      77.3269
950      48.652
951      99.9765
952      99.1192
953      95.6501
954      93.3142
955      0
956      85.4238
957      84.0682
958      0
959      99.9765
960      99.9787
961      0
962      0
963      0
964      71.0145
965      99.1192
966      89.6604
967      65.7605
968      66.3022
969      99.524
970      71.1949
971      0
972      84.1813
973      71.7039
974      99.9787
975      0
976      81.2824
977      99.9787
978      67.342
979      85.9621
980      91.5414
981      49.0944
982      0
983      0
984      96.9716
985      0
986      0
987      85.6137
988      0
989      51.3039
990      0
991      0
992      0
993      0
994      0
995      0
996      89.135
997      0
998      0
999      0
       34283.4
