0      98.6406
1      49.8974
2      89.7052
3      0
4      0
5      99.9572
6      0
7      99.9572
8      0
9      80.8308
10      0
11      80.8308
12      53.2827
13      99.9572
14      0
15      99.9572
16      99.9572
17      74.0951
18      87.6491
19      84.2614
20      58.0966
21      0
22      69.0456
23      58.0966
24      47.4871
25      95.3887
26      95.3926
27      99.9572
28      96.9429
29      0
30      0
31      54.9983
32      99.9572
33      0
34      99.8921
35      0
36      8.96819e-06
37      98.9188
38      0
39      54.8467
40      0
41      99.9572
42      95.3241
43      59.8812
44      78.784
45      67.9715
46      99.0306
47      82.7288
48      99.7377
49      0
50      54.9205
51      98.6849
52      99.9572
53      73.6099
54      0
55      0
56      99.9572
57      99.9991
58      0
59      25.3214
60      0
61      76.8377
62      78.6016
63      99.9572
64      99.9757
65      49.8974
66      43.3729
67      98.9236
68      69.0456
69      0
70      51.7066
71      99.9026
72      8.96819e-06
73      85.2993
74      73.0042
75      91.3508
76      0
77      0
78      99.8921
79      0
80      0
81      0
82      0
83      92.0046
84      99.9572
85      65.9341
86      99.9572
87      0
88      99.9572
89      0
90      0
91      99.9454
92      98.9236
93      0
94      99.9572
95      0
96      68.8979
97      0
98      65.0267
99      99.9572
       3140.98
