0      82.7625
1      58.8475
2      63.0653
3      99.4744
4      0
5      0
6      88.6438
7      0
8      77.4875
9      77.6102
10      99.9001
11      46.481
12      0
13      0
14      0
15      65.9328
16      82.2146
17      0
18      99.0668
19      0
20      0
21      99.8756
22      0
23      50.7105
24      49.1983
25      0
26      0
27      0
28      96.9294
29      66.3461
30      94.5934
31      0
32      74.408
33      89.4173
34      0
35      99.9001
36      99.9601
37      89.4173
38      46.1129
39      62.3294
40      99.9601
41      0
42      0
43      0
44      0
45      0
46      0
47      93.6151
48      50.9151
49      99.9601
50      56.5432
51      0
52      98.2023
53      0
54      0
55      99.9601
56      76.0781
57      0
58      65.9694
59      99.9601
60      0
61      45.1539
62      81.369
63      77.6696
64      81.369
65      0
66      99.9601
67      70.8066
68      69.9666
69      60.6687
70      0
71      0
72      87.7935
73      89.4173
74      0
75      0
76      0
77      99.9001
78      89.6168
79      74.7729
80      59.1597
81      99.9526
82      93.4831
83      84.1065
84      74.8825
85      93.117
86      74.4052
87      93.6151
88      99.9601
89      47.4179
90      58.1817
91      85.4983
92      84.9945
93      0
94      0
95      0
96      72.4571
97      86.2876
98      92.9498
99      52.083
100      99.9601
101      0
102      0
103      99.732
104      0
105      0
106      92.9498
107      72.2972
108      0
109      99.9601
110      92.1451
111      0
112      66.3322
113      0
114      95.8496
115      0
116      0
117      0
118      76.477
119      65.4049
120      99.9601
121      82.3688
122      53.4861
123      95.0923
124      0
125      81.0943
126      58.1817
127      0
128      0
129      86.8603
130      62.0065
131      99.9601
132      99.9601
133      0
134      98.6362
135      60.0029
136      76.8795
137      60.4089
138      92.9498
139      67.3308
140      0
141      78.1099
142      0
143      0
144      0
145      80.8021
146      88.1322
147      92.9498
148      81.5373
149      92.9498
150      99.9601
151      69.2407
152      94.5934
153      96.6457
154      99.9601
155      0
156      0
157      99.9601
158      69.1707
159      81.4352
160      0
161      0
162      44.302
163      69.6634
164      0
165      48.1397
166      60.1972
167      0
168      0
169      0
170      90.4799
171      0
172      0
173      50.4743
174      53.1865
175      97.4674
176      83.9666
177      96.6457
178      0
179      56.0433
180      99.9601
181      85.6516
182      92.1451
183      79.5054
184      0
185      0
186      85.0954
187      0
188      0
189      89.8332
190      56.3388
191      48.1397
192      55.7628
193      97.3191
194      88.6214
195      0
196      0
197      54.0495
198      0
199      87.2205
200      98.2418
201      0
202      0
203      0
204      99.9601
205      0
206      85.1028
207      99.9526
208      99.732
209      0
210      0
211      0
212      0
213      83.0578
214      93.4831
215      59.4127
216      0
217      46.9149
218      83.9187
219      0
220      77.788
221      0
222      64.6304
223      99.732
224      82.7525
225      58.8475
226      88.5183
227      55.3442
228      93.6151
229      78.7438
230      92.9498
231      92.4425
232      58.1817
233      62.3294
234      65.232
235      92.9498
236      56.7485
237      0
238      94.5511
239      88.4421
240      0
241      70.8066
242      97.1609
243      0
244      0
245      0
246      99.9668
247      0
248      99.9601
249      99.9526
250      64.7384
251      27.274
252      99.9601
253      0
254      49.3024
255      80.7329
256      99.9601
257      0
258      0
259      64.9653
260      98.4397
261      99.9601
262      0
263      0
264      98.0393
265      99.9709
266      95.8496
267      84.1666
268      99.9668
269      0
270      0
271      84.736
272      90.9489
273      97.4674
274      45.3865
275      93.5093
276      90.12
277      93.4128
278      0
279      98.7979
280      79.9979
281      55.7628
282      0
283      42.0985
284      87.1231
285      0
286      0
287      0
288      92.9498
289      49.3965
290      0
291      0
292      99.9001
293      0
294      0
295      0
296      0
297      0
298      48.7149
299      0
300      0
301      99.9709
302      53.7447
303      66.1948
304      99.9601
305      65.9694
306      99.732
307      64.5106
308      99.732
309      85.6516
310      99.4744
311      83.9187
312      57.9605
313      77.8534
314      65.2078
315      85.0954
316      0
317      57.2197
318      84.2916
319      0
320      99.9601
321      99.9601
322      0
323      84.736
324      98.6362
325      0
326      53.9909
327      64.6304
328      46.481
329      90.1465
330      0
331      0
332      95.2718
333      0
334      99.9709
335      98.2418
336      69.1149
337      0
338      99.663
339      81.5911
340      60.545
341      0
342      99.9001
343      99.2601
344      87.1694
345      46.3684
346      98.7979
347      0
348      63.8028
349      0
350      90.12
351      0
352      0
353      46.1129
354      99.9526
355      0
356      61.5663
357      87.2205
358      99.2018
359      85.0858
360      99.7626
361      99.9601
362      82.2146
363      0
364      92.1451
365      0
366      99.4773
367      0
368      0
369      72.4571
370      81.1119
371      83.8876
372      60.3306
373      0
374      84.1065
375      0
376      0
377      0
378      46.481
379      82.1253
380      99.9601
381      0
382      64.5106
383      76.477
384      99.9001
385      0
386      0
387      0
388      0
389      0
390      66.4744
391      0
392      0
393      78.7817
394      60.545
395      87.2205
396      99.0668
397      98.2418
398      82.3688
399      90.4799
400      0
401      96.6457
402      99.9526
403      86.2223
404      90.9166
405      99.9601
406      0
407      99.9526
408      98.2418
409      99.9526
410      0
411      95.5685
412      78.7114
413      90.5517
414      60.6687
415      99.915
416      50.0297
417      99.6238
418      94.181
419      96.6457
420      73.907
421      99.9601
422      84.1578
423      68.6645
424      0
425      0
426      99.9601
427      85.7728
428      68.2661
429      65.4049
430      0
431      83.0178
432      0
433      64.3672
434      96.9294
435      57.0238
436      0
437      74.554
438      0
439      95.9481
440      97.1609
441      50.6526
442      96.1628
443      90.5517
444      65.1691
445      63.5424
446      99.9601
447      58.1817
448      50.1422
449      69.2346
450      94.7452
451      99.2601
452      55.7628
453      0
454      91.5686
455      99.8756
456      0
457      99.7626
458      0
459      0
460      89.4173
461      99.2601
462      96.6457
463      49.1409
464      55.758
465      99.9601
466      53.6641
467      99.9601
468      97.3191
469      57.3997
470      0
471      0
472      0
473      46.5972
474      0
475      0
476      46.481
477      0
478      64.7384
479      69.2407
480      0
481      97.3191
482      90.5517
483      99.9601
484      85.0954
485      54.3181
486      50.7105
487      0
488      0
489      0
490      0
491      97.4674
492      0
493      99.0865
494      82.7625
495      0
496      62.0534
497      82.3688
498      0
499      0
500      84.7994
501      0
502      0
503      98.6414
504      0
505      87.1231
506      63.4699
507      46.5238
508      0
509      92.098
510      99.9001
511      0
512      82.7625
513      0
514      99.732
515      99.9601
516      0
517      53.9583
518      88.4421
519      98.2418
520      0
521      81.4352
522      94.1169
523      99.9601
524      98.7979
525      76.3837
526      74.3834
527      99.9526
528      68.8006
529      0
530      0
531      0
532      53.1994
533      0
534      76.8795
535      85.0858
536      99.9526
537      0
538      84.1666
539      0
540      86.2806
541      53.7447
542      67.0419
543      0
544      92.1451
545      85.6516
546      99.0865
547      66.4709
548      0
549      92.1451
550      0
551      0
552      88.6438
553      0
554      98.2418
555      0
556      72.1815
557      99.9601
558      64.3672
559      99.9709
560      78.7114
561      46.1129
562      96.1628
563      0
564      89.4661
565      84.9945
566      98.2418
567      53.6889
568      94.5934
569      99.9526
570      51.1616
571      99.9601
572      68.8243
573      76.3837
574      92.1451
575      99.4744
576      70.4991
577      99.732
578      0
579      0
580      78.7817
581      88.1322
582      51.1616
583      93.9657
584      62.849
585      99.9526
586      85.6516
587      99.9601
588      0
589      91.89
590      99.9001
591      99.9601
592      81.426
593      71.3994
594      46.5972
595      0
596      0
597      99.9601
598      59.1597
599      99.9668
600      94.181
601      82.2146
602      0
603      98.2418
604      0
605      22.5614
606      0
607      72.5508
608      0
609      0
610      99.9001
611      0
612      0
613      78.3657
614      52.3193
615      99.4744
616      0
617      0
618      92.1451
619      0
620      0
621      99.9001
622      0
623      76.1748
624      75.8061
625      96.9294
626      99.9601
627      0
628      99.9526
629      89.4173
630      0
631      72.3439
632      54.1673
633      99.9526
634      55.2081
635      99.4744
636      0
637      65.498
638      0
639      0
640      99.9709
641      46.1129
642      99.6238
643      0
644      74.3256
645      0
646      99.9526
647      99.9526
648      0
649      97.4674
650      0
651      0
652      0
653      90.4799
654      59.1278
655      54.0129
656      99.7626
657      0
658      44.7693
659      68.9193
660      86.2876
661      61.4862
662      0
663      99.9601
664      97.3191
665      99.9709
666      99.9601
667      86.2876
668      99.9526
669      99.2601
670      98.2418
671      62.991
672      71.5631
673      99.9601
674      0
675      68.2661
676      63.0694
677      99.9601
678      93.9657
679      72.4571
680      62.849
681      0
682      72.5893
683      0
684      0
685      71.0505
686      91.7971
687      0
688      63.103
689      59.1597
690      63.4843
691      99.0668
692      0
693      99.9601
694      66.5916
695      0
696      95.2718
697      0
698      99.9601
699      99.9601
700      89.4661
701      91.1657
702      0
703      0
704      99.9709
705      87.7918
706      0
707      0
708      56.0433
709      0
710      83.9187
711      71.9577
712      0
713      0
714      95.8496
715      0
716      0
717      99.7626
718      0
719      99.9526
720      0
721      69.2346
722      82.4544
723      0
724      0
725      80.179
726      99.9601
727      71.9263
728      0
729      0
730      86.4844
731      99.9601
732      85.4983
733      58.1817
734      56.6999
735      0
736      80.8021
737      51.6987
738      46.1129
739      98.2418
740      89.4173
741      0
742      53.7914
743      99.9601
744      0
745      85.6516
746      99.9601
747      49.3238
748      0
749      87.7918
750      0
751      0
752      65.3104
753      85.0954
754      99.9526
755      73.9462
756      0
757      63.0155
758      81.5911
759      99.0668
760      64.8871
761      76.477
762      63.0155
763      92.9498
764      0
765      0
766      0
767      99.9001
768      78.8349
769      0
770      71.3947
771      0
772      0
773      53.9583
774      63.1218
775      0
776      0
777      95.5685
778      99.9709
779      0
780      99.9601
781      77.8604
782      0
783      68.7638
784      42.0985
785      58.1817
786      89.4661
787      0
788      88.3148
789      0
790      0
791      0
792      0
793      99.9601
794      66.3322
795      0
796      59.1597
797      71.2699
798      99.9526
799      96.6457
800      79.9979
801      70.1539
802      0
803      99.6238
804      0
805      86.7687
806      49.0641
807      0
808      96.6457
809      59.1597
810      0
811      54.3785
812      0
813      0
814      90.5517
815      64.055
816      55.3741
817      0
818      55.3442
819      86.4898
820      0
821      88.6214
822      60.6687
823      0
824      52.7858
825      0
826      0
827      99.9668
828      0
829      0
830      92.9498
831      0
832      0
833      46.2201
834      78.7114
835      0
836      63.0155
837      67.1792
838      99.9526
839      0
840      82.2146
841      0
842      0
843      89.6168
844      0
845      24.4809
846      99.9709
847      77.8799
848      66.3322
849      99.0668
850      0
851      0
852      95.8496
853      0
854      96.6457
855      0
856      88.2134
857      74.8825
858      60.9009
859      88.1109
860      92.2049
861      0
862      0
863      99.9709
864      99.9601
865      0
866      88.6937
867      45.9002
868      90.8849
869      99.9601
870      66.247
871      77.8534
872      95.9481
873      0
874      0
875      67.5371
876      0
877      98.2023
878      90.5517
879      0
880      91.9055
881      59.1597
882      0
883      0
884      66.247
885      99.9001
886      0
887      99.4744
888      99.9709
889      77.6696
890      0
891      99.9001
892      79.9499
893      77.8534
894      67.7211
895      98.7979
896      98.6414
897      43.077
898      51.7131
899      99.732
900      99.9601
901      0
902      0
903      0
904      87.7918
905      61.5663
906      0
907      99.9601
908      0
909      0
910      0
911      0
912      0
913      49.9585
914      0
915      99.9601
916      81.369
917      92.9498
918      99.9709
919      0
920      0
921      99.7626
922      66.3322
923      0
924      92.1451
925      0
926      50.0297
927      0
928      99.2601
929      46.1129
930      84.9945
931      84.1065
932      90.9489
933      59.7164
934      63.6258
935      0
936      64.8518
937      99.9601
938      0
939      99.9001
940      0
941      0
942      99.9601
943      0
944      85.0954
945      90.4223
946      61.8937
947      35.8213
948      0
949      63.6258
950      99.9601
951      0
952      0
953      82.3597
954      56.0433
955      35.8213
956      90.9489
957      99.7626
958      98.2418
959      95.9481
960      96.6457
961      0
962      99.4744
963      99.9001
964      65.9328
965      99.0668
966      48.3071
967      0
968      53.6137
969      99.9526
970      0
971      83.648
972      78.0339
973      94.181
974      54.3104
975      99.9601
976      72.1815
977      89.4661
978      85.6516
979      68.1574
980      0
981      99.9601
982      0
983      0
984      59.7164
985      68.6824
986      83.9142
987      43.6474
988      0
989      48.6239
990      0
991      0
992      0
993      77.0276
994      0
995      0
996      93.2966
997      99.9526
998      0
999      50.9151
       34619.9
