0      60.1467
1      86.7167
2      99.8692
3      99.7849
4      77.6894
5      0
6      72.9351
7      0
8      73.7794
9      99.2677
10      97.9567
11      99.5158
12      0
13      0
14      0
15      95.331
16      0
17      58.6626
18      45.6657
19      48.8769
20      0
21      0
22      99.8692
23      0
24      66.0197
25      99.9731
26      0
27      45.7028
28      59.1501
29      61.1514
30      0
31      0
32      48.7462
33      72.8137
34      97.8266
35      0
36      64.442
37      0
38      0
39      77.6415
40      0
41      0
42      38.5425
43      99.5158
44      74.1288
45      77.586
46      0
47      99.9633
48      0
49      99.3044
50      0
51      90.6814
52      60.2732
53      0
54      0
55      0
56      99.9731
57      0
58      0
59      82.9805
60      78.7282
61      0
62      64.442
63      64.2185
64      98.5929
65      56.5683
66      59.2453
67      0
68      96.4502
69      0
70      84.8552
71      99.833
72      0
73      55.4795
74      0
75      0
76      0
77      75.6102
78      54.5731
79      99.833
80      75.2713
81      0
82      0
83      72.6372
84      99.9731
85      56.5683
86      80.349
87      67.9826
88      0
89      43.9762
90      0
91      70.5342
92      0
93      0
94      0
95      0
96      0
97      99.953
98      0
99      67.0864
100      64.0194
101      82.0301
102      99.7849
103      67.7922
104      54.4637
105      99.5158
106      90.623
107      0
108      0
109      67.9826
110      94.648
111      81.3325
112      0
113      99.9633
114      83.1293
115      82.0301
116      76.728
117      82.0301
118      0
119      0
120      0
121      0
122      0
123      69.3875
124      0
125      0
126      99.8692
127      0
128      87.1854
129      99.8692
130      76.728
131      0
132      67.9826
133      0
134      0
135      98.7358
136      59.2453
137      51.1996
138      99.8692
139      82.9805
140      80.349
141      99.2677
142      92.8367
143      99.9731
144      71.6772
145      61.5608
146      0
147      99.9578
148      96.5624
149      0
150      93.9946
151      99.9731
152      99.7849
153      95.8234
154      0
155      54.25
156      99.9731
157      99.8692
158      82.0301
159      48.7462
160      97.7172
161      43.9762
162      99.9633
163      64.1827
164      63.7779
165      99.8692
166      76.3598
167      0
168      99.2677
169      99.8692
170      99.9731
171      99.8692
172      0
173      98.7358
174      0
175      0
176      95.5473
177      0
178      0
179      0
180      99.8692
181      0
182      66.0197
183      43.024
184      99.8692
185      98.7358
186      0
187      0
188      73.4904
189      94.9303
190      98.0044
191      87.8989
192      99.9731
193      78.7674
194      90.6814
195      75.84
196      0
197      71.5074
198      0
199      78.7674
200      51.0916
201      0
202      0
203      51.1996
204      93.6701
205      0
206      0
207      99.3044
208      43.9762
209      62.3133
210      99.7226
211      84.6258
212      0
213      0
214      0
215      0
216      0
217      0
218      99.9794
219      96.5624
220      90.1358
221      56.5683
222      97.992
223      86.523
224      98.7358
225      96.5624
226      97.8266
227      0
228      0
229      76.3598
230      53.6515
231      99.9731
232      99.8692
233      99.638
234      81.7267
235      99.6251
236      67.7922
237      78.2034
238      0
239      94.648
240      0
241      0
242      99.8692
243      83.6526
244      98.7358
245      99.8692
246      84.7047
247      77.4993
248      99.7849
249      99.8692
250      81.3325
251      56.9308
252      50.4734
253      86.8971
254      0
255      0
256      69.7423
257      0
258      55.6682
259      0
260      99.9731
261      99.7226
262      99.2677
263      0
264      99.5158
265      45.7583
266      75.6102
267      0
268      0
269      86.2792
270      72.0774
271      93.9515
272      99.8692
273      99.7849
274      99.8692
275      0
276      97.9027
277      98.7358
278      0
279      93.9515
280      85.0587
281      0
282      63.5734
283      97.8266
284      68.6495
285      0
286      47.7718
287      56.9308
288      60.4431
289      98.7358
290      81.9813
291      80.349
292      81.3325
293      61.4078
294      99.8692
295      99.9731
296      82.0301
297      94.9303
298      0
299      67.7922
300      85.8198
301      61.1514
302      99.7226
303      99.3044
304      0
305      62.8162
306      0
307      99.9731
308      0
309      99.7226
310      0
311      0
312      53.6515
313      99.9731
314      99.7226
315      62.3661
316      0
317      0
318      54.9098
319      0
320      68.0913
321      99.9578
322      98.0044
323      99.7849
324      99.8692
325      0
326      79.8826
327      61.3647
328      86.4394
329      98.3998
330      87.7524
331      99.7226
332      0
333      0
334      99.7226
335      99.7849
336      0
337      51.0916
338      36.6018
339      78.7674
340      97.992
341      48.3917
342      75.84
343      99.9633
344      62.8985
345      99.9731
346      82.9805
347      0
348      0
349      0
350      0
351      45.6698
352      0
353      0
354      63.4072
355      99.9731
356      62.8162
357      0
358      92.8367
359      90.623
360      99.9731
361      68.1997
362      99.7226
363      81.3325
364      0
365      0
366      0
367      63.2239
368      55.7052
369      99.2677
370      76.4015
371      99.8692
372      0
373      99.5158
374      0
375      99.8818
376      0
377      0
378      0
379      94.8687
380      99.8692
381      99.9731
382      53.6515
383      75.84
384      71.1048
385      0
386      0
387      84.3016
388      99.8692
389      0
390      0
391      98.7358
392      99.8692
393      82.0301
394      93.0931
395      99.8692
396      99.9731
397      97.1958
398      96.7111
399      36.5084
400      98.0044
401      99.8692
402      87.2311
403      0
404      81.813
405      0
406      73.3629
407      0
408      55.4572
409      99.2046
410      99.2046
411      80.349
412      0
413      99.2046
414      76.4767
415      83.0023
416      56.9308
417      83.6526
418      40.3954
419      99.8692
420      0
421      0
422      24.9893
423      76.4015
424      0
425      98.0044
426      86.7167
427      87.1854
428      0
429      65.6412
430      0
431      82.9805
432      51.0916
433      63.5734
434      0
435      0
436      54.25
437      76.4767
438      0
439      84.8328
440      0
441      0
442      94.9303
443      0
444      0
445      99.8692
446      99.8692
447      0
448      83.6526
449      74.9782
450      0
451      98.7358
452      58.229
453      99.9731
454      99.9633
455      76.728
456      0
457      0
458      99.7849
459      84.8942
460      99.8692
461      0
462      0
463      99.9731
464      99.9633
465      99.5158
466      47.7718
467      0
468      0
469      97.9567
470      0
471      0
472      0
473      83.8678
474      80.349
475      99.9731
476      0
477      46.9044
478      96.5624
479      0
480      99.4501
481      0
482      0
483      77.2695
484      93.5631
485      0
486      86.523
487      72.1263
488      65.4619
489      73.4727
490      78.6728
491      48.0217
492      98.7358
493      0
494      0
495      46.3343
496      99.9731
497      0
498      0
499      0
       17072.3
