0      98.643
1      92.6172
2      0
3      97.2308
4      0
5      94.371
6      0
7      0
8      64.7334
9      99.1435
10      83.9402
11      65.3335
12      58.0902
13      85.0488
14      98.643
15      93.6007
16      62.3248
17      0
18      0
19      88.0219
20      68.8763
21      98.643
22      99.3351
23      76.3689
24      56.7152
25      86.5069
26      67.7895
27      0
28      83.8945
29      61.3628
30      74.9565
31      84.5023
32      0
33      94.9433
34      66.5157
35      0
36      0
37      0
38      93.4061
39      0
40      91.5976
41      94.2653
42      47.8742
43      0
44      0
45      0
46      94.9829
47      46.7864
48      0
49      52.1252
50      56.8498
51      94.0234
52      80.5961
53      45.048
54      66.4012
55      0
56      90.0174
57      87.5192
58      0
59      70.2934
60      0
61      66.7614
62      76.6224
63      72.1794
64      0
65      0
66      99.7467
67      0
68      76.9596
69      77.5323
70      57.2632
71      99.01
72      0
73      0
74      98.643
75      0
76      0
77      99.322
78      84.0422
79      0
80      97.3365
81      92.8258
82      88.6433
83      0
84      99.3289
85      70.2934
86      96.655
87      88.5457
88      0
89      0
90      72.2187
91      0
92      59.6925
93      0
94      56.6489
95      75.4483
96      0
97      0
98      91.556
99      98.643
100      78.5541
101      0
102      0
103      97.2636
104      99.3351
105      50.3362
106      54.7113
107      77.6238
108      0
109      89.1522
110      0
111      90.3982
112      99.2421
113      92.471
114      84.5023
115      54.0156
116      0
117      86.1929
118      72.3517
119      0
120      0
121      0
122      0
123      97.0654
124      0
125      89.901
126      68.5236
127      87.9689
128      75.9217
129      99.7493
130      88.8364
131      90.0174
132      0
133      86.3986
134      75.4483
135      95.1178
136      0
137      51.4312
138      70.3106
139      0
140      99.7523
141      62.0272
142      93.1662
143      85.5174
144      0
145      99.7677
146      79.9634
147      78.0011
148      46.4717
149      82.506
150      83.8945
151      0
152      99.6726
153      79.2813
154      97.0283
155      59.0489
156      0
157      61.6138
158      81.9958
159      72.2905
160      76.6442
161      55.0734
162      0
163      88.6433
164      53.5908
165      0
166      92.9108
167      0
168      99.01
169      0
170      88.0219
171      88.832
172      0
173      66.7332
174      62.9668
175      97.2308
176      70.7408
177      0
178      92.7561
179      59.8299
180      76.9736
181      74.6769
182      95.9244
183      98.8307
184      50.3257
185      97.3623
186      0
187      92.8258
188      0
189      79.7236
190      86.3986
191      84.5023
192      97.5075
193      98.643
194      97.8867
195      0
196      85.0544
197      88.0597
198      0
199      94.1786
200      49.1608
201      0
202      0
203      63.6093
204      0
205      99.467
206      0
207      91.8997
208      52.5042
209      99.6669
210      0
211      0
212      0
213      95.1659
214      92.4263
215      67.4166
216      82.5536
217      0
218      0
219      92.0955
220      92.2599
221      0
222      86.0429
223      80.2007
224      99.6614
225      0
226      0
227      95.7074
228      99.7523
229      0
230      61.7491
231      94.2653
232      96.0765
233      99.4764
234      0
235      97.6358
236      0
237      45.218
238      73.2793
239      67.2839
240      0
241      0
242      65.543
243      51.5156
244      0
245      91.834
246      69.2114
247      58.9445
248      59.3516
249      82.506
250      0
251      68.6477
252      83.5223
253      90.0195
254      95.0037
255      66.4012
256      44.2659
257      74.9196
258      0
259      87.5192
260      75.6553
261      89.9526
262      54.0472
263      0
264      79.9634
265      0
266      75.6553
267      78.5541
268      61.5164
269      50.3046
270      53.8342
271      0
272      45.5263
273      99.7493
274      0
275      92.9035
276      62.9668
277      0
278      0
279      88.1302
280      0
281      92.8258
282      82.0235
283      76.6224
284      82.0676
285      69.7155
286      0
287      96.655
288      52.6101
289      87.5403
290      0
291      65.873
292      0
293      86.4799
294      97.4589
295      92.9057
296      0
297      87.9189
298      44.9925
299      57.7874
300      96.3513
301      0
302      0
303      70.2934
304      96.0765
305      0
306      89.901
307      80.6267
308      63.6578
309      92.0955
310      99.01
311      0
312      0
313      98.8622
314      99.4552
315      81.0325
316      90.348
317      0
318      0
319      79.799
320      0
321      94.7244
322      0
323      0
324      44.7931
325      77.298
326      0
327      70.1049
328      94.0663
329      0
330      95.1649
331      98.0292
332      0
333      97.2308
334      77.298
335      0
336      88.4181
337      0
338      0
339      0
340      0
341      99.1435
342      99.4905
343      99.01
344      0
345      80.8374
346      71.7503
347      53.7419
348      93.0261
349      92.5702
350      57.15
351      53.4637
352      0
353      85.892
354      99.9572
355      48.5865
356      99.2741
357      46.9751
358      0
359      0
360      76.3689
361      94.455
362      58.0145
363      98.05
364      72.3397
365      57.3882
366      89.9526
367      76.7987
368      0
369      0
370      82.3102
371      60.9228
372      75.118
373      62.676
374      62.3692
375      0
376      0
377      0
378      86.265
379      0
380      97.2308
381      54.0472
382      86.4799
383      0
384      88.0437
385      94.4324
386      0
387      0
388      0
389      46.3691
390      0
391      82.3873
392      0
393      0
394      63.4201
395      0
396      91.1292
397      46.9012
398      95.6911
399      97.5883
400      77.2591
401      65.3066
402      69.5757
403      0
404      97.5375
405      61.6138
406      0
407      0
408      0
409      0
410      58.9445
411      95.0671
412      0
413      0
414      94.0801
415      94.371
416      0
417      0
418      0
419      0
420      99.7467
421      84.5023
422      53.8041
423      98.9832
424      99.6614
425      0
426      0
427      0
428      72.1404
429      64.3309
430      0
431      0
432      79.2498
433      55.7153
434      0
435      0
436      0
437      0
438      99.6697
439      0
440      86.6717
441      84.4455
442      0
443      0
444      97.4878
445      99.8157
446      62.9668
447      0
448      99.0232
449      0
450      96.3126
451      0
452      84.0422
453      98.8307
454      93.8004
455      89.3393
456      77.0533
457      46.9079
458      94.5032
459      84.4455
460      0
461      0
462      99.6614
463      46.7934
464      0
465      0
466      51.6424
467      0
468      72.1667
469      76.7233
470      0
471      46.9012
472      78.4255
473      99.4649
474      96.3513
475      0
476      82.4747
477      0
478      46.5473
479      91.5762
480      99.7631
481      62.3976
482      94.5944
483      67.7005
484      0
485      80.4118
486      62.1028
487      74.3554
488      69.7155
489      74.4678
490      56.7258
491      0.329344
492      97.5075
493      0
494      0
495      98.8169
496      0
497      89.837
498      0
499      0
500      97.4589
501      81.9958
502      66.6198
503      0
504      71.8114
505      93.9766
506      51.2675
507      74.9196
508      53.8342
509      0
510      86.9052
511      60.9595
512      0
513      83.5005
514      0
515      0
516      47.5203
517      94.4324
518      51.013
519      98.8622
520      60.397
521      94.9817
522      99.112
523      81.0325
524      96.655
525      71.6122
526      0
527      83.0565
528      64.9151
529      0
530      59.7077
531      95.1242
532      95.1659
533      83.1641
534      0
535      0
536      0
537      0
538      64.38
539      94.0801
540      0
541      53.0648
542      0
543      91.1463
544      0
545      62.9129
546      46.2094
547      99.2741
548      0
549      0
550      91.682
551      82.8794
552      81.0151
553      63.4581
554      99.4494
555      46.9012
556      64.2225
557      61.0322
558      94.4324
559      99.3289
560      78.2905
561      0
562      55.9074
563      74.4466
564      76.8116
565      0
566      92.5973
567      0
568      54.5244
569      67.274
570      73.2793
571      90.1572
572      62.3016
573      97.6841
574      0
575      65.543
576      98.3813
577      86.5771
578      0
579      99.6697
580      0
581      78.5541
582      98.3813
583      0
584      0
585      0
586      47.7347
587      79.2836
588      63.5558
589      60.3107
590      0
591      0
592      74.9196
593      95.5081
594      0
595      0
596      49.1608
597      44.7063
598      0
599      99.2741
600      76.3003
601      83.4096
602      0
603      49.9293
604      99.2741
605      0
606      60.4256
607      99.1966
608      97.4878
609      63.1587
610      63.6704
611      97.2308
612      99.6697
613      90.348
614      94.9586
615      0
616      71.8681
617      0
618      0
619      74.5613
620      0
621      57.3031
622      84.636
623      0
624      0
625      0
626      43.0193
627      84.5023
628      56.4253
629      91.1463
630      81.0151
631      0
632      97.8867
633      0
634      0
635      0
636      56.7258
637      94.0801
638      66.0627
639      52.1252
640      70.8675
641      40.8375
642      0
643      94.5944
644      88.832
645      38.853
646      78.0011
647      0
648      50.3257
649      89.0196
650      0
651      0
652      0
653      97.9373
654      62.9668
655      84.4372
656      0
657      67.274
658      0
659      0
660      0
661      92.0955
662      90.3982
663      0
664      96.3126
665      0
666      0
667      0
668      97.5422
669      86.3095
670      97.3069
671      83.6786
672      81.5631
673      0
674      57.1291
675      99.7467
676      0
677      57.2178
678      99.7493
679      68.8678
680      88.9665
681      0
682      0
683      0
684      96.3513
685      99.8157
686      57.7874
687      85.7955
688      0
689      62.5205
690      92.9789
691      0
692      62.9668
693      58.9344
694      0
695      62.9129
696      99.4649
697      0
698      96.1944
699      54.4104
700      0
701      0
702      75.4427
703      50.2203
704      0
705      0
706      0
707      0
708      60.9159
709      99.3574
710      77.2199
711      0
712      0
713      99.322
714      68.2067
715      0
716      74.3554
717      48.8429
718      65.0225
719      46.4809
720      91.1292
721      0
722      95.5931
723      92.4263
724      90.943
725      75.9799
726      0
727      99.322
728      61.7491
729      54.2972
730      97.4878
731      0
732      92.2473
733      0
734      0
735      98.9832
736      0
737      0
738      87.8562
739      99.7493
740      50.4848
741      85.9083
742      72.013
743      68.3866
744      99.6697
745      91.04
746      90.348
747      74.4466
748      60.7868
749      0
750      99.7631
751      56.0904
752      98.3813
753      69.8586
754      0
755      0
756      61.4996
757      0
758      72.165
759      99.7724
760      71.4832
761      51.9509
762      0
763      89.4742
764      78.1441
765      70.8174
766      0
767      0
768      0
769      78.2238
770      0
771      89.3393
772      99.322
773      77.033
774      0
775      83.3713
776      65.0225
777      80.8374
778      67.2635
779      84.0422
780      99.7493
781      87.3599
782      49.0379
783      0
784      82.2903
785      45.218
786      0
787      0
788      0
789      48.3883
790      99.7677
791      0
792      94.9433
793      89.0719
794      0
795      99.6669
796      74.4423
797      98.8622
798      0
799      57.15
800      65.4442
801      0
802      0
803      63.2178
804      90.348
805      0
806      89.929
807      83.5005
808      77.2591
809      0
810      0
811      96.2055
812      87.8117
813      81.8827
814      94.3602
815      75.9374
816      98.2541
817      0
818      77.2199
819      96.655
820      87.5192
821      48.3952
822      78.2905
823      0
824      86.1232
825      70.8281
826      95.9401
827      0
828      89.2337
829      0
830      68.2067
831      99.7724
832      99.01
833      0
834      0
835      0
836      0
837      0
838      0
839      77.5712
840      0
841      77.298
842      0
843      0
844      95.1659
845      92.1691
846      0
847      99.6697
848      75.0674
849      98.7261
850      97.5075
851      82.2977
852      62.2415
853      72.2905
854      0
855      99.4649
856      99.6697
857      53.6677
858      99.6669
859      61.0641
860      77.0533
861      0
862      99.2741
863      45.0101
864      0
865      99.6697
866      0
867      73.1548
868      99.7156
869      95.0612
870      99.6669
871      59.6658
872      99.6669
873      0
874      67.53
875      64.4198
876      97.9517
877      80.6267
878      94.3807
879      97.9517
880      69.4463
881      0
882      0
883      86.3095
884      0
885      96.9207
886      96.3126
887      98.3006
888      88.0219
889      0
890      80.6267
891      0
892      0
893      82.8794
894      0
895      98.1925
896      79.9634
897      0
898      66.5363
899      0
900      0
901      84.5023
902      80.6267
903      59.6972
904      65.4985
905      76.6442
906      95.1649
907      74.2917
908      99.6614
909      97.4589
910      83.904
911      49.3253
912      82.0235
913      0
914      48.1958
915      79.9634
916      96.8202
917      0
918      98.3006
919      98.9229
920      70.8281
921      85.0544
922      61.7491
923      99.0232
924      96.2763
925      0
926      60.7167
927      0
928      0
929      64.7334
930      63.6704
931      95.1659
932      85.3734
933      46.7028
934      0
935      68.1251
936      0
937      80.1392
938      0
939      93.4061
940      90.8402
941      68.2067
942      84.7529
943      95.5338
944      0
945      44.3867
946      72.1667
947      99.1966
948      77.012
949      0
950      0
951      99.467
952      0
953      94.0615
954      64.5289
955      91.5762
956      48.1153
957      98.8622
958      0
959      90.7594
960      62.3016
961      99.7493
962      84.1125
963      0
964      97.2837
965      98.8307
966      0
967      0
968      0
969      0
970      99.3351
971      0
972      0
973      49.3253
974      81.1901
975      0
976      71.54
977      0
978      0
979      99.7724
980      0
981      98.0292
982      66.7385
983      96.885
984      66.5657
985      88.832
986      48.939
987      77.7243
988      0
989      86.1232
990      0
991      97.5883
992      69.4424
993      53.0522
994      56.7152
995      69.4463
996      0
997      90.348
998      89.2337
999      54.9872
1000      0
1001      98.643
1002      0
1003      68.5236
1004      99.4494
1005      0
1006      81.6032
1007      0
1008      0
1009      99.6726
1010      73.3032
1011      94.4324
1012      0
1013      0
1014      97.4878
1015      75.3408
1016      0
1017      99.3574
1018      0
1019      0
1020      0
1021      0
1022      67.4037
1023      63.0304
1024      0
1025      53.8041
1026      61.7491
1027      0
1028      78.5095
1029      45.048
1030      0
1031      44.3715
1032      93.0634
1033      0
1034      85.7804
1035      0
1036      78.2905
1037      0
1038      99.9761
1039      71.1767
1040      50.3362
1041      0
1042      84.5023
1043      99.0232
1044      0
1045      0
1046      92.0673
1047      79.2813
1048      99.6669
1049      77.8447
1050      0
1051      0
1052      91.1463
1053      88.1143
1054      72.013
1055      89.3294
1056      98.2541
1057      0
1058      87.9189
1059      0
1060      0
1061      80.864
1062      0
1063      73.2793
1064      0
1065      0
1066      0
1067      94.0801
1068      80.6499
1069      53.9647
1070      0
1071      75.4427
1072      0
1073      80.864
1074      92.5973
1075      0
1076      92.471
1077      53.0648
1078      0
1079      99.6697
1080      0
1081      0
1082      0
1083      92.9035
1084      75.6325
1085      0
1086      61.5942
1087      90.3982
1088      98.643
1089      96.2055
1090      64.2677
1091      95.2046
1092      0
1093      98.2385
1094      60.397
1095      99.4552
1096      0
1097      72.1487
1098      0
1099      69.9193
1100      98.1925
1101      49.97
1102      91.5976
1103      96.655
1104      70.3106
1105      89.929
1106      96.885
1107      0
1108      0
1109      41.726
1110      97.4589
1111      99.4649
1112      99.6669
1113      83.4096
1114      94.9095
1115      54.9768
1116      90.9276
1117      0
1118      74.5469
1119      87.1921
1120      0
1121      0
1122      0
1123      0
1124      99.4494
1125      71.2474
1126      84.2583
1127      90.3562
1128      57.9247
1129      0
1130      86.8691
1131      0
1132      0
1133      79.799
1134      52.4976
1135      88.4181
1136      0
1137      0
1138      53.4823
1139      0
1140      56.9541
1141      84.5023
1142      0
1143      99.2741
1144      75.6553
1145      47.5206
1146      95.9244
1147      0
1148      0
1149      0
1150      66.3847
1151      0
1152      0
1153      0
1154      0
1155      54.4211
1156      56.8438
1157      0
1158      93.0634
1159      56.7152
1160      97.0654
1161      54.7183
1162      92.5702
1163      68.5759
1164      45.4546
1165      72.013
1166      86.678
1167      84.4455
1168      0
1169      54.0472
1170      91.993
1171      0
1172      0
1173      89.0196
1174      47.56
1175      51.2358
1176      99.9572
1177      0
1178      98.643
1179      0
1180      46.6196
1181      0
1182      0
1183      0
1184      0
1185      98.5678
1186      0
1187      0
1188      94.0234
1189      80.2945
1190      78.7597
1191      58.8651
1192      98.9832
1193      0
1194      0
1195      78.2905
1196      0
1197      0
1198      97.7128
1199      49.4616
1200      79.2813
1201      0
1202      90.7686
1203      90.5233
1204      88.0219
1205      43.5436
1206      0
1207      0
1208      95.0612
1209      0
1210      98.6805
1211      0
1212      0
1213      72.6016
1214      97.3365
1215      74.3554
1216      99.7467
1217      53.0522
1218      57.605
1219      0
1220      99.6669
1221      0
1222      0
1223      0
1224      0
1225      81.3935
1226      89.1522
1227      51.2326
1228      0
1229      78.7039
1230      0
1231      79.9634
1232      62.3016
1233      99.0232
1234      94.3807
1235      71.2474
1236      0
1237      0
1238      0
1239      45.048
1240      94.7815
1241      0
1242      0
1243      67.274
1244      81.8896
1245      50.4848
1246      39.5758
1247      63.2178
1248      0
1249      0
1250      54.0472
1251      0
1252      74.5789
1253      0
1254      0
1255      68.0791
1256      61.3552
1257      99.6669
1258      0
1259      0
1260      74.6769
1261      98.3813
1262      0
1263      0
1264      86.3095
1265      57.605
1266      0
1267      51.6512
1268      0
1269      91.834
1270      0
1271      84.0422
1272      94.455
1273      92.6341
1274      76.8824
1275      84.757
1276      75.6553
1277      0
1278      57.605
1279      53.4823
1280      0
1281      0
1282      60.9907
1283      57.8535
1284      94.1218
1285      93.6407
1286      47.3089
1287      0
1288      0
1289      82.5536
1290      0
1291      0
1292      94.2651
1293      0
1294      92.9468
1295      0
1296      0
1297      84.5024
1298      66.0627
1299      0
1300      0
1301      70.6781
1302      0
1303      87.9189
1304      45.9639
1305      93.6103
1306      75.9799
1307      29.0909
1308      0
1309      0
1310      67.7895
1311      60.1411
1312      98.2081
1313      71.0431
1314      71.6122
1315      75.8072
1316      85.2691
1317      66.8889
1318      96.1944
1319      57.375
1320      97.3069
1321      0
1322      79.2813
1323      82.5536
1324      94.2658
1325      0
1326      76.0825
1327      65.3355
1328      85.0544
1329      67.7745
1330      0
1331      0
1332      81.5631
1333      72.2187
1334      0
1335      49.1569
1336      98.9832
1337      82.0235
1338      66.9111
1339      0
1340      73.2283
1341      57.121
1342      43.6169
1343      99.7467
1344      0
1345      99.6697
1346      70.9737
1347      0
1348      7.74248
1349      79.8895
1350      81.8896
1351      54.2972
1352      0
1353      0
1354      0
1355      97.6358
1356      0
1357      69.5057
1358      51.4008
1359      0
1360      99.2741
1361      0
1362      67.4166
1363      57.4907
1364      97.9517
1365      0
1366      75.0077
1367      60.9159
1368      49.97
1369      0
1370      48.1153
1371      0
1372      97.7747
1373      0
1374      93.0261
1375      97.3365
1376      0
1377      0
1378      92.7568
1379      0
1380      43.679
1381      0
1382      98.8622
1383      75.6318
1384      0
1385      99.0232
1386      0
1387      94.3602
1388      86.3095
1389      98.643
1390      56.9541
1391      0
1392      49.4451
1393      99.7264
1394      60.3107
1395      80.1247
1396      99.0232
1397      44.2286
1398      95.9417
1399      81.3935
1400      0
1401      77.8447
1402      0
1403      99.7631
1404      88.5473
1405      50.4263
1406      58.8651
1407      81.6443
1408      50.3527
1409      0
1410      0
1411      59.6658
1412      66.5157
1413      53.8342
1414      63.5533
1415      73.9753
1416      0
1417      97.2308
1418      0
1419      84.757
1420      99.4649
1421      0
1422      92.9057
1423      50.9236
1424      0
1425      0
1426      0
1427      57.605
1428      49.348
1429      89.2863
1430      84.2523
1431      78.5095
1432      0
1433      92.2473
1434      99.4494
1435      46.1607
1436      63.3297
1437      51.4797
1438      64.2225
1439      99.7467
1440      0
1441      97.0711
1442      75.7728
1443      0
1444      94.1786
1445      83.5388
1446      99.01
1447      61.4644
1448      0
1449      0
1450      64.5673
1451      41.3205
1452      0
1453      0
1454      0
1455      0
1456      0
1457      71.7337
1458      90.8402
1459      90.0924
1460      90.6976
1461      95.5931
1462      62.5205
1463      0
1464      97.3069
1465      96.2429
1466      86.5493
1467      0
1468      54.4497
1469      92.6172
1470      85.0544
1471      58.1968
1472      62.3016
1473      76.8058
1474      0
1475      0
1476      0
1477      60.0949
1478      0
1479      67.7583
1480      0
1481      57.9247
1482      95.7074
1483      0
1484      79.305
1485      0
1486      96.2619
1487      98.8307
1488      91.1463
1489      94.3602
1490      45.5969
1491      0
1492      68.3178
1493      0
1494      92.9057
1495      77.4104
1496      94.455
1497      96.655
1498      61.893
1499      56.5622
1500      94.7585
1501      69.5757
1502      47.814
1503      99.9069
1504      97.7128
1505      83.6541
1506      66.4012
1507      68.5236
1508      94.4324
1509      66.1105
1510      51.7285
1511      56.201
1512      0
1513      46.8055
1514      61.3545
1515      0
1516      94.7815
1517      89.5559
1518      0
1519      0
1520      70.443
1521      50.1258
1522      0
1523      82.5536
1524      82.9156
1525      97.6841
1526      68.1251
1527      90.943
1528      72.1667
1529      0
1530      63.6578
1531      0
1532      85.5918
1533      0
1534      79.9634
1535      0
1536      71.54
1537      0
1538      91.1463
1539      59.2995
1540      0
1541      46.7864
1542      99.907
1543      81.243
1544      71.7503
1545      64.4198
1546      0
1547      0
1548      0
1549      71.1767
1550      0
1551      94.4324
1552      52.0254
1553      99.4649
1554      99.7467
1555      96.655
1556      49.1776
1557      0
1558      0
1559      94.4871
1560      0
1561      67.0224
1562      94.0663
1563      47.506
1564      58.4786
1565      0
1566      94.9433
1567      0
1568      82.2977
1569      0
1570      50.4848
1571      0
1572      62.0773
1573      97.0283
1574      70.5459
1575      0
1576      0
1577      99.6697
1578      85.5734
1579      90.0174
1580      95.1178
1581      66.1105
1582      77.2591
1583      0
1584      91.5762
1585      0
1586      0
1587      98.7261
1588      74.2095
1589      83.3713
1590      0
1591      98.8307
1592      77.2208
1593      70.2934
1594      89.4742
1595      99.3289
1596      56.3239
1597      90.6976
1598      0
1599      0
1600      99.6697
1601      82.506
1602      97.6841
1603      87.5403
1604      48.1958
1605      95.1659
1606      93.9766
1607      0
1608      63.2838
1609      89.2337
1610      53.8342
1611      0
1612      99.9761
1613      99.9504
1614      74.2917
1615      0
1616      0
1617      57.8535
1618      0
1619      0
1620      0
1621      66.324
1622      0
1623      0
1624      52.6839
1625      99.1966
1626      85.0544
1627      0
1628      88.0219
1629      89.5559
1630      95.1649
1631      59.5955
1632      90.348
1633      0
1634      93.6007
1635      81.1472
1636      0
1637      0
1638      90.3982
1639      0
1640      86.8691
1641      53.4922
1642      0
1643      0
1644      95.4876
1645      0
1646      92.7568
1647      50.4848
1648      81.3678
1649      0
1650      0
1651      0
1652      97.6841
1653      0
1654      99.3351
1655      0
1656      89.5559
1657      0
1658      0
1659      47.8742
1660      0
1661      0
1662      92.0673
1663      0
1664      0
1665      47.5697
1666      99.1489
1667      94.9197
1668      88.9665
1669      81.9392
1670      88.4181
1671      78.5541
1672      92.9168
1673      80.4118
1674      81.6032
1675      70.3465
1676      0
1677      97.6841
1678      92.2473
1679      0
1680      99.6726
1681      58.9445
1682      0
1683      79.799
1684      0
1685      53.8342
1686      47.5871
1687      86.6717
1688      77.2208
1689      72.4236
1690      66.5476
1691      97.3069
1692      92.9168
1693      66.9143
1694      90.0924
1695      0
1696      72.2905
1697      0
1698      77.298
1699      60.7977
1700      87.8117
1701      96.1681
1702      74.9565
1703      74.6769
1704      77.6238
1705      0
1706      0
1707      70.5727
1708      93.0261
1709      0
1710      64.2677
1711      55.9909
1712      54.1638
1713      63.2178
1714      0
1715      80.071
1716      87.8946
1717      96.1658
1718      72.1667
1719      0
1720      72.4236
1721      88.0552
1722      0
1723      0
1724      75.9374
1725      84.5023
1726      72.165
1727      0
1728      98.5678
1729      49.97
1730      68.5492
1731      66.9143
1732      0
1733      0
1734      77.5323
1735      98.2385
1736      55.7153
1737      0
1738      86.3986
1739      62.9668
1740      97.1977
1741      0
1742      0
1743      0
1744      70.7353
1745      98.3006
1746      94.1786
1747      0
1748      0
1749      53.8342
1750      0
1751      0
1752      78.2238
1753      0
1754      82.1099
1755      95.0612
1756      62.9668
1757      97.9517
1758      83.3713
1759      0
1760      98.9154
1761      91.6324
1762      0
1763      0
1764      92.2473
1765      41.3982
1766      53.9017
1767      98.2385
1768      99.3574
1769      41.859
1770      0
1771      63.2838
1772      86.9233
1773      98.8307
1774      80.8081
1775      98.2385
1776      80.6495
1777      84.757
1778      94.9829
1779      99.2741
1780      0
1781      79.3502
1782      0
1783      0
1784      98.8622
1785      79.9634
1786      99.6614
1787      0
1788      0
1789      66.7614
1790      81.4075
1791      55.9095
1792      94.7244
1793      61.9629
1794      85.0544
1795      86.6944
1796      0
1797      57.6973
1798      57.15
1799      97.6841
1800      88.0437
1801      97.5883
1802      44.3867
1803      68.0791
1804      87.8946
1805      0
1806      91.5762
1807      96.655
1808      98.8622
1809      84.7551
1810      0
1811      94.9468
1812      96.1658
1813      0
1814      38.6474
1815      0
1816      52.2278
1817      0
1818      90.1572
1819      73.1548
1820      0
1821      65.3066
1822      97.5375
1823      92.1473
1824      66.4576
1825      0
1826      78.7572
1827      91.0292
1828      56.037
1829      78.6765
1830      97.0283
1831      97.5422
1832      0
1833      99.7631
1834      0
1835      0
1836      99.7013
1837      57.3882
1838      79.8701
1839      0
1840      70.6564
1841      81.1472
1842      82.0676
1843      96.1658
1844      79.7329
1845      44.3654
1846      0
1847      91.2882
1848      96.2429
1849      75.0674
1850      99.0599
1851      87.5192
1852      53.9405
1853      65.4985
1854      55.7687
1855      57.4817
1856      0
1857      81.0151
1858      0
1859      65.7696
1860      72.7424
1861      53.4345
1862      0
1863      0
1864      0
1865      0
1866      75.0077
1867      0
1868      55.9157
1869      46.7864
1870      0
1871      88.0219
1872      66.7614
1873      0
1874      68.3886
1875      65.7756
1876      90.2315
1877      0
1878      0
1879      99.7493
1880      0
1881      0
1882      0
1883      0
1884      99.1489
1885      84.0422
1886      0
1887      0
1888      0
1889      0
1890      90.8402
1891      56.9525
1892      0
1893      60.918
1894      0
1895      46.8577
1896      0
1897      0
1898      45.5969
1899      80.6403
1900      65.4985
1901      98.2385
1902      75.0246
1903      71.1249
1904      99.2741
1905      92.2599
1906      81.0151
1907      99.1435
1908      0
1909      85.2691
1910      92.1353
1911      70.8675
1912      46.1463
1913      98.643
1914      88.0219
1915      87.7284
1916      48.0452
1917      86.5493
1918      86.678
1919      94.371
1920      98.8622
1921      85.2691
1922      0
1923      0
1924      0
1925      99.6669
1926      0
1927      96.2747
1928      88.6427
1929      83.6786
1930      97.5422
1931      98.5678
1932      54.7113
1933      0
1934      0
1935      0
1936      94.3602
1937      0
1938      82.0676
1939      63.2565
1940      86.265
1941      57.7874
1942      0
1943      0
1944      95.1649
1945      0
1946      0
1947      0
1948      0
1949      0
1950      0
1951      78.5541
1952      0
1953      96.3126
1954      0
1955      0
1956      79.799
1957      78.6765
1958      0
1959      74.2917
1960      86.6061
1961      98.8622
1962      0
1963      51.0979
1964      76.1676
1965      87.8799
1966      0
1967      0
1968      98.643
1969      88.832
1970      0
1971      0
1972      47.5206
1973      0
1974      55.0203
1975      98.1925
1976      98.9832
1977      86.7361
1978      0
1979      81.9392
1980      73.2283
1981      65.3335
1982      74.9196
1983      83.4096
1984      99.9339
1985      0
1986      0
1987      86.1232
1988      48.3883
1989      63.2178
1990      80.7976
1991      0
1992      0
1993      54.5244
1994      92.5973
1995      56.3239
1996      72.3317
1997      0
1998      93.7659
1999      0
2000      75.118
2001      87.842
2002      48.6372
2003      92.6172
2004      72.1667
2005      86.8968
2006      89.837
2007      72.165
2008      0
2009      94.371
2010      74.5469
2011      97.0283
2012      76.0525
2013      88.5457
2014      91.9079
2015      96.655
2016      97.5883
2017      0
2018      0
2019      0
2020      54.4104
2021      98.3813
2022      95.2046
2023      81.427
2024      92.4293
2025      76.0825
2026      67.0224
2027      94.5944
2028      86.031
2029      90.7686
2030      99.9572
2031      0
2032      96.655
2033      70.8281
2034      61.3545
2035      54.5244
2036      0
2037      86.3095
2038      98.643
2039      76.0825
2040      66.8889
2041      78.8953
2042      0
2043      0
2044      0
2045      92.6172
2046      0
2047      0
2048      59.3061
2049      54.2392
2050      0
2051      0
2052      0
2053      0
2054      83.7183
2055      0
2056      97.3365
2057      0
2058      62.0272
2059      98.643
2060      92.1353
2061      59.8038
2062      56.3239
2063      56.3239
2064      0
2065      90.8834
2066      0
2067      96.279
2068      0
2069      0
2070      62.0272
2071      0
2072      95.1659
2073      55.7153
2074      98.1684
2075      75.0077
2076      99.467
2077      0
2078      0
2079      99.7467
2080      0
2081      75.4598
2082      0
2083      46.9012
2084      81.815
2085      0
2086      0
2087      55.2401
2088      70.2443
2089      0
2090      97.294
2091      66.5157
2092      99.7631
2093      64.38
2094      86.6944
2095      79.2498
2096      0
2097      69.7155
2098      64.2973
2099      86.1232
2100      98.6142
2101      94.8609
2102      72.6003
2103      0
2104      56.8438
2105      98.8307
2106      99.4494
2107      63.4893
2108      0
2109      82.832
2110      0
2111      0
2112      74.4678
2113      67.0224
2114      99.6697
2115      97.5422
2116      68.8678
2117      87.2748
2118      70.8174
2119      72.2905
2120      99.4494
2121      0
2122      0
2123      99.7631
2124      74.551
2125      66.5476
2126      74.504
2127      97.7128
2128      98.3813
2129      73.3032
2130      0
2131      98.2385
2132      56.8498
2133      47.8383
2134      82.2977
2135      56.6599
2136      99.8157
2137      99.7724
2138      84.2523
2139      68.5236
2140      96.0765
2141      69.5057
2142      46.1463
2143      91.2523
2144      97.5883
2145      0
2146      93.6103
2147      87.5475
2148      0.0904005
2149      99.322
2150      53.4922
2151      0
2152      55.7153
2153      93.7659
2154      0
2155      83.904
2156      0
2157      92.0673
2158      67.5815
2159      96.655
2160      0
2161      0
2162      69.9908
2163      66.3002
2164      94.4324
2165      72.7921
2166      99.1435
2167      66.4116
2168      95.1178
2169      0
2170      63.8645
2171      43.5436
2172      0
2173      80.6014
2174      52.653
2175      0
2176      56.6489
2177      94.9468
2178      0
2179      57.15
2180      64.3144
2181      0
2182      72.3317
2183      62.9668
2184      96.3513
2185      0
2186      0
2187      0
2188      97.3623
2189      0
2190      59.0489
2191      73.4408
2192      88.0552
2193      98.6142
2194      0
2195      77.8447
2196      95.5931
2197      0
2198      0
2199      68.5236
2200      0
2201      69.594
2202      0
2203      91.5762
2204      0
2205      0
2206      49.97
2207      90.1572
2208      97.3365
2209      0
2210      51.7285
2211      0
2212      0
2213      99.1489
2214      90.5978
2215      51.4008
2216      74.6769
2217      71.1249
2218      0
2219      0
2220      86.5069
2221      0
2222      0
2223      98.3006
2224      0
2225      43.2321
2226      95.0796
2227      0
2228      79.4134
2229      92.0673
2230      72.3397
2231      0
2232      78.5541
2233      0
2234      60.397
2235      0
2236      97.0283
2237      99.9572
2238      61.7315
2239      0
2240      0
2241      0
2242      74.5469
2243      0
2244      0
2245      96.8358
2246      56.6602
2247      0
2248      97.2308
2249      73.1548
2250      99.7493
2251      0
2252      94.0234
2253      0
2254      93.8627
2255      58.5842
2256      70.8788
2257      96.655
2258      89.0196
2259      64.2225
2260      97.3069
2261      50.4848
2262      0
2263      0
2264      0
2265      92.1353
2266      0
2267      51.4312
2268      68.5236
2269      95.9244
2270      92.0955
2271      90.9262
2272      58.9445
2273      0
2274      0
2275      79.9634
2276      0
2277      74.3554
2278      95.5931
2279      0
2280      0
2281      93.0634
2282      0
2283      0
2284      0
2285      83.904
2286      93.0634
2287      90.7686
2288      0
2289      98.3813
2290      66.0627
2291      71.914
2292      52.0295
2293      51.0979
2294      49.257
2295      92.6341
2296      0
2297      98.9708
2298      79.9634
2299      0
2300      89.3905
2301      86.3986
2302      0
2303      99.8856
2304      68.1794
2305      81.5631
2306      90.6976
2307      0
2308      62.5205
2309      0
2310      0
2311      0
2312      66.0627
2313      0
2314      49.1081
2315      43.5488
2316      79.799
2317      0
2318      56.887
2319      90.7686
2320      94.3602
2321      67.2839
2322      99.1435
2323      99.6697
2324      97.2899
2325      86.6944
2326      88.4181
2327      99.322
2328      93.0261
2329      86.1232
2330      63.8645
2331      71.0592
2332      61.4238
2333      82.9027
2334      57.929
2335      97.7128
2336      0
2337      99.4905
2338      0
2339      83.904
2340      74.9793
2341      74.6769
2342      99.467
2343      98.0979
2344      93.3068
2345      0
2346      54.9168
2347      29.0909
2348      0
2349      69.765
2350      64.38
2351      75.4483
2352      99.3574
2353      0
2354      0
2355      94.2616
2356      97.5075
2357      90.9518
2358      81.0151
2359      0
2360      0
2361      71.8681
2362      0
2363      86.5069
2364      80.1317
2365      87.8562
2366      98.643
2367      83.3713
2368      79.6624
2369      90.348
2370      81.9392
2371      0
2372      0
2373      99.4552
2374      99.01
2375      86.7207
2376      0
2377      0
2378      81.8827
2379      94.9095
2380      0
2381      0
2382      48.939
2383      87.9754
2384      97.3623
2385      0
2386      0
2387      0
2388      0
2389      59.6657
2390      58.0902
2391      99.7467
2392      0
2393      69.7155
2394      0
2395      96.885
2396      0
2397      42.1427
2398      49.257
2399      89.5559
2400      97.2899
2401      0
2402      0
2403      45.4467
2404      88.0219
2405      92.4655
2406      81.031
2407      0
2408      57.15
2409      91.8997
2410      60.3588
2411      0
2412      0
2413      43.8629
2414      0
2415      57.605
2416      78.7572
2417      92.6694
2418      49.1776
2419      0
2420      0
2421      60.6756
2422      96.3026
2423      69.4683
2424      0
2425      0
2426      99.4494
2427      72.1794
2428      68.8763
2429      96.655
2430      54.2392
2431      99.4494
2432      86.6944
2433      0
2434      94.9433
2435      0
2436      63.5533
2437      0
2438      98.884
2439      0
2440      0
2441      48.8288
2442      98.6939
2443      71.1015
2444      61.7491
2445      94.8426
2446      91.5762
2447      92.8164
2448      99.7467
2449      91.5809
2450      75.4598
2451      0
2452      0
2453      0
2454      0
2455      0
2456      98.05
2457      0
2458      50.4263
2459      0
2460      57.3031
2461      98.8307
2462      0
2463      0
2464      0
2465      98.0979
2466      0
2467      54.6213
2468      0
2469      0
2470      0
2471      99.6697
2472      78.4255
2473      64.3309
2474      70.3465
2475      45.9639
2476      51.2675
2477      0
2478      0
2479      98.2141
2480      0
2481      66.4012
2482      0
2483      0
2484      98.2385
2485      0
2486      87.5192
2487      91.993
2488      0
2489      91.382
2490      99.1489
2491      64.3309
2492      0
2493      50.4263
2494      83.4096
2495      54.2805
2496      73.1548
2497      85.959
2498      99.467
2499      44.1118
       82745.6
