0      49.5145
1      0
2      81.0423
3      64.086
4      99.905
5      99.905
6      96.761
7      99.9798
8      99.9174
9      0
10      0
11      0
12      95.2083
13      0
14      99.905
15      94.1508
16      0
17      0
18      99.8063
19      0
20      99.9758
21      94.8481
22      97.3558
23      99.905
24      76.1143
25      99.905
26      0
27      78.0023
28      0
29      0
30      99.8063
31      88.2094
32      99.905
33      58.5165
34      0
35      0
36      58.5165
37      80.9729
38      99.8082
39      99.9057
40      99.9758
41      0
42      0.00215795
43      99.905
44      0
45      0
46      0
47      54.8045
48      84.5218
49      99.9758
50      99.9798
51      54.727
52      74.7443
53      0
54      99.9758
55      0
56      78.8867
57      92.4463
58      0
59      99.8073
60      79.4992
61      0
62      0
63      69.8275
64      99.5162
65      0
66      0
67      0
68      99.9206
69      0
70      0
71      58.7397
72      67.6404
73      58.5165
74      78.8867
75      87.2227
76      44.6996
77      99.905
78      99.9758
79      99.905
80      0
81      0
82      0
83      99.806
84      0
85      0
86      0
87      99.9758
88      99.9587
89      99.905
90      97.2331
91      98.466
92      99.9109
93      80.9729
94      41.2061
95      74.9399
96      61.175
97      52.1096
98      0
99      0
       2738.01
