0      0
1      93.2979
2      0
3      99.995
4      68.0764
5      99.6268
6      34.1632
7      93.2979
8      52.2533
9      99.9982
10      61.3738
11      0
12      42.2018
13      67.9515
14      0
15      99.8418
16      82.8935
17      95.8222
18      99.995
19      94.3084
20      99.8851
21      99.6268
22      0
23      44.3423
24      61.2305
25      0
26      0
27      99.9982
28      0
29      0
30      78.7708
31      0
32      96.0997
33      99.995
34      0
35      0
36      0
37      99.995
38      69.82
39      78.605
40      76.3559
41      99.995
42      57.0897
43      64.5533
44      0
45      99.8653
46      0
47      99.995
48      0
49      73.4499
       1615.28
