0      0
1      96.0169
2      0
3      99.8712
4      98.304
5      0.000488585
6      99.9911
7      48.5182
8      0
9      96.8428
10      0
11      48.5182
12      99.9874
13      0
14      99.9808
15      99.9808
16      75.1046
17      0
18      99.4151
19      0
20      89.7947
21      49.3048
22      93.4372
23      0
24      0
25      73.6553
26      99.9808
27      0
28      64.4132
29      0
30      96.0235
31      0
32      52.3773
33      99.9808
34      99.8712
35      98.3317
36      0
37      83.1514
38      99.7018
39      98.5443
40      99.9874
41      99.8712
42      0
43      89.7333
44      99.9808
45      99.8712
46      54.0566
47      0
48      99.9808
49      64.4149
50      56.108
51      0
52      0
53      57.4115
54      0
55      0
56      78.9783
57      99.5865
58      48.4164
59      52.2077
60      0
61      0
62      0
63      0
64      0
65      0
66      0
67      51.959
68      52.2077
69      94.0042
70      94.0605
71      83.1514
72      99.8712
73      71.8244
74      74.0846
75      0
76      94.5925
77      99.9808
78      78.4334
79      0
80      99.9808
81      0
82      99.5722
83      99.9808
84      0
85      99.5722
86      71.9247
87      0
88      99.954
89      98.0648
90      99.9808
91      0
92      99.9808
93      0
94      61.4745
95      99.5865
96      99.954
97      99.9808
98      83.1514
99      55.8712
       3576.07
