0      50.7571
1      75.7137
2      63.1265
3      62.511
4      0
5      0
6      0
7      0
8      84.9549
9      0
10      76.6252
11      99.9135
12      76.9997
13      28.9026
14      98.8568
15      0
16      0
17      70.874
18      99.9799
19      0
20      99.9662
21      99.8071
22      99.9662
23      91.5633
24      0
25      0
26      83.5543
27      0
28      63.831
29      71.733
30      58.2074
31      0
32      99.9601
33      67.5387
34      99.4434
35      0
36      58.8779
37      95.138
38      78.9726
39      66.5073
40      0
41      0
42      96.6994
43      0
44      0
45      64.8817
46      0
47      88.7642
48      58.8779
49      99.9662
50      99.978
51      0
52      99.4212
53      60.743
54      91.2438
55      99.9234
56      0
57      0
58      95.159
59      0
60      94.336
61      66.5492
62      0
63      99.9662
64      78.8289
65      75.4285
66      0
67      53.351
68      69.0661
69      62.9008
70      0
71      75.4285
72      0
73      92.3995
74      62.646
75      93.0494
76      0
77      45.5813
78      0
79      66.5492
80      0
81      95.9109
82      0
83      72.9582
84      0
85      0
86      95.159
87      69.9373
88      0
89      46.6938
90      99.9089
91      86.243
92      0
93      92.5554
94      99.8071
95      99.9799
96      0
97      84.7336
98      92.5554
99      88.9751
100      0
101      0
102      99.8746
103      71.2076
104      0
105      53.0566
106      49.7059
107      45.2631
108      99.9382
109      95.6651
110      97.1046
111      99.9799
112      92.7604
113      87.9627
114      72.9
115      99.9969
116      98.8568
117      73.8917
118      65.9779
119      99.9662
120      88.402
121      0
122      0
123      97.3217
124      99.9601
125      79.7877
126      0
127      99.9799
128      62.0455
129      42.3319
130      99.9135
131      75.5529
132      0
133      56.2986
134      0
135      0
136      0
137      0
138      0
139      76.7155
140      0
141      58.2074
142      0
143      0
144      0
145      99.9135
146      58.4731
147      0
148      49.2959
149      0
150      0
151      0
152      0
153      80.3564
154      50.5122
155      0
156      85.468
157      46.1886
158      99.8071
159      99.978
160      77.8755
161      0
162      73.2164
163      99.9234
164      0
165      0
166      95.4431
167      0
168      96.5918
169      0
170      0
171      0
172      98.709
173      0
174      78.9726
175      0
176      99.9135
177      87.4323
178      69.3189
179      0
180      52.4198
181      81.9466
182      43.0401
183      98.8568
184      75.4285
185      0
186      0
187      0
188      89.2414
189      79.6539
190      0
191      0
192      0
193      0
194      99.8071
195      64.4827
196      59.2514
197      88.2842
198      0
199      65.9779
200      52.9439
201      0
202      0
203      0
204      74.6664
205      99.9135
206      0
207      99.9135
208      88.7642
209      82.3846
210      88.2659
211      82.2631
212      99.9969
213      98.8568
214      0
215      0
216      81.4871
217      0
218      70.9586
219      0
220      0
221      89.1083
222      98.148
223      99.1809
224      0
225      0
226      99.9799
227      0
228      54.1795
229      99.9135
230      88.6061
231      0
232      96.6994
233      45.7712
234      99.9799
235      99.9382
236      0
237      99.978
238      69.0661
239      0
240      0
241      99.9799
242      99.978
243      89.3593
244      82.7909
245      92.3983
246      0
247      82.7909
248      99.9135
249      0
250      75.2419
251      72.9
252      74.4566
253      0
254      0
255      0
256      99.8071
257      0
258      96.6994
259      72.122
260      0
261      99.8071
262      87.9627
263      41.9496
264      0
265      73.4357
266      0
267      0
268      84.3946
269      0
270      96.4897
271      89.3593
272      0
273      99.978
274      0
275      0
276      97.8843
277      50.7571
278      0
279      49.0791
280      99.978
281      93.1526
282      0
283      99.978
284      0
285      89.2414
286      99.8071
287      79.0066
288      40.7671
289      95.9109
290      45.9087
291      85.0255
292      96.4897
293      0
294      97.3217
295      0
296      89.9613
297      96.4897
298      0
299      0
300      63.6847
301      72.2321
302      99.978
303      96.8191
304      94.5501
305      0
306      70.9775
307      51.4641
308      78.3331
309      99.9135
310      89.2542
311      75.4285
312      0
313      41.5642
314      75.4285
315      99.9662
316      0
317      61.5702
318      99.8071
319      58.2204
320      0
321      96.6941
322      66.3086
323      75.5789
324      85.5735
325      96.4709
326      99.9799
327      0
328      0
329      88.2824
330      99.8071
331      0
332      0
333      53.1729
334      0
335      75.4285
336      83.1787
337      99.9969
338      0
339      0
340      79.3743
341      62.0619
342      99.978
343      99.8071
344      77.0991
345      86.4386
346      0
347      99.9662
348      56.2095
349      99.9135
350      78.9726
351      96.682
352      89.3386
353      67.0303
354      0
355      94.5138
356      99.978
357      0
358      99.9662
359      88.6061
360      99.9662
361      0
362      0
363      99.9799
364      73.4357
365      61.9736
366      91.783
367      53.0566
368      77.556
369      0
370      74.1267
371      99.9601
372      0
373      83.499
374      0
375      0
376      0
377      0
378      66.502
379      50.7571
380      0
381      0
382      0
383      56.9989
384      80.6568
385      0
386      84.3946
387      72.8158
388      99.9968
389      95.4938
390      99.3415
391      0
392      0
393      79.6539
394      0
395      0
396      88.7642
397      62.13
398      99.9135
399      0
400      0
401      85.338
402      0
403      96.4709
404      99.8071
405      99.9234
406      96.636
407      60.7649
408      88.7642
409      78.2983
410      0
411      99.9969
412      92.7604
413      92.3995
414      92.8497
415      0
416      99.8071
417      0
418      79.3318
419      83.8567
420      79.1137
421      88.3858
422      0
423      99.9135
424      86.243
425      99.9969
426      97.3217
427      97.3217
428      76.6167
429      0
430      99.978
431      61.3745
432      64.4827
433      99.9135
434      74.4566
435      99.978
436      0
437      99.8071
438      99.8071
439      0
440      75.4285
441      63.831
442      99.8071
443      0
444      97.3217
445      96.6994
446      76.6167
447      74.1267
448      0
449      0
450      70.7156
451      46.1886
452      75.2437
453      99.978
454      99.9662
455      98.9725
456      0
457      99.978
458      91.2438
459      80.5615
460      0
461      0
462      83.1008
463      81.5648
464      99.9135
465      46.1886
466      91.7037
467      0
468      0
469      0
470      97.3217
471      0
472      99.9135
473      81.3142
474      0
475      77.5377
476      95.138
477      99.9601
478      45.5813
479      99.978
480      94.0816
481      0
482      99.978
483      79.6539
484      55.2622
485      99.978
486      50.9491
487      66.6361
488      0
489      83.1787
490      69.3189
491      78.7121
492      99.978
493      99.978
494      96.4897
495      0
496      0
497      92.3983
498      64.8817
499      0
       16835.4
