0      75.5445
1      83.9514
2      0
3      0
4      82.147
5      88.4747
6      96.7652
7      0
8      58.4427
9      97.0982
10      76.6595
11      60.6399
12      58.8082
13      82.2345
14      98.8273
15      62.7543
16      99.9907
17      85.9011
18      99.2931
19      0
20      98.4194
21      0
22      91.1974
23      51.0135
24      68.7801
25      99.0924
26      64.9218
27      65.4024
28      0
29      60.6563
30      94.9739
31      93.9649
32      69.8478
33      70.6964
34      74.7024
35      76.3059
36      61.3841
37      68.6364
38      93.2039
39      82.6321
40      0
41      99.6965
42      0
43      99.8185
44      99.9309
45      97.82
46      53.9394
47      0
48      0
49      0
50      0
51      0.0419
52      83.1176
53      68.9893
54      85.1457
55      97.7832
56      71.4709
57      96.7983
58      69.6221
59      60.1391
60      99.6588
61      0
62      0
63      61.8711
64      51.0135
65      0
66      0
67      0
68      0
69      97.8062
70      68.3183
71      80.5401
72      98.7411
73      0
74      97.8062
75      83.9514
76      46.8069
77      61.588
78      0
79      62.7474
80      99.9907
81      92.1409
82      0
83      98.4939
84      82.8497
85      94.749
86      57.2807
87      89.604
88      98.0665
89      80.106
90      70.0997
91      57.2314
92      0
93      97.3623
94      49.3623
95      65.3183
96      0
97      85.4727
98      66.428
99      47.7423
100      0
101      88.8568
102      92.6375
103      39.4155
104      85.7193
105      0
106      46.7355
107      0
108      0
109      99.1968
110      93.7908
111      98.0665
112      0
113      54.3964
114      0
115      84.5129
116      97.8447
117      80.5912
118      53.4016
119      95.0129
120      87.1068
121      0
122      61.5755
123      0
124      58.4407
125      0
126      0
127      99.8522
128      80.9128
129      98.8675
130      0
131      98.3117
132      53.6564
133      48.5441
134      60.6707
135      0
136      47.5895
137      65.9456
138      29.7943
139      0
140      82.0075
141      94.804
142      0
143      0
144      0
145      85.2124
146      98.9302
147      93.0144
148      0
149      90.7921
150      99.6857
151      63.3247
152      0
153      94.3013
154      97.7525
155      81.5617
156      98.0734
157      74.6102
158      82.8497
159      78.6299
160      0
161      0
162      80.106
163      97.82
164      95.4819
165      0
166      0
167      72.4966
168      88.8019
169      0
170      54.2275
171      0
172      56.3772
173      79.9757
174      0
175      90.8358
176      0
177      89.4087
178      0
179      46.3281
180      97.5607
181      0
182      0
183      99.7617
184      0
185      90.7921
186      95.5104
187      92.5574
188      0
189      43.776
190      0
191      79.4562
192      75.164
193      65.9456
194      91.1362
195      73.182
196      97.4277
197      0
198      0
199      99.6965
200      96.2746
201      0
202      78.0829
203      83.7542
204      87.4039
205      61.7961
206      48.8771
207      0
208      79.4578
209      0
210      0
211      78.6526
212      85.1457
213      97.358
214      76.9587
215      98.4194
216      99.7617
217      45.5457
218      0
219      48.9958
220      78.0907
221      0
222      84.2764
223      0
224      51.2651
225      97.985
226      88.5174
227      0
228      57.4497
229      46.3281
230      82.207
231      93.2039
232      0
233      60.1391
234      0
235      0
236      96.7964
237      99.6965
238      0
239      90.9341
240      0
241      0
242      62.5578
243      75.5445
244      94.5432
245      54.3859
246      99.1096
247      0
248      96.7243
249      50.5889
250      0
251      59.5273
252      92.666
253      55.8295
254      93.4952
255      46.3469
256      0
257      0
258      59.8669
259      46.1274
260      0
261      99.6355
262      0
263      0
264      66.3206
265      83.3699
266      94.314
267      98.3117
268      0
269      84.547
270      0
271      0
272      87.1068
273      67.0393
274      68.3183
275      98.3923
276      77.4105
277      58.3534
278      0
279      95.5104
280      0
281      61.6304
282      49.1585
283      0
284      98.4133
285      69.9428
286      80.5463
287      94.749
288      0
289      61.5485
290      97.82
291      87.6135
292      63.2614
293      0
294      0
295      78.8328
296      99.5841
297      0
298      54.4899
299      66.3206
300      0
301      51.029
302      78.1078
303      87.455
304      98.4133
305      0
306      44.0104
307      0
308      47.0625
309      41.2043
310      0
311      42.8746
312      87.3752
313      93.6904
314      95.2954
315      88.7856
316      99.6355
317      0
318      74.6343
319      59.1228
320      0
321      52.8351
322      73.9441
323      0
324      0
325      78.0621
326      95.4698
327      0
328      53.4016
329      0
330      0
331      69.9337
332      84.0938
333      97.3809
334      88.6088
335      0
336      98.3117
337      95.4819
338      47.2801
339      52.3795
340      97.78
341      60.2905
342      0
343      0
344      0
345      94.8234
346      0
347      0
348      92.3668
349      82.557
350      0
351      65.8966
352      91.6658
353      99.0924
354      73.5987
355      0
356      99.8185
357      0
358      67.3379
359      0
360      87.455
361      72.9926
362      69.9428
363      99.1968
364      89.0597
365      0
366      49.8638
367      78.7254
368      99.5875
369      99.5634
370      92.6375
371      68.7565
372      78.578
373      88.4436
374      55.8295
375      98.3167
376      99.2132
377      0
378      92.666
379      94.2559
380      61.7076
381      87.455
382      0
383      0
384      51.2788
385      0
386      78.578
387      69.2253
388      0
389      92.1409
390      99.8185
391      84.3173
392      0
393      91.2137
394      99.0331
395      0
396      0
397      99.2132
398      52.111
399      91.7458
400      0
401      0
402      96.0041
403      0
404      56.8781
405      71.9809
406      98.8675
407      95.0023
408      88.7856
409      62.1581
410      0
411      46.0371
412      67.9941
413      95.0129
414      98.8675
415      63.3724
416      92.7813
417      0
418      80.4687
419      97.9927
420      63.3724
421      71.8964
422      86.5376
423      96.0041
424      56.6521
425      0
426      72.7927
427      77.7003
428      0
429      0
430      98.4133
431      65.5
432      55.6792
433      73.9177
434      99.0331
435      70.5063
436      80.7397
437      79.7515
438      0
439      0
440      91.6415
441      96.7964
442      79.0537
443      0
444      0
445      44.6179
446      99.6588
447      95.2044
448      95.7369
449      0
450      99.5875
451      0
452      74.1763
453      0
454      0
455      53.9394
456      90.9044
457      0
458      67.7606
459      93.7575
460      74.0053
461      95.0519
462      98.8675
463      62.4934
464      96.7243
465      62.7474
466      0
467      96.0041
468      0
469      83.0185
470      78.8322
471      0
472      52.9751
473      0
474      70.9823
475      97.4369
476      91.0693
477      0
478      76.7401
479      0
480      0
481      94.3158
482      0
483      0
484      99.9752
485      0
486      92.192
487      0
488      95.5104
489      97.358
490      92.6375
491      0
492      72.6649
493      0
494      96.5111
495      0
496      0
497      98.8675
498      90.2065
499      69.1417
500      76.5573
501      58.3534
502      0
503      0
504      93.2476
505      0
506      0
507      51.2651
508      91.9573
509      90.3363
510      0
511      96.7964
512      57.4497
513      95.5104
514      0
515      0
516      90.7921
517      63.8734
518      79.9098
519      68.5379
520      83.9514
521      0
522      51.0942
523      0
524      0
525      0
526      95.2954
527      68.0711
528      0
529      0
530      0
531      90.6713
532      97.2072
533      73.1929
534      80.4687
535      79.6167
536      96.173
537      74.8037
538      80.7397
539      65.6801
540      78.3826
541      96.2945
542      0
543      60.266
544      66.1083
545      88.5174
546      89.0022
547      0
548      57.0345
549      97.82
550      96.8941
551      92.0196
552      79.4562
553      74.4029
554      0
555      0
556      62.673
557      0
558      78.0907
559      0
560      0
561      95.9982
562      0
563      58.1157
564      0
565      78.8779
566      0
567      0
568      55.154
569      96.3049
570      99.3513
571      0
572      0
573      48.6931
574      0
575      87.7477
576      0
577      0
578      97.985
579      79.1162
580      50.0955
581      90.9341
582      48.0784
583      91.7862
584      0
585      73.4096
586      0
587      78.578
588      0
589      0
590      0
591      0
592      82.2094
593      97.3809
594      97.7832
595      62.0097
596      0
597      68.4903
598      69.1776
599      62.8279
600      80.106
601      59.0185
602      85.2124
603      53.4016
604      98.3197
605      0
606      72.4966
607      72.7789
608      80.7751
609      97.5607
610      65.4282
611      96.2152
612      0
613      97.985
614      98.3619
615      63.9676
616      0
617      61.8711
618      69.1314
619      92.666
620      97.82
621      0
622      0
623      44.9052
624      57.9944
625      0
626      98.8675
627      60.5292
628      99.9907
629      68.8323
630      47.5351
631      46.6793
632      62.1813
633      99.5875
634      81.5297
635      92.3772
636      0
637      71.7596
638      0
639      65.7588
640      74.093
641      0
642      0
643      0
644      0
645      96.7652
646      0
647      0
648      59.8669
649      0
650      95.1667
651      77.0016
652      99.1968
653      80.5912
654      0
655      0
656      97.7938
657      99.2889
658      68.3183
659      0
660      0
661      0
662      73.5678
663      0
664      99.0331
665      0
666      92.7813
667      93.7908
668      52.588
669      98.8675
670      53.4939
671      96.3574
672      61.8583
673      0
674      91.7667
675      60.1484
676      61.1032
677      99.5875
678      99.8185
679      70.0945
680      0
681      73.5987
682      0
683      65.1476
684      63.4605
685      0
686      88.5317
687      0
688      68.9893
689      0
690      96.0041
691      0
692      57.4497
693      88.7856
694      0
695      98.8675
696      73.7189
697      0
698      0
699      76.2398
700      53.4476
701      0
702      0
703      87.7477
704      99.2931
705      0
706      0
707      97.5607
708      99.0924
709      99.0739
710      69.1417
711      0
712      95.2954
713      0
714      96.5659
715      0
716      0
717      0
718      51.1033
719      82.2094
720      0
721      97.9927
722      97.0982
723      97.985
724      59.7591
725      88.1609
726      60.5292
727      71.8964
728      0
729      93.7575
730      71.1047
731      95.3808
732      56.1917
733      0
734      56.3197
735      93.1918
736      0
737      0
738      0
739      86.7957
740      0
741      96.5659
742      76.8715
743      76.879
744      92.0644
745      86.2827
746      76.8412
747      95.9982
748      0
749      0
750      90.8358
751      61.9537
752      0
753      54.2275
754      58.8491
755      0
756      47.7423
757      95.4363
758      61.042
759      0
760      0
761      89.6985
762      0
763      87.1514
764      99.7193
765      82.9643
766      0
767      82.0075
768      0
769      96.0041
770      57.6204
771      0
772      0
773      0
774      52.1744
775      59.1021
776      0
777      99.0924
778      0
779      0
780      44.4808
781      0
782      64.9218
783      58.6051
784      0
785      0
786      0
787      99.8809
788      62.6537
789      0
790      78.578
791      84.9129
792      0
793      75.5503
794      95.3808
795      0
796      75.5445
797      90.8358
798      0
799      57.6204
800      44.6086
801      60.6399
802      0
803      98.6374
804      92.1409
805      90.4647
806      99.3513
807      55.8295
808      64.3489
809      97.358
810      98.3167
811      0
812      88.4747
813      95.0129
814      50.7045
815      0
816      73.1266
817      69.2253
818      96.8941
819      60.7879
820      0
821      98.1249
822      62.6537
823      0
824      0
825      97.836
826      65.9684
827      98.633
828      0
829      0
830      99.7139
831      83.2192
832      70.0997
833      95.3582
834      71.8964
835      0
836      96.023
837      54.1949
838      0
839      57.0661
840      0
841      0
842      60.032
843      99.2308
844      0
845      99.9907
846      52.562
847      0
848      0
849      82.537
850      99.0768
851      0
852      50.8728
853      0
854      0
855      0
856      99.2137
857      62.2565
858      95.0519
859      90.9341
860      0
861      63.3724
862      0
863      0
864      85.2124
865      82.9962
866      99.5841
867      0
868      0
869      50.5889
870      0
871      77.4105
872      96.2791
873      0
874      50.7095
875      62.0277
876      0
877      62.8222
878      77.6039
879      97.5607
880      0
881      0
882      52.3795
883      0
884      97.5774
885      0
886      43.1349
887      69.7366
888      89.8836
889      95.4363
890      0
891      0
892      99.6588
893      49.8384
894      52.562
895      83.0185
896      56.0464
897      72.3034
898      0
899      99.8303
900      0
901      77.3924
902      99.6857
903      87.233
904      0
905      51.2424
906      96.7243
907      73.5234
908      0
909      79.7342
910      57.9944
911      97.985
912      91.6415
913      57.9944
914      0
915      0
916      93.2262
917      56.9934
918      0
919      0
920      97.5774
921      97.5607
922      0
923      87.5715
924      0
925      90.8358
926      99.2931
927      79.9757
928      76.9321
929      72.3564
930      97.4352
931      96.0276
932      82.7557
933      87.0313
934      99.0924
935      76.8412
936      80.5646
937      78.8322
938      69.0786
939      99.162
940      0
941      41.7301
942      92.0883
943      68.0711
944      98.7028
945      58.1701
946      0
947      52.0688
948      97.4369
949      73.0415
950      67.3773
951      99.6588
952      0
953      54.2275
954      76.0808
955      91.6658
956      68.4903
957      0
958      93.15
959      61.588
960      69.7056
961      82.9021
962      80.106
963      64.332
964      0
965      87.9915
966      0
967      99.8185
968      82.6912
969      99.1968
970      0
971      96.3574
972      94.0103
973      77.0613
974      0
975      74.0053
976      86.3004
977      91.9573
978      0
979      73.1202
980      68.7565
981      0
982      87.7234
983      0
984      68.3183
985      90.9218
986      78.7254
987      68.0711
988      77.6839
989      75.5583
990      82.0075
991      97.0982
992      93.8233
993      95.0129
994      0
995      60.8032
996      90.1542
997      95.5104
998      81.8711
999      86.5376
1000      54.2227
1001      46.3673
1002      0
1003      71.3841
1004      0
1005      0
1006      75.5822
1007      0
1008      56.1501
1009      93.5544
1010      89.604
1011      0
1012      98.0665
1013      99.7727
1014      80.4687
1015      61.3841
1016      94.749
1017      58.738
1018      83.4585
1019      0
1020      91.7458
1021      98.0734
1022      78.4355
1023      0
1024      68.2442
1025      89.8147
1026      60.4857
1027      54.407
1028      77.1787
1029      72.9248
1030      44.5485
1031      82.2094
1032      0
1033      89.6055
1034      92.3772
1035      88.5996
1036      54.6955
1037      0
1038      59.8669
1039      59.8001
1040      96.2997
1041      0
1042      99.0331
1043      91.6658
1044      0
1045      74.44
1046      0
1047      0
1048      93.15
1049      0
1050      0
1051      0
1052      78.9076
1053      95.0268
1054      65.3183
1055      50.5889
1056      93.2262
1057      0
1058      58.9849
1059      0
1060      0
1061      0
1062      54.3964
1063      51.564
1064      85.1028
1065      42.4639
1066      0
1067      54.311
1068      44.4066
1069      80.427
1070      95.8738
1071      76.8412
1072      0
1073      67.5014
1074      98.7172
1075      82.1249
1076      77.296
1077      0
1078      0
1079      67.3773
1080      0
1081      0
1082      86.5462
1083      0
1084      83.9016
1085      0
1086      0
1087      86.4539
1088      0
1089      50.3853
1090      94.6814
1091      79.7805
1092      63.8734
1093      76.6351
1094      98.1757
1095      98.6539
1096      0
1097      0
1098      53.2496
1099      78.8322
1100      99.0924
1101      94.8234
1102      78.4032
1103      0
1104      97.9492
1105      71.2898
1106      80.7397
1107      99.6355
1108      77.1787
1109      0
1110      0
1111      0
1112      0
1113      93.4295
1114      0
1115      58.4427
1116      69.4239
1117      0
1118      0
1119      97.3469
1120      50.5201
1121      0
1122      82.9962
1123      96.8941
1124      83.7974
1125      0
1126      73.8893
1127      59.8661
1128      0
1129      99.7617
1130      49.8638
1131      76.964
1132      63.9643
1133      0
1134      0
1135      0
1136      65.3151
1137      0
1138      92.0883
1139      0
1140      0
1141      91.4342
1142      59.8661
1143      73.76
1144      77.3987
1145      0
1146      82.8497
1147      78.0907
1148      0
1149      96.173
1150      76.8412
1151      94.8229
1152      92.98
1153      92.3785
1154      0
1155      99.0331
1156      97.8092
1157      99.7139
1158      53.7242
1159      0
1160      0
1161      0
1162      0
1163      97.3469
1164      82.207
1165      49.7029
1166      0
1167      0
1168      91.7234
1169      0
1170      70.5471
1171      61.5755
1172      97.0021
1173      95.7369
1174      58.9849
1175      45.7635
1176      83.9016
1177      70.9823
1178      0
1179      57.824
1180      81.5297
1181      0
1182      93.7908
1183      65.9684
1184      95.0129
1185      0
1186      71.9809
1187      62.5578
1188      54.3138
1189      93.9326
1190      89.8147
1191      87.6322
1192      0
1193      99.9761
1194      0
1195      70.9823
1196      78.9208
1197      0
1198      56.1729
1199      69.0176
1200      75.2747
1201      65.559
1202      97.9927
1203      0
1204      89.8833
1205      92.666
1206      0
1207      49.8638
1208      0
1209      0
1210      99.5888
1211      0
1212      86.5462
1213      58.788
1214      98.7411
1215      0
1216      66.1059
1217      73.8875
1218      83.9514
1219      70.6964
1220      77.3924
1221      0
1222      44.5984
1223      58.7559
1224      0
1225      75.379
1226      92.0883
1227      69.1314
1228      47.2766
1229      0
1230      0
1231      0
1232      0
1233      81.5617
1234      99.6965
1235      96.9744
1236      98.1249
1237      88.4965
1238      58.1016
1239      0
1240      64.6503
1241      0
1242      93.6904
1243      0
1244      77.9001
1245      39.3111
1246      0
1247      97.5607
1248      48.4249
1249      0
1250      95.5668
1251      60.266
1252      90.4076
1253      64.9218
1254      70.1506
1255      56.3709
1256      99.6965
1257      95.7369
1258      89.9073
1259      0
1260      0
1261      0
1262      58.9849
1263      99.5684
1264      90.3909
1265      95.2954
1266      0
1267      88.7856
1268      0
1269      50.855
1270      92.3772
1271      91.9573
1272      0
1273      68.0711
1274      99.2308
1275      99.0924
1276      0
1277      94.8229
1278      88.5317
1279      99.1968
1280      82.6321
1281      0
1282      0
1283      0
1284      85.1523
1285      58.9849
1286      0
1287      96.7734
1288      45.9991
1289      0
1290      64.332
1291      85.4727
1292      0
1293      0
1294      52.562
1295      63.0917
1296      0
1297      81.4722
1298      95.8194
1299      82.537
1300      84.547
1301      99.9519
1302      0
1303      95.7369
1304      52.6512
1305      88.7673
1306      0
1307      99.2137
1308      0
1309      47.6297
1310      98.3117
1311      99.2931
1312      0
1313      68.7801
1314      0
1315      88.7432
1316      0
1317      0
1318      0
1319      79.7045
1320      70.7939
1321      88.6976
1322      97.9927
1323      0
1324      84.9129
1325      99.5841
1326      74.44
1327      92.7697
1328      99.7727
1329      71.9415
1330      48.9951
1331      93.3831
1332      0
1333      0
1334      62.673
1335      84.6234
1336      0
1337      77.4105
1338      57.4497
1339      52.7533
1340      70.4256
1341      45.5457
1342      0
1343      87.6322
1344      0
1345      87.4039
1346      51.1667
1347      98.1087
1348      0
1349      67.1044
1350      0
1351      51.9987
1352      97.0912
1353      84.5355
1354      66.3206
1355      0
1356      92.5492
1357      99.9459
1358      0
1359      72.6649
1360      89.9073
1361      91.7458
1362      92.3772
1363      0
1364      0
1365      90.9341
1366      59.0958
1367      47.3505
1368      91.6658
1369      93.9649
1370      97.0021
1371      77.3783
1372      94.3934
1373      80.9128
1374      83.4585
1375      53.4016
1376      93.7575
1377      80.4687
1378      0
1379      94.3699
1380      0
1381      0
1382      0
1383      97.5607
1384      70.4256
1385      98.2935
1386      89.8836
1387      0
1388      0
1389      0
1390      72.4966
1391      0
1392      75.1112
1393      41.2934
1394      62.7474
1395      90.9341
1396      0
1397      84.0938
1398      0
1399      58.3534
1400      72.9924
1401      99.9907
1402      83.1656
1403      0
1404      0
1405      77.3924
1406      96.0101
1407      76.8715
1408      99.6965
1409      83.0185
1410      70.6964
1411      97.9927
1412      55.8295
1413      66.3206
1414      67.1044
1415      0
1416      82.1997
1417      0
1418      0
1419      89.8836
1420      94.6169
1421      99.9761
1422      82.9269
1423      0
1424      89.1723
1425      98.6208
1426      64.3301
1427      48.6356
1428      0
1429      56.4418
1430      57.824
1431      47.3386
1432      77.9933
1433      99.7617
1434      91.419
1435      91.0867
1436      71.3841
1437      96.7243
1438      0
1439      50.6807
1440      87.6322
1441      0
1442      79.9757
1443      99.6678
1444      76.1486
1445      97.7525
1446      0
1447      90.7921
1448      77.3467
1449      83.8077
1450      98.8675
1451      0
1452      89.8147
1453      0
1454      0
1455      90.3909
1456      91.5195
1457      99.2268
1458      0
1459      0
1460      76.9587
1461      97.836
1462      73.1202
1463      68.2442
1464      68.2393
1465      61.5755
1466      0
1467      84.0938
1468      79.5984
1469      0
1470      0
1471      0
1472      0
1473      99.121
1474      80.2934
1475      97.0021
1476      0
1477      80.3778
1478      98.8675
1479      0
1480      97.3809
1481      0
1482      0
1483      48.4684
1484      0
1485      98.3117
1486      0
1487      70.7362
1488      71.9809
1489      97.0912
1490      0
1491      0
1492      0
1493      58.5209
1494      0
1495      83.1292
1496      52.562
1497      99.5841
1498      0
1499      70.9823
1500      91.6814
1501      99.3513
1502      90.1069
1503      67.1044
1504      45.8806
1505      0
1506      82.6304
1507      0
1508      51.2606
1509      0
1510      97.82
1511      76.9587
1512      92.5157
1513      0
1514      57.5347
1515      99.2132
1516      0
1517      76.6595
1518      53.2496
1519      0
1520      75.6271
1521      63.9676
1522      99.8185
1523      0
1524      78.8992
1525      0
1526      50.9592
1527      92.0883
1528      0
1529      73.2043
1530      44.4066
1531      0
1532      0
1533      93.4299
1534      0
1535      98.1757
1536      71.9809
1537      0
1538      0
1539      52.562
1540      0
1541      44.5124
1542      70.8224
1543      0
1544      67.1686
1545      0
1546      46.5643
1547      76.9587
1548      0
1549      50.5889
1550      66.2915
1551      83.0823
1552      0
1553      71.5686
1554      0
1555      98.4133
1556      0
1557      0
1558      54.9162
1559      61.155
1560      0
1561      55.2919
1562      76.3984
1563      48.4249
1564      0
1565      87.233
1566      0
1567      61.9066
1568      61.6389
1569      97.9927
1570      0
1571      94.6169
1572      80.7751
1573      71.4499
1574      0
1575      71.1369
1576      83.6883
1577      0
1578      66.165
1579      59.7541
1580      0
1581      97.5774
1582      63.3945
1583      97.7938
1584      0
1585      73.0664
1586      0
1587      0
1588      96.3574
1589      79.8836
1590      67.1686
1591      70.4092
1592      0
1593      45.0466
1594      70.9823
1595      0
1596      0
1597      60.7879
1598      88.5996
1599      90.4647
1600      53.7242
1601      46.5858
1602      88.5996
1603      0
1604      65.3151
1605      99.2308
1606      93.5544
1607      88.5996
1608      0
1609      85.6797
1610      53.9394
1611      0
1612      83.9063
1613      48.8771
1614      96.9744
1615      62.6537
1616      60.4772
1617      97.358
1618      62.5578
1619      90.6684
1620      78.578
1621      86.5376
1622      98.3923
1623      81.5827
1624      52.3142
1625      0
1626      98.7028
1627      99.3513
1628      93.2476
1629      95.4819
1630      99.7727
1631      0
1632      0
1633      79.5438
1634      83.7974
1635      63.2687
1636      0
1637      0
1638      65.3183
1639      0
1640      54.5797
1641      61.3841
1642      65.9684
1643      94.3158
1644      81.8711
1645      0
1646      73.0415
1647      0
1648      0
1649      65.9456
1650      0
1651      96.5111
1652      0
1653      98.4194
1654      86.2827
1655      0
1656      0
1657      0
1658      0
1659      93.15
1660      0
1661      0
1662      54.407
1663      54.2275
1664      83.1908
1665      0
1666      0
1667      0
1668      49.7029
1669      94.8234
1670      99.1968
1671      45.7635
1672      99.6588
1673      97.8092
1674      0
1675      84.2764
1676      0
1677      87.9275
1678      83.1656
1679      77.9266
1680      38.8009
1681      0
1682      99.1378
1683      98.8675
1684      59.9577
1685      0
1686      0
1687      89.9073
1688      0
1689      0
1690      0
1691      0
1692      94.749
1693      99.2132
1694      48.9958
1695      89.604
1696      70.7939
1697      92.666
1698      72.7648
1699      0
1700      0
1701      0
1702      0
1703      76.8715
1704      0
1705      98.0665
1706      77.2771
1707      97.9927
1708      69.9428
1709      91.7458
1710      59.2232
1711      54.3353
1712      0
1713      99.6965
1714      65.3747
1715      61.3554
1716      0
1717      95.4363
1718      0
1719      0
1720      90.5707
1721      82.9269
1722      94.3158
1723      0
1724      91.9573
1725      70.8224
1726      46.2141
1727      94.8229
1728      54.3964
1729      58.7559
1730      0
1731      0
1732      94.0299
1733      0
1734      52.3142
1735      97.5607
1736      0
1737      0
1738      91.6415
1739      38.4368
1740      75.3433
1741      0
1742      0
1743      0
1744      0
1745      54.161
1746      89.8836
1747      74.44
1748      81.0827
1749      0
1750      0
1751      95.8194
1752      83.5704
1753      99.1968
1754      90.8358
1755      99.4001
1756      0
1757      77.9331
1758      75.6456
1759      80.382
1760      49.2672
1761      75.1112
1762      97.2363
1763      0
1764      0
1765      42.5213
1766      83.1656
1767      89.9073
1768      0
1769      0
1770      92.1072
1771      66.1713
1772      99.9761
1773      60.396
1774      74.1763
1775      0
1776      76.6924
1777      97.7938
1778      0
1779      61.6389
1780      0
1781      96.9744
1782      0
1783      99.7139
1784      0
1785      0
1786      99.7921
1787      68.2526
1788      65.4815
1789      0
1790      65.8997
1791      0
1792      89.8147
1793      56.3772
1794      54.0664
1795      82.6321
1796      0
1797      59.5774
1798      90.9044
1799      0
1800      54.2275
1801      95.9982
1802      70.8459
1803      96.7734
1804      67.3379
1805      99.8298
1806      48.9951
1807      0
1808      99.2931
1809      99.6857
1810      68.4755
1811      88.5602
1812      92.0512
1813      0
1814      54.4813
1815      62.7651
1816      97.25
1817      99.5875
1818      0
1819      79.0537
1820      96.7964
1821      69.0176
1822      67.8212
1823      46.5904
1824      0
1825      0
1826      88.4436
1827      0
1828      0
1829      66.3206
1830      97.2072
1831      88.7432
1832      57.3737
1833      46.3103
1834      46.6731
1835      98.8675
1836      81.5297
1837      53.9394
1838      0
1839      0
1840      0
1841      0
1842      93.7915
1843      0
1844      0
1845      83.4833
1846      53.5491
1847      90.4647
1848      80.4687
1849      0
1850      52.3795
1851      0
1852      91.9683
1853      0
1854      0
1855      73.0415
1856      55.4079
1857      68.2442
1858      76.2398
1859      0
1860      99.9761
1861      74.5107
1862      75.5445
1863      82.1997
1864      0
1865      68.7073
1866      0
1867      0
1868      70.9823
1869      91.1362
1870      85.276
1871      93.6904
1872      86.5475
1873      88.1609
1874      0
1875      99.9493
1876      74.093
1877      0
1878      0
1879      99.5875
1880      68.8323
1881      48.6052
1882      65.8966
1883      49.3981
1884      56.4418
1885      99.2137
1886      85.31
1887      0
1888      90.0039
1889      56.3772
1890      81.4812
1891      77.6423
1892      0
1893      89.6985
1894      80.7125
1895      71.3841
1896      54.161
1897      0
1898      0
1899      92.3556
1900      0
1901      54.4899
1902      0
1903      0
1904      59.9596
1905      99.7374
1906      73.918
1907      0
1908      0
1909      83.1952
1910      0
1911      0
1912      0
1913      58.7559
1914      99.6355
1915      67.5014
1916      0
1917      0
1918      82.8497
1919      76.9321
1920      94.8229
1921      60.1932
1922      83.9514
1923      66.8805
1924      0
1925      82.0075
1926      0
1927      0
1928      86.5475
1929      84.6234
1930      0
1931      66.7171
1932      0
1933      50.5108
1934      64.9887
1935      87.233
1936      87.9915
1937      43.57
1938      84.4268
1939      0
1940      86.5376
1941      99.9907
1942      0
1943      89.8836
1944      92.666
1945      92.666
1946      97.3363
1947      56.1729
1948      89.6209
1949      0
1950      79.0804
1951      0
1952      74.7024
1953      62.6509
1954      0
1955      97.8092
1956      55.9465
1957      0
1958      0
1959      0
1960      84.1487
1961      96.7734
1962      0
1963      53.9394
1964      0
1965      46.5643
1966      49.5528
1967      0
1968      0
1969      89.604
1970      77.3987
1971      97.3363
1972      0
1973      0
1974      73.76
1975      99.1968
1976      56.5889
1977      84.0601
1978      0
1979      73.0415
1980      80.5912
1981      99.6857
1982      95.5104
1983      98.4133
1984      67.3379
1985      77.8462
1986      0
1987      83.6883
1988      93.7908
1989      57.6204
1990      79.7805
1991      99.6729
1992      97.8092
1993      99.8839
1994      64.0479
1995      0
1996      97.9492
1997      94.3158
1998      63.9676
1999      70.7303
2000      0
2001      0
2002      0
2003      0
2004      0
2005      52.7813
2006      52.5073
2007      0
2008      0
2009      0
2010      81.4248
2011      0
2012      0
2013      86.6701
2014      93.6904
2015      0
2016      59.3409
2017      0
2018      0
2019      0
2020      80.4687
2021      84.8433
2022      0
2023      0
2024      0
2025      99.1968
2026      87.6751
2027      66.9296
2028      95.5668
2029      96.2997
2030      97.4352
2031      0
2032      56.1501
2033      60.6858
2034      0
2035      82.0598
2036      92.6375
2037      78.8312
2038      74.604
2039      87.233
2040      86.3004
2041      0
2042      46.7747
2043      0
2044      69.3959
2045      48.9558
2046      79.5438
2047      96.9744
2048      50.7563
2049      98.4916
2050      95.1199
2051      0
2052      50.5216
2053      59.0185
2054      0
2055      57.8169
2056      61.8583
2057      0
2058      98.826
2059      92.5574
2060      54.5082
2061      78.8328
2062      80.106
2063      0
2064      59.5198
2065      94.5432
2066      0
2067      56.9504
2068      77.752
2069      61.5755
2070      99.9907
2071      0
2072      49.7029
2073      91.7458
2074      0
2075      99.0739
2076      59.5198
2077      69.9428
2078      0
2079      0
2080      92.9957
2081      49.2352
2082      0
2083      59.8661
2084      93.4295
2085      0
2086      0
2087      0
2088      61.5054
2089      86.5475
2090      0
2091      0
2092      56.3709
2093      57.8169
2094      43.1779
2095      56.0247
2096      95.4698
2097      93.2476
2098      59.6897
2099      73.1202
2100      72.4826
2101      0
2102      0
2103      0
2104      0
2105      96.023
2106      93.2504
2107      49.4561
2108      99.3513
2109      42.5413
2110      73.8497
2111      94.3158
2112      99.7617
2113      80.1504
2114      64.3301
2115      83.9016
2116      0
2117      0
2118      0
2119      47.7017
2120      0
2121      0
2122      40.6963
2123      97.9373
2124      75.5445
2125      57.5347
2126      0
2127      0
2128      0
2129      97.5607
2130      82.6664
2131      77.3924
2132      0
2133      0
2134      58.2463
2135      49.7893
2136      73.5987
2137      83.0823
2138      73.8875
2139      57.9962
2140      77.3924
2141      92.6375
2142      99.2132
2143      91.1232
2144      0
2145      67.3379
2146      55.9893
2147      0
2148      87.2461
2149      0
2150      76.9321
2151      0
2152      64.9218
2153      85.5931
2154      82.1021
2155      0
2156      47.1533
2157      99.9761
2158      80.9424
2159      0
2160      60.0323
2161      62.408
2162      96.7243
2163      0
2164      52.7332
2165      69.7056
2166      0
2167      48.0784
2168      94.9739
2169      0
2170      0
2171      0
2172      0
2173      0
2174      99.9907
2175      0
2176      95.8194
2177      68.2442
2178      54.3353
2179      0
2180      99.6965
2181      0
2182      66.1059
2183      0
2184      66.8805
2185      73.7694
2186      62.3514
2187      0
2188      0
2189      47.3505
2190      0
2191      91.419
2192      0
2193      48.4414
2194      87.5715
2195      57.4497
2196      0
2197      70.5471
2198      97.2072
2199      89.153
2200      69.7056
2201      0
2202      0
2203      58.1139
2204      0
2205      46.9775
2206      0
2207      57.4383
2208      56.0859
2209      0
2210      98.6208
2211      69.1776
2212      0
2213      88.3313
2214      0
2215      92.0883
2216      56.8893
2217      0
2218      99.8185
2219      0
2220      0
2221      93.2262
2222      77.3467
2223      95.4363
2224      85.4727
2225      57.9944
2226      97.9492
2227      89.8836
2228      60.0323
2229      99.5875
2230      78.0052
2231      95.5104
2232      57.7794
2233      0
2234      96.9744
2235      82.6664
2236      0
2237      48.4249
2238      0
2239      83.1952
2240      0
2241      93.9649
2242      87.455
2243      46.4777
2244      82.4692
2245      0
2246      91.1232
2247      77.9769
2248      99.9761
2249      99.8185
2250      62.6537
2251      73.8875
2252      0
2253      82.0598
2254      0
2255      52.6844
2256      95.6048
2257      99.6965
2258      82.8497
2259      0
2260      0
2261      71.9415
2262      49.7029
2263      0
2264      54.2578
2265      0
2266      0
2267      70.6964
2268      72.7789
2269      51.564
2270      57.6204
2271      97.5607
2272      79.4562
2273      56.9934
2274      79.4578
2275      60.6911
2276      84.2764
2277      44.6179
2278      0
2279      57.824
2280      99.6729
2281      97.9927
2282      0
2283      72.5044
2284      0
2285      99.3513
2286      0
2287      93.8233
2288      0
2289      53.9394
2290      0
2291      0
2292      64.4925
2293      98.7028
2294      45.7635
2295      0
2296      0
2297      90.3909
2298      0
2299      76.6595
2300      64.4925
2301      0
2302      78.0052
2303      77.3987
2304      98.1087
2305      98.3197
2306      70.9823
2307      79.4562
2308      0
2309      0
2310      0
2311      0
2312      90.6713
2313      0
2314      99.0331
2315      73.1266
2316      0
2317      90.1131
2318      85.276
2319      67.5542
2320      89.604
2321      75.4724
2322      0
2323      99.8185
2324      0
2325      60.6911
2326      62.0097
2327      99.2132
2328      78.4032
2329      54.6324
2330      59.5198
2331      94.5432
2332      0
2333      84.7423
2334      57.2378
2335      60.7506
2336      0
2337      54.2275
2338      78.9076
2339      76.964
2340      89.153
2341      46.9707
2342      68.8323
2343      97.0982
2344      58.2443
2345      53.6564
2346      84.5129
2347      0
2348      0
2349      62.4221
2350      97.0982
2351      97.0982
2352      65.4024
2353      99.6857
2354      82.1249
2355      99.6588
2356      0
2357      59.8661
2358      0
2359      77.9266
2360      46.3096
2361      99.9907
2362      56.3437
2363      49.7798
2364      53.2065
2365      0
2366      0
2367      50.5108
2368      0
2369      86.5376
2370      89.8147
2371      84.5129
2372      0
2373      97.985
2374      91.2137
2375      90.9044
2376      97.9492
2377      97.0912
2378      99.5841
2379      70.7819
2380      0
2381      64.3301
2382      63.2588
2383      50.8728
2384      47.5895
2385      92.0883
2386      0
2387      56.3422
2388      99.0924
2389      0
2390      0
2391      0
2392      46.3281
2393      58.2627
2394      97.9927
2395      0
2396      80.7095
2397      0
2398      0
2399      91.419
2400      59.5774
2401      99.2931
2402      96.9744
2403      88.4747
2404      0
2405      0
2406      80.5912
2407      65.5
2408      0
2409      66.428
2410      44.4066
2411      75.5583
2412      99.0924
2413      0
2414      0
2415      84.3581
2416      97.3469
2417      79.8836
2418      84.6234
2419      86.2827
2420      87.455
2421      0
2422      0
2423      73.76
2424      0
2425      0
2426      94.8229
2427      0
2428      0
2429      64.332
2430      99.6857
2431      0
2432      83.2192
2433      73.9177
2434      90.7921
2435      68.8323
2436      67.7606
2437      98.4217
2438      0
2439      90.9277
2440      0
2441      0
2442      0
2443      97.78
2444      86.5462
2445      0
2446      52.5073
2447      99.8185
2448      98.3117
2449      98.826
2450      92.3668
2451      78.0621
2452      0
2453      73.2043
2454      86.2827
2455      56.3709
2456      0
2457      91.6658
2458      47.7777
2459      96.9723
2460      97.358
2461      78.0907
2462      56.3305
2463      80.7397
2464      80.7125
2465      93.0144
2466      65.3151
2467      0
2468      99.9761
2469      67.9941
2470      90.1542
2471      90.8358
2472      0
2473      0
2474      46.4777
2475      99.6355
2476      73.8497
2477      49.8638
2478      0
2479      93.4295
2480      83.0823
2481      90.8358
2482      72.4966
2483      0
2484      54.5721
2485      0
2486      89.8147
2487      68.7801
2488      85.9011
2489      99.7139
2490      0
2491      0
2492      0
2493      93.3976
2494      59.8669
2495      57.4232
2496      72.543
2497      0
2498      0
2499      0
       86611.2
