0      62.642
1      88.8604
2      83.4177
3      58.956
4      0
5      74.8767
6      0
7      99.3991
8      69.3548
9      0
10      45.2281
11      0
12      60.7376
13      93.5755
14      0
15      0
16      0
17      0
18      0
19      72.9619
20      57.0272
21      71.441
22      0
23      0
24      95.231
25      98.881
26      50.7558
27      43.4045
28      0
29      94.3881
30      84.0078
31      0
32      0
33      0
34      93.6444
35      0
36      67.1046
37      0
38      46.3355
39      63.4454
40      0
41      94.7026
42      81.8513
43      93.5755
44      99.9302
45      99.7746
46      91.451
47      0
48      71.9154
49      43.1313
50      63.2352
51      80.4116
52      93.2817
53      71.5191
54      89.6663
55      78.5833
56      64.3336
57      68.6792
58      91.0924
59      0
60      44.5085
61      86.3258
62      91.0079
63      71.5113
64      0
65      91.8885
66      95.15
67      40.3903
68      99.4088
69      96.7404
70      93.2479
71      99.9656
72      99.7315
73      0
74      75.105
75      63.415
76      0
77      88.2411
78      67.011
79      46.4026
80      83.6227
81      0
82      0
83      0
84      99.8486
85      71.5703
86      97.4286
87      99.7223
88      98.3627
89      93.0648
90      0
91      86.3091
92      0
93      73.4698
94      0
95      95.8785
96      90.2011
97      67.302
98      95.9809
99      0
100      45.2014
101      0
102      52.7997
103      76.4614
104      70.4189
105      49.2182
106      77.6703
107      0
108      0
109      95.274
110      64.0088
111      0
112      0
113      73.8291
114      63.3273
115      0
116      0
117      86.0878
118      92.1285
119      77.7567
120      69.4443
121      0
122      86.2411
123      44.5085
124      0
125      0
126      64.5185
127      44.6808
128      51.7712
129      99.1704
130      0
131      84.3986
132      95.0512
133      57.2687
134      93.4218
135      70.4189
136      0
137      0
138      70.9073
139      0
140      82.7181
141      71.5502
142      0
143      91.2852
144      89.7512
145      94.9605
146      99.9061
147      60.7271
148      93.3472
149      0
150      60.5336
151      79.9115
152      98.881
153      55.2211
154      0
155      96.7374
156      0
157      99.0962
158      86.4715
159      63.8415
160      89.2193
161      0
162      67.3407
163      0
164      57.6118
165      92.5297
166      77.971
167      0
168      0
169      71.9154
170      0
171      0
172      0
173      84.4794
174      0
175      34.2068
176      0
177      77.9103
178      59.5961
179      0
180      0
181      82.497
182      0
183      85.0767
184      46.0956
185      95.6911
186      89.4594
187      0
188      69.6372
189      99.9218
190      0
191      0
192      95.15
193      98.0391
194      0
195      91.5821
196      0
197      56.0352
198      0
199      77.5374
200      0
201      53.2768
202      64.1013
203      0
204      78.6339
205      0
206      0
207      87.7442
208      0
209      73.688
210      99.052
211      97.217
212      0
213      69.6017
214      0
215      81.5184
216      87.9362
217      0
218      0
219      99.052
220      0
221      99.0962
222      0
223      95.8785
224      99.0755
225      93.6162
226      0
227      0
228      98.4798
229      0
230      68.5561
231      89.3694
232      50.6802
233      0
234      0
235      0
236      51.9353
237      99.9061
238      86.2031
239      69.3781
240      99.9327
241      0
242      85.499
243      93.1308
244      86.2411
245      96.8717
246      62.8195
247      43.3404
248      0
249      80.5047
250      77.9103
251      92.7804
252      99.5197
253      94.5101
254      45.2958
255      48.6387
256      99.8486
257      61.8139
258      51.8846
259      0
260      55.5042
261      98.0391
262      44.424
263      95.7181
264      0
265      97.3603
266      73.9968
267      0
268      67.6898
269      0
270      40.0809
271      95.2876
272      63.415
273      0
274      0
275      96.7071
276      96.7071
277      94.9347
278      99.9656
279      0
280      0
281      78.6339
282      75.9358
283      85.4482
284      68.8091
285      0
286      0
287      91.4968
288      71.5191
289      0
290      57.0272
291      96.6252
292      85.6971
293      86.0332
294      70.802
295      53.0639
296      58.2993
297      62.9783
298      0
299      98.8042
300      58.0417
301      0
302      85.3179
303      98.0391
304      47.4862
305      0
306      92.1285
307      0
308      99.8587
309      79.3733
310      67.6603
311      0
312      99.9491
313      96.2598
314      65.4578
315      84.6325
316      84.3633
317      87.785
318      0
319      54.9107
320      48.4716
321      97.3984
322      89.4594
323      93.2817
324      0
325      0
326      0
327      0
328      0
329      0
330      0
331      56.9003
332      0
333      64.3672
334      99.7315
335      98.4953
336      99.1954
337      0
338      56.6994
339      87.9362
340      0
341      70.9573
342      98.9759
343      0
344      93.6162
345      75.8798
346      97.3603
347      0
348      75.5543
349      0
350      80.3107
351      97.7454
352      0
353      75.7584
354      0
355      0
356      87.9337
357      59.7788
358      39.1384
359      92.8732
360      0
361      77.0537
362      0
363      55.7695
364      0.00534312
365      0
366      77.2991
367      95.2876
368      42.0862
369      67.011
370      0
371      67.6898
372      53.2768
373      85.9623
374      93.8562
375      51.8898
376      0
377      54.3663
378      97.8206
379      60.9771
380      74.9202
381      0
382      52.8403
383      90.4978
384      77.9627
385      97.5353
386      74.1657
387      97.6217
388      0
389      0
390      61.1073
391      94.5469
392      0
393      72.7049
394      0
395      56.9257
396      99.6852
397      0
398      0
399      67.1884
400      63.5438
401      72.5076
402      63.2353
403      89.6488
404      98.0719
405      95.6836
406      0
407      98.922
408      0
409      56.2006
410      84.5655
411      76.2447
412      66.4011
413      62.5815
414      66.1405
415      0
416      58.5871
417      98.8841
418      89.5704
419      55.4712
420      93.3472
421      0
422      0
423      0
424      0
425      0
426      80.087
427      55.2534
428      0
429      68.8091
430      58.0417
431      93.7766
432      95.5837
433      0
434      0
435      0
436      86.3091
437      60.0167
438      0
439      0
440      0
441      0
442      55.8913
443      80.1025
444      69.6372
445      45.4638
446      75.8798
447      98.881
448      96.8717
449      82.7181
450      90.5726
451      98.8841
452      0
453      74.9059
454      0
455      93.1818
456      0
457      0
458      0
459      57.0272
460      85.193
461      0
462      0
463      0
464      99.9781
465      92.9408
466      97.4657
467      55.5278
468      99.6838
469      0
470      52.7997
471      99.7994
472      97.181
473      0
474      93.4218
475      94.3067
476      93.9056
477      94.2447
478      93.0141
479      96.4676
480      99.5879
481      0
482      65.5315
483      0
484      0
485      49.8022
486      57.7368
487      63.9239
488      89.6127
489      75.8798
490      82.069
491      0
492      78.1817
493      99.7604
494      69.3548
495      88.0308
496      71.8139
497      99.7947
498      0
499      70.802
500      99.0962
501      95.5837
502      82.8154
503      65.7811
504      87.3079
505      0
506      68.8768
507      76.0413
508      0
509      90.5065
510      79.1185
511      44.292
512      96.3534
513      67.1041
514      0
515      96.0223
516      0
517      0
518      0
519      0
520      99.2059
521      96.2353
522      0
523      72.5076
524      47.1855
525      84.081
526      88.662
527      70.0536
528      89.2072
529      98.2208
530      99.9061
531      0
532      53.5036
533      87.7321
534      98.922
535      95.6836
536      0
537      95.15
538      92.5297
539      63.8231
540      0
541      66.9159
542      88.4927
543      0
544      0
545      99.6852
546      99.9302
547      0
548      84.9931
549      0
550      98.922
551      69.2938
552      92.6612
553      0
554      99.561
555      0
556      99.0962
557      59.4074
558      0
559      0
560      96.6056
561      0
562      61.6737
563      99.9491
564      61.8156
565      0
566      0
567      75.3005
568      0
569      0
570      75.1948
571      62.5815
572      0
573      78.1817
574      49.8022
575      0
576      74.1948
577      93.4414
578      85.9623
579      77.2991
580      95.8802
581      83.6248
582      84.9931
583      58.137
584      94.5101
585      0
586      0
587      0
588      66.1405
589      92.7804
590      88.6891
591      0
592      91.0924
593      79.3999
594      42.3157
595      0
596      95.9288
597      0
598      73.9936
599      0
600      53.8933
601      85.3685
602      48.9158
603      98.8042
604      99.9327
605      96.6056
606      91.0079
607      95.0113
608      99.8486
609      93.4218
610      0
611      0
612      83.0862
613      0
614      93.1308
615      58.1769
616      69.4194
617      93.2635
618      71.0713
619      0
620      0
621      0
622      84.4858
623      73.2974
624      54.9422
625      99.9491
626      54.8099
627      98.881
628      89.0793
629      0
630      0
631      86.2411
632      54.8099
633      0
634      66.9247
635      94.3627
636      89.0793
637      0
638      79.3999
639      0
640      44.3752
641      0
642      67.3054
643      82.5755
644      0
645      0
646      63.6283
647      85.6214
648      98.0232
649      68.4919
650      61.0601
651      0
652      99.1704
653      85.2651
654      0
655      0
656      59.5961
657      42.7703
658      65.5315
659      96.7404
660      46.7361
661      0
662      0
663      0
664      69.6372
665      0
666      49.2937
667      98.922
668      90.3879
669      99.9327
670      0
671      83.8799
672      0
673      56.9003
674      99.8587
675      0
676      56.9003
677      97.2172
678      70.3504
679      76.7802
680      83.7544
681      0
682      84.6325
683      82.8711
684      91.0359
685      83.8799
686      51.3613
687      51.9186
688      97.2363
689      0
690      99.7223
691      93.2204
692      89.0639
693      80.1581
694      0
695      44.1688
696      87.3096
697      65.2274
698      0
699      71.0188
700      63.6626
701      77.971
702      80.1111
703      0
704      91.4702
705      0
706      0
707      62.0281
708      69.6562
709      96.8717
710      0
711      0
712      0
713      51.1952
714      0
715      0
716      99.9491
717      97.3603
718      71.7284
719      0
720      89.6137
721      44.7444
722      88.3572
723      0
724      0
725      78.1048
726      74.7247
727      63.5011
728      73.8291
729      85.499
730      76.0413
731      93.6162
732      79.3999
733      92.0908
734      0
735      0
736      0
737      0
738      66.0173
739      99.9061
740      0
741      98.6489
742      49.9847
743      73.5037
744      0
745      99.5197
746      99.9781
747      0
748      93.7766
749      0
750      0
751      0
752      0
753      0
754      65.2274
755      92.5297
756      99.9302
757      61.8666
758      87.9362
759      0
760      99.9687
761      67.5764
762      0
763      68.6995
764      0
765      79.6841
766      96.2598
767      89.0639
768      0
769      66.3759
770      71.4543
771      0
772      96.2353
773      0
774      87.6035
775      99.7223
776      99.3452
777      99.1704
778      0
779      0
780      99.9327
781      94.6993
782      93.9056
783      53.3005
784      61.8666
785      96.8123
786      0
787      73.0309
788      0
789      0
790      43.2649
791      44.5085
792      96.4676
793      0
794      0
795      0
796      0
797      48.4254
798      87.5703
799      91.5821
800      83.9179
801      0
802      0
803      51.5322
804      91.2162
805      55.8604
806      0
807      85.3685
808      0
809      85.9161
810      0
811      0
812      0
813      0
814      89.5962
815      63.2353
816      0
817      96.8123
818      66.3759
819      52.3113
820      94.3627
821      96.7009
822      98.0391
823      73.4867
824      49.8022
825      97.7125
826      50.2621
827      0
828      96.8717
829      71.973
830      0
831      97.3316
832      61.1073
833      99.9656
834      98.6489
835      0
836      79.9992
837      71.5694
838      41.025
839      0
840      55.8913
841      0
842      73.8291
843      0
844      99.3991
845      0
846      73.0309
847      47.7945
848      88.0144
849      44.2043
850      47.2661
851      99.9577
852      0
853      94.7032
854      47.9944
855      0
856      67.3801
857      81.9753
858      51.1946
859      0
860      80.3884
861      73.5037
862      91.5246
863      0
864      99.8587
865      87.6035
866      71.8914
867      93.8492
868      51.9353
869      97.2172
870      77.2186
871      82.7181
872      0
873      75.2837
874      0
875      56.9003
876      98.0391
877      89.5269
878      95.2876
879      96.6056
880      0
881      0
882      74.2371
883      95.6504
884      75.2837
885      98.6489
886      0
887      51.7712
888      0
889      0
890      98.0719
891      75.2837
892      75.2398
893      0
894      0
895      57.8515
896      65.2735
897      99.6838
898      92.2749
899      81.6867
900      71.8423
901      0
902      0
903      0
904      0
905      80.1963
906      63.8231
907      63.8231
908      92.6612
909      98.0391
910      0
911      0
912      0
913      55.7695
914      95.8206
915      63.3722
916      48.4716
917      0
918      95.4257
919      81.9614
920      0
921      0
922      91.0359
923      61.6192
924      77.971
925      99.7315
926      93.2479
927      75.2398
928      0
929      77.971
930      97.9861
931      98.0391
932      59.7788
933      0
934      61.6591
935      0
936      64.5185
937      0
938      0
939      70.9227
940      93.8492
941      0
942      99.9491
943      88.1514
944      70.0833
945      97.3316
946      98.0719
947      0
948      84.5823
949      85.6214
950      98.2208
951      99.9781
952      88.5364
953      96.0223
954      52.294
955      85.6214
956      0
957      95.5837
958      0
959      0
960      99.8659
961      0
962      0
963      99.9061
964      0
965      46.3355
966      0
967      67.318
968      59.482
969      0
970      0
971      95.6836
972      56.647
973      93.8012
974      0
975      97.7454
976      86.4379
977      60.9579
978      97.8206
979      99.8831
980      0
981      61.0601
982      0
983      0
984      0
985      0
986      97.3316
987      80.9704
988      0
989      0
990      87.1345
991      51.6844
992      0
993      79.8392
994      0
995      0
996      91.8885
997      79.727
998      0
999      58.1769
1000      99.1564
1001      60.4367
1002      51.7712
1003      0
1004      0
1005      82.2942
1006      59.4349
1007      69.3626
1008      83.9179
1009      98.2208
1010      97.7454
1011      99.561
1012      91.2852
1013      44.1688
1014      0
1015      97.8498
1016      82.372
1017      78.6808
1018      0
1019      90.4884
1020      0
1021      99.9491
1022      55.2211
1023      83.2822
1024      0
1025      94.9734
1026      95.15
1027      42.2206
1028      86.0332
1029      59.3858
1030      61.0601
1031      0
1032      0
1033      92.5297
1034      72.8148
1035      50.7749
1036      99.0962
1037      0
1038      0
1039      87.5667
1040      96.8717
1041      96.6299
1042      56.9982
1043      98.7102
1044      91.8055
1045      0
1046      87.8197
1047      0
1048      57.8515
1049      88.6891
1050      0
1051      98.6489
1052      0
1053      68.954
1054      99.3991
1055      99.6229
1056      0
1057      0
1058      0
1059      60.6673
1060      93.2479
1061      0
1062      0
1063      0
1064      0
1065      63.9301
1066      0
1067      39.6118
1068      0
1069      99.2682
1070      99.9656
1071      0
1072      0
1073      65.8128
1074      97.1826
1075      75.3005
1076      68.6995
1077      58.1065
1078      0
1079      0
1080      0
1081      59.1698
1082      0
1083      0
1084      90.1436
1085      0
1086      95.0512
1087      63.195
1088      0
1089      86.3258
1090      0
1091      88.6891
1092      0
1093      98.922
1094      96.6252
1095      87.1345
1096      85.3685
1097      0
1098      0
1099      60.4567
1100      98.9759
1101      0
1102      0
1103      97.4657
1104      96.1094
1105      0
1106      92.7804
1107      96.1094
1108      0
1109      95.8785
1110      89.8882
1111      91.0079
1112      76.4614
1113      98.4304
1114      76.9681
1115      92.7804
1116      78.5124
1117      0
1118      87.9337
1119      74.1948
1120      0
1121      55.954
1122      0
1123      0
1124      88.3572
1125      0
1126      99.7947
1127      0
1128      88.1514
1129      0
1130      97.8498
1131      96.4676
1132      47.7945
1133      98.9392
1134      0
1135      45.3687
1136      0
1137      85.9748
1138      0
1139      0
1140      0
1141      0
1142      64.9624
1143      65.4578
1144      85.193
1145      0
1146      78.1817
1147      0
1148      90.3879
1149      0
1150      0
1151      99.8587
1152      0
1153      97.4423
1154      69.7122
1155      0
1156      83.0862
1157      0
1158      0
1159      86.2411
1160      69.5687
1161      0
1162      90.4978
1163      66.5695
1164      0
1165      49.6576
1166      46.0828
1167      60.1931
1168      0
1169      80.7135
1170      0
1171      84.4307
1172      99.7414
1173      74.6068
1174      0
1175      0
1176      0
1177      0
1178      93.9529
1179      0
1180      0
1181      93.7766
1182      92.6612
1183      73.7796
1184      0
1185      62.5815
1186      99.052
1187      99.052
1188      99.0962
1189      0
1190      58.7719
1191      52.7967
1192      79.2902
1193      99.7961
1194      0
1195      73.8291
1196      82.8154
1197      95.6836
1198      75.2398
1199      58.16
1200      97.6217
1201      78.1817
1202      0
1203      84.8508
1204      0
1205      59.5212
1206      0
1207      0
1208      85.193
1209      80.982
1210      45.9831
1211      0
1212      72.6503
1213      87.7321
1214      57.4692
1215      0
1216      75.7113
1217      65.0481
1218      0
1219      55.118
1220      57.6352
1221      0
1222      81.775
1223      0
1224      94.3881
1225      61.1351
1226      0
1227      95.0512
1228      0
1229      65.916
1230      44.0054
1231      84.4307
1232      97.2172
1233      65.8128
1234      0
1235      95.4957
1236      0
1237      82.372
1238      89.4192
1239      75.2398
1240      65.2274
1241      99.604
1242      0
1243      0
1244      74.6068
1245      49.3359
1246      99.9061
1247      79.5798
1248      96.7404
1249      0
1250      74.4415
1251      91.4555
1252      97.6945
1253      85.8074
1254      61.6737
1255      98.881
1256      76.6058
1257      53.714
1258      99.8587
1259      97.3603
1260      74.5862
1261      87.2271
1262      62.642
1263      0
1264      82.8154
1265      93.3472
1266      63.9239
1267      0
1268      72.8148
1269      0
1270      97.4286
1271      0
1272      0
1273      78.923
1274      80.7581
1275      61.6427
1276      97.4286
1277      0
1278      0
1279      73.4867
1280      0
1281      78.7717
1282      0
1283      94.3627
1284      0
1285      0
1286      91.672
1287      86.3258
1288      89.3722
1289      78.8297
1290      0
1291      62.642
1292      98.8546
1293      99.9491
1294      0
1295      0
1296      0
1297      99.7414
1298      0
1299      84.4858
1300      74.1712
1301      99.0962
1302      94.9347
1303      0
1304      45.0607
1305      0
1306      52.0838
1307      94.3067
1308      52.294
1309      0
1310      96.7374
1311      99.8587
1312      66.995
1313      77.4398
1314      90.4884
1315      98.6489
1316      94.7488
1317      63.0894
1318      99.9781
1319      0
1320      95.6911
1321      0
1322      0
1323      0
1324      79.138
1325      0
1326      0
1327      83.8638
1328      98.0391
1329      84.8418
1330      0
1331      78.9717
1332      62.6202
1333      91.8633
1334      0
1335      0
1336      97.7515
1337      0
1338      0
1339      97.3316
1340      65.7811
1341      86.3258
1342      91.4087
1343      43.4045
1344      88.825
1345      98.922
1346      0
1347      91.2852
1348      80.9704
1349      90.3538
1350      77.9103
1351      0
1352      88.6891
1353      53.8933
1354      96.4931
1355      90.7924
1356      77.4516
1357      95.274
1358      0
1359      89.2921
1360      0
1361      70.9227
1362      63.5438
1363      48.3498
1364      45.4187
1365      94.7032
1366      94.0129
1367      89.5269
1368      42.3291
1369      65.3412
1370      99.604
1371      0
1372      0
1373      0
1374      0
1375      99.9781
1376      91.0924
1377      0
1378      62.7271
1379      0
1380      0
1381      82.8711
1382      86.0878
1383      0
1384      0
1385      59.5212
1386      96.3997
1387      0
1388      74.3473
1389      65.816
1390      76.524
1391      99.8486
1392      0
1393      99.6852
1394      0
1395      0
1396      60.0861
1397      60.0128
1398      0
1399      73.0931
1400      97.9861
1401      97.0022
1402      60.9579
1403      0
1404      0
1405      99.9061
1406      93.8012
1407      99.2682
1408      67.6603
1409      65.816
1410      95.2876
1411      49.6576
1412      59.5961
1413      67.3801
1414      62.5815
1415      0
1416      99.9656
1417      0
1418      0
1419      0
1420      0
1421      80.3107
1422      95.15
1423      0
1424      60.5277
1425      0
1426      0
1427      66.9159
1428      89.8882
1429      0
1430      0
1431      0
1432      96.3997
1433      99.9327
1434      79.4833
1435      99.3991
1436      0
1437      87.9362
1438      96.7009
1439      0
1440      99.8587
1441      78.5833
1442      0
1443      99.9291
1444      82.5755
1445      98.4304
1446      0
1447      56.647
1448      0
1449      82.2224
1450      51.1614
1451      74.9059
1452      87.9337
1453      72.7049
1454      0
1455      89.6663
1456      0
1457      95.5837
1458      0
1459      81.5266
1460      96.6056
1461      72.7049
1462      50.8683
1463      0
1464      46.0476
1465      0
1466      91.2628
1467      98.922
1468      0
1469      0
1470      44.1688
1471      99.3455
1472      91.0359
1473      87.1345
1474      0
1475      97.8355
1476      0
1477      97.6217
1478      98.922
1479      0
1480      0
1481      0
1482      0
1483      95.0113
1484      0
1485      0
1486      0
1487      86.2411
1488      91.0359
1489      96.4931
1490      74.8064
1491      57.5052
1492      82.5755
1493      97.9861
1494      77.7567
1495      99.6852
1496      78.5833
1497      0
1498      98.6489
1499      80.7581
1500      77.9721
1501      57.2129
1502      61.8922
1503      95.6911
1504      0
1505      0
1506      88.5364
1507      0
1508      77.4398
1509      74.8767
1510      96.2353
1511      49.1643
1512      0
1513      95.2876
1514      0
1515      67.5764
1516      78.274
1517      0
1518      94.5584
1519      0
1520      0
1521      97.7515
1522      0
1523      51.9353
1524      47.2609
1525      0
1526      0
1527      0
1528      91.7962
1529      64.5941
1530      91.5423
1531      0
1532      74.9059
1533      86.197
1534      0
1535      97.6945
1536      95.1583
1537      84.5823
1538      47.0775
1539      62.642
1540      99.052
1541      0
1542      0
1543      0
1544      0
1545      0
1546      0
1547      91.7962
1548      51.9
1549      99.052
1550      57.4692
1551      0
1552      93.8562
1553      0
1554      0
1555      99.1407
1556      76.0028
1557      0
1558      65.5331
1559      98.0719
1560      0
1561      42.3961
1562      82.5755
1563      75.5095
1564      76.2447
1565      0
1566      99.5197
1567      72.0653
1568      68.7169
1569      58.9403
1570      0
1571      0
1572      86.2411
1573      86.3258
1574      0
1575      0
1576      0
1577      99.0962
1578      85.3685
1579      75.0756
1580      61.1073
1581      99.1564
1582      92.7078
1583      80.0188
1584      71.9154
1585      94.7026
1586      70.184
1587      89.6663
1588      96.8717
1589      48.3247
1590      57.8515
1591      85.0901
1592      82.7057
1593      0
1594      0
1595      0
1596      70.3504
1597      79.3999
1598      74.1108
1599      51.0257
1600      99.6852
1601      67.302
1602      0
1603      96.3997
1604      0
1605      0
1606      84.5823
1607      74.1657
1608      0
1609      97.0697
1610      90.771
1611      0
1612      67.3054
1613      0
1614      89.8882
1615      0
1616      0
1617      0
1618      69.6898
1619      64.9624
1620      99.9218
1621      80.1244
1622      51.9
1623      94.3627
1624      0
1625      79.2848
1626      56.1972
1627      0
1628      0
1629      71.441
1630      58.5893
1631      99.8974
1632      0
1633      0
1634      90.5065
1635      59.2417
1636      75.6994
1637      58.8444
1638      86.8093
1639      66.9159
1640      0
1641      78.2146
1642      0
1643      41.3242
1644      0
1645      76.9203
1646      82.6711
1647      89.5704
1648      79.727
1649      92.7804
1650      97.4286
1651      69.6372
1652      93.5755
1653      91.2628
1654      99.7414
1655      0
1656      0
1657      99.0755
1658      68.9013
1659      73.7835
1660      0
1661      0
1662      45.3687
1663      69.9594
1664      0
1665      52.3113
1666      59.8615
1667      0
1668      0
1669      0
1670      88.662
1671      0
1672      0
1673      48.1495
1674      51.0257
1675      89.7512
1676      82.477
1677      89.6663
1678      0
1679      53.8933
1680      98.3627
1681      82.372
1682      90.338
1683      75.4407
1684      0
1685      0
1686      77.6848
1687      85.9623
1688      0
1689      89.8882
1690      57.1678
1691      46.9194
1692      53.8933
1693      92.8732
1694      83.9179
1695      0
1696      0
1697      51.9
1698      0
1699      76.524
1700      92.8472
1701      0
1702      0
1703      0
1704      96.3997
1705      0
1706      83.8799
1707      98.6489
1708      96.2353
1709      0
1710      0
1711      0
1712      56.1972
1713      81.4472
1714      90.8946
1715      59.8615
1716      0
1717      45.4187
1718      81.3818
1719      0
1720      75.105
1721      0
1722      63.3629
1723      97.3603
1724      78.5833
1725      58.1769
1726      83.8638
1727      53.8933
1728      92.5297
1729      77.0743
1730      84.4472
1731      93.2817
1732      57.4692
1733      60.9579
1734      66.1034
1735      89.4541
1736      57.4692
1737      0
1738      93.8492
1739      87.9362
1740      0
1741      70.7469
1742      92.8732
1743      0
1744      0
1745      0
1746      99.5879
1747      0
1748      99.9327
1749      98.0719
1750      65.5493
1751      38.6242
1752      97.3603
1753      0
1754      48.6081
1755      71.5818
1756      99.0962
1757      0
1758      0
1759      65.5936
1760      94.0129
1761      0
1762      0
1763      0
1764      93.0141
1765      99.9491
1766      84.0078
1767      79.3733
1768      99.6229
1769      0
1770      0
1771      72.9619
1772      89.9386
1773      93.8012
1774      43.569
1775      93.3703
1776      89.1763
1777      91.016
1778      72.0653
1779      96.7404
1780      73.688
1781      55.2211
1782      0
1783      45.3687
1784      83.6902
1785      0
1786      0
1787      0
1788      84.0078
1789      49.3359
1790      0
1791      0
1792      98.0391
1793      0
1794      0
1795      0
1796      0
1797      0
1798      50.1453
1799      0
1800      0
1801      99.9061
1802      51.804
1803      66.1034
1804      96.8717
1805      64.6145
1806      97.2172
1807      63.6626
1808      95.9288
1809      77.9103
1810      94.2595
1811      81.324
1812      58.0698
1813      73.1661
1814      65.2735
1815      77.932
1816      0
1817      53.9261
1818      85.3685
1819      0
1820      99.6229
1821      99.0962
1822      0
1823      82.372
1824      96.3997
1825      0
1826      52.6031
1827      64.3336
1828      48.1043
1829      91.016
1830      0
1831      0
1832      93.8573
1833      0
1834      99.8831
1835      92.8472
1836      67.1376
1837      0
1838      96.8717
1839      78.9628
1840      58.956
1841      0
1842      98.922
1843      0
1844      81.4378
1845      46.4675
1846      95.15
1847      0
1848      61.5586
1849      0
1850      88.0228
1851      0
1852      0
1853      48.1106
1854      96.0223
1855      0
1856      60.2142
1857      84.9931
1858      94.5101
1859      80.8605
1860      95.0113
1861      99.7994
1862      79.2019
1863      0
1864      85.6214
1865      0
1866      97.0117
1867      0
1868      0
1869      72.5076
1870      83.9179
1871      75.1733
1872      60.2142
1873      0
1874      81.8779
1875      0
1876      0
1877      0
1878      45.4653
1879      80.1025
1880      95.1583
1881      0
1882      60.955
1883      74.1108
1884      99.1564
1885      0
1886      0
1887      0
1888      0
1889      0
1890      66.7941
1891      0
1892      0
1893      77.6032
1894      60.7923
1895      83.1797
1896      96.1913
1897      93.6413
1898      77.6848
1899      89.4594
1900      0
1901      68.5561
1902      98.7102
1903      83.6227
1904      89.4192
1905      99.4088
1906      0
1907      97.3603
1908      93.4218
1909      99.0962
1910      0
1911      87.9337
1912      77.6848
1913      85.3685
1914      60.9771
1915      97.6945
1916      46.0959
1917      96.2353
1918      91.8633
1919      89.3694
1920      72.5248
1921      98.0391
1922      83.4826
1923      69.9548
1924      0
1925      0
1926      97.4657
1927      82.497
1928      64.2444
1929      65.3195
1930      0
1931      82.4016
1932      0
1933      65.5559
1934      88.6891
1935      57.0272
1936      0
1937      74.1108
1938      70.0833
1939      93.8189
1940      95.15
1941      51.1946
1942      88.1514
1943      87.897
1944      64.5185
1945      63.093
1946      99.7223
1947      59.7788
1948      53.2922
1949      68.2338
1950      93.1308
1951      95.9547
1952      55.0684
1953      0
1954      79.5553
1955      98.4953
1956      0
1957      95.6911
1958      0
1959      0
1960      88.3572
1961      95.1583
1962      93.7507
1963      50.8683
1964      54.8421
1965      99.7315
1966      52.0838
1967      96.3534
1968      93.08
1969      55.1216
1970      0
1971      0
1972      0
1973      43.6094
1974      0
1975      0
1976      49.1625
1977      0
1978      63.3273
1979      68.6675
1980      0
1981      89.4541
1982      79.9544
1983      95.2876
1984      82.6982
1985      53.9452
1986      51.1614
1987      0
1988      0
1989      0
1990      0
1991      88.4927
1992      0
1993      94.3881
1994      79.727
1995      0
1996      61.4827
1997      80.3884
1998      0
1999      0
2000      80.4116
2001      0
2002      0
2003      95.4957
2004      0
2005      84.4307
2006      63.0933
2007      46.1979
2008      0
2009      85.6329
2010      99.0962
2011      0
2012      81.7193
2013      0
2014      97.0022
2015      99.7961
2016      0
2017      52.2624
2018      83.5933
2019      93.8573
2020      0
2021      74.3119
2022      93.2082
2023      98.2208
2024      94.2447
2025      75.9358
2026      75.7113
2027      99.4088
2028      69.5687
2029      98.8839
2030      0
2031      0
2032      52.3113
2033      0
2034      77.0537
2035      77.932
2036      97.9894
2037      0
2038      76.9802
2039      0
2040      82.477
2041      53.714
2042      67.3054
2043      0
2044      77.6032
2045      83.6248
2046      95.4257
2047      65.5559
2048      0
2049      91.7131
2050      0
2051      0
2052      86.3258
2053      0
2054      94.3627
2055      0
2056      71.7841
2057      99.9302
2058      66.0681
2059      99.8486
2060      74.6068
2061      47.8209
2062      93.0735
2063      0
2064      79.138
2065      83.8205
2066      95.0113
2067      50.9504
2068      93.0944
2069      97.181
2070      51.6844
2071      99.6838
2072      68.6675
2073      74.0856
2074      90.7675
2075      95.2876
2076      66.1034
2077      97.6217
2078      71.0188
2079      0
2080      77.28
2081      84.4277
2082      51.0918
2083      92.8732
2084      59.0464
2085      98.8702
2086      83.6132
2087      97.1826
2088      0
2089      88.5987
2090      97.2363
2091      96.4676
2092      77.0743
2093      70.1696
2094      46.0959
2095      0
2096      0
2097      98.4304
2098      53.7413
2099      99.8587
2100      90.7675
2101      80.1156
2102      0
2103      94.3881
2104      0
2105      38.39
2106      0
2107      74.1108
2108      0
2109      0
2110      0
2111      0
2112      0
2113      76.524
2114      50.6176
2115      93.8492
2116      0
2117      0
2118      86.3258
2119      0
2120      0
2121      98.8702
2122      0
2123      72.5132
2124      75.7599
2125      92.0908
2126      98.6489
2127      95.0113
2128      98.6489
2129      89.3694
2130      86.7429
2131      73.3971
2132      53.3005
2133      97.9861
2134      54.6085
2135      94.9734
2136      0
2137      66.1034
2138      0
2139      0
2140      99.3452
2141      45.4709
2142      95.4161
2143      46.644
2144      72.5205
2145      0
2146      98.3627
2147      98.8042
2148      0
2149      92.7804
2150      0
2151      64.0088
2152      0
2153      87.9337
2154      58.7719
2155      53.9625
2156      96.6056
2157      0
2158      44.7444
2159      67.1884
2160      81.3261
2161      62.8195
2162      0
2163      96.8717
2164      77.2204
2165      99.9061
2166      99.6838
2167      81.3261
2168      98.8839
2169      94.1281
2170      91.2852
2171      63.0012
2172      68.2338
2173      99.9327
2174      0
2175      67.6603
2176      62.3656
2177      99.9656
2178      92.7947
2179      68.9013
2180      60.9603
2181      0
2182      71.5191
2183      0
2184      0
2185      68.9013
2186      84.9931
2187      0
2188      62.3656
2189      60.9579
2190      63.3722
2191      95.9288
2192      0
2193      99.1954
2194      66.1034
2195      0
2196      93.6413
2197      0
2198      99.5879
2199      99.604
2200      84.9142
2201      90.5532
2202      0
2203      0
2204      99.8659
2205      79.5458
2206      0
2207      0
2208      53.2259
2209      0
2210      80.7654
2211      72.0653
2212      0
2213      0
2214      94.7026
2215      0
2216      83.9179
2217      98.0391
2218      0
2219      98.9392
2220      0
2221      77.0743
2222      87.4265
2223      0
2224      0
2225      78.8119
2226      96.7404
2227      70.9073
2228      0
2229      0
2230      85.193
2231      97.5069
2232      82.4667
2233      58.5871
2234      56.9003
2235      0
2236      75.763
2237      50.855
2238      45.2281
2239      92.8732
2240      76.9203
2241      0
2242      53.9727
2243      99.6852
2244      0
2245      83.6902
2246      99.9302
2247      50.6292
2248      0
2249      82.8711
2250      0
2251      0
2252      60.9369
2253      84.9931
2254      98.6489
2255      70.1696
2256      0
2257      60.9895
2258      81.324
2259      96.8717
2260      65.916
2261      74.3473
2262      58.5893
2263      88.0308
2264      0
2265      0
2266      0
2267      98.922
2268      68.6995
2269      98.1103
2270      71.9834
2271      0
2272      0
2273      52.0672
2274      61.0612
2275      0
2276      0
2277      87.9337
2278      99.8659
2279      0
2280      98.9392
2281      73.1661
2282      0
2283      68.8768
2284      46.0599
2285      53.8933
2286      87.785
2287      0
2288      85.0533
2289      0
2290      0
2291      0
2292      0
2293      98.881
2294      67.6898
2295      0
2296      60.2134
2297      70.9227
2298      99.2682
2299      93.2817
2300      75.4407
2301      68.375
2302      0
2303      95.6836
2304      0
2305      80.8605
2306      46.9818
2307      97.0697
2308      88.2411
2309      56.4289
2310      0
2311      55.4712
2312      0
2313      0
2314      90.4116
2315      63.0012
2316      53.8933
2317      0
2318      54.8099
2319      84.6325
2320      0
2321      88.3572
2322      59.4349
2323      0
2324      51.1463
2325      0
2326      0
2327      99.9687
2328      0
2329      0
2330      91.7215
2331      0
2332      0
2333      46.0406
2334      76.4045
2335      0
2336      61.2702
2337      67.6603
2338      98.3627
2339      0
2340      79.5553
2341      0
2342      0
2343      85.6214
2344      0
2345      34.2068
2346      0
2347      79.1412
2348      65.2735
2349      94.7032
2350      0
2351      0
2352      86.3091
2353      0
2354      88.5987
2355      0
2356      70.1696
2357      68.9013
2358      60.1111
2359      84.0078
2360      84.5585
2361      0
2362      0
2363      99.6229
2364      97.9894
2365      0
2366      87.3778
2367      43.0399
2368      90.5532
2369      99.6852
2370      67.3801
2371      74.1108
2372      87.7321
2373      0
2374      0
2375      68.5561
2376      0
2377      94.3627
2378      88.743
2379      0
2380      91.7962
2381      56.9003
2382      0
2383      0
2384      65.4202
2385      0
2386      0
2387      96.6758
2388      99.9781
2389      76.6001
2390      0
2391      98.4798
2392      69.3626
2393      75.8798
2394      70.0833
2395      0
2396      96.8123
2397      42.0197
2398      49.3359
2399      94.3067
2400      99.8659
2401      0
2402      0
2403      0
2404      84.0078
2405      60.4567
2406      0
2407      99.7994
2408      0
2409      0
2410      0
2411      0
2412      0
2413      50.5611
2414      0
2415      97.2172
2416      77.6977
2417      83.9179
2418      99.7947
2419      0
2420      0
2421      95.8785
2422      66.9159
2423      0
2424      89.8882
2425      0
2426      50.2621
2427      0
2428      96.6303
2429      44.8253
2430      84.5823
2431      81.8779
2432      89.7522
2433      61.8139
2434      65.4578
2435      0
2436      63.3322
2437      97.9861
2438      0
2439      97.9861
2440      0
2441      0
2442      98.7102
2443      0
2444      81.5266
2445      89.3694
2446      59.1698
2447      46.1302
2448      0
2449      60.4425
2450      99.8486
2451      0
2452      0
2453      81.8513
2454      53.2768
2455      47.4944
2456      89.7753
2457      97.3603
2458      92.8732
2459      93.3703
2460      93.7507
2461      0
2462      95.8785
2463      98.4798
2464      65.8578
2465      94.5342
2466      47.7309
2467      0
2468      50.855
2469      97.3984
2470      96.6252
2471      78.923
2472      74.6068
2473      93.6162
2474      55.0678
2475      98.2208
2476      71.0188
2477      86.0544
2478      82.2942
2479      67.6603
2480      0
2481      99.2682
2482      0
2483      0
2484      59.0464
2485      69.6372
2486      79.1412
2487      41.3242
2488      0
2489      46.3498
2490      0
2491      0
2492      0
2493      76.4045
2494      0
2495      0
2496      89.7522
2497      97.6945
2498      0
2499      52.294
       82732
