0      0
1      99.6784
2      55.6548
3      99.6784
4      0
5      0
6      0
7      0
8      74.4026
9      0
10      81.5098
11      45.3882
12      84.3055
13      0
14      99.0152
15      86.4606
16      0
17      75.0491
18      99.6541
19      75.1679
20      0
21      0
22      77.273
23      99.8524
24      0
25      0
26      0
27      63.6424
28      0
29      92.1873
30      0
31      61.1913
32      0
33      0
34      97.7833
35      0
36      99.5377
37      0
38      62.9862
39      0
40      50.3356
41      0
42      96.9227
43      0
44      0
45      0
46      0
47      99.2629
48      76.1361
49      0
50      0
51      99.6541
52      0
53      97.8816
54      99.6784
55      99.4134
56      99.7094
57      49.6791
58      61.6305
59      33.6662
60      60.5374
61      94.6372
62      0
63      54.2527
64      0
65      0
66      78.1821
67      99.8524
68      66.7824
69      0
70      74.2153
71      99.6648
72      99.8492
73      66.9742
74      99.8492
75      91.7237
76      99.8524
77      62.7331
78      45.281
79      0
80      91.8623
81      99.9568
82      71.8414
83      64.9224
84      0
85      87.6815
86      0
87      78.6837
88      99.6784
89      78.1534
90      0
91      99.8492
92      0
93      78.4022
94      80.0753
95      62.4265
96      81.1353
97      82.3638
98      80.7512
99      0
100      0
101      0
102      60.5374
103      0
104      99.5377
105      76.1361
106      0
107      0
108      62.4638
109      72.4689
110      99.6541
111      86.772
112      0
113      85.885
114      0
115      99.5377
116      62.0554
117      0
118      81.5098
119      72.1251
120      99.7094
121      55.5316
122      57.4759
123      90.1015
124      66.3261
125      90.7521
126      54.135
127      0
128      91.9149
129      0
130      99.3046
131      0
132      84.8166
133      72.4626
134      0
135      0
136      99.9568
137      66.8525
138      90.7521
139      98.751
140      89.7666
141      99.8492
142      45.1431
143      47.488
144      0
145      0
146      0
147      57.4759
148      79.6277
149      0
150      0
151      52.1276
152      0
153      87.6934
154      92.855
155      38.7027
156      0
157      99.6784
158      99.8524
159      59.2874
160      0
161      89.4607
162      0
163      99.4134
164      58.0425
165      99.8492
166      0
167      66.8194
168      0
169      0
170      0
171      0
172      57.5258
173      0
174      0
175      0
176      90.5464
177      97.7833
178      47.6057
179      0
180      0
181      79.2454
182      73.2259
183      97.4138
184      74.1257
185      42.9487
186      86.0178
187      81.2031
188      99.0152
189      98.3629
190      0
191      0
192      58.4698
193      99.3046
194      0
195      0
196      0
197      0
198      0
199      0
200      78.8815
201      0
202      99.6541
203      0
204      98.5346
205      0
206      99.8524
207      78.2632
208      0
209      0
210      99.6648
211      0
212      62.3201
213      0
214      99.8492
215      0
216      0
217      16.5487
218      97.7833
219      50.2651
220      56.788
221      96.8524
222      0
223      0
224      99.5377
225      99.2629
226      0
227      81.231
228      92.6138
229      83.0267
230      0
231      90.7521
232      44.3223
233      47.4624
234      81.1353
235      67.3855
236      0
237      99.6648
238      0
239      65.5163
240      57.0088
241      74.1257
242      0
243      0
244      0
245      83.1252
246      99.4134
247      67.2371
248      71.3073
249      99.0152
250      69.928
251      53.4207
252      0
253      99.5377
254      90.7796
255      99.6784
256      0
257      98.7143
258      58.93
259      0
260      0
261      55.5107
262      92.9803
263      62.5133
264      0
265      89.2298
266      0
267      96.8524
268      97.5532
269      99.6784
270      99.6784
271      0
272      90.7521
273      99.4134
274      99.8492
275      53.3747
276      91.8598
277      71.8897
278      75.544
279      0
280      99.9568
281      0
282      98.7143
283      82.6109
284      99.6784
285      48.8266
286      69.3522
287      0
288      77.2746
289      69.3722
290      99.6784
291      99.6784
292      76.1361
293      99.4134
294      0
295      91.3529
296      82.3954
297      97.9502
298      0
299      67.9806
300      68.8663
301      0
302      84.8166
303      51.4972
304      96.4966
305      0
306      99.2629
307      77.6331
308      99.7094
309      97.038
310      99.8492
311      75.0793
312      99.6784
313      59.8812
314      99.8492
315      97.9502
316      0
317      67.7871
318      99.6541
319      72.9975
320      0
321      99.8524
322      72.871
323      0
324      50.5596
325      91.4756
326      0
327      69.3722
328      82.3638
329      70.143
330      0
331      0
332      82.0254
333      0
334      91.1983
335      0
336      99.9568
337      44.35
338      97.3374
339      59.2874
340      0
341      0
342      0
343      37
344      0
345      56.788
346      43.2872
347      0
348      99.4134
349      46.9913
350      52.5966
351      70.1389
352      0
353      50.5596
354      46.0088
355      91.3529
356      70.4922
357      0
358      99.5377
359      77.2406
360      0
361      0
362      99.9568
363      82.3638
364      99.0152
365      54.2527
366      0
367      64.6167
368      55.8721
369      90.6661
370      0
371      98.5346
372      84.6018
373      99.6784
374      0
375      98.5055
376      53.8852
377      0
378      0
379      99.5377
380      0
381      48.3773
382      88.1137
383      0
384      50.2651
385      99.8524
386      65.9504
387      60.2415
388      89.5825
389      64.5636
390      55.6548
391      98.5055
392      0
393      76.1206
394      99.8524
395      99.5377
396      74.2153
397      0
398      46.6796
399      0
400      0
401      92.1873
402      57.3476
403      99.6784
404      99.2479
405      99.8524
406      0
407      99.7094
408      82.3638
409      69.3522
410      0
411      0
412      0
413      99.7094
414      99.8492
415      98.5954
416      80.0753
417      0
418      69.2134
419      0
420      99.8492
421      89.4791
422      0
423      99.8492
424      93.2745
425      0
426      97.7833
427      81.4859
428      94.8054
429      89.7666
430      0
431      0
432      79.4004
433      74.2403
434      99.6784
435      76.1361
436      99.6784
437      0
438      85.6347
439      82.057
440      54.0781
441      51.3033
442      97.3374
443      71.1021
444      83.0267
445      91.3529
446      97.1716
447      99.6648
448      97.3196
449      54.3076
450      0
451      0
452      0
453      99.8492
454      0
455      99.8492
456      0
457      0
458      0
459      99.8492
460      0
461      99.8492
462      92.9803
463      83.1252
464      71.0298
465      98.5346
466      99.5377
467      99.6541
468      81.2031
469      0
470      50.0126
471      83.8467
472      84.8166
473      0
474      91.4756
475      71.8897
476      99.0152
477      75.9131
478      83.2077
479      0
480      67.7871
481      0
482      0
483      99.6648
484      0
485      0
486      99.7094
487      83.1324
488      74.1257
489      82.1576
490      0
491      0
492      56.788
493      97.9502
494      0
495      0
496      97.4452
497      99.6784
498      83.2077
499      75.6004
500      56.99
501      54.3076
502      0
503      97.8412
504      98.9452
505      99.9568
506      99.6725
507      99.7094
508      93.1092
509      0
510      58.8269
511      0
512      99.8524
513      99.6648
514      0
515      64.4319
516      97.7833
517      82.3638
518      99.8524
519      55.9475
520      77.645
521      98.9452
522      98.7143
523      98.5055
524      0
525      85.396
526      99.0152
527      0
528      84.5477
529      0
530      72.6535
531      99.0152
532      68.8663
533      0
534      0
535      69.2134
536      81.4859
537      0
538      0
539      97.5532
540      56.788
541      97.7097
542      53.5316
543      89.7666
544      74.9127
545      75.9131
546      0
547      99.0152
548      69.2472
549      0
550      0
551      99.7094
552      99.524
553      0
554      94.4856
555      99.4134
556      42.9213
557      0
558      0
559      0
560      70.5706
561      76.7311
562      86.4142
563      0
564      0
565      99.5377
566      94.676
567      0
568      63.6424
569      0
570      99.9568
571      99.0152
572      99.6784
573      86.8076
574      99.8524
575      64.4658
576      89.7666
577      83.1324
578      48.3773
579      55.8416
580      99.6784
581      64.6167
582      0
583      76.1361
584      70.824
585      98.5346
586      87.2131
587      99.7094
588      75.6004
589      99.4134
590      98.7953
591      96.8524
592      69.497
593      88.4718
594      0
595      99.8524
596      99.8524
597      0
598      0
599      46.0753
600      53.9388
601      67.7871
602      81.4859
603      99.7094
604      98.9075
605      94.4944
606      80.6288
607      99.6784
608      0
609      78.5277
610      0
611      0
612      67.7871
613      70.0389
614      0
615      98.5055
616      76.1361
617      53.7716
618      77.2606
619      0
620      99.6784
621      54.7135
622      76.1361
623      97.4138
624      98.5346
625      78.1821
626      66.2045
627      99.6541
628      60.4713
629      62.5098
630      71.6177
631      99.8524
632      0
633      99.9568
634      62.3201
635      0
636      93.1092
637      0
638      98.5055
639      48.0024
640      0
641      99.9568
642      99.8492
643      99.3046
644      0
645      80.1817
646      44.7692
647      55.9475
648      82.8125
649      83.8467
650      98.5811
651      92.2163
652      0
653      86.8606
654      82.1576
655      77.6331
656      0
657      83.9159
658      55.8416
659      0
660      85.0167
661      0
662      0
663      0
664      50.2651
665      0
666      96.9926
667      83.1446
668      99.6784
669      72.871
670      0
671      80.71
672      0
673      87.7847
674      99.8492
675      99.8492
676      0
677      54.2527
678      85.885
679      97.9546
680      82.7034
681      69.4038
682      76.7311
683      91.8623
684      99.4134
685      0
686      0
687      76.1361
688      97.9502
689      0
690      97.8597
691      99.2629
692      0
693      64.9224
694      0
695      81.888
696      89.5148
697      70.0389
698      74.1257
699      93.1092
700      0
701      48.0024
702      99.5377
703      99.5377
704      0
705      0
706      0
707      80.67
708      53.9388
709      56.788
710      70.5451
711      60.4713
712      83.1446
713      54.135
714      99.6541
715      99.5377
716      99.5377
717      0
718      76.5791
719      0
720      55.8416
721      0
722      53.6408
723      0
724      73.2417
725      82.6867
726      0
727      97.9546
728      0
729      60.4713
730      0
731      69.2134
732      73.1599
733      44.7596
734      99.8492
735      0
736      99.2629
737      97.8412
738      0
739      0
740      98.7143
741      84.7192
742      99.8492
743      59.2874
744      82.1283
745      0
746      99.6784
747      0
748      97.5532
749      99.8524
750      55.9475
751      59.2874
752      0
753      85.1848
754      54.815
755      94.8562
756      0
757      99.4134
758      0
759      84.6018
760      52.7757
761      0
762      0
763      0
764      81.6754
765      45.555
766      0
767      99.6784
768      0
769      99.8492
770      67.0854
771      91.9184
772      0
773      0
774      0
775      99.8524
776      0
777      0
778      0
779      54.955
780      70.3467
781      99.6784
782      91.0652
783      0
784      99.9568
785      99.6541
786      0
787      76.1361
788      0
789      0
790      74.5367
791      97.9546
792      87.5965
793      91.3529
794      49.8526
795      71.8897
796      87.9321
797      95.0556
798      86.8606
799      49.5915
800      0
801      0
802      61.4564
803      92.1873
804      99.3716
805      99.8524
806      0
807      59.2256
808      99.9568
809      99.6784
810      99.6648
811      53.5379
812      88.8817
813      0
814      97.9502
815      0
816      0
817      48.3516
818      99.9568
819      0
820      90.7521
821      54.135
822      0
823      65.0283
824      0
825      77.498
826      89.7666
827      99.6784
828      85.1848
829      74.1257
830      54.3978
831      0
832      76.1361
833      0
834      89.7666
835      0
836      48.3516
837      72.4689
838      49.3553
839      96.8524
840      0
841      99.6541
842      0
843      0
844      63.6424
845      89.5148
846      46.3004
847      74.9127
848      0
849      73.0233
850      0
851      0
852      0
853      99.9568
854      55.8416
855      99.2629
856      57.4759
857      86.1188
858      99.6784
859      98.9452
860      37.54
861      71.4821
862      73.2417
863      0
864      75.0793
865      54.7999
866      56.788
867      64.4319
868      0
869      0
870      99.8524
871      99.8492
872      0
873      86.4142
874      0
875      0
876      99.8492
877      92.9803
878      99.6784
879      0
880      56.9922
881      99.4134
882      97.4452
883      0
884      0
885      99.4134
886      64.4319
887      0
888      58.796
889      72.6535
890      69.0112
891      99.8524
892      82.057
893      0
894      49.3184
895      0
896      0
897      87.468
898      0
899      78.1534
900      76.7311
901      77.645
902      0
903      99.8492
904      78.1821
905      0
906      0
907      0
908      0
909      99.8094
910      69.3722
911      87.5965
912      60.0389
913      0
914      97.038
915      0
916      98.5346
917      54.3076
918      99.7094
919      0
920      91.4756
921      80.67
922      99.6541
923      0
924      81.2031
925      69.2472
926      49.9278
927      72.2349
928      58.9446
929      81.1353
930      99.8492
931      97.4138
932      93.2745
933      60.6451
934      71.8897
935      84.8166
936      99.6648
937      99.6541
938      97.9502
939      99.6784
940      0
941      64.8462
942      99.4134
943      78.6529
944      73.2417
945      81.888
946      81.9261
947      99.8492
948      0
949      99.9568
950      0
951      60.4713
952      0
953      90.6661
954      97.3374
955      84.8166
956      58.796
957      0
958      76.1361
959      99.6784
960      99.6692
961      0
962      0
963      98.1283
964      99.6648
965      50.3629
966      0
967      89.7666
968      74.9127
969      74.5367
970      60.4713
971      72.0507
972      99.9568
973      99.4134
974      80.4422
975      99.2629
976      88.7529
977      99.4134
978      50.5481
979      0
980      83.8467
981      0
982      81.5879
983      80.057
984      77.2406
985      0
986      99.4134
987      99.5377
988      98.7143
989      66.6114
990      72.4689
991      62.4638
992      61.5078
993      98.7242
994      67.7871
995      97.4138
996      94.4944
997      0
998      0
999      84.8166
       36281.3
