0      99.9615
1      99.5686
2      0
3      57.2834
4      99.963
5      99.8573
6      82.9617
7      53.9711
8      72.1191
9      72.1514
10      80.44
11      0
12      0
13      94.5676
14      0
15      0
16      93.0143
17      0.00220558
18      84.4743
19      48.8037
20      99.8573
21      83.7523
22      0
23      99.9293
24      0
25      99.9741
26      0
27      0
28      47.929
29      59.0524
30      0
31      0
32      89.5157
33      99.9615
34      84.1496
35      0
36      99.9615
37      0
38      99.9015
39      96.0252
40      67.5387
41      69.1739
42      0
43      91.5248
44      71.8519
45      93.2356
46      0
47      87.5301
48      59.5129
49      95.1532
50      0
51      0
52      99.4664
53      0
54      84.3359
55      90.597
56      86.8932
57      69.2148
58      86.1782
59      0
60      99.9575
61      0
62      99.9615
63      0
64      98.9215
65      0
66      0
67      96.6326
68      99.9615
69      90.3211
70      99.8573
71      99.9615
72      94.5411
73      80.2931
74      99.9015
75      57.764
76      57.764
77      96.8248
78      68.3878
79      89.5157
80      75.3038
81      47.8778
82      0
83      84.3359
84      99.9615
85      89.8692
86      68.3978
87      60.9152
88      0
89      0
90      89.8692
91      0.00183618
92      99.9615
93      83.3173
94      0
95      62.8606
96      84.3359
97      0
98      78.5891
99      0
100      81.4409
101      99.2001
102      55.8364
103      99.9293
104      0
105      0
106      99.9615
107      99.4664
108      62.5637
109      98.1402
110      95.7027
111      0
112      98.1619
113      84.6366
114      0
115      0
116      0
117      0
118      0
119      60.8029
120      0
121      69.1739
122      0
123      47.4274
124      0
125      95.7027
126      77.5473
127      81.266
128      78.0468
129      66.7196
130      99.4664
131      48.6291
132      99.9015
133      99.9807
134      62.8606
135      54.2603
136      0
137      0
138      68.4071
139      99.9615
140      99.9615
141      96.8248
142      99.9015
143      82.3419
144      53.0609
145      99.9935
146      0
147      77.4646
148      99.9615
149      99.9615
150      99.8573
151      99.4664
152      60.9152
153      93.2356
154      0
155      41.5628
156      99.9935
157      79.9356
158      0
159      84.6366
160      85.7579
161      72.9672
162      99.9322
163      0
164      88.0497
165      77.2427
166      94.196
167      0
168      99.8573
169      0
170      99.9015
171      48.6291
172      77.9532
173      99.9338
174      99.9615
175      0
176      60.9152
177      53.9711
178      0
179      0
180      0
181      66.5195
182      0
183      0
184      91.5248
185      0
186      99.8573
187      0
188      99.9293
189      0
190      99.9615
191      0
192      99.9293
193      0
194      99.9935
195      60.9152
196      96.9009
197      0
198      0
199      66.7196
       7162.74
