0      92.397
1      75.3171
2      99.0474
3      53.402
4      99.9243
5      0
6      0
7      83.2243
8      98.7381
9      63.8966
10      97.479
11      0
12      91.8769
13      60.4795
14      98.3616
15      83.0344
16      0
17      77.5669
18      85.9564
19      70.1797
20      0
21      99.5634
22      99.7666
23      97.1058
24      71.6689
25      0
26      61.3904
27      55.9788
28      0
29      54.3488
30      91.9944
31      55.1648
32      94.4509
33      99.5939
34      0
35      98.0754
36      0
37      93.7658
38      59.8891
39      63.5192
40      48.5134
41      83.8411
42      95.4564
43      0
44      73.8179
45      91.3385
46      67.2696
47      54.7155
48      0
49      91.2584
50      72.7046
51      0
52      0
53      83.6201
54      98.6259
55      0
56      0
57      0
58      94.8182
59      46.1206
60      75.989
61      98.7075
62      97.039
63      99.5891
64      78.6582
65      93.9451
66      98.0033
67      0
68      0
69      70.1559
70      67.4538
71      97.7219
72      0
73      97.479
74      96.8253
75      57.7829
76      60.9178
77      0
78      48.8646
79      85.9449
80      90.4317
81      0
82      0
83      97.9723
84      0
85      57.2231
86      0
87      57.1099
88      51.7595
89      0
90      0
91      0
92      99.261
93      0
94      0
95      0
96      93.7056
97      0
98      90.0908
99      95.8018
100      87.818
101      93.2624
102      51.837
103      53.7826
104      96.081
105      65.544
106      79.6429
107      75.4222
108      69.8122
109      99.4025
110      51.5987
111      53.7826
112      78.8641
113      90.7259
114      0
115      0
116      89.5439
117      97.1934
118      68.8441
119      99.4635
120      95.1482
121      0
122      94.1613
123      99.3213
124      95.768
125      99.5939
126      85.1899
127      86.8473
128      0
129      73.0397
130      56.2804
131      0
132      92.3621
133      69.7106
134      95.6798
135      86.3195
136      69.1365
137      75.3171
138      85.8181
139      0
140      65.8319
141      92.397
142      0
143      96.0347
144      87.0076
145      0
146      63.8966
147      0
148      70.8747
149      82.126
150      0
151      0
152      61.4364
153      0
154      74.1557
155      68.1269
156      84.0634
157      75.838
158      48.7891
159      94.4065
160      74.4142
161      0
162      83.8133
163      75.4222
164      44.1874
165      99.6338
166      79.0928
167      65.1802
168      88.0226
169      63.3253
170      0
171      0
172      0
173      98.0041
174      88.4484
175      90.5446
176      0
177      0
178      99.3213
179      65.1802
180      0
181      96.081
182      0
183      92.3621
184      0
185      0
186      96.535
187      0
188      0
189      99.8712
190      0
191      52.3555
192      88.0146
193      0
194      82.4044
195      0
196      83.9248
197      79.5108
198      0
199      49.1491
200      0
201      66.764
202      98.0754
203      51.5651
204      94.069
205      77.991
206      0
207      0
208      63.4148
209      50.65
210      90.5062
211      84.1946
212      98.3891
213      67.4538
214      0
215      98.7381
216      70.1723
217      96.9956
218      84.5316
219      47.7163
220      93.7056
221      91.1202
222      68.0423
223      95.3457
224      0
225      83.1639
226      0
227      68.4948
228      65.557
229      0
230      0
231      0
232      99.4025
233      44.0928
234      82.7291
235      98.6259
236      52.7078
237      83.0344
238      61.036
239      87.1847
240      0
241      99.7666
242      88.1917
243      91.8769
244      97.9735
245      0
246      0
247      96.9956
248      81.372
249      0
250      71.3282
251      97.4794
252      99.2549
253      0
254      0
255      0
256      0
257      74.7016
258      74.5663
259      96.9976
260      0
261      0
262      0
263      0
264      75.0748
265      55.7593
266      97.479
267      55.6055
268      0
269      99.4025
270      91.2584
271      61.3017
272      0
273      53.402
274      78.6111
275      62.888
276      88.6886
277      78.1188
278      91.9944
279      98.8415
280      52.0087
281      49.2255
282      95.8311
283      74.0104
284      0
285      75.838
286      99.261
287      0
288      90.7232
289      0
290      90.7259
291      97.8756
292      0
293      0
294      99.7666
295      0
296      0
297      93.8317
298      89.9402
299      93.4273
300      72.1894
301      0
302      74.405
303      0
304      59.7128
305      70.1559
306      99.7497
307      89.6587
308      0
309      0
310      0
311      0
312      90.7232
313      48.8646
314      0
315      81.8349
316      94.5574
317      44.2224
318      75.3171
319      0
320      67.0339
321      86.3553
322      84.1946
323      0
324      55.1648
325      46.6777
326      0
327      50.7433
328      65.7795
329      99.2082
330      75.3171
331      66.104
332      0
333      91.1202
334      0
335      74.405
336      99.4025
337      0
338      0
339      80.4887
340      48.8762
341      0
342      64.935
343      99.8262
344      97.2013
345      55.6672
346      0
347      65.1689
348      63.7286
349      82.1752
350      0
351      51.1968
352      79.4917
353      71.8976
354      55.8326
355      0
356      66.2085
357      77.1578
358      84.3702
359      0
360      98.8415
361      0
362      0
363      0
364      93.4273
365      0
366      0
367      0
368      84.1815
369      0
370      0
371      0
372      98.7182
373      70.046
374      65.7795
375      0
376      0
377      0
378      0
379      0
380      98.3616
381      77.066
382      0
383      0
384      70.1797
385      0
386      98.1715
387      0
388      0
389      98.648
390      62.974
391      95.7806
392      66.6961
393      0
394      0
395      96.081
396      74.4889
397      0
398      99.8262
399      67.3001
400      0
401      95.768
402      55.7481
403      47.5968
404      96.8694
405      97.7145
406      59.8041
407      75.1137
408      79.8109
409      98.2736
410      77.3246
411      0
412      99.605
413      0
414      0
415      0
416      77.9077
417      0
418      47.4691
419      99.2549
420      0
421      0
422      61.2801
423      92.6346
424      0
425      83.0344
426      54.3488
427      89.9874
428      0
429      87.1847
430      80.337
431      96.6883
432      98.9634
433      83.6201
434      0
435      99.8262
436      0
437      0
438      85.3031
439      0
440      82.5398
441      58.4231
442      58.0221
443      55.6672
444      92.8859
445      71.3599
446      0
447      63.1196
448      96.9956
449      64.9541
450      95.3307
451      0
452      0
453      0
454      49.8185
455      99.5891
456      0
457      0
458      68.2289
459      0
460      48.8762
461      0
462      65.8448
463      48.264
464      99.3775
465      0
466      83.6201
467      0
468      81.6057
469      0
470      73.9142
471      45.4377
472      0
473      0
474      60.9129
475      0
476      99.8262
477      86.3195
478      91.2584
479      0
480      96.8253
481      70.5351
482      0
483      74.9477
484      54.9794
485      95.4564
486      56.4682
487      97.1058
488      79.4917
489      88.3667
490      92.8859
491      88.0226
492      69.1117
493      94.7363
494      0
495      0
496      0
497      0
498      0
499      0
500      87.3281
501      86.8662
502      0
503      0
504      68.649
505      94.933
506      96.2932
507      87.3527
508      75.838
509      0
510      72.7046
511      90.8409
512      84.1815
513      0
514      96.4045
515      81.6869
516      90.4317
517      0
518      98.7182
519      0
520      0
521      0
522      0
523      0
524      99.3213
525      0
526      50.114
527      87.7319
528      98.6259
529      60.6489
530      0
531      0
532      99.2987
533      0
534      99.261
535      0
536      96.535
537      79.5108
538      0
539      51.8938
540      70.7673
541      74.0104
542      83.679
543      0
544      69.1862
545      0
546      97.1934
547      79.4128
548      0
549      54.8279
550      99.6338
551      0
552      0
553      85.7053
554      0
555      0
556      82.7367
557      47.1424
558      0
559      72.5634
560      56.8698
561      0
562      78.4535
563      61.252
564      0
565      98.1446
566      97.489
567      65.1802
568      97.4431
569      52.1997
570      99.605
571      51.3837
572      86.8113
573      95.768
574      99.2462
575      0
576      0
577      72.4398
578      56.3078
579      57.19
580      95.8018
581      0
582      80.0739
583      90.9168
584      0
585      0
586      0
587      0
588      80.8318
589      87.3357
590      0
591      0
592      0
593      76.0398
594      99.2462
595      75.989
596      96.8694
597      85.6057
598      97.1607
599      0
600      70.3212
601      75.989
602      99.7666
603      58.0614
604      56.6515
605      0
606      78.1188
607      53.4397
608      64.1907
609      0
610      51.0106
611      67.2696
612      86.7559
613      57.301
614      90.7639
615      0
616      50.148
617      62.6601
618      71.8976
619      0
620      98.9172
621      0
622      91.8769
623      94.8606
624      50.1858
625      92.3621
626      98.0996
627      99.8247
628      99.9761
629      0
630      0
631      0
632      82.0913
633      0
634      81.3028
635      94.933
636      99.605
637      45.3131
638      96.9555
639      51.1291
640      72.3092
641      48.8131
642      98.5103
643      96.8694
644      92.2475
645      0
646      0
647      0
648      69.4833
649      0
650      97.4794
651      51.8973
652      61.2086
653      75.3171
654      99.4203
655      61.4552
656      75.9204
657      0
658      87.1847
659      96.1266
660      53.6498
661      0
662      67.2696
663      0
664      0
665      0
666      54.8387
667      96.6583
668      51.4276
669      0
670      44.668
671      0
672      68.649
673      0
674      99.6338
675      0
676      84.1423
677      74.4142
678      96.4045
679      84.1423
680      59.7386
681      92.2492
682      65.3108
683      0
684      0
685      56.7722
686      77.991
687      0
688      93.7056
689      0
690      98.5017
691      0
692      96.3657
693      0
694      55.9812
695      85.5617
696      88.8438
697      98.3975
698      98.2175
699      96.4045
700      89.8755
701      99.4025
702      0
703      91.9944
704      81.4702
705      62.5826
706      0
707      88.824
708      0
709      98.8682
710      83.9248
711      0
712      0
713      95.0478
714      95.3633
715      0
716      98.8682
717      0
718      98.4746
719      62.0432
720      0
721      92.8859
722      0
723      76.0359
724      97.8342
725      0
726      57.4102
727      88.5756
728      71.1058
729      75.3619
730      0
731      0
732      0
733      55.8401
734      65.2636
735      80.8506
736      0
737      75.8758
738      56.1526
739      78.8186
740      99.9766
741      0
742      0
743      98.7381
744      0
745      53.7312
746      84.3702
747      53.6598
748      0
749      99.8262
750      0
751      0
752      60.9178
753      84.0634
754      77.6081
755      0
756      97.1934
757      0
758      0
759      90.9168
760      99.4025
761      0
762      84.9837
763      0
764      0
765      87.4431
766      0
767      78.4051
768      0
769      75.1614
770      96.0347
771      91.7741
772      57.7739
773      0
774      0
775      0
776      68.9859
777      0
778      0
779      59.0385
780      98.7842
781      90.3571
782      0
783      0
784      69.8086
785      0
786      63.0871
787      99.8712
788      49.9256
789      0
790      63.7374
791      56.4682
792      70.8747
793      94.4735
794      0
795      56.2804
796      92.4857
797      62.4769
798      98.7381
799      0
800      67.0139
801      61.8889
802      90.4317
803      84.8248
804      0
805      98.6259
806      98.7842
807      0
808      98.8682
809      67.1975
810      97.8416
811      68.6111
812      94.4735
813      69.012
814      55.8908
815      64.5144
816      97.2847
817      92.8484
818      99.8712
819      0
820      88.5793
821      70.1723
822      88.4178
823      0
824      99.4025
825      61.4831
826      52.682
827      77.6081
828      90.7077
829      85.6975
830      96.8253
831      87.7956
832      98.0754
833      91.3385
834      96.9976
835      63.1948
836      62.6566
837      69.9327
838      78.5851
839      0
840      92.7556
841      0
842      99.2462
843      96.9956
844      66.2085
845      0
846      98.4746
847      0
848      0
849      0
850      65.8319
851      66.7005
852      74.2719
853      65.1438
854      46.527
855      49.0113
856      77.8075
857      60.3267
858      0
859      0
860      0
861      88.1539
862      0
863      49.7467
864      0
865      98.4115
866      94.1613
867      76.5398
868      0
869      0
870      0
871      0
872      0
873      88.3667
874      0
875      0
876      72.6037
877      98.7381
878      0
879      61.3017
880      0
881      85.6057
882      98.4115
883      82.8895
884      97.7219
885      0
886      0
887      68.4113
888      0
889      96.6883
890      95.1482
891      90.4317
892      64.1382
893      93.1154
894      66.2879
895      60.6489
896      0
897      97.7219
898      0
899      94.8901
900      68.4113
901      90.0863
902      30.9352
903      83.0428
904      96.6583
905      0
906      51.8938
907      86.5659
908      72.604
909      0
910      97.3605
911      99.605
912      88.1102
913      98.4115
914      58.7049
915      54.3488
916      0
917      0
918      0
919      76.5959
920      83.1639
921      61.7713
922      0
923      58.9177
924      96.9159
925      75.2795
926      0
927      0
928      89.5439
929      73.1818
930      75.1137
931      80.8318
932      92.3621
933      72.7368
934      77.066
935      0
936      98.3975
937      62.6566
938      0
939      0
940      0
941      76.523
942      82.0225
943      52.6193
944      97.1934
945      0
946      83.8133
947      0
948      55.8818
949      0
950      96.7368
951      87.7932
952      0
953      0
954      0
955      97.0412
956      88.4484
957      91.1202
958      76.4038
959      0
960      0
961      99.1636
962      0
963      0
964      64.884
965      96.894
966      0
967      76.7327
968      0
969      0
970      83.9421
971      0
972      48.6846
973      99.5939
974      53.6498
975      67.0215
976      99.5939
977      0
978      65.1689
979      0
980      0
981      98.8415
982      90.0908
983      0
984      90.9086
985      0
986      98.0059
987      61.4364
988      93.7056
989      0
990      90.3671
991      0
992      98.8682
993      95.2915
994      92.2454
995      0
996      54.7582
997      0
998      87.0696
999      96.9956
1000      0
1001      56.1526
1002      0
1003      68.9725
1004      0
1005      93.1154
1006      0
1007      60.048
1008      99.2462
1009      78.6111
1010      0
1011      0
1012      98.7381
1013      84.1423
1014      52.5959
1015      96.9956
1016      0
1017      0
1018      99.4025
1019      99.4025
1020      0
1021      82.7291
1022      82.8628
1023      96.8253
1024      0
1025      81.469
1026      61.9421
1027      99.4025
1028      0
1029      91.3627
1030      56.1587
1031      69.012
1032      78.5197
1033      0
1034      93.1154
1035      86.3195
1036      98.5103
1037      0
1038      95.5487
1039      0
1040      97.2013
1041      94.1613
1042      0
1043      0
1044      99.3213
1045      64.5144
1046      60.9129
1047      84.0634
1048      87.4431
1049      0
1050      75.3171
1051      52.6193
1052      99.605
1053      51.0689
1054      92.8859
1055      51.0689
1056      98.7381
1057      0
1058      59.2276
1059      0
1060      0
1061      0
1062      99.2549
1063      0
1064      84.1581
1065      0
1066      0
1067      80.0173
1068      0
1069      96.9956
1070      0
1071      96.2932
1072      94.7363
1073      0
1074      0
1075      96.9956
1076      99.3213
1077      0
1078      0
1079      92.8484
1080      0
1081      88.0248
1082      78.5197
1083      0
1084      87.0696
1085      93.7596
1086      0
1087      97.9723
1088      56.9364
1089      0
1090      0
1091      99.4635
1092      52.7568
1093      0
1094      0
1095      0
1096      63.8966
1097      87.4431
1098      64.9231
1099      0
1100      81.2888
1101      49.264
1102      99.8262
1103      0
1104      0
1105      55.1764
1106      43.1067
1107      0
1108      76.1057
1109      55.8006
1110      68.4948
1111      0
1112      50.7002
1113      92.2475
1114      80.8506
1115      0
1116      91.7137
1117      0
1118      90.8419
1119      78.8186
1120      0
1121      60.593
1122      79.5108
1123      0
1124      77.6005
1125      51.8938
1126      99.1636
1127      46.9325
1128      56.9866
1129      57.301
1130      94.8655
1131      0
1132      79.1096
1133      95.0478
1134      0
1135      73.8682
1136      0
1137      65.8572
1138      86.2796
1139      75.989
1140      61.8923
1141      0
1142      0
1143      98.7075
1144      91.1511
1145      90.9086
1146      65.7855
1147      91.1202
1148      95.2915
1149      90.4317
1150      0
1151      0
1152      97.1401
1153      0
1154      69.9543
1155      50.8689
1156      76.5941
1157      99.4025
1158      71.7215
1159      0
1160      67.4538
1161      81.8333
1162      37.6118
1163      87.4957
1164      90.4317
1165      51.495
1166      0
1167      75.1076
1168      96.0347
1169      87.3527
1170      54.7582
1171      98.672
1172      0
1173      0
1174      0
1175      0
1176      0
1177      70.1723
1178      0
1179      61.3418
1180      0
1181      71.9961
1182      93.139
1183      78.6111
1184      60.9178
1185      46.527
1186      91.7783
1187      97.479
1188      91.8769
1189      98.5106
1190      0
1191      90.0908
1192      97.4431
1193      0
1194      0
1195      95.7227
1196      0
1197      75.3171
1198      0
1199      0
1200      0
1201      96.7368
1202      84.0634
1203      0
1204      84.6325
1205      80.0173
1206      58.3717
1207      95.4564
1208      77.6098
1209      45.4664
1210      77.6098
1211      0
1212      83.8819
1213      62.0163
1214      0
1215      47.7163
1216      90.7232
1217      0
1218      75.4222
1219      98.8415
1220      0
1221      51.8933
1222      95.3457
1223      55.6672
1224      68.018
1225      62.1053
1226      84.6325
1227      0
1228      80.6082
1229      93.1154
1230      62.0163
1231      99.0803
1232      0
1233      98.8415
1234      91.9352
1235      78.6551
1236      90.7077
1237      79.1518
1238      63.9207
1239      88.5793
1240      0
1241      0
1242      0
1243      52.1997
1244      99.0474
1245      99.9243
1246      92.1616
1247      94.933
1248      0
1249      62.727
1250      84.4192
1251      58.5241
1252      64.4999
1253      70.2601
1254      0
1255      45.4173
1256      0
1257      82.0913
1258      94.5999
1259      93.7056
1260      0
1261      0
1262      81.6057
1263      0
1264      95.6798
1265      54.8453
1266      83.8411
1267      0
1268      85.4256
1269      0
1270      75.7432
1271      63.4725
1272      0
1273      0
1274      0
1275      0
1276      41.6068
1277      0
1278      97.4794
1279      54.9526
1280      0
1281      0
1282      87.1847
1283      99.5932
1284      0
1285      0
1286      87.3357
1287      0
1288      0
1289      68.8441
1290      53.9289
1291      98.6259
1292      0
1293      63.2233
1294      79.8109
1295      96.9942
1296      0
1297      60.3267
1298      0
1299      75.4222
1300      0
1301      94.1205
1302      80.2544
1303      0
1304      70.1559
1305      0
1306      0
1307      96.5652
1308      73.1818
1309      46.8622
1310      67.4981
1311      57.4102
1312      0
1313      0
1314      98.0393
1315      96.9808
1316      94.4065
1317      78.9885
1318      93.5183
1319      96.6883
1320      0
1321      0
1322      95.8972
1323      97.7219
1324      0
1325      0
1326      0
1327      57.3626
1328      53.7826
1329      77.9605
1330      44.9414
1331      95.7806
1332      58.7049
1333      0
1334      65.261
1335      0
1336      81.6166
1337      61.9634
1338      0
1339      92.3621
1340      67.0139
1341      0
1342      89.0193
1343      65.6892
1344      74.8698
1345      83.6201
1346      58.4403
1347      56.7722
1348      0
1349      74.6312
1350      0
1351      0
1352      0
1353      0
1354      48.6954
1355      0
1356      97.479
1357      98.4115
1358      62.6601
1359      0
1360      97.8342
1361      0
1362      0
1363      99.2462
1364      61.9745
1365      42.2685
1366      94.4065
1367      99.605
1368      99.0445
1369      0
1370      0
1371      0
1372      61.2086
1373      0
1374      0
1375      94.5424
1376      84.0634
1377      0
1378      0
1379      53.4397
1380      59.8041
1381      65.1802
1382      78.8719
1383      96.2932
1384      97.4794
1385      0
1386      94.8655
1387      43.7236
1388      83.3926
1389      0
1390      97.1401
1391      0
1392      67.2696
1393      68.3603
1394      84.1581
1395      77.3246
1396      99.5634
1397      50.114
1398      53.4397
1399      65.6967
1400      96.894
1401      99.5634
1402      55.567
1403      75.389
1404      96.8694
1405      95.0761
1406      95.1482
1407      0
1408      60.8287
1409      58.5041
1410      0
1411      98.6259
1412      0
1413      93.139
1414      87.3357
1415      90.3688
1416      94.8182
1417      87.4472
1418      0
1419      0
1420      0
1421      90.0189
1422      63.495
1423      88.1102
1424      0
1425      99.2549
1426      46.9752
1427      58.7789
1428      66.764
1429      98.5017
1430      66.2085
1431      0
1432      0
1433      0
1434      0
1435      0
1436      86.977
1437      0
1438      79.4822
1439      57.3749
1440      0
1441      0
1442      57.7424
1443      81.6166
1444      0
1445      0
1446      52.6193
1447      0
1448      78.2357
1449      0
1450      87.7773
1451      82.126
1452      95.3307
1453      85.1899
1454      51.5987
1455      87.3281
1456      0
1457      0
1458      92.7556
1459      68.4522
1460      65.1802
1461      0
1462      64.9231
1463      0
1464      84.1946
1465      61.3904
1466      51.0106
1467      0
1468      0
1469      0
1470      0
1471      0
1472      0
1473      75.0748
1474      56.9252
1475      0
1476      99.0409
1477      90.5446
1478      0
1479      69.8086
1480      0
1481      68.9242
1482      76.7185
1483      98.0996
1484      73.4931
1485      69.1117
1486      0
1487      94.3794
1488      47.4719
1489      0
1490      60.9178
1491      0
1492      98.4115
1493      91.1511
1494      0
1495      77.6081
1496      0
1497      0
1498      0
1499      79.4776
1500      95.8972
1501      95.3633
1502      0
1503      50.9293
1504      0
1505      0
1506      81.8665
1507      81.0432
1508      0
1509      81.4702
1510      66.104
1511      81.1551
1512      88.8438
1513      64.5623
1514      0
1515      60.3407
1516      91.4954
1517      0
1518      0
1519      72.5634
1520      58.3631
1521      94.4065
1522      91.1368
1523      0
1524      88.349
1525      0
1526      65.7795
1527      99.8247
1528      85.9564
1529      0
1530      98.4115
1531      0
1532      98.7381
1533      0
1534      51.8938
1535      54.3551
1536      0
1537      0
1538      74.9477
1539      43.9455
1540      0
1541      83.8411
1542      63.7286
1543      96.1504
1544      99.6338
1545      61.7751
1546      48.2411
1547      99.4025
1548      0
1549      0
1550      0
1551      75.4222
1552      78.6111
1553      0
1554      85.7102
1555      0
1556      75.3171
1557      0
1558      0
1559      97.8756
1560      87.3357
1561      57.7034
1562      84.9837
1563      0
1564      49.9004
1565      74.0104
1566      0
1567      84.5316
1568      98.2736
1569      50.5785
1570      96.3367
1571      72.4398
1572      99.8262
1573      83.982
1574      0
1575      0
1576      62.5269
1577      96.0181
1578      99.605
1579      84.1946
1580      57.4102
1581      81.8665
1582      91.0092
1583      56.6898
1584      83.7457
1585      55.8242
1586      67.0139
1587      0
1588      71.0194
1589      68.6111
1590      93.8317
1591      56.7805
1592      64.6991
1593      70.1536
1594      84.3676
1595      67.4538
1596      84.0634
1597      67.4538
1598      95.3457
1599      0
1600      93.1154
1601      56.3531
1602      96.6583
1603      90.7232
1604      65.4449
1605      0
1606      68.786
1607      0
1608      96.081
1609      0
1610      98.8682
1611      0
1612      0
1613      56.4682
1614      0
1615      97.8342
1616      0
1617      75.1076
1618      0
1619      55.1643
1620      55.6086
1621      88.0248
1622      97.8756
1623      76.1528
1624      80.6113
1625      96.0181
1626      64.7967
1627      99.4635
1628      81.469
1629      88.3667
1630      97.479
1631      95.3633
1632      96.7368
1633      94.8182
1634      87.4431
1635      92.365
1636      56.3676
1637      46.5991
1638      90.2311
1639      0
1640      0
1641      0
1642      99.0803
1643      0
1644      0
1645      99.6338
1646      0
1647      0
1648      0
1649      0
1650      95.3457
1651      91.0092
1652      70.3298
1653      89.1487
1654      83.1639
1655      86.6502
1656      75.1076
1657      83.9248
1658      85.9294
1659      60.86
1660      62.3157
1661      85.9294
1662      0
1663      80.8506
1664      61.8324
1665      86.3195
1666      58.5852
1667      84.3702
1668      97.37
1669      80.337
1670      0
1671      0
1672      95.7806
1673      99.694
1674      0
1675      0
1676      84.1423
1677      69.4833
1678      0
1679      98.648
1680      65.7795
1681      0
1682      98.8415
1683      54.198
1684      0
1685      98.4115
1686      96.081
1687      0
1688      64.1563
1689      98.5103
1690      0
1691      63.3693
1692      67.1849
1693      97.7219
1694      90.104
1695      96.0479
1696      59.8041
1697      60.0544
1698      95.8018
1699      67.3001
1700      76.5959
1701      63.0422
1702      94.069
1703      66.6961
1704      96.081
1705      0
1706      99.605
1707      0
1708      0
1709      75.1076
1710      0
1711      55.0359
1712      88.0146
1713      98.2175
1714      0
1715      64.935
1716      0
1717      0
1718      45.0329
1719      96.6883
1720      0
1721      0
1722      67.9891
1723      0
1724      50.1858
1725      95.3633
1726      0
1727      0
1728      99.9243
1729      0
1730      73.1999
1731      76.1528
1732      0
1733      0
1734      0
1735      75.0748
1736      60.86
1737      90.7639
1738      0
1739      98.6026
1740      81.8101
1741      52.4422
1742      0
1743      84.8191
1744      0
1745      65.3011
1746      0
1747      80.5866
1748      98.7075
1749      88.0226
1750      53.4397
1751      0
1752      0
1753      86.6502
1754      73.8179
1755      97.37
1756      99.5634
1757      59.1237
1758      98.9172
1759      93.355
1760      99.694
1761      76.0359
1762      81.3028
1763      86.6502
1764      0
1765      0
1766      61.7203
1767      91.9944
1768      0
1769      78.2903
1770      99.9766
1771      99.605
1772      97.479
1773      80.5866
1774      0
1775      87.1847
1776      51.3739
1777      51.839
1778      0
1779      68.9859
1780      0
1781      97.9735
1782      88.5793
1783      75.1137
1784      0
1785      0
1786      96.9956
1787      0
1788      81.4702
1789      0
1790      0
1791      73.4931
1792      0
1793      51.617
1794      90.0908
1795      84.1508
1796      91.3021
1797      59.7022
1798      99.6218
1799      85.3031
1800      0
1801      82.2361
1802      92.365
1803      99.694
1804      77.3465
1805      83.6201
1806      98.0033
1807      71.0971
1808      61.252
1809      0
1810      0
1811      93.7056
1812      97.0929
1813      0
1814      78.0209
1815      95.792
1816      99.4635
1817      0
1818      0
1819      0
1820      0
1821      97.1401
1822      0
1823      74.4889
1824      50.148
1825      68.3623
1826      81.9149
1827      87.3281
1828      0
1829      84.1946
1830      0
1831      0
1832      76.6854
1833      0
1834      97.7219
1835      0
1836      96.8694
1837      0
1838      97.9735
1839      97.8416
1840      0
1841      91.0642
1842      88.5756
1843      78.8186
1844      99.2082
1845      0
1846      0
1847      96.9956
1848      0
1849      0
1850      0
1851      97.8342
1852      96.9956
1853      96.1055
1854      57.4974
1855      64.5623
1856      96.8253
1857      99.4203
1858      72.6037
1859      99.1636
1860      98.3975
1861      97.4794
1862      79.9352
1863      0
1864      99.9742
1865      99.8045
1866      0
1867      0
1868      92.4857
1869      46.9752
1870      72.2097
1871      69.4833
1872      91.0092
1873      52.3491
1874      78.9965
1875      58.9071
1876      0
1877      0
1878      80.4887
1879      92.1872
1880      0
1881      0
1882      93.1154
1883      60.1801
1884      0
1885      97.1934
1886      0
1887      90.6821
1888      97.479
1889      77.3465
1890      67.661
1891      87.5988
1892      76.1057
1893      56.9866
1894      72.8475
1895      62.7681
1896      0
1897      93.1895
1898      59.7271
1899      98.4115
1900      56.1114
1901      57.3163
1902      0
1903      0
1904      53.1336
1905      79.2454
1906      0
1907      0
1908      0
1909      48.6846
1910      99.0445
1911      0
1912      81.6349
1913      82.5398
1914      47.7429
1915      50.148
1916      65.7795
1917      0
1918      79.5108
1919      0
1920      52.0519
1921      0
1922      0
1923      84.8248
1924      0
1925      0
1926      69.9337
1927      0
1928      63.1196
1929      94.5424
1930      79.4822
1931      63.8464
1932      76.8835
1933      99.2462
1934      98.648
1935      49.0841
1936      0
1937      77.066
1938      0
1939      68.8624
1940      70.8877
1941      91.1511
1942      79.0928
1943      75.4222
1944      0
1945      61.4364
1946      92.1616
1947      57.7518
1948      63.8674
1949      0
1950      85.07
1951      70.2008
1952      0
1953      98.1195
1954      87.3357
1955      0
1956      86.1296
1957      52.2673
1958      0
1959      60.6208
1960      53.0948
1961      66.4106
1962      79.609
1963      96.4045
1964      0
1965      99.4025
1966      97.1058
1967      0
1968      95.7806
1969      0
1970      0
1971      65.6211
1972      74.4889
1973      78.4159
1974      91.8372
1975      60.86
1976      0
1977      0
1978      65.9187
1979      76.7987
1980      91.3627
1981      93.1154
1982      0
1983      65.6211
1984      0
1985      99.5939
1986      51.3739
1987      74.5235
1988      0
1989      90.3571
1990      91.0642
1991      0
1992      0
1993      62.4194
1994      65.6967
1995      99.8712
1996      78.6111
1997      0
1998      94.933
1999      51.1968
2000      68.4948
2001      97.4794
2002      73.0397
2003      56.8904
2004      89.5439
2005      0
2006      0
2007      0
2008      77.6081
2009      0
2010      98.5103
2011      51.5987
2012      56.9866
2013      75.4222
2014      47.7428
2015      0
2016      0
2017      70.3212
2018      72.4626
2019      0
2020      49.2255
2021      0
2022      99.2462
2023      90.7232
2024      0
2025      63.0518
2026      72.7027
2027      58.1471
2028      0
2029      0
2030      73.0397
2031      99.5634
2032      91.1511
2033      43.442
2034      0
2035      60.3635
2036      0
2037      77.1578
2038      0
2039      96.4059
2040      83.6201
2041      70.046
2042      78.9885
2043      0
2044      0
2045      0
2046      0
2047      73.4931
2048      0
2049      76.1057
2050      71.787
2051      93.7056
2052      65.1802
2053      0
2054      84.4192
2055      95.8311
2056      0
2057      0
2058      75.1076
2059      0
2060      98.5103
2061      82.8628
2062      89.9402
2063      63.0422
2064      60.6489
2065      0
2066      77.5312
2067      99.4203
2068      78.0779
2069      61.252
2070      99.605
2071      99.5634
2072      0
2073      0
2074      96.0479
2075      94.0136
2076      97.4776
2077      83.679
2078      55.7593
2079      0
2080      99.4635
2081      0
2082      0
2083      0
2084      91.2313
2085      0
2086      81.372
2087      99.9702
2088      96.9956
2089      95.7591
2090      91.4954
2091      97.846
2092      0
2093      99.4428
2094      0
2095      0
2096      76.1057
2097      0
2098      0
2099      0
2100      51.5987
2101      56.7722
2102      92.0468
2103      98.0033
2104      99.7666
2105      92.4857
2106      0
2107      68.7243
2108      98.5017
2109      96.4059
2110      62.4194
2111      75.3619
2112      0
2113      63.2094
2114      99.8882
2115      0
2116      0
2117      64.9772
2118      93.7056
2119      77.3465
2120      95.4564
2121      81.2888
2122      52.1997
2123      99.5891
2124      85.6057
2125      90.9168
2126      0
2127      78.4535
2128      70.2989
2129      83.1639
2130      63.881
2131      59.8041
2132      83.0344
2133      95.1482
2134      78.8641
2135      85.3034
2136      0
2137      95.3633
2138      0
2139      0
2140      51.1291
2141      0
2142      71.9961
2143      94.8655
2144      0
2145      59.1875
2146      98.4229
2147      96.4045
2148      0
2149      83.7457
2150      52.0137
2151      0
2152      55.844
2153      94.8606
2154      98.5103
2155      59.3036
2156      0
2157      0
2158      0
2159      47.1579
2160      55.5901
2161      91.0642
2162      99.9147
2163      0
2164      0
2165      0
2166      0
2167      67.661
2168      98.0814
2169      87.4472
2170      50.1629
2171      95.792
2172      97.4881
2173      99.8045
2174      64.4999
2175      54.17
2176      0
2177      0
2178      63.4125
2179      99.2462
2180      51.0689
2181      0
2182      82.7397
2183      0
2184      96.7368
2185      76.498
2186      96.9956
2187      49.7154
2188      0
2189      0
2190      70.1723
2191      99.605
2192      0
2193      0
2194      0
2195      0
2196      93.7056
2197      65.4449
2198      56.7809
2199      0
2200      49.2434
2201      0
2202      82.1752
2203      98.8682
2204      0
2205      0
2206      0
2207      82.5398
2208      0
2209      77.6081
2210      63.8966
2211      52.7078
2212      96.894
2213      81.1102
2214      60.8287
2215      90.0189
2216      75.3244
2217      51.1037
2218      65.1689
2219      0
2220      0
2221      81.469
2222      58.8043
2223      91.1202
2224      70.3298
2225      96.4045
2226      91.0092
2227      0
2228      84.5316
2229      57.7034
2230      0
2231      0
2232      54.1426
2233      0
2234      0
2235      61.252
2236      90.7639
2237      0
2238      0
2239      0
2240      61.7713
2241      88.62
2242      96.9942
2243      63.8966
2244      0
2245      89.9287
2246      79.4128
2247      79.4776
2248      0
2249      83.3926
2250      84.073
2251      93.1895
2252      84.2602
2253      60.807
2254      76.7185
2255      97.8342
2256      94.069
2257      0
2258      0
2259      88.8438
2260      80.6066
2261      95.8311
2262      81.4515
2263      0
2264      85.2831
2265      0
2266      0
2267      57.7975
2268      0
2269      51.9672
2270      0
2271      97.4794
2272      60.9129
2273      50.148
2274      0
2275      0
2276      74.0104
2277      0
2278      0
2279      97.1401
2280      78.4535
2281      97.9723
2282      87.3357
2283      96.9159
2284      61.9473
2285      84.8191
2286      0
2287      72.8526
2288      0
2289      99.5939
2290      0
2291      73.4931
2292      0
2293      64.8226
2294      64.0998
2295      0
2296      92.2454
2297      96.1266
2298      80.8318
2299      0
2300      99.0445
2301      83.538
2302      76.2733
2303      54.7582
2304      94.8655
2305      69.9327
2306      97.489
2307      76.398
2308      84.6325
2309      96.0347
2310      85.1275
2311      94.8182
2312      68.018
2313      74.4719
2314      49.0841
2315      61.0574
2316      86.8113
2317      90.4317
2318      70.8747
2319      64.9541
2320      86.3195
2321      0
2322      0
2323      92.8859
2324      91.3021
2325      0
2326      98.5103
2327      0
2328      69.1365
2329      0
2330      0
2331      70.3298
2332      83.2952
2333      60.0576
2334      0
2335      0
2336      74.7016
2337      71.7215
2338      56.8904
2339      99.8262
2340      48.264
2341      79.0572
2342      59.7281
2343      0
2344      0
2345      99.5634
2346      84.3702
2347      0
2348      97.4794
2349      0
2350      94.5574
2351      84.6325
2352      0
2353      51.617
2354      75.3244
2355      45.906
2356      0
2357      0
2358      96.1055
2359      54.7582
2360      69.847
2361      0
2362      0
2363      99.1636
2364      0
2365      0
2366      0
2367      45.4946
2368      57.3749
2369      76.4882
2370      88.0226
2371      0
2372      0
2373      79.0695
2374      77.3465
2375      99.605
2376      99.4025
2377      57.3626
2378      58.7315
2379      82.7397
2380      0
2381      89.0193
2382      87.0076
2383      0
2384      98.672
2385      52.2334
2386      60.8199
2387      96.3367
2388      59.8041
2389      80.5866
2390      0
2391      82.1752
2392      97.0784
2393      76.398
2394      86.6502
2395      0
2396      0
2397      0
2398      99.8247
2399      0
2400      96.0181
2401      0
2402      58.5852
2403      0
2404      0
2405      95.3633
2406      95.3534
2407      72.2097
2408      60.807
2409      49.9004
2410      0
2411      99.9742
2412      69.4833
2413      69.7106
2414      96.6883
2415      0
2416      0
2417      0
2418      0
2419      0
2420      74.864
2421      96.1266
2422      52.8185
2423      55.6811
2424      67.4538
2425      99.8262
2426      0
2427      0
2428      98.0041
2429      99.3213
2430      98.4115
2431      96.0479
2432      0
2433      0
2434      0
2435      78.5197
2436      0
2437      88.5793
2438      0
2439      0
2440      90.7639
2441      48.6009
2442      97.9735
2443      0
2444      88.5793
2445      99.0445
2446      0
2447      86.3195
2448      99.2549
2449      69.9337
2450      76.7327
2451      82.5398
2452      0
2453      70.4135
2454      56.8904
2455      56.537
2456      74.0471
2457      0
2458      88.1539
2459      97.1401
2460      0
2461      76.7327
2462      68.4286
2463      0
2464      80.6113
2465      93.058
2466      99.605
2467      98.8415
2468      0
2469      88.4484
2470      0
2471      0
2472      88.1419
2473      72.7368
2474      91.0642
2475      98.3616
2476      70.3298
2477      97.479
2478      95.1703
2479      90.5446
2480      0
2481      67.8262
2482      66.9925
2483      97.9735
2484      0
2485      0
2486      95.6798
2487      98.5103
2488      0
2489      96.9808
2490      0
2491      70.2601
2492      84.1946
2493      0
2494      0
2495      69.4513
2496      0
2497      51.495
2498      98.5103
2499      92.1616
       80000.5
