0      99.4343
1      99.4343
2      69.0764
3      97.6301
4      84.8516
5      99.6327
6      74.9782
7      46.9862
8      99.6374
9      99.9776
10      0
11      99.8192
12      87.428
13      73.4727
14      68.1715
15      51.1812
16      47.7718
17      99.6712
18      99.9776
19      51.1812
20      61.1514
21      99.6484
22      84.401
23      0
24      92.6875
25      52.2044
26      69.4254
27      99.7615
28      0
29      68.4303
30      99.6374
31      95.9601
32      0
33      20.7488
34      99.8192
35      61.3636
36      56.2711
37      0
38      99.8095
39      0
40      0
41      0
42      0
43      41.1782
44      0
45      70.2256
46      0
47      93.2126
48      0
49      98.3666
50      59.2453
51      84.8468
52      69.5972
53      62.2539
54      90.8804
55      0
56      0
57      61.1514
58      98.3666
59      84.3415
60      0
61      99.8192
62      70.884
63      0
64      0
65      99.8192
66      0
67      99.8192
68      79.4248
69      99.4343
70      92.5113
71      64.2711
72      85.1973
73      0
74      99.9415
75      0
76      99.935
77      42.4838
78      87.428
79      0
80      91.1864
81      87.428
82      96.6946
83      58.8881
84      99.8192
85      89.4728
86      99.326
87      0
88      0
89      72.8137
90      84.8468
91      68.9374
92      76.2497
93      87.7524
94      59.2483
95      0
96      59.2483
97      92.2758
98      0
99      99.8192
100      99.6374
101      43.7149
102      98.487
103      87.953
104      98.58
105      87.428
106      41.1252
107      52.2044
108      71.3103
109      0
110      0
111      0
112      83.7004
113      77.6415
114      0
115      99.6374
116      0
117      0
118      74.324
119      0
120      99.19
121      54.8508
122      51.1812
123      97.7903
124      0
125      99.6484
126      74.324
127      99.6374
128      91.1864
129      99.9578
130      96.3036
131      0
132      99.9878
133      59.3377
134      0
135      61.6179
136      48.3917
137      54.4637
138      0
139      0
140      75.0958
141      99.3348
142      68.9374
143      86.5065
144      0
145      99.6327
146      68.4303
147      0
148      0
149      49.376
150      58.6463
151      71.1048
152      89.5171
153      76.6725
154      0
155      0
156      99.0798
157      0
158      0
159      0
160      99.8192
161      0
162      99.8277
163      99.7081
164      0
165      92.3826
166      0
167      0
168      99.8192
169      0
170      99.9776
171      0
172      0
173      0
174      97.975
175      98.487
176      70.2256
177      0
178      87.7524
179      99.8192
180      52.0622
181      99.4343
182      0
183      99.9776
184      96.6946
185      94.7394
186      0
187      0
188      0
189      61.0425
190      75.7834
191      46.9862
192      0
193      55.0579
194      99.9776
195      99.9776
196      56.5683
197      0
198      65.4685
199      0
200      70.9165
201      0
202      99.9776
203      96.5792
204      99.9776
205      47.4154
206      46.5219
207      0
208      0
209      89.4728
210      0
211      99.8192
212      99.9776
213      99.6374
214      99.9776
215      87.428
216      85.8198
217      77.6415
218      86.5065
219      92.6875
220      99.9776
221      99.9776
222      45.6698
223      98.6229
224      68.9374
225      59.5471
226      0
227      96.5792
228      99.0798
229      90.8916
230      0
231      0
232      0
233      0
234      88.2614
235      61.5608
236      44.8117
237      99.6374
238      99.6374
239      85.1973
240      41.1252
241      0
242      74.9782
243      66.8546
244      99.8095
245      0
246      96.5792
247      71.3103
248      99.8095
249      0
250      58.0487
251      0
252      93.5653
253      97.975
254      91.9853
255      96.6946
256      0
257      77.8744
258      98.4377
259      99.8192
260      0
261      75.84
262      77.1958
263      99.0798
264      99.6374
265      77.6907
266      79.1035
267      97.168
268      0
269      0
270      77.2695
271      96.1846
272      99.4343
273      0
274      41.1252
275      38.5425
276      0
277      74.9782
278      99.6374
279      77.2695
280      0
281      59.0667
282      99.6374
283      81.3325
284      0
285      0
286      53.1644
287      0
288      81.3325
289      68.5429
290      99.9776
291      65.6996
292      76.6725
293      99.6484
294      87.428
295      96.6946
296      61.5608
297      0
298      0
299      88.2614
300      81.8414
301      0
302      68.9374
303      0
304      99.6374
305      99.6374
306      96.6946
307      88.8531
308      0
309      96.6946
310      96.5792
311      86.5065
312      0
313      89.0945
314      78.081
315      0
316      99.8192
317      99.6327
318      0
319      0
320      99.6374
321      0
322      0
323      0
324      90.2008
325      99.3348
326      99.9776
327      0
328      88.2614
329      81.116
330      87.428
331      0
332      98.4377
333      0
334      65.8365
335      55.1674
336      0
337      99.6374
338      0
339      98.4377
340      99.6374
341      85.1973
342      99.6327
343      0
344      47.5332
345      0
346      0
347      69.3875
348      0
349      72.4561
350      99.8095
351      98.3666
352      76.4767
353      0
354      0
355      99.9776
356      99.8192
357      74.4439
358      0
359      99.9776
360      65.6412
361      0
362      99.8192
363      0
364      89.5836
365      0
366      0
367      0
368      99.6374
369      99.6327
370      0
371      73.1723
372      74.4439
373      0
374      59.2483
375      87.428
376      0
377      0
378      58.3532
379      97.975
380      99.8095
381      62.8985
382      46.3343
383      0
384      0
385      59.3144
386      61.1514
387      0
388      99.9776
389      67.9826
390      0
391      99.935
392      47.4154
393      81.3325
394      99.8095
395      54.8508
396      65.4685
397      99.9776
398      68.1715
399      0
400      0
401      78.6314
402      85.0789
403      0
404      0
405      84.089
406      0
407      0
408      99.9776
409      0
410      0
411      65.3422
412      0
413      0
414      0
415      0
416      47.5332
417      0
418      46.1343
419      99.8095
420      68.9374
421      41.5487
422      0
423      51.3178
424      99.9776
425      90.8878
426      0
427      0
428      77.2695
429      78.9923
430      89.4728
431      0
432      99.96
433      62.8985
434      96.6946
435      74.7804
436      58.5301
437      0
438      96.5792
439      0
440      0
441      81.3533
442      0
443      0
444      99.4343
445      58.0501
446      99.6327
447      92.5113
448      99.9776
449      0
450      48.916
451      99.19
452      99.8095
453      81.5354
454      98.4335
455      99.935
456      74.9782
457      98.487
458      89.4728
459      72.1263
460      67.7922
461      99.935
462      99.935
463      71.1048
464      79.1035
465      0
466      99.8095
467      99.9776
468      0
469      99.9578
470      55.0579
471      99.8095
472      99.8192
473      0
474      0
475      99.9776
476      0
477      83.7004
478      99.6374
479      0
480      45.8873
481      0
482      99.9776
483      62.8985
484      58.6463
485      55.7178
486      0
487      0
488      0
489      0
490      99.9578
491      92.3826
492      0
493      0
494      55.656
495      0
496      99.935
497      97.6301
498      90.643
499      99.4343
       17264.7
