0      92.3057
1      99.9929
2      0.00453848
3      89.0991
4      99.9929
5      99.9929
6      0
7      0
8      0
9      80.931
10      97.7486
11      99.9919
12      0
13      99.9929
14      91.1431
15      0
16      99.9919
17      99.9919
18      99.9929
19      96.7427
20      0
21      65.649
22      0
23      0
24      77.6924
25      0
26      0
27      0
28      93.6328
29      0
30      50.1156
31      96.7427
32      89.2494
33      0
34      36.4736
35      96.7427
36      13.7465
37      0
38      0
39      81.6284
40      99.9929
41      0.000228925
42      60.968
43      99.7928
44      60.7678
45      90.1558
46      87.2701
47      36.4736
48      57.4031
49      99.9929
       1510.13
