0      0
1      68.3535
2      66.3352
3      99.9721
4      0
5      96.8055
6      51.067
7      43.25
8      56.9395
9      73.7192
10      0
11      91.2536
12      0
13      99.6338
14      0
15      57.9348
16      97.3589
17      0
18      0
19      99.8544
20      58.5464
21      0
22      99.8544
23      99.8544
24      98.9575
25      0
26      90.5792
27      0
28      0
29      0
30      90.5792
31      0
32      99.8544
33      99.6314
34      0
35      0
36      0
37      99.8544
38      99.6048
39      76.9257
40      76.9467
41      86.6248
42      74.207
43      82.4955
44      99.9545
45      93.5546
46      99.8544
47      99.9893
48      95.6239
49      99.9623
50      0
51      81.7902
52      96.1866
53      99.633
54      0
55      99.9721
56      0
57      99.8544
58      99.6048
59      0
60      98.7694
61      56.0051
62      74.7424
63      66.6267
64      99.9623
65      99.8544
66      99.9667
67      0
68      99.6314
69      78.2534
70      99.6378
71      99.7944
72      0
73      77.527
74      0
75      99.9892
76      0
77      93.5546
78      0
79      98.9698
80      0
81      80.1177
82      0
83      0
84      98.6268
85      99.9892
86      41.307
87      0.012754
88      0
89      55.4641
90      99.8666
91      99.5877
92      99.8544
93      0
94      41.1376
95      0
96      99.8795
97      80.1177
98      99.8544
99      0
       3287.24
