0      0
1      99.8819
2      72.1261
3      0
4      0
5      99.8442
6      0
7      0
8      84.8418
9      28.3741
10      89.6047
11      0
12      60.5519
13      97.9691
14      83.9726
15      51.9932
16      99.8819
17      99.9727
18      0
19      0
20      99.8819
21      0
22      99.8442
23      63.1653
24      57.6296
25      81.3555
26      73.7418
27      99.9727
28      48.9118
29      58.9525
30      79.0088
31      0
32      63.1653
33      85.671
34      0
35      99.8442
36      38.9665
37      72.8313
38      0
39      76.1061
40      0
41      0
42      49.2824
43      99.8951
44      61.1178
45      94.8752
46      0
47      0
48      99.8951
49      99.9172
50      0
51      95.0828
52      0
53      99.9727
54      74.8408
55      99.3288
56      34.4652
57      98.0448
58      54.0209
59      99.9844
60      58.8136
61      0
62      41.1634
63      72.1261
64      0
65      99.8442
66      81.5501
67      97.2295
68      99.9727
69      95.4534
70      99.8442
71      99.8296
72      0
73      42.7683
74      60.5519
75      0
76      0
77      99.9727
78      0
79      0
80      80.4668
81      0
82      96.9165
83      99.93
84      0.000858388
85      0
86      0
87      99.9777
88      75.5797
89      81.5501
90      72.1261
91      99.8442
92      59.3618
93      63.1653
94      0
95      99.8819
96      0
97      99.8442
98      0
99      73.408
       3306.03
