0      0
1      99.9508
2      64.7213
3      55.221
4      87.1614
5      0
6      0
7      98.8494
8      98.3208
9      85.075
10      0
11      88.9064
12      0
13      0
14      0
15      0
16      99.9508
17      99.2253
18      0.00512886
19      54.0383
20      75.4719
21      0
22      0
23      99.9512
24      0
25      71.5751
26      0
27      0
28      0
29      99.9508
30      0
31      99.9508
32      99.992
33      99.1042
34      99.9862
35      66.2314
36      0
37      96.0104
38      95.7205
39      70.0274
40      56.9362
41      99.9862
42      99.9633
43      83.4387
44      99.9564
45      91.3408
46      95.3556
47      89.8473
48      0
49      95.3173
50      0
51      56.9362
52      0
53      99.5501
54      99.9862
55      99.9508
56      0
57      87.1614
58      0
59      90.0886
60      71.5751
61      71.5751
62      99.9508
63      0
64      0
65      75.4719
66      55.214
67      69.9359
68      0
69      64.2302
70      69.1185
71      99.7859
72      0
73      99.9508
74      99.9508
75      99.7859
76      91.0382
77      87.5988
78      0
79      99.2236
80      0
81      99.6528
82      0
83      72.5011
84      99.9862
85      0
86      0
87      85.075
88      99.9508
89      0
90      85.075
91      0
92      73.7043
93      64.2302
94      0
95      99.5501
96      99.3485
97      99.5501
98      89.2993
99      0
       3621.48
