0      0
1      98.9565
2      99.8717
3      99.028
4      80.5745
5      82.5952
6      90.143
7      48.379
8      98.3038
9      0
10      99.2047
11      0
12      75.6732
13      0
14      0
15      0
16      74.6792
17      74.3772
18      76.4582
19      0
20      0
21      99.0746
22      56.1176
23      69.7459
24      0
25      0
26      0
27      99.8235
28      99.9818
29      99.8717
30      0
31      0
32      97.1918
33      93.8148
34      0
35      64.0638
36      97.4587
37      81.1893
38      71.1097
39      0
40      65.7767
41      83.1726
42      78.3451
43      43.6247
44      91.2903
45      92.5998
46      0
47      88.2967
48      0
49      0
50      97.1918
51      0
52      99.028
53      0
54      45.8423
55      66.8553
56      98.7875
57      72.9658
58      71.9791
59      86.818
60      0
61      0
62      99.8717
63      81.784
64      92.8875
65      70.5029
66      99.4384
67      0
68      50.499
69      70.5276
70      41.1868
71      58.4202
72      97.4587
73      86.0213
74      99.9818
75      0
76      0
77      95.3546
78      0
79      91.9082
80      0
81      89.0129
82      93.3111
83      0
84      99.9818
85      98.3503
86      71.5398
87      81.1893
88      0
89      0
90      61.5734
91      0
92      99.9818
93      92.581
94      36.7661
95      53.721
96      0
97      58.7535
98      76.4582
99      0
100      78.3451
101      54.1409
102      42.7948
103      66.4979
104      86.3433
105      0
106      64.6707
107      99.8717
108      99.8717
109      99.9818
110      0
111      70.2433
112      76.4799
113      99.8717
114      0
115      98.067
116      70.3342
117      99.8717
118      99.9818
119      74.6792
120      0
121      68.7959
122      92.8875
123      0
124      76.6495
125      0
126      80.7498
127      83.2937
128      0
129      51.3432
130      99.2162
131      83.2937
132      41.816
133      0
134      0
135      72.8147
136      62.6835
137      78.0051
138      0
139      0
140      95.8919
141      97.4587
142      96.9675
143      0
144      99.7445
145      99.2047
146      84.8119
147      99.028
148      0
149      99.8717
150      67.8021
151      0
152      99.489
153      97.6992
154      0
155      0
156      90.2947
157      72.0925
158      0
159      99.9818
160      95.8603
161      0
162      92.2493
163      0
164      90.0152
165      98.4035
166      0
167      66.1088
168      58.4202
169      82.5952
170      89.1218
171      88.2985
172      81.0629
173      0
174      97.5225
175      50.3182
176      99.8717
177      0
178      92.581
179      0
180      0
181      67.7857
182      0
183      73.9703
184      0
185      74.8528
186      79.7804
187      0
188      0
189      99.9818
190      99.7445
191      97.6992
192      63.712
193      61.7997
194      67.2297
195      92.5998
196      90.0152
197      0
198      71.1097
199      0
200      74.6792
201      69.7922
202      83.1994
203      0
204      99.9818
205      99.0746
206      69.8454
207      92.2493
208      62.4742
209      0
210      61.6874
211      99.2047
212      98.5777
213      97.4587
214      60.5976
215      99.8717
216      97.1918
217      57.9395
218      82.7503
219      0
220      0
221      97.6992
222      90.0121
223      0
224      48.6893
225      93.8148
226      56.1176
227      67.2297
228      79.0787
229      0
230      0
231      99.8717
232      99.0746
233      98.9565
234      0
235      97.5289
236      86.3433
237      77.5243
238      65.8984
239      0
240      98.067
241      75.5565
242      0
243      0
244      92.7042
245      0
246      0
247      88.6969
248      66.1976
249      62.4742
250      50.499
251      0
252      91.1705
253      0
254      0
255      99.9996
256      62.6835
257      97.5289
258      0
259      0
260      99.8235
261      75.1341
262      60.5976
263      69.32
264      92.581
265      93.8148
266      60.5057
267      93.6426
268      0
269      0
270      99.0746
271      99.028
272      0
273      99.9818
274      0
275      81.4528
276      97.2351
277      87.8458
278      70.5029
279      99.9818
280      0
281      0
282      96.9675
283      99.9818
284      99.9818
285      91.0251
286      84.5177
287      92.581
288      0
289      63.247
290      0
291      95.3852
292      97.5289
293      0
294      92.7042
295      99.9818
296      0
297      0
298      0
299      0
300      69.7459
301      67.4719
302      99.8717
303      63.3891
304      56.3029
305      0
306      99.9818
307      0
308      99.9818
309      0
310      65.3063
311      95.1012
312      62.0126
313      78.1401
314      36.7661
315      0
316      0
317      0
318      94.8262
319      89.0447
320      77.4696
321      49.7546
322      0
323      99.8717
324      99.8235
325      83.4703
326      0
327      0
328      0
329      99.9818
330      0
331      50.4237
332      99.8717
333      99.9818
334      52.567
335      42.3847
336      47.3173
337      83.1726
338      95.9114
339      56.3029
340      97.5225
341      0
342      72.1521
343      0
344      54.6623
345      0
346      99.9996
347      82.0993
348      97.2351
349      0
350      98.3503
351      0
352      0
353      54.6623
354      88.0152
355      98.3503
356      0
357      50.9725
358      49.7546
359      99.0746
360      89.8362
361      59.0422
362      0
363      0
364      0
365      99.2162
366      78.0051
367      83.1726
368      89.8362
369      89.8362
370      93.6426
371      81.0629
372      99.8235
373      0
374      98.067
375      99.9818
376      90.046
377      99.4384
378      0
379      0
380      98.067
381      88.2967
382      84.8936
383      63.3625
384      65.1735
385      0
386      66.1112
387      99.9818
388      58.7535
389      90.1346
390      68.0536
391      0
392      95.1832
393      73.2038
394      0
395      0
396      0
397      99.8235
398      77.9969
399      86.818
400      88.9836
401      99.8235
402      49.4719
403      0
404      0
405      78.3206
406      66.8119
407      0
408      0
409      64.0638
410      99.2162
411      0
412      0
413      99.0746
414      82.6071
415      99.9818
416      0
417      0
418      79.9257
419      79.4482
420      86.818
421      99.8235
422      0
423      79.0571
424      97.5225
425      0
426      85.5905
427      81.5424
428      95.5774
429      74.6792
430      0
431      0
432      0
433      92.8731
434      56.531
435      99.0746
436      0
437      99.8717
438      75.6732
439      99.0226
440      99.9818
441      0
442      0
443      0
444      55.2222
445      92.2493
446      71.1334
447      0
448      65.0592
449      97.5289
450      68.0813
451      62.4216
452      99.9818
453      0
454      71.8821
455      0
456      0
457      0
458      50.6599
459      96.3718
460      75.1341
461      0
462      0
463      70.3342
464      99.9818
465      84.4557
466      48.0047
467      99.9818
468      99.9818
469      89.9166
470      90.7215
471      73.2038
472      97.6992
473      99.0746
474      72.8147
475      99.9996
476      0
477      99.0746
478      99.9818
479      0
480      0
481      83.4012
482      0
483      0
484      0
485      99.9818
486      99.8235
487      69.309
488      0
489      82.4006
490      99.0746
491      98.4035
492      79.2323
493      99.9818
494      81.6328
495      0
496      91.4357
497      0
498      0
499      84.2901
500      0
501      0
502      97.7796
503      99.9818
504      83.1295
505      99.9818
506      91.9082
507      46.5691
508      86.959
509      0
510      0
511      43.0323
512      0
513      92.5239
514      0
515      0
516      0
517      74.1617
518      0
519      73.7853
520      63.9804
521      95.5774
522      81.157
523      0
524      0
525      0
526      0
527      0
528      99.8717
529      0
530      99.489
531      92.7042
532      99.8235
533      0
534      83.7028
535      0
536      97.4587
537      99.9818
538      0
539      63.2102
540      99.8717
541      89.082
542      92.5239
543      73.9215
544      83.7028
545      0
546      0
547      61.4313
548      79.3683
549      69.0039
550      88.2985
551      99.7445
552      81.7307
553      83.4703
554      0
555      72.8147
556      87.5595
557      61.0406
558      0
559      71.5398
560      96.9883
561      0
562      0
563      88.2985
564      99.8235
565      98.9565
566      97.6992
567      0
568      0
569      99.8717
570      81.157
571      99.8717
572      97.5225
573      68.4348
574      54.0682
575      78.4816
576      98.067
577      0
578      0
579      0
580      43.0635
581      65.3063
582      0
583      0
584      99.8717
585      0
586      61.4313
587      59.5259
588      67.8529
589      0
590      99.9818
591      99.9818
592      50.1624
593      0
594      0
595      0
596      0
597      0
598      0
599      72.9658
600      68.7316
601      0
602      0
603      0
604      97.2351
605      52.8429
606      92.8875
607      62.9961
608      99.9818
609      0
610      86.818
611      99.9818
612      88.9329
613      0
614      60.4611
615      84.1304
616      70.8351
617      0
618      91.4357
619      99.9818
620      83.4703
621      71.7872
622      99.7445
623      0
624      0
625      62.6835
626      68.629
627      0
628      0
629      96.3718
630      0
631      87.8272
632      0
633      0
634      81.157
635      0
636      99.9818
637      58.262
638      97.7796
639      93.6426
640      0
641      0
642      83.2937
643      0
644      0
645      99.9818
646      0
647      99.8717
648      0
649      0
650      0
651      96.9675
652      49.2737
653      71.4998
654      43.9649
655      0
656      82.5952
657      95.1012
658      0
659      0
660      99.9818
661      43.7765
662      83.1726
663      0
664      84.8936
665      54.0682
666      99.0746
667      52.2086
668      99.7573
669      78.3451
670      53.8136
671      48.7224
672      0
673      0
674      0
675      99.0746
676      0
677      81.157
678      63.3695
679      99.8717
680      66.1976
681      0
682      98.061
683      91.4357
684      0
685      58.2598
686      66.1088
687      0
688      99.028
689      0
690      99.8717
691      98.067
692      99.9818
693      99.2162
694      0
695      90.2947
696      56.2733
697      67.8529
698      91.3578
699      49.0469
700      97.4587
701      97.6992
702      68.7954
703      54.4189
704      0
705      0
706      0
707      97.5047
708      79.0571
709      95.0478
710      74.1617
711      0
712      0
713      63.186
714      0
715      0
716      97.6992
717      99.9818
718      0
719      76.3901
720      99.9818
721      97.4587
722      91.9192
723      73.9703
724      0
725      0
726      0
727      63.2102
728      96.3718
729      99.8717
730      96.3718
731      62.1403
732      85.898
733      0
734      0
735      98.067
736      59.5259
737      60.4611
738      0
739      0
740      0
741      79.9647
742      0
743      0
744      56.736
745      0
746      99.028
747      61.2614
748      96.9675
749      0
750      0
751      0
752      0
753      60.5057
754      60.5057
755      0
756      0
757      99.9818
758      0
759      0
760      0
761      76.8426
762      0
763      41.4978
764      90.2947
765      66.1088
766      62.1403
767      89.7104
768      99.9818
769      91.9082
770      0
771      65.7767
772      0
773      97.6992
774      86.3433
775      0
776      53.6427
777      64.9182
778      92.5998
779      0
780      87.947
781      0
782      53.8394
783      0
784      92.581
785      0
786      70.1547
787      58.4202
788      0
789      87.5906
790      81.768
791      99.9818
792      0
793      72.5362
794      0
795      83.4012
796      98.067
797      0
798      91.1705
799      54.4189
800      92.5239
801      83.594
802      96.3718
803      0
804      99.028
805      80.5909
806      85.5293
807      0
808      81.157
809      99.9818
810      81.157
811      0
812      75.1341
813      84.9163
814      0
815      0
816      53.3832
817      99.9818
818      99.9818
819      96.9883
820      52.7936
821      51.1638
822      0
823      0
824      70.3465
825      0
826      76.4582
827      91.4357
828      91.4357
829      0
830      0
831      45.7649
832      86.3433
833      0
834      94.0903
835      52.29
836      99.16
837      52.7341
838      99.8235
839      0
840      78.312
841      99.9818
842      0
843      0
844      91.9082
845      88.9783
846      0
847      63.3695
848      71.4998
849      99.7445
850      0
851      0
852      0
853      55.1164
854      99.9818
855      69.309
856      36.7661
857      50.3073
858      49.0469
859      0
860      99.9818
861      91.2844
862      86.818
863      0
864      99.9818
865      79.4482
866      84.9163
867      54.1409
868      85.7715
869      65.8955
870      0
871      99.0746
872      0
873      76.4582
874      83.1726
875      99.9818
876      49.0469
877      56.9092
878      0
879      0
880      0
881      99.8717
882      79.9257
883      0
884      97.5289
885      0
886      61.6874
887      54.1409
888      36.7661
889      0
890      90.1346
891      55.9479
892      0
893      48.8695
894      50.1624
895      74.3772
896      99.9818
897      0
898      97.5225
899      61.6874
900      61.6183
901      0
902      77.4696
903      60.5976
904      73.418
905      99.8717
906      93.7896
907      84.434
908      98.4035
909      49.9228
910      0
911      77.3377
912      84.6145
913      99.9818
914      64.6707
915      0
916      79.3529
917      96.3718
918      85.5905
919      99.8717
920      81.358
921      99.8717
922      87.0644
923      81.157
924      68.3428
925      89.8362
926      59.9028
927      81.355
928      0
929      99.8235
930      83.1726
931      0
932      0
933      50.1288
934      98.067
935      99.9818
936      99.0746
937      67.8021
938      54.0148
939      74.8528
940      0
941      67.8021
942      56.1176
943      45.8428
944      0
945      89.082
946      91.4357
947      0
948      92.5012
949      45.8423
950      0
951      70.8351
952      70.8607
953      59.9028
954      0
955      98.3038
956      87.5906
957      0
958      99.0729
959      0
960      95.9114
961      99.9818
962      86.818
963      0
964      98.3038
965      0
966      0
967      0
968      75.6732
969      99.0599
970      0
971      0
972      76.3901
973      99.9818
974      52.0789
975      99.9818
976      99.9818
977      71.1097
978      97.4587
979      74.1617
980      67.8021
981      60.4749
982      85.1231
983      0
984      99.9818
985      0
986      56.3029
987      0
988      74.3772
989      0
990      56.9092
991      84.9163
992      0
993      88.7151
994      89.8362
995      76.8426
996      97.4587
997      82.9199
998      99.9996
999      0
       33141.5
