0      87.9568
1      83.38
2      0
3      47.2448
4      0
5      0
6      58.5446
7      94.1978
8      0
9      0
10      49.4947
11      0
12      57.844
13      99.7214
14      68.0493
15      61.6426
16      73.5593
17      73.1558
18      57.664
19      0
20      78.2984
21      58.0018
22      0
23      0
24      0
25      0
26      83.9054
27      43.8923
28      98.2098
29      40.731
30      53.5103
31      0
32      55.4741
33      0
34      87.0772
35      93.6439
36      81.1857
37      96.4464
38      53.4215
39      97.5383
40      60.3885
41      79.4772
42      93.6588
43      0
44      0
45      80.5111
46      0
47      85.86
48      66.056
49      93.3726
50      91.969
51      0
52      95.6219
53      97.2547
54      0
55      0
56      50.9632
57      0
58      96.4983
59      86.9027
60      97.9185
61      82.1724
62      0
63      0
64      0
65      71.3586
66      59.8856
67      98.2098
68      73.0839
69      0
70      50.9869
71      60.5871
72      98.2098
73      99.7824
74      88.2657
75      0
76      84.4243
77      0
78      48.2378
79      72.2329
80      68.8649
81      79.581
82      83.9946
83      76.1576
84      94.914
85      0
86      95.5499
87      0
88      96.42
89      60.571
90      70.2683
91      0
92      0
93      97.2779
94      0
95      51.4718
96      74.87
97      0
98      93.4926
99      83.9525
100      96.7012
101      83.8737
102      99.7214
103      77.162
104      0
105      89.6106
106      94.5871
107      68.774
108      0
109      71.755
110      96.4464
111      45.2074
112      0
113      67.0274
114      97.1429
115      64.5384
116      0
117      64.1804
118      63.0135
119      68.1503
120      0
121      97.1429
122      57.4706
123      92.3966
124      97.2288
125      79.3298
126      92.2393
127      95.4522
128      0
129      0
130      47.3839
131      99.868
132      0
133      83.9946
134      80.5111
135      0
136      98.151
137      46.5513
138      0
139      0
140      52.953
141      97.1429
142      0
143      93.2262
144      70.538
145      94.758
146      75.8296
147      97.4759
148      45.026
149      95.7135
150      0
151      0
152      0
153      60.5003
154      0
155      0
156      61.776
157      0
158      75.6348
159      79.4279
160      98.6309
161      93.5417
162      42.8503
163      0
164      84.2585
165      48.9063
166      84.8029
167      75.8642
168      64.1804
169      0
170      0
171      90.2945
172      83.3852
173      83.1284
174      0
175      0
176      0
177      0
178      93.3723
179      0.00063305
180      75.4822
181      79.8162
182      0
183      0
184      60.8204
185      0
186      81.6746
187      77.7739
188      0
189      0
190      75.3992
191      0
192      0
193      0
194      0
195      97.9816
196      74.9168
197      90.2796
198      0
199      85.625
200      60.4102
201      0
202      90.2945
203      76.5501
204      45.2074
205      53.7432
206      78.2984
207      0
208      97.1603
209      87.8103
210      0
211      97.3109
212      90.0069
213      97.0982
214      63.8482
215      52.0111
216      84.8585
217      61.197
218      97.3109
219      58.6829
220      46.6436
221      97.1012
222      0
223      99.8538
224      44.3392
225      95.0632
226      94.7111
227      83.1619
228      53.6078
229      83.7046
230      96.6651
231      0
232      96.4983
233      98.092
234      82.2947
235      0
236      0
237      97.2547
238      0
239      0
240      82.3573
241      98.0367
242      63.8482
243      0
244      0
245      0
246      54.6022
247      75.5589
248      89.659
249      60.7678
250      99.19
251      43.8161
252      0
253      46.4796
254      0
255      0
256      80.6269
257      58.2943
258      95.1521
259      76.9043
260      0
261      0
262      73.0964
263      75.1679
264      0
265      95.6824
266      0
267      99.4514
268      96.558
269      85.9641
270      74.1669
271      0
272      58.7936
273      63.4621
274      87.0452
275      83.3987
276      85.4868
277      56.9957
278      78.2984
279      53.7072
280      91.9734
281      97.2437
282      90.1799
283      0
284      76.7241
285      78.2984
286      80.0177
287      0
288      69.3542
289      0
290      0
291      97.7172
292      0
293      0
294      58.5776
295      0
296      0
297      52.8546
298      80.9499
299      56.6728
300      89.0004
301      0
302      92.4937
303      0
304      0
305      69.0284
306      44.3435
307      64.7356
308      98.0969
309      0
310      98.5781
311      0
312      0
313      0
314      99.842
315      97.8685
316      0
317      57.7729
318      0
319      96.558
320      97.1429
321      98.247
322      0
323      69.7955
324      0
325      97.8763
326      0
327      98.7435
328      0
329      70.8812
330      39.5231
331      98.247
332      49.1878
333      96.5485
334      78.9018
335      97.1453
336      72.7188
337      87.8103
338      0
339      99.8033
340      82.1605
341      94.2056
342      0
343      98.2477
344      0
345      92.598
346      54.1991
347      0
348      64.2866
349      77.75
350      95.7695
351      90.2945
352      84.5498
353      62.8161
354      59.7231
355      86.9762
356      50.9057
357      0
358      0
359      0
360      0
361      59.6284
362      86.6713
363      79.4772
364      87.9568
365      0
366      50.9632
367      97.8763
368      97.4066
369      95.613
370      97.5706
371      58.2477
372      75.8296
373      99.7824
374      98.2477
375      98.2477
376      71.0484
377      0
378      92.1665
379      56.0352
380      99.9558
381      91.969
382      49.3515
383      74.9372
384      68.1326
385      74.9351
386      85.8414
387      0
388      0
389      74.5499
390      0
391      54.5624
392      0
393      0
394      57.6241
395      99.5261
396      97.5107
397      0
398      61.5556
399      64.4085
400      0
401      90.0446
402      0
403      0
404      64.5913
405      98.3175
406      98.6309
407      88.0049
408      43.8136
409      0
410      52.238
411      99.0504
412      97.8763
413      89.0004
414      72.8349
415      93.8386
416      64.4191
417      99.0518
418      64.8386
419      92.8243
420      83.1284
421      97.4066
422      0
423      59.8856
424      93.6745
425      0
426      70.5636
427      79.993
428      75.1632
429      49.6634
430      0
431      0
432      0
433      0
434      91.0761
435      95.4019
436      0
437      46.6555
438      0
439      0
440      93.1109
441      69.4296
442      79.8162
443      94.9644
444      71.0029
445      0
446      88.0049
447      94.9634
448      90.2573
449      89.3483
450      0
451      0
452      0
453      66.5069
454      93.3037
455      95.5499
456      67.0621
457      0
458      0
459      0
460      0
461      0
462      88.3316
463      50.5613
464      78.0071
465      42.1616
466      93.0059
467      0
468      90.9228
469      99.7824
470      0
471      97.2437
472      0
473      99.7214
474      89.0097
475      61.3854
476      0
477      80.9499
478      64.8722
479      52.238
480      53.6776
481      0
482      0
483      0
484      0
485      90.0069
486      0
487      0
488      51.8242
489      97.9158
490      82.3859
491      0
492      71.4574
493      60.6962
494      99.7214
495      77.8125
496      46.8395
497      0
498      0
499      70.5369
500      91.8128
501      95.5978
502      88.9409
503      73.5622
504      89.1225
505      0
506      43.7702
507      0
508      94.4245
509      83.6203
510      99.7842
511      0
512      50.4921
513      0
514      0
515      79.564
516      90.762
517      42.9985
518      89.507
519      60.5134
520      49.8167
521      99.4028
522      0
523      49.4947
524      99.9299
525      41.768
526      98.5126
527      61.7618
528      94.4245
529      68.0493
530      69.6089
531      99.4514
532      89.0097
533      75.3211
534      47.1253
535      78.8269
536      76.9856
537      0
538      97.6802
539      97.0323
540      0
541      61.4089
542      62.8161
543      49.9533
544      0
545      0
546      0
547      0
548      97.8685
549      0
550      84.5498
551      0
552      0
553      98.092
554      0
555      93.3723
556      0
557      86.9027
558      88.3316
559      0
560      62.8179
561      95.1521
562      89.883
563      50.2258
564      83.6203
565      91.9593
566      99.7824
567      61.1813
568      64.4946
569      94.3875
570      0
571      0
572      83.8333
573      99.4514
574      80.9499
575      0
576      73.4649
577      52.953
578      0
579      66.5069
580      97.3109
581      44.6107
582      59.745
583      94.9594
584      52.8245
585      76.9022
586      50.4719
587      63.6522
588      75.7182
589      52.8546
590      95.3443
591      97.4759
592      99.3389
593      0
594      0
595      98.0941
596      77.8969
597      83.208
598      0
599      66.5069
600      0
601      0
602      97.9158
603      89.0062
604      0
605      0
606      0
607      0
608      73.1872
609      65.5464
610      99.4783
611      51.3135
612      73.5785
613      70.538
614      91.9727
615      90.0069
616      75.9008
617      94.6242
618      61.8731
619      72.7188
620      55.6153
621      0
622      92.9708
623      95.3288
624      95.7135
625      0
626      0
627      75.2962
628      0
629      58.7952
630      0
631      0
632      0
633      82.7137
634      70.6423
635      47.4119
636      92.0413
637      99.7179
638      95.3735
639      0
640      0
641      99.4028
642      73.3626
643      81.7208
644      50.5603
645      47.0747
646      0
647      90.9228
648      54.5793
649      97.0323
650      0
651      58.2477
652      0
653      0
654      64.8386
655      98.247
656      95.7135
657      93.5096
658      48.6346
659      0
660      52.4598
661      92.1791
662      93.3255
663      49.9908
664      53.5114
665      0
666      84.5498
667      58.5108
668      0
669      0
670      0
671      88.0049
672      87.0452
673      71.4808
674      0
675      87.0429
676      71.0892
677      78.9303
678      92.4937
679      0
680      95.1521
681      0
682      99.7824
683      87.9568
684      96.4464
685      0
686      93.9974
687      0
688      0
689      0
690      56.6728
691      58.0951
692      99.1992
693      54.2545
694      0
695      85.625
696      0
697      0
698      0
699      0
700      80.1465
701      0
702      97.8678
703      82.8419
704      68.8649
705      0
706      0
707      96.7012
708      97.1429
709      0
710      0
711      0
712      64.8386
713      0
714      95.7135
715      0
716      0
717      98.2477
718      0
719      55.2511
720      85.86
721      0
722      56.6072
723      75.0391
724      86.6788
725      0
726      84.8029
727      0
728      0
729      84.4243
730      97.6802
731      67.5643
732      67.7011
733      0
734      93.3009
735      63.3027
736      0
737      83.4374
738      99.354
739      99.4028
740      73.8546
741      43.4922
742      80.2414
743      67.7267
744      83.1619
745      97.1453
746      73.2589
747      70.7746
748      97.1453
749      92.1791
750      94.4245
751      99.845
752      0
753      99.8529
754      93.8774
755      97.9158
756      95.6143
757      81.1323
758      99.8061
759      0
760      0
761      73.5622
762      99.7195
763      0
764      0
765      0
766      61.1813
767      0
768      56.6728
769      70.6927
770      0
771      72.2785
772      64.4085
773      0
774      0
775      89.2255
776      0
777      99.9299
778      83.3852
779      70.5636
780      71.9287
781      99.4783
782      63.3027
783      0
784      0
785      0
786      61.2242
787      58.2307
788      65.8502
789      45.2546
790      58.6164
791      51.0257
792      72.4977
793      92.0413
794      0
795      98.0889
796      97.1464
797      99.354
798      0
799      0
800      99.4514
801      75.8812
802      0
803      67.5643
804      53.3436
805      51.6091
806      0
807      98.6963
808      39.5312
809      0
810      54.2363
811      99.5927
812      0
813      0
814      44.9367
815      53.2977
816      0
817      0
818      97.1453
819      48.6346
820      99.8061
821      64.2866
822      0
823      59.9053
824      46.1289
825      97.8685
826      90.9139
827      0
828      63.7726
829      68.014
830      0
831      69.6626
832      92.3966
833      93.3723
834      0
835      0
836      90.2945
837      96.7432
838      99.0504
839      94.5249
840      97.2526
841      98.151
842      99.8529
843      0
844      99.5261
845      54.3759
846      80.9499
847      79.8585
848      81.6327
849      78.8269
850      84.2585
851      42.9375
852      0
853      80.649
854      65.348
855      77.4462
856      83.208
857      0
858      0
859      69.4296
860      0
861      0
862      93.1109
863      0
864      75.7028
865      0
866      64.8112
867      84.5498
868      0
869      0
870      0
871      0
872      92.2562
873      98.092
874      45.0109
875      0
876      66.3599
877      0
878      0
879      83.208
880      90.9139
881      98.5781
882      98.2098
883      0
884      0
885      82.8419
886      68.1857
887      64.4946
888      97.2779
889      71.3054
890      97.1453
891      90.9139
892      98.5781
893      0
894      93.9974
895      0
896      57.4706
897      56.4612
898      95.3288
899      0
900      74.7593
901      0
902      53.1978
903      73.0964
904      94.8425
905      90.6248
906      96.0959
907      0
908      86.0171
909      68.1503
910      95.4522
911      0
912      0
913      0
914      60.8827
915      51.4718
916      86.8172
917      46.8395
918      50.2306
919      0
920      0
921      95.5499
922      95.7135
923      0
924      71.3586
925      0
926      0
927      52.8421
928      85.5645
929      92.1178
930      0
931      69.6259
932      0
933      0
934      0
935      88.2657
936      99.8529
937      88.7253
938      0
939      99.2085
940      97.5061
941      72.4697
942      99.4514
943      75.1632
944      63.6522
945      99.845
946      70.0726
947      48.6601
948      0
949      0
950      85.2391
951      0
952      0
953      66.5069
954      0
955      75.2208
956      97.3522
957      51.6022
958      0
959      73.3224
960      0
961      70.6468
962      0
963      95.6219
964      0
965      83.1284
966      64.4946
967      86.9027
968      66.5069
969      97.1453
970      82.7097
971      99.7214
972      90.5397
973      95.1174
974      75.9361
975      97.0323
976      0
977      75.0391
978      39.1948
979      50.5613
980      81.6701
981      70.538
982      44.8342
983      0
984      98.5126
985      93.3037
986      88.0049
987      89.3483
988      0
989      86.0171
990      71.2041
991      0
992      85.86
993      97.9816
994      74.8507
995      93.3037
996      92.598
997      78.8269
998      0
999      1.56915
1000      0
1001      75.3766
1002      97.1603
1003      0
1004      45.621
1005      95.9172
1006      47.0591
1007      97.0982
1008      75.3766
1009      91.969
1010      77.7739
1011      0
1012      52.2298
1013      0
1014      53.6622
1015      62.8179
1016      97.1603
1017      89.5548
1018      34.1103
1019      0
1020      0
1021      0
1022      0
1023      93.6588
1024      93.9471
1025      89.883
1026      0
1027      80.0841
1028      55.228
1029      86.5711
1030      63.7726
1031      74.017
1032      67.0274
1033      54.101
1034      0
1035      64.8112
1036      75.6164
1037      94.3875
1038      0
1039      61.0614
1040      0
1041      99.7824
1042      99.8529
1043      68.482
1044      0
1045      53.4215
1046      66.0123
1047      72.9602
1048      90.9139
1049      95.0632
1050      67.9613
1051      0
1052      99.8412
1053      43.2796
1054      67.4406
1055      88.2657
1056      0
1057      0
1058      76.2394
1059      0
1060      0
1061      46.0042
1062      0
1063      71.4452
1064      64.7799
1065      84.7998
1066      0
1067      94.4245
1068      97.4759
1069      74.4802
1070      71.659
1071      0
1072      0
1073      56.6095
1074      70.7973
1075      0
1076      95.3287
1077      87.0772
1078      0
1079      75.8642
1080      89.9284
1081      98.092
1082      47.3839
1083      0
1084      56.6728
1085      0
1086      0
1087      95.7135
1088      86.9027
1089      63.3027
1090      70.5025
1091      61.7618
1092      55.6078
1093      91.8128
1094      68.0868
1095      62.8316
1096      89.3483
1097      0
1098      64.1804
1099      0
1100      94.4195
1101      43.241
1102      98.4921
1103      0
1104      58.7936
1105      57.1737
1106      0
1107      49.9001
1108      98.6309
1109      46.3489
1110      84.9335
1111      61.6617
1112      0
1113      88.929
1114      73.4137
1115      0
1116      87.0452
1117      71.7385
1118      0
1119      0
1120      48.6346
1121      92.0711
1122      89.3483
1123      0
1124      0
1125      81.6746
1126      0
1127      95.7874
1128      67.7011
1129      90.762
1130      0
1131      0
1132      73.6709
1133      73.4649
1134      85.8414
1135      69.6259
1136      0
1137      66.547
1138      0.026067
1139      66.537
1140      77.8969
1141      49.7339
1142      95.7695
1143      0
1144      58.6698
1145      68.0493
1146      68.1503
1147      64.4085
1148      71.2584
1149      79.3298
1150      96.5307
1151      73.8546
1152      73.5622
1153      82.1322
1154      0
1155      75.1632
1156      80.0177
1157      99.5261
1158      56.6095
1159      52.3044
1160      47.4052
1161      0
1162      77.4462
1163      79.564
1164      71.4574
1165      0
1166      0
1167      83.1619
1168      91.024
1169      99.8529
1170      93.5096
1171      93.2055
1172      0
1173      78.4699
1174      97.2437
1175      55.9574
1176      79.8104
1177      0
1178      0
1179      59.143
1180      99.845
1181      49.5623
1182      77.0219
1183      52.0429
1184      0
1185      0
1186      44.5279
1187      93.5096
1188      56.4612
1189      0
1190      0
1191      81.3362
1192      0
1193      0
1194      0
1195      92.3411
1196      77.1134
1197      95.3735
1198      48.8717
1199      0
1200      64.7905
1201      84.9811
1202      92.4759
1203      0
1204      0
1205      0
1206      97.9185
1207      0
1208      52.2298
1209      0
1210      85.1569
1211      95.2253
1212      77.8969
1213      93.3726
1214      76.5192
1215      0
1216      99.1992
1217      79.3298
1218      89.6106
1219      99.4514
1220      45.4677
1221      59.143
1222      78.4455
1223      94.9222
1224      90.2573
1225      84.8029
1226      58.2636
1227      75.9008
1228      80.623
1229      99.7824
1230      57.4706
1231      98.7823
1232      0
1233      71.8991
1234      0
1235      94.8771
1236      0
1237      89.0553
1238      0
1239      0
1240      89.6106
1241      0
1242      0
1243      54.6022
1244      0
1245      0
1246      68.774
1247      0
1248      68.482
1249      0
1250      0
1251      0
1252      67.1753
1253      82.0808
1254      0
1255      0
1256      83.1284
1257      0
1258      49.9533
1259      60.2923
1260      0
1261      96.42
1262      97.1453
1263      73.1662
1264      92.3411
1265      97.4066
1266      0
1267      0
1268      60.8204
1269      99.7824
1270      99.1992
1271      61.1436
1272      0
1273      0
1274      98.6309
1275      61.776
1276      84.8437
1277      0
1278      0
1279      66.056
1280      93.3037
1281      92.1791
1282      67.7267
1283      50.9481
1284      73.968
1285      86.141
1286      99.5927
1287      92.0413
1288      0
1289      0
1290      71.2041
1291      58.2477
1292      67.2214
1293      94.3875
1294      96.42
1295      0
1296      95.3287
1297      72.5895
1298      0
1299      0
1300      83.1284
1301      0
1302      73.6709
1303      0
1304      94.758
1305      61.1436
1306      0
1307      89.0062
1308      0
1309      0
1310      0
1311      99.7191
1312      97.6894
1313      93.9196
1314      0
1315      59.8856
1316      74.5499
1317      0
1318      48.7648
1319      95.7135
1320      99.0004
1321      0
1322      91.9593
1323      0
1324      89.9621
1325      93.9974
1326      80.0449
1327      57.582
1328      90.6248
1329      99.7191
1330      88.0004
1331      0
1332      73.1558
1333      56.6728
1334      54.035
1335      92.3411
1336      77.7902
1337      73.1357
1338      59.7975
1339      91.969
1340      75.6765
1341      77.4461
1342      98.7823
1343      0
1344      0
1345      96.42
1346      59.7555
1347      98.092
1348      0
1349      0
1350      89.883
1351      99.7824
1352      89.3483
1353      59.9756
1354      0
1355      74.5616
1356      92.9708
1357      75.3759
1358      99.845
1359      0
1360      0
1361      84.7899
1362      49.1226
1363      91.024
1364      0
1365      90.9139
1366      0
1367      55.4296
1368      0
1369      0
1370      92.0413
1371      91.9573
1372      93.9471
1373      0
1374      71.6916
1375      84.317
1376      94.6862
1377      70.1091
1378      91.9573
1379      95.5499
1380      0
1381      0
1382      0
1383      99.845
1384      75.3992
1385      0
1386      0
1387      0
1388      99.7214
1389      77.1876
1390      97.2779
1391      0
1392      74.8185
1393      0
1394      95.1174
1395      0
1396      0
1397      46.1407
1398      99.4028
1399      99.5939
1400      81.1022
1401      92.8243
1402      98.4581
1403      0
1404      71.9287
1405      0
1406      99.8061
1407      73.0839
1408      0
1409      97.3522
1410      64.8722
1411      90.762
1412      0
1413      98.247
1414      0
1415      61.1601
1416      0
1417      97.4759
1418      0
1419      53.5712
1420      99.4514
1421      60.4871
1422      59.2969
1423      89.883
1424      0
1425      0
1426      94.3875
1427      0
1428      0
1429      75.6765
1430      0
1431      0
1432      0
1433      50.5732
1434      0
1435      71.0892
1436      0
1437      0
1438      70.6468
1439      97.6894
1440      83.208
1441      85.8014
1442      89.883
1443      68.0493
1444      68.1857
1445      60.7421
1446      86.0171
1447      86.8172
1448      50.2667
1449      77.0208
1450      99.4514
1451      99.4028
1452      99.9299
1453      91.8077
1454      93.3009
1455      84.4243
1456      85.4868
1457      93.9974
1458      99.4514
1459      54.6022
1460      94.9644
1461      57.2715
1462      0
1463      93.6439
1464      0
1465      87.0429
1466      97.7172
1467      47.0747
1468      99.7824
1469      98.0367
1470      0
1471      0
1472      62.7201
1473      83.208
1474      0
1475      0
1476      52.8546
1477      44.9852
1478      96.42
1479      0
1480      57.4706
1481      86.0092
1482      50.8611
1483      95.6824
1484      0
1485      98.092
1486      62.8161
1487      0
1488      72.2785
1489      47.7706
1490      57.5553
1491      0
1492      95.9172
1493      0
1494      99.4514
1495      0
1496      55.3763
1497      69.4296
1498      98.151
1499      88.929
1500      69.4754
1501      0
1502      78.0652
1503      0
1504      0
1505      0
1506      0
1507      90.762
1508      58.7952
1509      0
1510      93.9974
1511      0
1512      56.8059
1513      99.6958
1514      64.1804
1515      0
1516      68.0493
1517      97.9185
1518      0
1519      0
1520      0
1521      71.4808
1522      0
1523      97.2437
1524      83.9946
1525      52.5298
1526      77.5812
1527      46.9201
1528      0
1529      99.8166
1530      0
1531      0
1532      86.9027
1533      54.7542
1534      87.9568
1535      38.9517
1536      85.2391
1537      0
1538      71.755
1539      83.9946
1540      97.5061
1541      0
1542      96.9975
1543      0
1544      95.1147
1545      82.0808
1546      94.3875
1547      55.2511
1548      0
1549      95.1521
1550      85.86
1551      54.6361
1552      60.1037
1553      82.3573
1554      95.9172
1555      97.4759
1556      98.2098
1557      0
1558      0
1559      58.5253
1560      0
1561      0
1562      91.9573
1563      48.6404
1564      0
1565      0
1566      46.6555
1567      63.9773
1568      60.571
1569      0
1570      86.0092
1571      95.3735
1572      73.0839
1573      71.8235
1574      50.4921
1575      46.0831
1576      61.5556
1577      80.0177
1578      0
1579      0
1580      0
1581      79.3298
1582      0
1583      56.7756
1584      98.5126
1585      54.7566
1586      0
1587      0
1588      0
1589      90.0323
1590      0
1591      97.2779
1592      0
1593      64.6633
1594      83.1284
1595      0
1596      0
1597      0
1598      51.5836
1599      0
1600      64.714
1601      0
1602      0
1603      87.1625
1604      0
1605      0
1606      66.3599
1607      0
1608      98.0969
1609      0
1610      93.3729
1611      0
1612      97.4066
1613      0
1614      99.845
1615      0
1616      71.8573
1617      0
1618      99.4514
1619      52.2298
1620      0
1621      97.8763
1622      83.6203
1623      98.0367
1624      47.4119
1625      69.4296
1626      63.6662
1627      77.5812
1628      0
1629      67.0274
1630      97.2547
1631      0
1632      88.9994
1633      60.6109
1634      0
1635      0
1636      91.5712
1637      64.1804
1638      68.1326
1639      0
1640      47.0747
1641      58.2636
1642      0
1643      0
1644      49.7267
1645      99.845
1646      90.9535
1647      0
1648      0
1649      56.8438
1650      52.8421
1651      64.8629
1652      75.9008
1653      0
1654      0
1655      54.5624
1656      0
1657      98.2098
1658      55.2511
1659      0
1660      0
1661      96.42
1662      97.9185
1663      0
1664      97.4734
1665      48.3431
1666      68.1503
1667      64.5384
1668      50.9481
1669      62.4276
1670      87.9871
1671      86.9027
1672      0
1673      0
1674      99.7824
1675      61.2242
1676      0
1677      61.5556
1678      57.2501
1679      97.0982
1680      0
1681      95.2253
1682      0
1683      0
1684      53.4215
1685      99.7653
1686      99.5927
1687      0
1688      0
1689      52.8546
1690      0
1691      77.4341
1692      78.0071
1693      99.0004
1694      54.7566
1695      0
1696      0
1697      75.3992
1698      0
1699      0
1700      0
1701      98.0941
1702      89.3483
1703      94.9586
1704      0
1705      0
1706      0
1707      77.8724
1708      0
1709      99.8529
1710      82.0701
1711      75.6164
1712      64.4085
1713      0
1714      98.092
1715      99.4514
1716      99.4028
1717      83.3852
1718      92.7541
1719      98.4921
1720      98.6309
1721      0
1722      99.7179
1723      77.7739
1724      89.0004
1725      0
1726      0
1727      0
1728      50.9632
1729      99.5927
1730      91.9734
1731      0
1732      0
1733      64.1531
1734      97.3109
1735      60.7831
1736      42.883
1737      45.039
1738      79.8104
1739      0
1740      0
1741      0
1742      50.8611
1743      55.402
1744      64.8112
1745      99.248
1746      98.7823
1747      62.5701
1748      65.3865
1749      0
1750      0
1751      0
1752      97.5107
1753      0
1754      0
1755      51.238
1756      46.5461
1757      97.5107
1758      75.3211
1759      0
1760      0
1761      0
1762      80.9449
1763      0
1764      45.9758
1765      60.5068
1766      0
1767      85.9291
1768      52.2298
1769      0
1770      82.1322
1771      97.5061
1772      0
1773      0
1774      52.5718
1775      71.3054
1776      64.4085
1777      0
1778      0
1779      0
1780      98.2477
1781      99.4454
1782      0
1783      55.3754
1784      53.3436
1785      0
1786      99.7214
1787      98.5781
1788      84.8437
1789      0
1790      57.582
1791      88.5047
1792      0
1793      65.8179
1794      48.6357
1795      75.6348
1796      0
1797      0
1798      51.8242
1799      68.2587
1800      84.4243
1801      81.7727
1802      0
1803      94.9586
1804      55.1815
1805      0
1806      0
1807      84.5498
1808      0
1809      53.2107
1810      55.3763
1811      97.1924
1812      0
1813      69.6259
1814      64.4085
1815      98.1387
1816      78.495
1817      95.2253
1818      0
1819      0
1820      94.3491
1821      68.2587
1822      51.3003
1823      50.5365
1824      71.6916
1825      0
1826      92.469
1827      53.0322
1828      92.396
1829      59.7896
1830      85.8414
1831      92.469
1832      64.2771
1833      0
1834      0
1835      57.0641
1836      0
1837      89.0097
1838      0
1839      94.9594
1840      98.7823
1841      0
1842      0
1843      78.2984
1844      75.7028
1845      0
1846      61.1813
1847      0
1848      95.613
1849      0
1850      0
1851      0
1852      73.5622
1853      93.5096
1854      0
1855      56.6993
1856      0
1857      0
1858      48.1535
1859      53.3436
1860      0
1861      94.8425
1862      94.4195
1863      97.3522
1864      73.532
1865      47.1253
1866      49.6252
1867      88.6557
1868      89.0004
1869      80.509
1870      62.5558
1871      0
1872      94.3491
1873      93.3723
1874      79.3298
1875      0
1876      80.0177
1877      83.1619
1878      98.247
1879      0
1880      82.1605
1881      0
1882      0
1883      95.0632
1884      92.469
1885      57.9586
1886      0
1887      47.1253
1888      91.024
1889      67.2097
1890      0
1891      0
1892      80.9449
1893      66.3599
1894      94.9594
1895      75.5589
1896      0
1897      84.8029
1898      78.0724
1899      87.8103
1900      0
1901      73.3224
1902      58.1182
1903      77.7902
1904      60.4102
1905      97.1429
1906      99.4814
1907      0
1908      80.5111
1909      68.2032
1910      0
1911      0
1912      56.7756
1913      78.2984
1914      91.9593
1915      0
1916      0
1917      0
1918      77.3023
1919      0
1920      97.8763
1921      77.0219
1922      91.6278
1923      0
1924      0
1925      95.0099
1926      98.2477
1927      77.7238
1928      64.2866
1929      90.6828
1930      0
1931      96.0959
1932      94.3033
1933      75.9008
1934      0
1935      0
1936      71.9069
1937      96.42
1938      52.4826
1939      0
1940      0
1941      0
1942      71.2584
1943      0
1944      85.8414
1945      65.5585
1946      64.1531
1947      59.1767
1948      95.6824
1949      0
1950      61.4112
1951      97.5107
1952      96.6651
1953      67.2264
1954      56.6993
1955      50.2306
1956      94.9222
1957      66.2843
1958      92.9708
1959      64.7356
1960      0
1961      75.3759
1962      0
1963      53.0087
1964      0
1965      63.7726
1966      0
1967      52.4598
1968      81.6746
1969      89.9621
1970      0
1971      0
1972      95.3641
1973      0
1974      0
1975      52.2606
1976      57.3196
1977      94.2056
1978      0
1979      47.2
1980      86.0092
1981      76.7241
1982      0
1983      95.5499
1984      75.3992
1985      76.057
1986      71.3393
1987      91.8821
1988      0
1989      53.6078
1990      0
1991      65.9083
1992      99.354
1993      94.9634
1994      49.8148
1995      95.6824
1996      0
1997      97.9158
1998      68.2587
1999      81.0023
2000      85.8414
2001      73.1662
2002      98.247
2003      99.7824
2004      53.6582
2005      89.3483
2006      91.2389
2007      97.2526
2008      0
2009      0
2010      97.1603
2011      64.8112
2012      91.8586
2013      75.8812
2014      0
2015      75.3672
2016      98.2477
2017      56.9957
2018      82.8419
2019      0
2020      0
2021      55.0943
2022      0
2023      70.5369
2024      86.9027
2025      59.6284
2026      0
2027      0
2028      97.5107
2029      45.9758
2030      83.3852
2031      99.8529
2032      0
2033      75.1532
2034      0
2035      0
2036      97.3522
2037      0
2038      91.9734
2039      64.5913
2040      99.7214
2041      0
2042      68.1503
2043      0
2044      93.3255
2045      98.092
2046      0
2047      67.8831
2048      0
2049      0
2050      0
2051      0
2052      51.3
2053      97.7021
2054      75.1679
2055      0
2056      0
2057      0
2058      0
2059      96.1244
2060      47.7807
2061      98.0367
2062      0
2063      89.0097
2064      98.092
2065      57.4706
2066      50.1807
2067      70.8409
2068      97.0982
2069      77.7238
2070      0
2071      58.2477
2072      0
2073      0
2074      0
2075      62.4276
2076      47.4189
2077      50.2306
2078      77.274
2079      0
2080      99.4514
2081      79.993
2082      0
2083      53.9983
2084      88.2968
2085      0
2086      69.9386
2087      68.0868
2088      69.9386
2089      92.9708
2090      0
2091      92.0413
2092      66.3599
2093      68.1867
2094      76.6878
2095      98.5781
2096      0
2097      73.1558
2098      75.2353
2099      97.0982
2100      99.7824
2101      0
2102      50.8244
2103      0
2104      63.6334
2105      0
2106      62.1517
2107      89.0062
2108      77.4462
2109      49.9001
2110      95.2253
2111      99.7214
2112      63.6792
2113      0
2114      0
2115      78.2984
2116      0
2117      83.048
2118      0
2119      0
2120      0
2121      60.5134
2122      0
2123      94.9644
2124      71.6916
2125      99.4028
2126      0
2127      77.0208
2128      99.9558
2129      79.3298
2130      72.7865
2131      83.2659
2132      0
2133      0
2134      95.4522
2135      70.3872
2136      63.8619
2137      89.0097
2138      0
2139      97.3375
2140      47.7706
2141      71.1351
2142      55.9558
2143      0
2144      92.0413
2145      0
2146      88.9409
2147      92.396
2148      64.4085
2149      98.6309
2150      0
2151      0
2152      0
2153      79.0711
2154      0
2155      79.8585
2156      74.8723
2157      0
2158      89.0097
2159      0
2160      0
2161      88.9684
2162      98.7823
2163      0
2164      0
2165      0
2166      97.2288
2167      97.6894
2168      69.6259
2169      0
2170      90.762
2171      99.845
2172      89.6106
2173      95.1521
2174      0
2175      0
2176      98.4921
2177      0
2178      91.5712
2179      51.8664
2180      0
2181      95.7135
2182      90.2945
2183      0
2184      99.1992
2185      90.0222
2186      0
2187      98.0367
2188      0
2189      71.4379
2190      92.9708
2191      47.2
2192      79.4772
2193      78.9303
2194      94.3491
2195      0
2196      99.4814
2197      0
2198      60.7421
2199      99.6877
2200      87.1625
2201      79.0711
2202      0
2203      53.5945
2204      0
2205      56.2534
2206      0
2207      77.7739
2208      90.9139
2209      97.3109
2210      0
2211      50.9632
2212      90.1939
2213      88.1283
2214      54.035
2215      99.7824
2216      0
2217      89.5128
2218      90.5395
2219      0
2220      66.5069
2221      0
2222      79.564
2223      98.5126
2224      67.7267
2225      97.9816
2226      0
2227      95.613
2228      0
2229      86.0092
2230      0
2231      90.762
2232      57.5553
2233      73.8546
2234      91.969
2235      95.1521
2236      92.8243
2237      99.7214
2238      99.4514
2239      0
2240      0
2241      54.2363
2242      71.7385
2243      0
2244      0
2245      73.4725
2246      0
2247      0
2248      55.2511
2249      99.7214
2250      78.5379
2251      0
2252      65.0838
2253      46.7519
2254      96.5307
2255      90.9139
2256      97.1603
2257      0
2258      0
2259      79.564
2260      53.5114
2261      0
2262      99.4028
2263      94.3875
2264      72.2329
2265      64.8629
2266      70.7973
2267      0
2268      68.8977
2269      0
2270      97.7021
2271      91.8077
2272      60.8894
2273      70.6423
2274      66.2843
2275      0
2276      0
2277      98.6309
2278      95.2901
2279      69.4754
2280      39.3889
2281      89.1728
2282      71.2606
2283      0
2284      77.8999
2285      97.8763
2286      96.4464
2287      0
2288      73.5167
2289      74.9168
2290      76.9856
2291      0
2292      70.4723
2293      80.0177
2294      93.3729
2295      0
2296      71.6324
2297      88.6557
2298      59.7555
2299      97.0323
2300      99.9299
2301      0
2302      92.3093
2303      0
2304      0
2305      84.7998
2306      0
2307      0
2308      94.6195
2309      0
2310      0
2311      0
2312      55.4907
2313      98.1387
2314      95.4522
2315      78.2984
2316      0
2317      46.3489
2318      0
2319      0
2320      0
2321      0
2322      86.0171
2323      60.7421
2324      0
2325      55.5353
2326      0
2327      53.5114
2328      99.9299
2329      0
2330      76.9022
2331      68.1503
2332      0
2333      97.1603
2334      97.3109
2335      62.2472
2336      0
2337      93.6588
2338      72.8349
2339      0
2340      90.2573
2341      50.0096
2342      0
2343      85.2391
2344      79.4772
2345      80.1465
2346      70.538
2347      0
2348      96.1681
2349      0
2350      70.0726
2351      98.092
2352      70.4723
2353      43.8136
2354      96.174
2355      74.9168
2356      50.1597
2357      95.9172
2358      71.6916
2359      0
2360      48.8717
2361      0
2362      82.0701
2363      76.1576
2364      0
2365      64.8629
2366      0
2367      0
2368      0
2369      82.0808
2370      0
2371      91.6278
2372      70.6927
2373      55.4741
2374      97.2437
2375      0
2376      48.8717
2377      94.9594
2378      0
2379      90.9139
2380      99.7824
2381      0
2382      0
2383      90.9139
2384      0
2385      73.5622
2386      0
2387      90.6828
2388      94.3491
2389      61.4112
2390      67.7267
2391      89.0062
2392      89.1225
2393      0
2394      94.8425
2395      99.19
2396      68.774
2397      46.8395
2398      0
2399      96.1681
2400      55.7142
2401      0
2402      0
2403      0
2404      0
2405      85.8414
2406      0
2407      86.0092
2408      78.0652
2409      93.1109
2410      96.7432
2411      0
2412      58.3404
2413      0
2414      0
2415      48.3431
2416      92.0896
2417      93.3009
2418      85.2391
2419      82.8419
2420      69.8035
2421      0
2422      67.577
2423      99.6434
2424      0
2425      70.3812
2426      0
2427      94.9222
2428      97.0982
2429      60.4871
2430      76.5192
2431      52.3486
2432      54.5793
2433      0
2434      0
2435      98.7823
2436      99.248
2437      61.0604
2438      51.9552
2439      67.9943
2440      90.6248
2441      91.969
2442      89.507
2443      55.1093
2444      0
2445      0
2446      84.5498
2447      0
2448      83.3852
2449      0
2450      97.2437
2451      93.3037
2452      98.9198
2453      0
2454      0
2455      49.6044
2456      0
2457      88.9994
2458      0
2459      0
2460      86.3138
2461      56.6095
2462      52.0111
2463      0
2464      0
2465      48.9476
2466      97.2547
2467      97.5383
2468      0
2469      97.2779
2470      50.2646
2471      98.0367
2472      90.0069
2473      0
2474      89.5548
2475      0
2476      99.8712
2477      80.0177
2478      98.0367
2479      59.9756
2480      99.7824
2481      0
2482      40.731
2483      76.6706
2484      86.5498
2485      62.5701
2486      0
2487      0
2488      53.3387
2489      45.4115
2490      85.1569
2491      59.9053
2492      94.2056
2493      0
2494      99.5939
2495      0
2496      0
2497      93.6745
2498      75.0391
2499      0
       82608.3
