0      76.1571
1      99.9752
2      75.7244
3      99.8685
4      95.1052
5      0
6      81.8885
7      0
8      0
9      0
10      40.1907
11      63.0907
12      99.9799
13      0
14      0
15      0
16      0
17      0
18      78.9617
19      87.1957
20      93.3789
21      0
22      51.62
23      98.2543
24      0
25      0
26      97.3659
27      99.9799
28      0
29      99.999
30      97.7421
31      75.7244
32      40.1881
33      0
34      67.3968
35      0
36      98.6948
37      99.9799
38      52.9128
39      99.999
40      99.9799
41      83.9013
42      0
43      0
44      99.9799
45      99.9799
46      99.9699
47      99.9846
48      99.9817
49      0
       1619.69
