0      70.5688
1      99.7911
2      99.1049
3      68.3837
4      67.8246
5      88.3066
6      99.8467
7      99.9415
8      65.9581
9      0
10      99.8467
11      0
12      73.6028
13      76.0443
14      75.7433
15      80.9378
16      96.0171
17      0
18      0
19      0
20      0
21      45.2925
22      69.8853
23      90.2118
24      0
25      0
26      42.643
27      99.8467
28      0
29      52.5855
30      66.9715
31      52.8193
32      99.7911
33      79.8496
34      66.0845
35      98.3132
36      0
37      93.1774
38      99.9109
39      80.7919
40      55.7552
41      93.039
42      99.9835
43      99.9415
44      0
45      66.6852
46      0
47      0
48      74.0317
49      60.5104
50      45.8327
51      81.8295
52      99.9415
53      79.8496
54      0
55      90.1098
56      84.6307
57      99.9415
58      50.6108
59      0
60      0
61      99.9415
62      99.8467
63      0
64      99.8467
65      99.8467
66      0.022284
67      84.0463
68      0
69      99.8467
70      98.4449
71      78.5442
72      99.8467
73      99.8467
74      49.017
75      99.8467
76      98.5331
77      75.1928
78      0
79      80.7429
80      0
81      73.8172
82      0
83      81.0455
84      99.8471
85      99.9415
86      0
87      91.7409
88      76.9899
89      84.0463
90      0
91      99.8467
92      74.7965
93      0
94      99.8467
95      59.1175
96      27.4674
97      99.8467
98      0
99      65.9581
100      93.1774
101      0
102      99.4768
103      0
104      0
105      71.0007
106      86.345
107      60.1716
108      0
109      0
110      99.7911
111      60.1715
112      61.4332
113      0
114      0
115      99.7911
116      93.4462
117      49.017
118      61.4332
119      69.6032
120      0
121      52.603
122      0
123      47.9466
124      0
125      99.9415
126      99.9415
127      0
128      41.6984
129      99.8467
130      79.3822
131      69.8859
132      0
133      0
134      74.9859
135      99.7911
136      98.5331
137      83.9207
138      0
139      96.0171
140      99.4768
141      0
142      99.4973
143      70.1429
144      77.0873
145      99.9415
146      75.7358
147      69.2579
148      67.9873
149      72.0572
150      0
151      74.3893
152      99.8467
153      0
154      64.587
155      99.7911
156      84.3463
157      0
158      71.7832
159      99.8467
160      67.3344
161      0
162      66.6852
163      86.7752
164      99.7911
165      0
166      80.7919
167      0
168      84.3463
169      0
170      79.1615
171      0
172      0
173      0
174      0
175      84.8543
176      0
177      58.1074
178      0
179      99.8467
180      0
181      59.1206
182      0
183      90.8558
184      68.143
185      0
186      0
187      81.1451
188      90.2701
189      99.7911
190      0
191      0
192      55.181
193      0
194      81.6568
195      93.1774
196      0
197      58.3316
198      75.84
199      0
200      0
201      99.8467
202      54.9407
203      74.3196
204      99.8467
205      95.2605
206      84.3463
207      93.1774
208      0
209      0
210      0
211      99.9415
212      61.4332
213      62.4007
214      54.2534
215      0
216      0
217      69.6654
218      77.6008
219      90.2701
220      99.7911
221      90.2701
222      89.8507
223      76.2818
224      95.093
225      84.8543
226      0
227      0
228      93.4462
229      59.0012
230      80.7919
231      99.4768
232      0
233      0
234      85.6687
235      88.3526
236      0
237      98.5331
238      22.8919
239      78.9744
240      0
241      47.5334
242      0
243      41.7709
244      0
245      50.6108
246      54.2534
247      0
248      72.0572
249      99.7911
250      0
251      94.5824
252      72.0855
253      99.8467
254      86.345
255      72.0855
256      99.8467
257      53.9867
258      99.9835
259      0
260      99.8467
261      99.8467
262      66.6852
263      88.1754
264      99.9415
265      71.4067
266      75.9222
267      74.3428
268      0
269      0
270      55.7552
271      0
272      78.3072
273      79.028
274      53.7885
275      68.8717
276      0
277      76.4921
278      0
279      98.5519
280      0
281      0
282      99.9077
283      99.9415
284      61.9599
285      99.8467
286      0
287      0
288      99.8467
289      87.2384
290      90.2701
291      73.4887
292      45.8966
293      0
294      0
295      0
296      61.171
297      61.5936
298      0
299      59.0379
300      0
301      0
302      99.8467
303      78.9956
304      57.711
305      99.9415
306      54.2534
307      0
308      84.0463
309      99.9415
310      99.8467
311      99.8467
312      99.8467
313      88.3066
314      0
315      61.9599
316      0
317      77.0873
318      99.8467
319      0
320      0
321      74.0776
322      0
323      64.1587
324      0
325      0
326      85.5745
327      0
328      0
329      99.9415
330      0
331      81.0455
332      0
333      99.8467
334      99.9415
335      95.093
336      67.8837
337      0
338      99.8467
339      0
340      76.9899
341      93.0517
342      0
343      75.6573
344      49.017
345      99.8467
346      60.2046
347      99.8467
348      0
349      0
350      99.8467
351      0
352      99.4768
353      65.9581
354      99.4768
355      83.1278
356      66.1123
357      74.3893
358      66.1123
359      98.5331
360      99.4768
361      99.9415
362      0
363      0
364      96.0171
365      99.8467
366      99.8467
367      99.7911
368      76.9899
369      87.2384
370      65.2748
371      90.4928
372      0
373      99.8467
374      54.2534
375      0
376      0
377      99.9415
378      0
379      86.345
380      82.3579
381      88.3066
382      67.8628
383      73.266
384      0
385      99.8467
386      0
387      84.8543
388      0
389      0
390      0
391      60.8581
392      52.3118
393      96.0171
394      99.8467
395      0
396      99.7911
397      87.5551
398      0
399      0
400      74.0317
401      61.8448
402      0
403      0
404      0
405      0
406      99.2609
407      0
408      99.4768
409      0
410      99.9415
411      0
412      50.0214
413      47.024
414      0
415      96.0171
416      99.4768
417      88.4736
418      99.9415
419      0
420      99.8467
421      0
422      0
423      99.7911
424      0
425      99.8467
426      0
427      99.8467
428      77.1495
429      0
430      0
431      0
432      59.1175
433      55.181
434      91.0851
435      99.3531
436      99.8467
437      78.9956
438      78.8779
439      0
440      70.9213
441      70.5481
442      99.8467
443      91.7409
444      0
445      0
446      0
447      75.1928
448      0
449      70.095
450      0
451      64.1587
452      98.3132
453      99.8467
454      98.0623
455      94.9571
456      0
457      65.4293
458      95.093
459      98.5331
460      99.8467
461      90.2701
462      0
463      27.4674
464      0
465      77.1495
466      27.0985
467      98.5331
468      0
469      99.8467
470      83.376
471      63.1397
472      59.0107
473      0
474      45.0485
475      98.6442
476      99.8467
477      0
478      98.3132
479      90.1098
480      0
481      99.7911
482      55.7552
483      99.9415
484      87.2692
485      0
486      0
487      99.9415
488      99.8467
489      52.4224
490      0
491      98.5655
492      12.3529
493      99.5137
494      99.8467
495      77.9729
496      0
497      0
498      67.9873
499      82.3579
       17598.1
