0      63.6632
1      0
2      0
3      65.0637
4      0
5      0
6      83.853
7      99.9798
8      54.2587
9      55.8037
10      0
11      0
12      0
13      0
14      0
15      0
16      0
17      56.4154
18      59.0365
19      99.734
20      98.596
21      95.3445
22      99.9819
23      77.8436
24      80.0908
25      0
26      99.9798
27      99.9892
28      97.3431
29      99.9948
30      99.9994
31      0
32      99.6124
33      99.9908
34      0
35      99.6854
36      82.0033
37      62.2684
38      99.9892
39      99.9819
40      99.9948
41      0
42      99.9819
43      0
44      67.4893
45      99.9948
46      99.9819
47      99.9835
48      89.4737
49      63.5586
       1764.78
