0      99.4453
1      73.8548
2      74.7871
3      65.8808
4      0
5      0
6      99.2412
7      99.9468
8      99.833
9      90.6991
10      0
11      67.0782
12      54.1179
13      0
14      61.9219
15      92.5357
16      0
17      0
18      0
19      88.9031
20      74.789
21      98.2526
22      99.9468
23      64.3514
24      99.0999
25      0
26      99.921
27      99.957
28      92.9293
29      0
30      99.9834
31      99.5409
32      85.5876
33      99.921
34      0
35      61.12
36      0
37      0
38      0
39      0
40      99.9468
41      99.9024
42      89.7755
43      98.198
44      58.4289
45      62.1126
46      84.3136
47      0
48      34.2285
49      55.653
50      75.9539
51      0
52      99.921
53      0
54      97.9632
55      99.5409
56      65.8814
57      99.921
58      0
59      0
60      99.921
61      98.0234
62      0
63      0
64      60.5441
65      0
66      97.0335
67      73.9178
68      0
69      0
70      0
71      0
72      0
73      77.0878
74      89.1926
75      0
76      0
77      34.2285
78      0
79      83.9788
80      99.9468
81      75.7258
82      99.2807
83      61.9374
84      99.9468
85      99.5409
86      83.3989
87      0
88      88.6794
89      92.0647
90      98.198
91      99.9468
92      80.6712
93      99.5409
94      99.833
95      99.9468
96      0
97      0
98      54.22
99      99.9468
       3778.56
